unit_id,delay,duration,lib_id,abs_max_value,x_deg,y_deg,theta_deg,sigma_deg,xi,yi,theta_idx,theta_rad,sigma_idx,sigma,frequency_idx,frequency,source_file
0,0.03,0.2,ab4a70858e,0.09147171676158905,-49.25373134328358,-17.028301886792452,22.515923572829195,7.16,6,36,1,0.3141592653589793,0,2.0,12,1.3,/user/raabe14/u19361/workspace-allen/results/VISl_4/trial_0/phase_0/lib_ab4a70858e/lib_ab4a70858e__delay_0.03__dur_0.2.h5
1,0.12,0.0,ab4a70858e,0.0927446261048317,54.626865671641795,24.198113207547166,90.0,10.74,64,13,4,1.2566370614359172,1,3.0,12,1.3,/user/raabe14/u19361/workspace-allen/results/VISl_4/trial_0/phase_1/lib_ab4a70858e/lib_ab4a70858e__delay_0.12__dur_0.0.h5
10,0.12,0.0,ab4a70858e,0.0956125482916832,-0.8955223880596961,-8.066037735849058,0.0,17.91,33,31,0,0.0,3,5.0,4,0.05,/user/raabe14/u19361/workspace-allen/results/VISl_4/trial_0/phase_0/lib_ab4a70858e/lib_ab4a70858e__delay_0.12__dur_0.0.h5
100,0.12,0.0,ab4a70858e,0.09380167722702026,-51.04477611940298,43.91509433962264,90.0,28.65,5,2,4,1.2566370614359172,5,8.0,6,0.07,/user/raabe14/u19361/workspace-allen/results/VISl_4/trial_0/phase_1/lib_ab4a70858e/lib_ab4a70858e__delay_0.12__dur_0.0.h5
101,0.09,0.0,ab4a70858e,0.18310262262821198,-17.014925373134325,18.820754716981128,45.02251307527088,21.49,24,16,2,0.6283185307179586,4,6.0,1,0.02,/user/raabe14/u19361/workspace-allen/results/VISl_4/trial_0/phase_1/lib_ab4a70858e/lib_ab4a70858e__delay_0.09__dur_0.0.h5
102,0.03,0.2,ab4a70858e,0.13000208139419556,-17.014925373134325,-4.481132075471699,67.51591472682667,7.16,24,29,3,0.9424777960769379,0,2.0,12,1.3,/user/raabe14/u19361/workspace-allen/results/VISl_4/trial_0/phase_0/lib_ab4a70858e/lib_ab4a70858e__delay_0.03__dur_0.2.h5
103,0.12,0.0,ab4a70858e,0.10870262235403061,-38.507462686567166,-11.650943396226417,45.02251307527088,21.49,12,33,2,0.6283185307179586,4,6.0,9,0.1,/user/raabe14/u19361/workspace-allen/results/VISl_4/trial_0/phase_1/lib_ab4a70858e/lib_ab4a70858e__delay_0.12__dur_0.0.h5
104,0.09,0.0,ab4a70858e,0.09591488540172577,-22.388059701492537,-6.273584905660378,157.4840764271708,28.65,21,30,7,2.199114857512855,5,8.0,0,0.01,/user/raabe14/u19361/workspace-allen/results/VISl_4/trial_0/phase_1/lib_ab4a70858e/lib_ab4a70858e__delay_0.09__dur_0.0.h5
105,0.09,0.2,ab4a70858e,0.1108500212430954,-24.179104477611936,2.6886792452830193,67.51591472682667,10.74,20,25,3,0.9424777960769379,1,3.0,0,0.01,/user/raabe14/u19361/workspace-allen/results/VISl_4/trial_0/phase_1/lib_ab4a70858e/lib_ab4a70858e__delay_0.09__dur_0.2.h5
106,0.12,0.2,ab4a70858e,0.09937649220228195,38.507462686567166,-2.6886792452830193,157.4840764271708,28.65,55,28,7,2.199114857512855,5,8.0,11,1.2,/user/raabe14/u19361/workspace-allen/results/VISl_4/trial_0/phase_0/lib_ab4a70858e/lib_ab4a70858e__delay_0.12__dur_0.2.h5
107,0.0,0.0,ab4a70858e,0.13045130670070648,-18.80597014925373,-18.82075471698113,157.4840764271708,17.91,23,37,7,2.199114857512855,3,5.0,12,1.3,/user/raabe14/u19361/workspace-allen/results/VISl_4/trial_0/phase_1/lib_ab4a70858e/lib_ab4a70858e__delay_0.0__dur_0.0.h5
108,0.12,0.0,ab4a70858e,0.1503746509552002,-34.92537313432835,4.481132075471699,112.48408527317332,14.32,14,24,5,1.5707963267948966,2,4.0,6,0.07,/user/raabe14/u19361/workspace-allen/results/VISl_4/trial_0/phase_0/lib_ab4a70858e/lib_ab4a70858e__delay_0.12__dur_0.0.h5
109,0.12,0.0,ab4a70858e,0.09469649940729141,33.13432835820896,2.6886792452830193,22.515923572829163,7.16,52,25,9,2.827433388230814,0,2.0,10,1.1,/user/raabe14/u19361/workspace-allen/results/VISl_4/trial_0/phase_0/lib_ab4a70858e/lib_ab4a70858e__delay_0.12__dur_0.0.h5
11,0.0,0.2,ab4a70858e,0.12455828487873077,9.85074626865672,29.575471698113205,180.0,10.74,39,10,8,2.5132741228718345,1,3.0,12,1.3,/user/raabe14/u19361/workspace-allen/results/VISl_4/trial_0/phase_1/lib_ab4a70858e/lib_ab4a70858e__delay_0.0__dur_0.2.h5
110,0.12,0.0,ab4a70858e,0.10451903194189072,-13.43283582089552,-8.066037735849058,0.0,28.65,26,31,0,0.0,5,8.0,3,0.04,/user/raabe14/u19361/workspace-allen/results/VISl_4/trial_0/phase_0/lib_ab4a70858e/lib_ab4a70858e__delay_0.12__dur_0.0.h5
111,0.15,0.2,ab4a70858e,0.12563468515872955,-31.34328358208955,-2.6886792452830193,67.51591472682667,10.74,16,28,3,0.9424777960769379,1,3.0,10,1.1,/user/raabe14/u19361/workspace-allen/results/VISl_4/trial_0/phase_0/lib_ab4a70858e/lib_ab4a70858e__delay_0.15__dur_0.2.h5
112,0.12,0.0,ab4a70858e,0.11738064885139465,-34.92537313432835,38.5377358490566,67.51591472682667,7.16,14,5,3,0.9424777960769379,0,2.0,11,1.2,/user/raabe14/u19361/workspace-allen/results/VISl_4/trial_0/phase_0/lib_ab4a70858e/lib_ab4a70858e__delay_0.12__dur_0.0.h5
113,0.0,0.0,ab4a70858e,0.10568606108427048,-34.92537313432835,47.5,112.48408527317332,21.49,14,0,5,1.5707963267948966,4,6.0,11,1.2,/user/raabe14/u19361/workspace-allen/results/VISl_4/trial_0/phase_0/lib_ab4a70858e/lib_ab4a70858e__delay_0.0__dur_0.0.h5
114,0.09,0.0,ab4a70858e,0.1044490709900856,-9.850746268656714,0.8962264150943398,134.9774869247291,7.16,28,26,6,1.8849555921538759,0,2.0,10,1.1,/user/raabe14/u19361/workspace-allen/results/VISl_4/trial_0/phase_1/lib_ab4a70858e/lib_ab4a70858e__delay_0.09__dur_0.0.h5
115,0.12,0.0,ab4a70858e,0.10569178313016891,-6.268656716417908,0.8962264150943398,45.02251307527088,28.65,30,26,2,0.6283185307179586,5,8.0,10,1.1,/user/raabe14/u19361/workspace-allen/results/VISl_4/trial_0/phase_0/lib_ab4a70858e/lib_ab4a70858e__delay_0.12__dur_0.0.h5
116,0.09,0.2,ab4a70858e,0.10582069307565689,29.55223880597015,2.6886792452830193,22.515923572829195,10.74,50,25,1,0.3141592653589793,1,3.0,10,1.1,/user/raabe14/u19361/workspace-allen/results/VISl_4/trial_0/phase_0/lib_ab4a70858e/lib_ab4a70858e__delay_0.09__dur_0.2.h5
117,0.12,0.0,ab4a70858e,0.12191129475831985,-18.80597014925373,11.650943396226417,157.4840764271708,21.49,23,20,7,2.199114857512855,4,6.0,6,0.07,/user/raabe14/u19361/workspace-allen/results/VISl_4/trial_0/phase_1/lib_ab4a70858e/lib_ab4a70858e__delay_0.12__dur_0.0.h5
118,0.15,0.2,ab4a70858e,0.12088390439748764,-2.6865671641791025,-6.273584905660378,45.02251307527088,10.74,32,30,2,0.6283185307179586,1,3.0,12,1.3,/user/raabe14/u19361/workspace-allen/results/VISl_4/trial_0/phase_0/lib_ab4a70858e/lib_ab4a70858e__delay_0.15__dur_0.2.h5
119,0.09,0.2,ab4a70858e,0.09726568311452866,-17.014925373134325,2.6886792452830193,22.515923572829163,28.65,24,25,9,2.827433388230814,5,8.0,4,0.05,/user/raabe14/u19361/workspace-allen/results/VISl_4/trial_0/phase_1/lib_ab4a70858e/lib_ab4a70858e__delay_0.09__dur_0.2.h5
12,0.03,0.2,ab4a70858e,0.10395053774118423,-36.71641791044776,-34.95283018867924,90.0,7.16,13,46,4,1.2566370614359172,0,2.0,10,1.1,/user/raabe14/u19361/workspace-allen/results/VISl_4/trial_0/phase_1/lib_ab4a70858e/lib_ab4a70858e__delay_0.03__dur_0.2.h5
120,0.03,0.2,ab4a70858e,0.11194661259651184,-31.34328358208955,43.91509433962264,180.0,21.49,16,2,8,2.5132741228718345,4,6.0,12,1.3,/user/raabe14/u19361/workspace-allen/results/VISl_4/trial_0/phase_1/lib_ab4a70858e/lib_ab4a70858e__delay_0.03__dur_0.2.h5
121,0.09,0.0,ab4a70858e,0.1358114629983902,-25.970149253731343,2.6886792452830193,180.0,21.49,19,25,8,2.5132741228718345,4,6.0,2,0.03,/user/raabe14/u19361/workspace-allen/results/VISl_4/trial_0/phase_0/lib_ab4a70858e/lib_ab4a70858e__delay_0.09__dur_0.0.h5
122,0.12,0.0,ab4a70858e,0.131307914853096,-24.179104477611936,15.235849056603776,112.48408527317332,21.49,20,18,5,1.5707963267948966,4,6.0,4,0.05,/user/raabe14/u19361/workspace-allen/results/VISl_4/trial_0/phase_0/lib_ab4a70858e/lib_ab4a70858e__delay_0.12__dur_0.0.h5
123,0.15,0.0,ab4a70858e,0.09743745625019073,-0.8955223880596961,43.91509433962264,157.4840764271708,7.16,33,2,7,2.199114857512855,0,2.0,10,1.1,/user/raabe14/u19361/workspace-allen/results/VISl_4/trial_0/phase_0/lib_ab4a70858e/lib_ab4a70858e__delay_0.15__dur_0.0.h5
124,0.09,0.0,ab4a70858e,0.09958116710186005,38.507462686567166,33.160377358490564,22.515923572829195,10.74,55,8,1,0.3141592653589793,1,3.0,10,1.1,/user/raabe14/u19361/workspace-allen/results/VISl_4/trial_0/phase_1/lib_ab4a70858e/lib_ab4a70858e__delay_0.09__dur_0.0.h5
125,0.09,0.0,ab4a70858e,0.1306530386209488,-18.80597014925373,13.443396226415096,134.9774869247291,28.65,23,19,6,1.8849555921538759,5,8.0,5,0.06,/user/raabe14/u19361/workspace-allen/results/VISl_4/trial_0/phase_1/lib_ab4a70858e/lib_ab4a70858e__delay_0.09__dur_0.0.h5
126,0.09,0.0,ab4a70858e,0.13907460868358612,-11.64179104477612,15.235849056603776,45.02251307527088,28.65,27,18,2,0.6283185307179586,5,8.0,4,0.05,/user/raabe14/u19361/workspace-allen/results/VISl_4/trial_0/phase_1/lib_ab4a70858e/lib_ab4a70858e__delay_0.09__dur_0.0.h5
127,0.06,0.2,ab4a70858e,0.10533717274665833,-45.67164179104478,33.160377358490564,45.02251307527088,10.74,8,8,2,0.6283185307179586,1,3.0,10,1.1,/user/raabe14/u19361/workspace-allen/results/VISl_4/trial_0/phase_1/lib_ab4a70858e/lib_ab4a70858e__delay_0.06__dur_0.2.h5
128,0.0,0.0,ab4a70858e,0.10942723602056503,-34.92537313432835,36.74528301886792,157.4840764271708,10.74,14,6,7,2.199114857512855,1,3.0,10,1.1,/user/raabe14/u19361/workspace-allen/results/VISl_4/trial_0/phase_1/lib_ab4a70858e/lib_ab4a70858e__delay_0.0__dur_0.0.h5
129,0.15,0.2,ab4a70858e,0.09654553979635239,-25.970149253731343,20.613207547169807,180.0,7.16,19,15,8,2.5132741228718345,0,2.0,9,0.1,/user/raabe14/u19361/workspace-allen/results/VISl_4/trial_0/phase_1/lib_ab4a70858e/lib_ab4a70858e__delay_0.15__dur_0.2.h5
13,0.12,0.0,ab4a70858e,0.10084488242864609,-49.25373134328358,18.820754716981128,67.51591472682667,10.74,6,16,3,0.9424777960769379,1,3.0,10,1.1,/user/raabe14/u19361/workspace-allen/results/VISl_4/trial_0/phase_0/lib_ab4a70858e/lib_ab4a70858e__delay_0.12__dur_0.0.h5
130,0.12,0.2,ab4a70858e,0.10763617604970932,-38.507462686567166,-0.8962264150943398,134.9774869247291,21.49,12,27,6,1.8849555921538759,4,6.0,10,1.1,/user/raabe14/u19361/workspace-allen/results/VISl_4/trial_0/phase_0/lib_ab4a70858e/lib_ab4a70858e__delay_0.12__dur_0.2.h5
131,0.0,0.0,ab4a70858e,0.09492331743240356,-31.34328358208955,17.02830188679245,22.515923572829195,14.32,16,17,1,0.3141592653589793,2,4.0,10,1.1,/user/raabe14/u19361/workspace-allen/results/VISl_4/trial_0/phase_1/lib_ab4a70858e/lib_ab4a70858e__delay_0.0__dur_0.0.h5
132,0.12,0.2,ab4a70858e,0.12693952023983002,-36.71641791044776,9.858490566037737,67.51591472682667,7.16,13,21,3,0.9424777960769379,0,2.0,12,1.3,/user/raabe14/u19361/workspace-allen/results/VISl_4/trial_0/phase_1/lib_ab4a70858e/lib_ab4a70858e__delay_0.12__dur_0.2.h5
133,0.12,0.2,ab4a70858e,0.11466044932603836,-20.59701492537313,-18.82075471698113,157.4840764271708,7.16,22,37,7,2.199114857512855,0,2.0,11,1.2,/user/raabe14/u19361/workspace-allen/results/VISl_4/trial_0/phase_1/lib_ab4a70858e/lib_ab4a70858e__delay_0.12__dur_0.2.h5
134,0.12,0.0,ab4a70858e,0.0998256728053093,-9.850746268656714,2.6886792452830193,112.48408527317332,7.16,28,25,5,1.5707963267948966,0,2.0,12,1.3,/user/raabe14/u19361/workspace-allen/results/VISl_4/trial_0/phase_0/lib_ab4a70858e/lib_ab4a70858e__delay_0.12__dur_0.0.h5
135,0.12,0.0,ab4a70858e,0.2616271674633026,-24.179104477611936,0.8962264150943398,157.4840764271708,17.91,20,26,7,2.199114857512855,3,5.0,3,0.04,/user/raabe14/u19361/workspace-allen/results/VISl_4/trial_0/phase_0/lib_ab4a70858e/lib_ab4a70858e__delay_0.12__dur_0.0.h5
136,0.12,0.0,ab4a70858e,0.1423889398574829,-29.55223880597015,4.481132075471699,67.51591472682667,17.91,17,24,3,0.9424777960769379,3,5.0,3,0.04,/user/raabe14/u19361/workspace-allen/results/VISl_4/trial_0/phase_1/lib_ab4a70858e/lib_ab4a70858e__delay_0.12__dur_0.0.h5
137,0.12,0.0,ab4a70858e,0.1442493051290512,-24.179104477611936,-8.066037735849058,180.0,14.32,20,31,8,2.5132741228718345,2,4.0,5,0.06,/user/raabe14/u19361/workspace-allen/results/VISl_4/trial_0/phase_0/lib_ab4a70858e/lib_ab4a70858e__delay_0.12__dur_0.0.h5
138,0.0,0.0,ab4a70858e,0.10798695683479309,13.43283582089552,6.273584905660378,90.0,7.16,41,23,4,1.2566370614359172,0,2.0,10,1.1,/user/raabe14/u19361/workspace-allen/results/VISl_4/trial_0/phase_0/lib_ab4a70858e/lib_ab4a70858e__delay_0.0__dur_0.0.h5
139,0.15,0.0,ab4a70858e,0.12279245257377625,-17.014925373134325,-9.858490566037737,67.51591472682667,14.32,24,32,3,0.9424777960769379,2,4.0,12,1.3,/user/raabe14/u19361/workspace-allen/results/VISl_4/trial_0/phase_1/lib_ab4a70858e/lib_ab4a70858e__delay_0.15__dur_0.0.h5
14,0.12,0.0,ab4a70858e,0.09478291124105453,20.59701492537313,34.95283018867924,22.515923572829195,21.49,45,7,1,0.3141592653589793,4,6.0,10,1.1,/user/raabe14/u19361/workspace-allen/results/VISl_4/trial_0/phase_1/lib_ab4a70858e/lib_ab4a70858e__delay_0.12__dur_0.0.h5
140,0.09,0.0,ab4a70858e,0.11109896004199982,-33.134328358208954,36.74528301886792,157.4840764271708,7.16,15,6,7,2.199114857512855,0,2.0,12,1.3,/user/raabe14/u19361/workspace-allen/results/VISl_4/trial_0/phase_0/lib_ab4a70858e/lib_ab4a70858e__delay_0.09__dur_0.0.h5
141,0.09,0.2,ab4a70858e,0.09837383776903152,34.92537313432837,17.02830188679245,157.4840764271708,10.74,53,17,7,2.199114857512855,1,3.0,10,1.1,/user/raabe14/u19361/workspace-allen/results/VISl_4/trial_0/phase_0/lib_ab4a70858e/lib_ab4a70858e__delay_0.09__dur_0.2.h5
142,0.15,0.2,ab4a70858e,0.09705499559640884,-36.71641791044776,27.783018867924525,0.0,10.74,13,11,0,0.0,1,3.0,11,1.2,/user/raabe14/u19361/workspace-allen/results/VISl_4/trial_0/phase_1/lib_ab4a70858e/lib_ab4a70858e__delay_0.15__dur_0.2.h5
143,0.15,0.0,ab4a70858e,0.09994696080684662,36.71641791044776,-4.481132075471699,22.515923572829163,7.16,54,29,9,2.827433388230814,0,2.0,10,1.1,/user/raabe14/u19361/workspace-allen/results/VISl_4/trial_0/phase_0/lib_ab4a70858e/lib_ab4a70858e__delay_0.15__dur_0.0.h5
144,0.12,0.0,ab4a70858e,0.17061001062393188,-25.970149253731343,0.8962264150943398,67.51591472682667,21.49,19,26,3,0.9424777960769379,4,6.0,1,0.02,/user/raabe14/u19361/workspace-allen/results/VISl_4/trial_0/phase_1/lib_ab4a70858e/lib_ab4a70858e__delay_0.12__dur_0.0.h5
145,0.09,0.2,ab4a70858e,0.13884401321411133,-18.80597014925373,11.650943396226417,90.0,28.65,23,20,4,1.2566370614359172,5,8.0,7,0.08,/user/raabe14/u19361/workspace-allen/results/VISl_4/trial_0/phase_0/lib_ab4a70858e/lib_ab4a70858e__delay_0.09__dur_0.2.h5
146,0.12,0.0,ab4a70858e,0.11934357136487961,-33.134328358208954,13.443396226415096,67.51591472682667,7.16,15,19,3,0.9424777960769379,0,2.0,12,1.3,/user/raabe14/u19361/workspace-allen/results/VISl_4/trial_0/phase_1/lib_ab4a70858e/lib_ab4a70858e__delay_0.12__dur_0.0.h5
147,0.12,0.2,ab4a70858e,0.12007571011781693,-31.34328358208955,-13.443396226415096,157.4840764271708,10.74,16,34,7,2.199114857512855,1,3.0,12,1.3,/user/raabe14/u19361/workspace-allen/results/VISl_4/trial_0/phase_1/lib_ab4a70858e/lib_ab4a70858e__delay_0.12__dur_0.2.h5
148,0.06,0.2,ab4a70858e,0.13774524629116058,-33.134328358208954,-6.273584905660378,22.515923572829163,7.16,15,30,9,2.827433388230814,0,2.0,12,1.3,/user/raabe14/u19361/workspace-allen/results/VISl_4/trial_0/phase_1/lib_ab4a70858e/lib_ab4a70858e__delay_0.06__dur_0.2.h5
149,0.03,0.2,ab4a70858e,0.09508334845304489,-0.8955223880596961,2.6886792452830193,90.0,7.16,33,25,4,1.2566370614359172,0,2.0,10,1.1,/user/raabe14/u19361/workspace-allen/results/VISl_4/trial_0/phase_0/lib_ab4a70858e/lib_ab4a70858e__delay_0.03__dur_0.2.h5
15,0.12,0.2,ab4a70858e,0.1143888607621193,-49.25373134328358,-29.57547169811321,45.02251307527088,7.16,6,43,2,0.6283185307179586,0,2.0,10,1.1,/user/raabe14/u19361/workspace-allen/results/VISl_4/trial_0/phase_1/lib_ab4a70858e/lib_ab4a70858e__delay_0.12__dur_0.2.h5
150,0.0,0.2,ab4a70858e,0.1086655706167221,-29.55223880597015,-31.367924528301888,45.02251307527088,14.32,17,44,2,0.6283185307179586,2,4.0,12,1.3,/user/raabe14/u19361/workspace-allen/results/VISl_4/trial_0/phase_1/lib_ab4a70858e/lib_ab4a70858e__delay_0.0__dur_0.2.h5
151,0.15,0.0,ab4a70858e,0.09732066094875336,9.85074626865672,42.12264150943396,22.515923572829195,7.16,39,3,1,0.3141592653589793,0,2.0,12,1.3,/user/raabe14/u19361/workspace-allen/results/VISl_4/trial_0/phase_0/lib_ab4a70858e/lib_ab4a70858e__delay_0.15__dur_0.0.h5
152,0.15,0.2,ab4a70858e,0.11606302112340927,18.80597014925374,29.575471698113205,0.0,10.74,44,10,0,0.0,1,3.0,11,1.2,/user/raabe14/u19361/workspace-allen/results/VISl_4/trial_0/phase_0/lib_ab4a70858e/lib_ab4a70858e__delay_0.15__dur_0.2.h5
153,0.15,0.2,ab4a70858e,0.09541764855384827,24.179104477611943,4.481132075471699,134.9774869247291,7.16,47,24,6,1.8849555921538759,0,2.0,12,1.3,/user/raabe14/u19361/workspace-allen/results/VISl_4/trial_0/phase_1/lib_ab4a70858e/lib_ab4a70858e__delay_0.15__dur_0.2.h5
154,0.15,0.0,ab4a70858e,0.1274697631597519,-9.850746268656714,17.02830188679245,45.02251307527088,10.74,28,17,2,0.6283185307179586,1,3.0,11,1.2,/user/raabe14/u19361/workspace-allen/results/VISl_4/trial_0/phase_1/lib_ab4a70858e/lib_ab4a70858e__delay_0.15__dur_0.0.h5
155,0.09,0.0,ab4a70858e,0.13059350848197937,-17.014925373134325,9.858490566037737,180.0,28.65,24,21,8,2.5132741228718345,5,8.0,4,0.05,/user/raabe14/u19361/workspace-allen/results/VISl_4/trial_0/phase_1/lib_ab4a70858e/lib_ab4a70858e__delay_0.09__dur_0.0.h5
156,0.09,0.0,ab4a70858e,0.12441334128379822,-8.059701492537314,8.066037735849058,157.4840764271708,28.65,29,22,7,2.199114857512855,5,8.0,1,0.02,/user/raabe14/u19361/workspace-allen/results/VISl_4/trial_0/phase_1/lib_ab4a70858e/lib_ab4a70858e__delay_0.09__dur_0.0.h5
157,0.12,0.0,ab4a70858e,0.1486378312110901,-33.134328358208954,-2.6886792452830193,112.48408527317332,21.49,15,28,5,1.5707963267948966,4,6.0,2,0.03,/user/raabe14/u19361/workspace-allen/results/VISl_4/trial_0/phase_1/lib_ab4a70858e/lib_ab4a70858e__delay_0.12__dur_0.0.h5
158,0.15,0.2,ab4a70858e,0.10297613590955734,6.268656716417908,0.8962264150943398,67.51591472682667,10.74,37,26,3,0.9424777960769379,1,3.0,11,1.2,/user/raabe14/u19361/workspace-allen/results/VISl_4/trial_0/phase_1/lib_ab4a70858e/lib_ab4a70858e__delay_0.15__dur_0.2.h5
159,0.09,0.0,ab4a70858e,0.1519416868686676,-34.92537313432835,-24.19811320754717,112.48408527317332,10.74,14,40,5,1.5707963267948966,1,3.0,11,1.2,/user/raabe14/u19361/workspace-allen/results/VISl_4/trial_0/phase_1/lib_ab4a70858e/lib_ab4a70858e__delay_0.09__dur_0.0.h5
16,0.12,0.0,ab4a70858e,0.09397073835134506,-33.134328358208954,9.858490566037737,134.9774869247291,28.65,15,21,6,1.8849555921538759,5,8.0,2,0.03,/user/raabe14/u19361/workspace-allen/results/VISl_4/trial_0/phase_0/lib_ab4a70858e/lib_ab4a70858e__delay_0.12__dur_0.0.h5
160,0.06,0.2,ab4a70858e,0.10023588687181473,-18.80597014925373,2.6886792452830193,22.515923572829163,10.74,23,25,9,2.827433388230814,1,3.0,5,0.06,/user/raabe14/u19361/workspace-allen/results/VISl_4/trial_0/phase_1/lib_ab4a70858e/lib_ab4a70858e__delay_0.06__dur_0.2.h5
161,0.06,0.0,ab4a70858e,0.1296662837266922,-27.761194029850742,6.273584905660378,134.9774869247291,14.32,18,23,6,1.8849555921538759,2,4.0,10,1.1,/user/raabe14/u19361/workspace-allen/results/VISl_4/trial_0/phase_0/lib_ab4a70858e/lib_ab4a70858e__delay_0.06__dur_0.0.h5
162,0.12,0.0,ab4a70858e,0.15423434972763062,-25.970149253731343,0.8962264150943398,134.9774869247291,21.49,19,26,6,1.8849555921538759,4,6.0,9,0.1,/user/raabe14/u19361/workspace-allen/results/VISl_4/trial_0/phase_1/lib_ab4a70858e/lib_ab4a70858e__delay_0.12__dur_0.0.h5
163,0.09,0.0,ab4a70858e,0.1429784744977951,-20.59701492537313,-4.481132075471699,134.9774869247291,28.65,22,29,6,1.8849555921538759,5,8.0,3,0.04,/user/raabe14/u19361/workspace-allen/results/VISl_4/trial_0/phase_0/lib_ab4a70858e/lib_ab4a70858e__delay_0.09__dur_0.0.h5
164,0.15,0.0,ab4a70858e,0.10150165855884552,45.67164179104478,17.02830188679245,22.515923572829163,14.32,59,17,9,2.827433388230814,2,4.0,11,1.2,/user/raabe14/u19361/workspace-allen/results/VISl_4/trial_0/phase_0/lib_ab4a70858e/lib_ab4a70858e__delay_0.15__dur_0.0.h5
165,0.06,0.2,ab4a70858e,0.1441059410572052,-24.179104477611936,-31.367924528301888,22.515923572829195,10.74,20,44,1,0.3141592653589793,1,3.0,12,1.3,/user/raabe14/u19361/workspace-allen/results/VISl_4/trial_0/phase_0/lib_ab4a70858e/lib_ab4a70858e__delay_0.06__dur_0.2.h5
166,0.0,0.2,ab4a70858e,0.09784389287233353,-9.850746268656714,6.273584905660378,22.515923572829163,7.16,28,23,9,2.827433388230814,0,2.0,11,1.2,/user/raabe14/u19361/workspace-allen/results/VISl_4/trial_0/phase_1/lib_ab4a70858e/lib_ab4a70858e__delay_0.0__dur_0.2.h5
167,0.0,0.0,ab4a70858e,0.1039368063211441,15.223880597014926,9.858490566037737,67.51591472682667,14.32,42,21,3,0.9424777960769379,2,4.0,10,1.1,/user/raabe14/u19361/workspace-allen/results/VISl_4/trial_0/phase_1/lib_ab4a70858e/lib_ab4a70858e__delay_0.0__dur_0.0.h5
168,0.12,0.2,ab4a70858e,0.13214784860610962,13.43283582089552,29.575471698113205,180.0,10.74,41,10,8,2.5132741228718345,1,3.0,12,1.3,/user/raabe14/u19361/workspace-allen/results/VISl_4/trial_0/phase_1/lib_ab4a70858e/lib_ab4a70858e__delay_0.12__dur_0.2.h5
169,0.15,0.2,ab4a70858e,0.11114022135734558,-8.059701492537314,15.235849056603776,22.515923572829163,14.32,29,18,9,2.827433388230814,2,4.0,7,0.08,/user/raabe14/u19361/workspace-allen/results/VISl_4/trial_0/phase_0/lib_ab4a70858e/lib_ab4a70858e__delay_0.15__dur_0.2.h5
17,0.03,0.2,ab4a70858e,0.10143376886844635,-15.223880597014926,17.02830188679245,180.0,10.74,25,17,8,2.5132741228718345,1,3.0,12,1.3,/user/raabe14/u19361/workspace-allen/results/VISl_4/trial_0/phase_0/lib_ab4a70858e/lib_ab4a70858e__delay_0.03__dur_0.2.h5
170,0.09,0.2,ab4a70858e,0.10419405996799469,38.507462686567166,27.783018867924525,90.0,14.32,55,11,4,1.2566370614359172,2,4.0,12,1.3,/user/raabe14/u19361/workspace-allen/results/VISl_4/trial_0/phase_0/lib_ab4a70858e/lib_ab4a70858e__delay_0.09__dur_0.2.h5
171,0.15,0.2,ab4a70858e,0.11833282560110092,-18.80597014925373,13.443396226415096,45.02251307527088,10.74,23,19,2,0.6283185307179586,1,3.0,12,1.3,/user/raabe14/u19361/workspace-allen/results/VISl_4/trial_0/phase_0/lib_ab4a70858e/lib_ab4a70858e__delay_0.15__dur_0.2.h5
172,0.09,0.0,ab4a70858e,0.1472039818763733,-15.223880597014926,-2.6886792452830193,0.0,28.65,25,28,0,0.0,5,8.0,3,0.04,/user/raabe14/u19361/workspace-allen/results/VISl_4/trial_0/phase_0/lib_ab4a70858e/lib_ab4a70858e__delay_0.09__dur_0.0.h5
173,0.0,0.2,ab4a70858e,0.10015684366226196,-20.59701492537313,27.783018867924525,67.51591472682667,7.16,22,11,3,0.9424777960769379,0,2.0,11,1.2,/user/raabe14/u19361/workspace-allen/results/VISl_4/trial_0/phase_1/lib_ab4a70858e/lib_ab4a70858e__delay_0.0__dur_0.2.h5
174,0.0,0.0,ab4a70858e,0.11615040153265,4.477611940298516,40.33018867924528,90.0,7.16,36,4,4,1.2566370614359172,0,2.0,11,1.2,/user/raabe14/u19361/workspace-allen/results/VISl_4/trial_0/phase_1/lib_ab4a70858e/lib_ab4a70858e__delay_0.0__dur_0.0.h5
175,0.15,0.2,ab4a70858e,0.11603310704231262,-33.134328358208954,31.367924528301884,180.0,10.74,15,9,8,2.5132741228718345,1,3.0,11,1.2,/user/raabe14/u19361/workspace-allen/results/VISl_4/trial_0/phase_1/lib_ab4a70858e/lib_ab4a70858e__delay_0.15__dur_0.2.h5
176,0.03,0.0,ab4a70858e,0.0985666960477829,-29.55223880597015,25.990566037735846,180.0,10.74,17,12,8,2.5132741228718345,1,3.0,11,1.2,/user/raabe14/u19361/workspace-allen/results/VISl_4/trial_0/phase_1/lib_ab4a70858e/lib_ab4a70858e__delay_0.03__dur_0.0.h5
177,0.09,0.2,ab4a70858e,0.14668099582195282,-2.6865671641791025,8.066037735849058,112.48408527317332,21.49,32,22,5,1.5707963267948966,4,6.0,2,0.03,/user/raabe14/u19361/workspace-allen/results/VISl_4/trial_0/phase_1/lib_ab4a70858e/lib_ab4a70858e__delay_0.09__dur_0.2.h5
178,0.12,0.0,ab4a70858e,0.1058807522058487,-43.88059701492537,6.273584905660378,90.0,10.74,9,23,4,1.2566370614359172,1,3.0,9,0.1,/user/raabe14/u19361/workspace-allen/results/VISl_4/trial_0/phase_1/lib_ab4a70858e/lib_ab4a70858e__delay_0.12__dur_0.0.h5
179,0.12,0.0,ab4a70858e,0.13195981085300446,-22.388059701492537,-6.273584905660378,45.02251307527088,21.49,21,30,2,0.6283185307179586,4,6.0,3,0.04,/user/raabe14/u19361/workspace-allen/results/VISl_4/trial_0/phase_1/lib_ab4a70858e/lib_ab4a70858e__delay_0.12__dur_0.0.h5
18,0.15,0.2,ab4a70858e,0.10485424101352692,-31.34328358208955,29.575471698113205,180.0,10.74,16,10,8,2.5132741228718345,1,3.0,12,1.3,/user/raabe14/u19361/workspace-allen/results/VISl_4/trial_0/phase_1/lib_ab4a70858e/lib_ab4a70858e__delay_0.15__dur_0.2.h5
180,0.12,0.0,ab4a70858e,0.1103590726852417,-11.64179104477612,-0.8962264150943398,22.515923572829163,21.49,27,27,9,2.827433388230814,4,6.0,5,0.06,/user/raabe14/u19361/workspace-allen/results/VISl_4/trial_0/phase_1/lib_ab4a70858e/lib_ab4a70858e__delay_0.12__dur_0.0.h5
181,0.03,0.2,ab4a70858e,0.10049134492874146,-31.34328358208955,-40.33018867924528,45.02251307527088,14.32,16,49,2,0.6283185307179586,2,4.0,12,1.3,/user/raabe14/u19361/workspace-allen/results/VISl_4/trial_0/phase_0/lib_ab4a70858e/lib_ab4a70858e__delay_0.03__dur_0.2.h5
182,0.12,0.0,ab4a70858e,0.09905360639095306,-11.64179104477612,2.6886792452830193,22.515923572829163,17.91,27,25,9,2.827433388230814,3,5.0,3,0.04,/user/raabe14/u19361/workspace-allen/results/VISl_4/trial_0/phase_1/lib_ab4a70858e/lib_ab4a70858e__delay_0.12__dur_0.0.h5
183,0.09,0.0,ab4a70858e,0.0900193601846695,-13.43283582089552,-29.57547169811321,134.9774869247291,7.16,26,43,6,1.8849555921538759,0,2.0,12,1.3,/user/raabe14/u19361/workspace-allen/results/VISl_4/trial_0/phase_0/lib_ab4a70858e/lib_ab4a70858e__delay_0.09__dur_0.0.h5
184,0.09,0.0,ab4a70858e,0.16284354031085968,-6.268656716417908,2.6886792452830193,22.515923572829163,14.32,30,25,9,2.827433388230814,2,4.0,1,0.02,/user/raabe14/u19361/workspace-allen/results/VISl_4/trial_0/phase_1/lib_ab4a70858e/lib_ab4a70858e__delay_0.09__dur_0.0.h5
185,0.15,0.2,ab4a70858e,0.13511434197425842,-25.970149253731343,2.6886792452830193,67.51591472682667,10.74,19,25,3,0.9424777960769379,1,3.0,11,1.2,/user/raabe14/u19361/workspace-allen/results/VISl_4/trial_0/phase_1/lib_ab4a70858e/lib_ab4a70858e__delay_0.15__dur_0.2.h5
186,0.06,0.2,ab4a70858e,0.11618486046791077,33.13432835820896,13.443396226415096,22.515923572829195,14.32,52,19,1,0.3141592653589793,2,4.0,10,1.1,/user/raabe14/u19361/workspace-allen/results/VISl_4/trial_0/phase_1/lib_ab4a70858e/lib_ab4a70858e__delay_0.06__dur_0.2.h5
187,0.0,0.2,ab4a70858e,0.10369217395782471,-56.417910447761194,34.95283018867924,157.4840764271708,10.74,2,7,7,2.199114857512855,1,3.0,12,1.3,/user/raabe14/u19361/workspace-allen/results/VISl_4/trial_0/phase_0/lib_ab4a70858e/lib_ab4a70858e__delay_0.0__dur_0.2.h5
188,0.06,0.2,ab4a70858e,0.10171114653348923,-40.298507462686565,17.02830188679245,22.515923572829163,7.16,11,17,9,2.827433388230814,0,2.0,10,1.1,/user/raabe14/u19361/workspace-allen/results/VISl_4/trial_0/phase_1/lib_ab4a70858e/lib_ab4a70858e__delay_0.06__dur_0.2.h5
189,0.12,0.2,ab4a70858e,0.1297437995672226,-29.55223880597015,20.613207547169807,45.02251307527088,14.32,17,15,2,0.6283185307179586,2,4.0,12,1.3,/user/raabe14/u19361/workspace-allen/results/VISl_4/trial_0/phase_1/lib_ab4a70858e/lib_ab4a70858e__delay_0.12__dur_0.2.h5
19,0.15,0.2,ab4a70858e,0.1423742175102234,-29.55223880597015,13.443396226415096,45.02251307527088,10.74,17,19,2,0.6283185307179586,1,3.0,3,0.04,/user/raabe14/u19361/workspace-allen/results/VISl_4/trial_0/phase_1/lib_ab4a70858e/lib_ab4a70858e__delay_0.15__dur_0.2.h5
190,0.06,0.2,ab4a70858e,0.10219548642635345,13.43283582089552,24.198113207547166,134.9774869247291,10.74,41,13,6,1.8849555921538759,1,3.0,12,1.3,/user/raabe14/u19361/workspace-allen/results/VISl_4/trial_0/phase_1/lib_ab4a70858e/lib_ab4a70858e__delay_0.06__dur_0.2.h5
191,0.12,0.0,ab4a70858e,0.161267951130867,-20.59701492537313,-2.6886792452830193,22.515923572829163,28.65,22,28,9,2.827433388230814,5,8.0,3,0.04,/user/raabe14/u19361/workspace-allen/results/VISl_4/trial_0/phase_1/lib_ab4a70858e/lib_ab4a70858e__delay_0.12__dur_0.0.h5
192,0.03,0.0,ab4a70858e,0.09929569065570831,4.477611940298516,-40.33018867924528,45.02251307527088,7.16,36,49,2,0.6283185307179586,0,2.0,12,1.3,/user/raabe14/u19361/workspace-allen/results/VISl_4/trial_0/phase_1/lib_ab4a70858e/lib_ab4a70858e__delay_0.03__dur_0.0.h5
193,0.09,0.0,ab4a70858e,0.1019258052110672,-42.089552238805965,24.198113207547166,180.0,7.16,10,13,8,2.5132741228718345,0,2.0,11,1.2,/user/raabe14/u19361/workspace-allen/results/VISl_4/trial_0/phase_1/lib_ab4a70858e/lib_ab4a70858e__delay_0.09__dur_0.0.h5
194,0.09,0.0,ab4a70858e,0.10536439716815948,-40.298507462686565,38.5377358490566,67.51591472682667,14.32,11,5,3,0.9424777960769379,2,4.0,10,1.1,/user/raabe14/u19361/workspace-allen/results/VISl_4/trial_0/phase_0/lib_ab4a70858e/lib_ab4a70858e__delay_0.09__dur_0.0.h5
195,0.09,0.2,ab4a70858e,0.11009439080953598,13.43283582089552,38.5377358490566,180.0,14.32,41,5,8,2.5132741228718345,2,4.0,12,1.3,/user/raabe14/u19361/workspace-allen/results/VISl_4/trial_0/phase_1/lib_ab4a70858e/lib_ab4a70858e__delay_0.09__dur_0.2.h5
196,0.09,0.0,ab4a70858e,0.10813607275485992,-0.8955223880596961,4.481132075471699,0.0,17.91,33,24,0,0.0,3,5.0,5,0.06,/user/raabe14/u19361/workspace-allen/results/VISl_4/trial_0/phase_0/lib_ab4a70858e/lib_ab4a70858e__delay_0.09__dur_0.0.h5
197,0.12,0.2,ab4a70858e,0.14897660911083221,-15.223880597014926,-8.066037735849058,134.9774869247291,17.91,25,31,6,1.8849555921538759,3,5.0,5,0.06,/user/raabe14/u19361/workspace-allen/results/VISl_4/trial_0/phase_1/lib_ab4a70858e/lib_ab4a70858e__delay_0.12__dur_0.2.h5
198,0.12,0.0,ab4a70858e,0.0884547010064125,22.388059701492537,36.74528301886792,67.51591472682667,10.74,46,6,3,0.9424777960769379,1,3.0,12,1.3,/user/raabe14/u19361/workspace-allen/results/VISl_4/trial_0/phase_0/lib_ab4a70858e/lib_ab4a70858e__delay_0.12__dur_0.0.h5
199,0.09,0.0,ab4a70858e,0.10156667232513428,-2.6865671641791025,-4.481132075471699,134.9774869247291,21.49,32,29,6,1.8849555921538759,4,6.0,2,0.03,/user/raabe14/u19361/workspace-allen/results/VISl_4/trial_0/phase_1/lib_ab4a70858e/lib_ab4a70858e__delay_0.09__dur_0.0.h5
2,0.0,0.2,ab4a70858e,0.10018809884786606,-31.34328358208955,31.367924528301884,45.02251307527088,21.49,16,9,2,0.6283185307179586,4,6.0,12,1.3,/user/raabe14/u19361/workspace-allen/results/VISl_4/trial_0/phase_0/lib_ab4a70858e/lib_ab4a70858e__delay_0.0__dur_0.2.h5
20,0.09,0.0,ab4a70858e,0.17104782164096832,-25.970149253731343,15.235849056603776,157.4840764271708,17.91,19,18,7,2.199114857512855,3,5.0,3,0.04,/user/raabe14/u19361/workspace-allen/results/VISl_4/trial_0/phase_0/lib_ab4a70858e/lib_ab4a70858e__delay_0.09__dur_0.0.h5
200,0.15,0.2,ab4a70858e,0.09722943603992462,-11.64179104477612,-0.8962264150943398,67.51591472682667,14.32,27,27,3,0.9424777960769379,2,4.0,12,1.3,/user/raabe14/u19361/workspace-allen/results/VISl_4/trial_0/phase_1/lib_ab4a70858e/lib_ab4a70858e__delay_0.15__dur_0.2.h5
201,0.06,0.0,ab4a70858e,0.09513115137815475,-42.089552238805965,-6.273584905660378,180.0,10.74,10,30,8,2.5132741228718345,1,3.0,8,0.09,/user/raabe14/u19361/workspace-allen/results/VISl_4/trial_0/phase_1/lib_ab4a70858e/lib_ab4a70858e__delay_0.06__dur_0.0.h5
202,0.12,0.0,ab4a70858e,0.11176653951406479,-13.43283582089552,-9.858490566037737,157.4840764271708,28.65,26,32,7,2.199114857512855,5,8.0,12,1.3,/user/raabe14/u19361/workspace-allen/results/VISl_4/trial_0/phase_0/lib_ab4a70858e/lib_ab4a70858e__delay_0.12__dur_0.0.h5
203,0.15,0.2,ab4a70858e,0.10213562846183777,31.343283582089555,8.066037735849058,134.9774869247291,10.74,51,22,6,1.8849555921538759,1,3.0,10,1.1,/user/raabe14/u19361/workspace-allen/results/VISl_4/trial_0/phase_0/lib_ab4a70858e/lib_ab4a70858e__delay_0.15__dur_0.2.h5
204,0.06,0.0,ab4a70858e,0.10062479227781296,-11.64179104477612,6.273584905660378,157.4840764271708,7.16,27,23,7,2.199114857512855,0,2.0,11,1.2,/user/raabe14/u19361/workspace-allen/results/VISl_4/trial_0/phase_0/lib_ab4a70858e/lib_ab4a70858e__delay_0.06__dur_0.0.h5
205,0.12,0.0,ab4a70858e,0.09145159274339676,-13.43283582089552,29.575471698113205,67.51591472682667,14.32,26,10,3,0.9424777960769379,2,4.0,12,1.3,/user/raabe14/u19361/workspace-allen/results/VISl_4/trial_0/phase_1/lib_ab4a70858e/lib_ab4a70858e__delay_0.12__dur_0.0.h5
206,0.03,0.0,ab4a70858e,0.09858356416225433,-45.67164179104478,15.235849056603776,45.02251307527088,10.74,8,18,2,0.6283185307179586,1,3.0,12,1.3,/user/raabe14/u19361/workspace-allen/results/VISl_4/trial_0/phase_1/lib_ab4a70858e/lib_ab4a70858e__delay_0.03__dur_0.0.h5
207,0.09,0.2,ab4a70858e,0.10820867121219635,4.477611940298516,0.8962264150943398,134.9774869247291,10.74,36,26,6,1.8849555921538759,1,3.0,9,0.1,/user/raabe14/u19361/workspace-allen/results/VISl_4/trial_0/phase_1/lib_ab4a70858e/lib_ab4a70858e__delay_0.09__dur_0.2.h5
208,0.15,0.0,ab4a70858e,0.11006542295217514,15.223880597014926,-9.858490566037737,90.0,14.32,42,32,4,1.2566370614359172,2,4.0,10,1.1,/user/raabe14/u19361/workspace-allen/results/VISl_4/trial_0/phase_0/lib_ab4a70858e/lib_ab4a70858e__delay_0.15__dur_0.0.h5
209,0.15,0.2,ab4a70858e,0.09633124619722366,25.97014925373135,15.235849056603776,134.9774869247291,7.16,48,18,6,1.8849555921538759,0,2.0,12,1.3,/user/raabe14/u19361/workspace-allen/results/VISl_4/trial_0/phase_0/lib_ab4a70858e/lib_ab4a70858e__delay_0.15__dur_0.2.h5
21,0.12,0.2,ab4a70858e,0.10147242993116379,45.67164179104478,15.235849056603776,22.515923572829163,7.16,59,18,9,2.827433388230814,0,2.0,10,1.1,/user/raabe14/u19361/workspace-allen/results/VISl_4/trial_0/phase_0/lib_ab4a70858e/lib_ab4a70858e__delay_0.12__dur_0.2.h5
210,0.03,0.2,ab4a70858e,0.10734239965677261,-18.80597014925373,-0.8962264150943398,180.0,17.91,23,27,8,2.5132741228718345,3,5.0,12,1.3,/user/raabe14/u19361/workspace-allen/results/VISl_4/trial_0/phase_1/lib_ab4a70858e/lib_ab4a70858e__delay_0.03__dur_0.2.h5
211,0.09,0.0,ab4a70858e,0.13825112581253052,-22.388059701492537,6.273584905660378,22.515923572829163,28.65,21,23,9,2.827433388230814,5,8.0,4,0.05,/user/raabe14/u19361/workspace-allen/results/VISl_4/trial_0/phase_0/lib_ab4a70858e/lib_ab4a70858e__delay_0.09__dur_0.0.h5
212,0.09,0.0,ab4a70858e,0.1528068333864212,-15.223880597014926,4.481132075471699,180.0,28.65,25,24,8,2.5132741228718345,5,8.0,4,0.05,/user/raabe14/u19361/workspace-allen/results/VISl_4/trial_0/phase_1/lib_ab4a70858e/lib_ab4a70858e__delay_0.09__dur_0.0.h5
213,0.15,0.2,ab4a70858e,0.09139018505811691,-6.268656716417908,-22.40566037735849,45.02251307527088,7.16,30,39,2,0.6283185307179586,0,2.0,11,1.2,/user/raabe14/u19361/workspace-allen/results/VISl_4/trial_0/phase_1/lib_ab4a70858e/lib_ab4a70858e__delay_0.15__dur_0.2.h5
214,0.12,0.0,ab4a70858e,0.1423097401857376,6.268656716417908,-4.481132075471699,90.0,21.49,37,29,4,1.2566370614359172,4,6.0,4,0.05,/user/raabe14/u19361/workspace-allen/results/VISl_4/trial_0/phase_1/lib_ab4a70858e/lib_ab4a70858e__delay_0.12__dur_0.0.h5
215,0.06,0.0,ab4a70858e,0.11272911727428436,-17.014925373134325,-9.858490566037737,180.0,28.65,24,32,8,2.5132741228718345,5,8.0,2,0.03,/user/raabe14/u19361/workspace-allen/results/VISl_4/trial_0/phase_1/lib_ab4a70858e/lib_ab4a70858e__delay_0.06__dur_0.0.h5
216,0.12,0.0,ab4a70858e,0.09414279460906982,34.92537313432837,-4.481132075471699,90.0,7.16,53,29,4,1.2566370614359172,0,2.0,12,1.3,/user/raabe14/u19361/workspace-allen/results/VISl_4/trial_0/phase_1/lib_ab4a70858e/lib_ab4a70858e__delay_0.12__dur_0.0.h5
217,0.09,0.2,ab4a70858e,0.12431514263153076,-15.223880597014926,-25.99056603773585,112.48408527317332,10.74,25,41,5,1.5707963267948966,1,3.0,11,1.2,/user/raabe14/u19361/workspace-allen/results/VISl_4/trial_0/phase_0/lib_ab4a70858e/lib_ab4a70858e__delay_0.09__dur_0.2.h5
218,0.0,0.2,ab4a70858e,0.10537639260292053,-9.850746268656714,-0.8962264150943398,22.515923572829163,17.91,28,27,9,2.827433388230814,3,5.0,6,0.07,/user/raabe14/u19361/workspace-allen/results/VISl_4/trial_0/phase_1/lib_ab4a70858e/lib_ab4a70858e__delay_0.0__dur_0.2.h5
219,0.15,0.2,ab4a70858e,0.09572585672140121,34.92537313432837,-25.99056603773585,157.4840764271708,10.74,53,41,7,2.199114857512855,1,3.0,10,1.1,/user/raabe14/u19361/workspace-allen/results/VISl_4/trial_0/phase_0/lib_ab4a70858e/lib_ab4a70858e__delay_0.15__dur_0.2.h5
22,0.06,0.0,ab4a70858e,0.1252097189426422,-45.67164179104478,9.858490566037737,0.0,21.49,8,21,0,0.0,4,6.0,1,0.02,/user/raabe14/u19361/workspace-allen/results/VISl_4/trial_0/phase_0/lib_ab4a70858e/lib_ab4a70858e__delay_0.06__dur_0.0.h5
220,0.15,0.2,ab4a70858e,0.10130295902490616,-47.46268656716418,18.820754716981128,180.0,14.32,7,16,8,2.5132741228718345,2,4.0,8,0.09,/user/raabe14/u19361/workspace-allen/results/VISl_4/trial_0/phase_1/lib_ab4a70858e/lib_ab4a70858e__delay_0.15__dur_0.2.h5
221,0.0,0.0,ab4a70858e,0.10156501829624176,40.29850746268657,13.443396226415096,157.4840764271708,10.74,56,19,7,2.199114857512855,1,3.0,12,1.3,/user/raabe14/u19361/workspace-allen/results/VISl_4/trial_0/phase_1/lib_ab4a70858e/lib_ab4a70858e__delay_0.0__dur_0.0.h5
222,0.09,0.0,ab4a70858e,0.12004264444112778,-20.59701492537313,-13.443396226415096,157.4840764271708,28.65,22,34,7,2.199114857512855,5,8.0,2,0.03,/user/raabe14/u19361/workspace-allen/results/VISl_4/trial_0/phase_1/lib_ab4a70858e/lib_ab4a70858e__delay_0.09__dur_0.0.h5
223,0.12,0.2,ab4a70858e,0.10942895710468292,-11.64179104477612,43.91509433962264,180.0,10.74,27,2,8,2.5132741228718345,1,3.0,11,1.2,/user/raabe14/u19361/workspace-allen/results/VISl_4/trial_0/phase_1/lib_ab4a70858e/lib_ab4a70858e__delay_0.12__dur_0.2.h5
224,0.12,0.0,ab4a70858e,0.10942291468381882,-40.298507462686565,45.70754716981132,90.0,10.74,11,1,4,1.2566370614359172,1,3.0,12,1.3,/user/raabe14/u19361/workspace-allen/results/VISl_4/trial_0/phase_0/lib_ab4a70858e/lib_ab4a70858e__delay_0.12__dur_0.0.h5
225,0.15,0.0,ab4a70858e,0.1127251461148262,-9.850746268656714,-11.650943396226417,112.48408527317332,17.91,28,33,5,1.5707963267948966,3,5.0,8,0.09,/user/raabe14/u19361/workspace-allen/results/VISl_4/trial_0/phase_0/lib_ab4a70858e/lib_ab4a70858e__delay_0.15__dur_0.0.h5
226,0.15,0.0,ab4a70858e,0.14717155694961548,-15.223880597014926,-9.858490566037737,0.0,28.65,25,32,0,0.0,5,8.0,5,0.06,/user/raabe14/u19361/workspace-allen/results/VISl_4/trial_0/phase_1/lib_ab4a70858e/lib_ab4a70858e__delay_0.15__dur_0.0.h5
227,0.03,0.0,ab4a70858e,0.10170777142047882,6.268656716417908,11.650943396226417,157.4840764271708,7.16,37,20,7,2.199114857512855,0,2.0,10,1.1,/user/raabe14/u19361/workspace-allen/results/VISl_4/trial_0/phase_1/lib_ab4a70858e/lib_ab4a70858e__delay_0.03__dur_0.0.h5
228,0.06,0.2,ab4a70858e,0.09464889764785767,17.014925373134332,33.160377358490564,134.9774869247291,14.32,43,8,6,1.8849555921538759,2,4.0,11,1.2,/user/raabe14/u19361/workspace-allen/results/VISl_4/trial_0/phase_1/lib_ab4a70858e/lib_ab4a70858e__delay_0.06__dur_0.2.h5
229,0.15,0.0,ab4a70858e,0.10945548117160797,18.80597014925374,18.820754716981128,112.48408527317332,14.32,44,16,5,1.5707963267948966,2,4.0,11,1.2,/user/raabe14/u19361/workspace-allen/results/VISl_4/trial_0/phase_0/lib_ab4a70858e/lib_ab4a70858e__delay_0.15__dur_0.0.h5
23,0.03,0.2,ab4a70858e,0.10036853700876236,-36.71641791044776,42.12264150943396,45.02251307527088,10.74,13,3,2,0.6283185307179586,1,3.0,11,1.2,/user/raabe14/u19361/workspace-allen/results/VISl_4/trial_0/phase_1/lib_ab4a70858e/lib_ab4a70858e__delay_0.03__dur_0.2.h5
230,0.09,0.0,ab4a70858e,0.09859221428632736,18.80597014925374,25.990566037735846,22.515923572829163,28.65,44,12,9,2.827433388230814,5,8.0,5,0.06,/user/raabe14/u19361/workspace-allen/results/VISl_4/trial_0/phase_1/lib_ab4a70858e/lib_ab4a70858e__delay_0.09__dur_0.0.h5
231,0.06,0.0,ab4a70858e,0.10767651349306107,25.97014925373135,9.858490566037737,45.02251307527088,10.74,48,21,2,0.6283185307179586,1,3.0,12,1.3,/user/raabe14/u19361/workspace-allen/results/VISl_4/trial_0/phase_0/lib_ab4a70858e/lib_ab4a70858e__delay_0.06__dur_0.0.h5
232,0.12,0.2,ab4a70858e,0.10003636032342911,25.97014925373135,-13.443396226415096,157.4840764271708,10.74,48,34,7,2.199114857512855,1,3.0,11,1.2,/user/raabe14/u19361/workspace-allen/results/VISl_4/trial_0/phase_1/lib_ab4a70858e/lib_ab4a70858e__delay_0.12__dur_0.2.h5
233,0.06,0.0,ab4a70858e,0.10534963011741638,-15.223880597014926,-8.066037735849058,22.515923572829163,21.49,25,31,9,2.827433388230814,4,6.0,4,0.05,/user/raabe14/u19361/workspace-allen/results/VISl_4/trial_0/phase_0/lib_ab4a70858e/lib_ab4a70858e__delay_0.06__dur_0.0.h5
234,0.06,0.0,ab4a70858e,0.11072137951850891,27.761194029850756,9.858490566037737,90.0,28.65,49,21,4,1.2566370614359172,5,8.0,3,0.04,/user/raabe14/u19361/workspace-allen/results/VISl_4/trial_0/phase_0/lib_ab4a70858e/lib_ab4a70858e__delay_0.06__dur_0.0.h5
235,0.09,0.2,ab4a70858e,0.09357693791389465,20.59701492537313,-4.481132075471699,112.48408527317332,21.49,45,29,5,1.5707963267948966,4,6.0,11,1.2,/user/raabe14/u19361/workspace-allen/results/VISl_4/trial_0/phase_1/lib_ab4a70858e/lib_ab4a70858e__delay_0.09__dur_0.2.h5
236,0.12,0.0,ab4a70858e,0.1865733116865158,4.477611940298516,0.8962264150943398,22.515923572829163,21.49,36,26,9,2.827433388230814,4,6.0,3,0.04,/user/raabe14/u19361/workspace-allen/results/VISl_4/trial_0/phase_1/lib_ab4a70858e/lib_ab4a70858e__delay_0.12__dur_0.0.h5
237,0.03,0.0,ab4a70858e,0.10104192048311234,-4.477611940298509,27.783018867924525,90.0,7.16,31,11,4,1.2566370614359172,0,2.0,10,1.1,/user/raabe14/u19361/workspace-allen/results/VISl_4/trial_0/phase_0/lib_ab4a70858e/lib_ab4a70858e__delay_0.03__dur_0.0.h5
238,0.15,0.2,ab4a70858e,0.09316489845514297,6.268656716417908,8.066037735849058,45.02251307527088,7.16,37,22,2,0.6283185307179586,0,2.0,5,0.06,/user/raabe14/u19361/workspace-allen/results/VISl_4/trial_0/phase_1/lib_ab4a70858e/lib_ab4a70858e__delay_0.15__dur_0.2.h5
239,0.15,0.0,ab4a70858e,0.15411198139190674,0.8955223880597032,-4.481132075471699,0.0,21.49,34,29,0,0.0,4,6.0,4,0.05,/user/raabe14/u19361/workspace-allen/results/VISl_4/trial_0/phase_0/lib_ab4a70858e/lib_ab4a70858e__delay_0.15__dur_0.0.h5
24,0.12,0.2,ab4a70858e,0.11612068861722946,-22.388059701492537,18.820754716981128,45.02251307527088,7.16,21,16,2,0.6283185307179586,0,2.0,12,1.3,/user/raabe14/u19361/workspace-allen/results/VISl_4/trial_0/phase_0/lib_ab4a70858e/lib_ab4a70858e__delay_0.12__dur_0.2.h5
240,0.06,0.2,ab4a70858e,0.09793039411306381,-8.059701492537314,-36.74528301886792,45.02251307527088,10.74,29,47,2,0.6283185307179586,1,3.0,12,1.3,/user/raabe14/u19361/workspace-allen/results/VISl_4/trial_0/phase_1/lib_ab4a70858e/lib_ab4a70858e__delay_0.06__dur_0.2.h5
241,0.06,0.2,ab4a70858e,0.10918248444795609,9.85074626865672,0.8962264150943398,45.02251307527088,28.65,39,26,2,0.6283185307179586,5,8.0,1,0.02,/user/raabe14/u19361/workspace-allen/results/VISl_4/trial_0/phase_0/lib_ab4a70858e/lib_ab4a70858e__delay_0.06__dur_0.2.h5
242,0.06,0.0,ab4a70858e,0.09549597650766373,43.88059701492537,-38.5377358490566,22.515923572829163,14.32,58,48,9,2.827433388230814,2,4.0,12,1.3,/user/raabe14/u19361/workspace-allen/results/VISl_4/trial_0/phase_0/lib_ab4a70858e/lib_ab4a70858e__delay_0.06__dur_0.0.h5
243,0.09,0.2,ab4a70858e,0.12956911325454712,-17.014925373134325,24.198113207547166,180.0,10.74,24,13,8,2.5132741228718345,1,3.0,12,1.3,/user/raabe14/u19361/workspace-allen/results/VISl_4/trial_0/phase_1/lib_ab4a70858e/lib_ab4a70858e__delay_0.09__dur_0.2.h5
244,0.09,0.0,ab4a70858e,0.11713867634534836,4.477611940298516,18.820754716981128,180.0,10.74,36,16,8,2.5132741228718345,1,3.0,12,1.3,/user/raabe14/u19361/workspace-allen/results/VISl_4/trial_0/phase_1/lib_ab4a70858e/lib_ab4a70858e__delay_0.09__dur_0.0.h5
245,0.03,0.2,ab4a70858e,0.09662740677595139,-2.6865671641791025,-36.74528301886792,134.9774869247291,10.74,32,47,6,1.8849555921538759,1,3.0,11,1.2,/user/raabe14/u19361/workspace-allen/results/VISl_4/trial_0/phase_0/lib_ab4a70858e/lib_ab4a70858e__delay_0.03__dur_0.2.h5
246,0.15,0.2,ab4a70858e,0.10195953398942947,18.80597014925374,29.575471698113205,134.9774869247291,10.74,44,10,6,1.8849555921538759,1,3.0,12,1.3,/user/raabe14/u19361/workspace-allen/results/VISl_4/trial_0/phase_0/lib_ab4a70858e/lib_ab4a70858e__delay_0.15__dur_0.2.h5
247,0.12,0.2,ab4a70858e,0.12291170656681061,31.343283582089555,-13.443396226415096,157.4840764271708,10.74,51,34,7,2.199114857512855,1,3.0,12,1.3,/user/raabe14/u19361/workspace-allen/results/VISl_4/trial_0/phase_1/lib_ab4a70858e/lib_ab4a70858e__delay_0.12__dur_0.2.h5
248,0.03,0.2,ab4a70858e,0.10562050342559814,15.223880597014926,0.8962264150943398,90.0,7.16,42,26,4,1.2566370614359172,0,2.0,12,1.3,/user/raabe14/u19361/workspace-allen/results/VISl_4/trial_0/phase_1/lib_ab4a70858e/lib_ab4a70858e__delay_0.03__dur_0.2.h5
249,0.03,0.0,ab4a70858e,0.09995479881763458,-51.04477611940298,47.5,22.515923572829195,7.16,5,0,1,0.3141592653589793,0,2.0,12,1.3,/user/raabe14/u19361/workspace-allen/results/VISl_4/trial_0/phase_0/lib_ab4a70858e/lib_ab4a70858e__delay_0.03__dur_0.0.h5
25,0.15,0.2,ab4a70858e,0.09909775853157043,-58.208955223880594,17.02830188679245,90.0,14.32,1,17,4,1.2566370614359172,2,4.0,11,1.2,/user/raabe14/u19361/workspace-allen/results/VISl_4/trial_0/phase_1/lib_ab4a70858e/lib_ab4a70858e__delay_0.15__dur_0.2.h5
250,0.0,0.2,ab4a70858e,0.10154177248477936,34.92537313432837,4.481132075471699,67.51591472682667,10.74,53,24,3,0.9424777960769379,1,3.0,10,1.1,/user/raabe14/u19361/workspace-allen/results/VISl_4/trial_0/phase_0/lib_ab4a70858e/lib_ab4a70858e__delay_0.0__dur_0.2.h5
251,0.03,0.2,ab4a70858e,0.11325056105852127,36.71641791044776,-25.99056603773585,134.9774869247291,14.32,54,41,6,1.8849555921538759,2,4.0,12,1.3,/user/raabe14/u19361/workspace-allen/results/VISl_4/trial_0/phase_0/lib_ab4a70858e/lib_ab4a70858e__delay_0.03__dur_0.2.h5
252,0.03,0.0,ab4a70858e,0.13528287410736084,-20.59701492537313,-18.82075471698113,157.4840764271708,17.91,22,37,7,2.199114857512855,3,5.0,12,1.3,/user/raabe14/u19361/workspace-allen/results/VISl_4/trial_0/phase_1/lib_ab4a70858e/lib_ab4a70858e__delay_0.03__dur_0.0.h5
253,0.12,0.2,ab4a70858e,0.1430583894252777,-13.43283582089552,9.858490566037737,112.48408527317332,21.49,26,21,5,1.5707963267948966,4,6.0,11,1.2,/user/raabe14/u19361/workspace-allen/results/VISl_4/trial_0/phase_1/lib_ab4a70858e/lib_ab4a70858e__delay_0.12__dur_0.2.h5
254,0.09,0.0,ab4a70858e,0.11207962781190872,-22.388059701492537,-8.066037735849058,180.0,28.65,21,31,8,2.5132741228718345,5,8.0,5,0.06,/user/raabe14/u19361/workspace-allen/results/VISl_4/trial_0/phase_1/lib_ab4a70858e/lib_ab4a70858e__delay_0.09__dur_0.0.h5
255,0.09,0.0,ab4a70858e,0.16505758464336395,-11.64179104477612,-9.858490566037737,180.0,28.65,27,32,8,2.5132741228718345,5,8.0,4,0.05,/user/raabe14/u19361/workspace-allen/results/VISl_4/trial_0/phase_0/lib_ab4a70858e/lib_ab4a70858e__delay_0.09__dur_0.0.h5
256,0.0,0.2,ab4a70858e,0.11841050535440445,-31.34328358208955,0.8962264150943398,157.4840764271708,10.74,16,26,7,2.199114857512855,1,3.0,12,1.3,/user/raabe14/u19361/workspace-allen/results/VISl_4/trial_0/phase_1/lib_ab4a70858e/lib_ab4a70858e__delay_0.0__dur_0.2.h5
257,0.03,0.0,ab4a70858e,0.0976867601275444,-11.64179104477612,6.273584905660378,90.0,14.32,27,23,4,1.2566370614359172,2,4.0,12,1.3,/user/raabe14/u19361/workspace-allen/results/VISl_4/trial_0/phase_1/lib_ab4a70858e/lib_ab4a70858e__delay_0.03__dur_0.0.h5
258,0.06,0.2,ab4a70858e,0.1056220680475235,13.43283582089552,31.367924528301884,180.0,10.74,41,9,8,2.5132741228718345,1,3.0,12,1.3,/user/raabe14/u19361/workspace-allen/results/VISl_4/trial_0/phase_0/lib_ab4a70858e/lib_ab4a70858e__delay_0.06__dur_0.2.h5
259,0.09,0.2,ab4a70858e,0.09900180995464325,-13.43283582089552,13.443396226415096,157.4840764271708,28.65,26,19,7,2.199114857512855,5,8.0,4,0.05,/user/raabe14/u19361/workspace-allen/results/VISl_4/trial_0/phase_0/lib_ab4a70858e/lib_ab4a70858e__delay_0.09__dur_0.2.h5
26,0.09,0.0,ab4a70858e,0.1156582310795784,-34.92537313432835,4.481132075471699,112.48408527317332,28.65,14,24,5,1.5707963267948966,5,8.0,4,0.05,/user/raabe14/u19361/workspace-allen/results/VISl_4/trial_0/phase_1/lib_ab4a70858e/lib_ab4a70858e__delay_0.09__dur_0.0.h5
260,0.12,0.0,ab4a70858e,0.11850891262292862,0.8955223880597032,-2.6886792452830193,134.9774869247291,17.91,34,28,6,1.8849555921538759,3,5.0,5,0.06,/user/raabe14/u19361/workspace-allen/results/VISl_4/trial_0/phase_0/lib_ab4a70858e/lib_ab4a70858e__delay_0.12__dur_0.0.h5
261,0.06,0.2,ab4a70858e,0.12437571585178375,20.59701492537313,20.613207547169807,112.48408527317332,14.32,45,15,5,1.5707963267948966,2,4.0,11,1.2,/user/raabe14/u19361/workspace-allen/results/VISl_4/trial_0/phase_1/lib_ab4a70858e/lib_ab4a70858e__delay_0.06__dur_0.2.h5
262,0.06,0.2,ab4a70858e,0.09915889799594879,-15.223880597014926,-0.8962264150943398,22.515923572829163,28.65,25,27,9,2.827433388230814,5,8.0,6,0.07,/user/raabe14/u19361/workspace-allen/results/VISl_4/trial_0/phase_0/lib_ab4a70858e/lib_ab4a70858e__delay_0.06__dur_0.2.h5
263,0.09,0.0,ab4a70858e,0.0936112180352211,-20.59701492537313,-0.8962264150943398,90.0,28.65,22,27,4,1.2566370614359172,5,8.0,3,0.04,/user/raabe14/u19361/workspace-allen/results/VISl_4/trial_0/phase_1/lib_ab4a70858e/lib_ab4a70858e__delay_0.09__dur_0.0.h5
264,0.09,0.2,ab4a70858e,0.08982738107442856,-52.83582089552239,27.783018867924525,157.4840764271708,10.74,4,11,7,2.199114857512855,1,3.0,11,1.2,/user/raabe14/u19361/workspace-allen/results/VISl_4/trial_0/phase_1/lib_ab4a70858e/lib_ab4a70858e__delay_0.09__dur_0.2.h5
265,0.03,0.2,ab4a70858e,0.10246045142412186,-18.80597014925373,-20.61320754716981,90.0,28.65,23,38,4,1.2566370614359172,5,8.0,2,0.03,/user/raabe14/u19361/workspace-allen/results/VISl_4/trial_0/phase_0/lib_ab4a70858e/lib_ab4a70858e__delay_0.03__dur_0.2.h5
266,0.03,0.2,ab4a70858e,0.09465588629245758,-31.34328358208955,25.990566037735846,22.515923572829163,7.16,16,12,9,2.827433388230814,0,2.0,10,1.1,/user/raabe14/u19361/workspace-allen/results/VISl_4/trial_0/phase_1/lib_ab4a70858e/lib_ab4a70858e__delay_0.03__dur_0.2.h5
267,0.09,0.2,ab4a70858e,0.09590929001569748,-40.298507462686565,24.198113207547166,112.48408527317332,10.74,11,13,5,1.5707963267948966,1,3.0,11,1.2,/user/raabe14/u19361/workspace-allen/results/VISl_4/trial_0/phase_0/lib_ab4a70858e/lib_ab4a70858e__delay_0.09__dur_0.2.h5
268,0.12,0.2,ab4a70858e,0.10316071659326553,36.71641791044776,-0.8962264150943398,67.51591472682667,10.74,54,27,3,0.9424777960769379,1,3.0,12,1.3,/user/raabe14/u19361/workspace-allen/results/VISl_4/trial_0/phase_1/lib_ab4a70858e/lib_ab4a70858e__delay_0.12__dur_0.2.h5
269,0.15,0.2,ab4a70858e,0.12061432749032974,42.08955223880598,-22.40566037735849,0.0,17.91,57,39,0,0.0,3,5.0,11,1.2,/user/raabe14/u19361/workspace-allen/results/VISl_4/trial_0/phase_0/lib_ab4a70858e/lib_ab4a70858e__delay_0.15__dur_0.2.h5
27,0.15,0.0,ab4a70858e,0.12220435589551926,-40.298507462686565,4.481132075471699,45.02251307527088,21.49,11,24,2,0.6283185307179586,4,6.0,4,0.05,/user/raabe14/u19361/workspace-allen/results/VISl_4/trial_0/phase_1/lib_ab4a70858e/lib_ab4a70858e__delay_0.15__dur_0.0.h5
270,0.0,0.2,ab4a70858e,0.10092847049236298,-11.64179104477612,6.273584905660378,134.9774869247291,28.65,27,23,6,1.8849555921538759,5,8.0,1,0.02,/user/raabe14/u19361/workspace-allen/results/VISl_4/trial_0/phase_1/lib_ab4a70858e/lib_ab4a70858e__delay_0.0__dur_0.2.h5
271,0.0,0.0,ab4a70858e,0.12517738342285156,-24.179104477611936,-9.858490566037737,180.0,7.16,20,32,8,2.5132741228718345,0,2.0,12,1.3,/user/raabe14/u19361/workspace-allen/results/VISl_4/trial_0/phase_1/lib_ab4a70858e/lib_ab4a70858e__delay_0.0__dur_0.0.h5
272,0.09,0.0,ab4a70858e,0.15193162858486176,2.6865671641791096,2.6886792452830193,134.9774869247291,21.49,35,25,6,1.8849555921538759,4,6.0,3,0.04,/user/raabe14/u19361/workspace-allen/results/VISl_4/trial_0/phase_1/lib_ab4a70858e/lib_ab4a70858e__delay_0.09__dur_0.0.h5
273,0.15,0.0,ab4a70858e,0.1312728077173233,27.761194029850756,0.8962264150943398,22.515923572829163,28.65,49,26,9,2.827433388230814,5,8.0,1,0.02,/user/raabe14/u19361/workspace-allen/results/VISl_4/trial_0/phase_0/lib_ab4a70858e/lib_ab4a70858e__delay_0.15__dur_0.0.h5
274,0.06,0.2,ab4a70858e,0.10747715830802917,-9.850746268656714,9.858490566037737,45.02251307527088,7.16,28,21,2,0.6283185307179586,0,2.0,12,1.3,/user/raabe14/u19361/workspace-allen/results/VISl_4/trial_0/phase_1/lib_ab4a70858e/lib_ab4a70858e__delay_0.06__dur_0.2.h5
275,0.12,0.0,ab4a70858e,0.10867370665073395,-15.223880597014926,4.481132075471699,112.48408527317332,28.65,25,24,5,1.5707963267948966,5,8.0,3,0.04,/user/raabe14/u19361/workspace-allen/results/VISl_4/trial_0/phase_1/lib_ab4a70858e/lib_ab4a70858e__delay_0.12__dur_0.0.h5
276,0.03,0.2,ab4a70858e,0.09196832031011581,31.343283582089555,4.481132075471699,180.0,28.65,51,24,8,2.5132741228718345,5,8.0,10,1.1,/user/raabe14/u19361/workspace-allen/results/VISl_4/trial_0/phase_0/lib_ab4a70858e/lib_ab4a70858e__delay_0.03__dur_0.2.h5
277,0.12,0.0,ab4a70858e,0.08958359062671661,40.29850746268657,0.8962264150943398,0.0,17.91,56,26,0,0.0,3,5.0,12,1.3,/user/raabe14/u19361/workspace-allen/results/VISl_4/trial_0/phase_1/lib_ab4a70858e/lib_ab4a70858e__delay_0.12__dur_0.0.h5
278,0.0,0.0,ab4a70858e,0.09753800928592682,-25.970149253731343,-9.858490566037737,112.48408527317332,17.91,19,32,5,1.5707963267948966,3,5.0,11,1.2,/user/raabe14/u19361/workspace-allen/results/VISl_4/trial_0/phase_0/lib_ab4a70858e/lib_ab4a70858e__delay_0.0__dur_0.0.h5
279,0.0,0.2,ab4a70858e,0.10006558150053024,56.4179104477612,-13.443396226415096,22.515923572829195,17.91,65,34,1,0.3141592653589793,3,5.0,9,0.1,/user/raabe14/u19361/workspace-allen/results/VISl_4/trial_0/phase_1/lib_ab4a70858e/lib_ab4a70858e__delay_0.0__dur_0.2.h5
28,0.12,0.0,ab4a70858e,0.11671841889619827,-13.43283582089552,17.02830188679245,0.0,17.91,26,17,0,0.0,3,5.0,2,0.03,/user/raabe14/u19361/workspace-allen/results/VISl_4/trial_0/phase_0/lib_ab4a70858e/lib_ab4a70858e__delay_0.12__dur_0.0.h5
280,0.12,0.2,ab4a70858e,0.09565357863903046,33.13432835820896,42.12264150943396,134.9774869247291,7.16,52,3,6,1.8849555921538759,0,2.0,12,1.3,/user/raabe14/u19361/workspace-allen/results/VISl_4/trial_0/phase_0/lib_ab4a70858e/lib_ab4a70858e__delay_0.12__dur_0.2.h5
281,0.12,0.2,ab4a70858e,0.09890247136354446,9.85074626865672,8.066037735849058,67.51591472682667,7.16,39,22,3,0.9424777960769379,0,2.0,10,1.1,/user/raabe14/u19361/workspace-allen/results/VISl_4/trial_0/phase_0/lib_ab4a70858e/lib_ab4a70858e__delay_0.12__dur_0.2.h5
282,0.15,0.2,ab4a70858e,0.09824199229478836,-33.134328358208954,29.575471698113205,180.0,10.74,15,10,8,2.5132741228718345,1,3.0,11,1.2,/user/raabe14/u19361/workspace-allen/results/VISl_4/trial_0/phase_1/lib_ab4a70858e/lib_ab4a70858e__delay_0.15__dur_0.2.h5
283,0.12,0.2,ab4a70858e,0.09675761312246323,51.04477611940298,11.650943396226417,134.9774869247291,7.16,62,20,6,1.8849555921538759,0,2.0,12,1.3,/user/raabe14/u19361/workspace-allen/results/VISl_4/trial_0/phase_0/lib_ab4a70858e/lib_ab4a70858e__delay_0.12__dur_0.2.h5
284,0.09,0.0,ab4a70858e,0.20217390358448029,-4.477611940298509,-2.6886792452830193,22.515923572829163,28.65,31,28,9,2.827433388230814,5,8.0,3,0.04,/user/raabe14/u19361/workspace-allen/results/VISl_4/trial_0/phase_0/lib_ab4a70858e/lib_ab4a70858e__delay_0.09__dur_0.0.h5
285,0.09,0.0,ab4a70858e,0.1232326552271843,-0.8955223880596961,-9.858490566037737,157.4840764271708,14.32,33,32,7,2.199114857512855,2,4.0,9,0.1,/user/raabe14/u19361/workspace-allen/results/VISl_4/trial_0/phase_1/lib_ab4a70858e/lib_ab4a70858e__delay_0.09__dur_0.0.h5
286,0.0,0.2,ab4a70858e,0.11231870949268341,0.8955223880597032,-4.481132075471699,90.0,7.16,34,29,4,1.2566370614359172,0,2.0,12,1.3,/user/raabe14/u19361/workspace-allen/results/VISl_4/trial_0/phase_0/lib_ab4a70858e/lib_ab4a70858e__delay_0.0__dur_0.2.h5
287,0.0,0.2,ab4a70858e,0.10198496282100677,-45.67164179104478,9.858490566037737,22.515923572829163,17.91,8,21,9,2.827433388230814,3,5.0,10,1.1,/user/raabe14/u19361/workspace-allen/results/VISl_4/trial_0/phase_1/lib_ab4a70858e/lib_ab4a70858e__delay_0.0__dur_0.2.h5
288,0.06,0.0,ab4a70858e,0.10452549904584885,36.71641791044776,-11.650943396226417,134.9774869247291,7.16,54,33,6,1.8849555921538759,0,2.0,10,1.1,/user/raabe14/u19361/workspace-allen/results/VISl_4/trial_0/phase_0/lib_ab4a70858e/lib_ab4a70858e__delay_0.06__dur_0.0.h5
289,0.06,0.2,ab4a70858e,0.10333668440580368,-4.477611940298509,22.405660377358487,22.515923572829163,17.91,31,14,9,2.827433388230814,3,5.0,9,0.1,/user/raabe14/u19361/workspace-allen/results/VISl_4/trial_0/phase_1/lib_ab4a70858e/lib_ab4a70858e__delay_0.06__dur_0.2.h5
29,0.15,0.0,ab4a70858e,0.1506882607936859,-22.388059701492537,17.02830188679245,90.0,17.91,21,17,4,1.2566370614359172,3,5.0,6,0.07,/user/raabe14/u19361/workspace-allen/results/VISl_4/trial_0/phase_0/lib_ab4a70858e/lib_ab4a70858e__delay_0.15__dur_0.0.h5
290,0.0,0.2,ab4a70858e,0.12859593331813812,-13.43283582089552,-18.82075471698113,45.02251307527088,14.32,26,37,2,0.6283185307179586,2,4.0,12,1.3,/user/raabe14/u19361/workspace-allen/results/VISl_4/trial_0/phase_1/lib_ab4a70858e/lib_ab4a70858e__delay_0.0__dur_0.2.h5
291,0.12,0.0,ab4a70858e,0.09515603631734848,-45.67164179104478,4.481132075471699,45.02251307527088,28.65,8,24,2,0.6283185307179586,5,8.0,2,0.03,/user/raabe14/u19361/workspace-allen/results/VISl_4/trial_0/phase_0/lib_ab4a70858e/lib_ab4a70858e__delay_0.12__dur_0.0.h5
292,0.09,0.0,ab4a70858e,0.10753028839826584,0.8955223880597032,0.8962264150943398,112.48408527317332,17.91,34,26,5,1.5707963267948966,3,5.0,5,0.06,/user/raabe14/u19361/workspace-allen/results/VISl_4/trial_0/phase_0/lib_ab4a70858e/lib_ab4a70858e__delay_0.09__dur_0.0.h5
293,0.12,0.2,ab4a70858e,0.12602941691875458,-13.43283582089552,-15.235849056603776,67.51591472682667,14.32,26,35,3,0.9424777960769379,2,4.0,12,1.3,/user/raabe14/u19361/workspace-allen/results/VISl_4/trial_0/phase_1/lib_ab4a70858e/lib_ab4a70858e__delay_0.12__dur_0.2.h5
294,0.06,0.2,ab4a70858e,0.12908035516738892,40.29850746268657,4.481132075471699,67.51591472682667,17.91,56,24,3,0.9424777960769379,3,5.0,10,1.1,/user/raabe14/u19361/workspace-allen/results/VISl_4/trial_0/phase_1/lib_ab4a70858e/lib_ab4a70858e__delay_0.06__dur_0.2.h5
295,0.09,0.0,ab4a70858e,0.14976736903190613,-4.477611940298509,2.6886792452830193,22.515923572829195,21.49,31,25,1,0.3141592653589793,4,6.0,3,0.04,/user/raabe14/u19361/workspace-allen/results/VISl_4/trial_0/phase_1/lib_ab4a70858e/lib_ab4a70858e__delay_0.09__dur_0.0.h5
296,0.15,0.0,ab4a70858e,0.10776364058256149,-15.223880597014926,-43.91509433962264,22.515923572829163,7.16,25,51,9,2.827433388230814,0,2.0,11,1.2,/user/raabe14/u19361/workspace-allen/results/VISl_4/trial_0/phase_0/lib_ab4a70858e/lib_ab4a70858e__delay_0.15__dur_0.0.h5
297,0.06,0.0,ab4a70858e,0.13746030628681183,-22.388059701492537,33.160377358490564,157.4840764271708,7.16,21,8,7,2.199114857512855,0,2.0,12,1.3,/user/raabe14/u19361/workspace-allen/results/VISl_4/trial_0/phase_0/lib_ab4a70858e/lib_ab4a70858e__delay_0.06__dur_0.0.h5
298,0.03,0.0,ab4a70858e,0.10087054967880249,-20.59701492537313,17.02830188679245,22.515923572829163,7.16,22,17,9,2.827433388230814,0,2.0,9,0.1,/user/raabe14/u19361/workspace-allen/results/VISl_4/trial_0/phase_1/lib_ab4a70858e/lib_ab4a70858e__delay_0.03__dur_0.0.h5
299,0.09,0.0,ab4a70858e,0.17130987346172333,-9.850746268656714,2.6886792452830193,180.0,21.49,28,25,8,2.5132741228718345,4,6.0,0,0.01,/user/raabe14/u19361/workspace-allen/results/VISl_4/trial_0/phase_1/lib_ab4a70858e/lib_ab4a70858e__delay_0.09__dur_0.0.h5
3,0.0,0.0,ab4a70858e,0.09074725210666656,-4.477611940298509,-40.33018867924528,22.515923572829195,28.65,31,49,1,0.3141592653589793,5,8.0,12,1.3,/user/raabe14/u19361/workspace-allen/results/VISl_4/trial_0/phase_0/lib_ab4a70858e/lib_ab4a70858e__delay_0.0__dur_0.0.h5
30,0.12,0.0,ab4a70858e,0.10155229270458221,-38.507462686567166,13.443396226415096,45.02251307527088,17.91,12,19,2,0.6283185307179586,3,5.0,7,0.08,/user/raabe14/u19361/workspace-allen/results/VISl_4/trial_0/phase_0/lib_ab4a70858e/lib_ab4a70858e__delay_0.12__dur_0.0.h5
300,0.12,0.0,ab4a70858e,0.1412820965051651,0.8955223880597032,-9.858490566037737,0.0,14.32,34,32,0,0.0,2,4.0,5,0.06,/user/raabe14/u19361/workspace-allen/results/VISl_4/trial_0/phase_1/lib_ab4a70858e/lib_ab4a70858e__delay_0.12__dur_0.0.h5
301,0.06,0.0,ab4a70858e,0.08949290961027145,-38.507462686567166,-11.650943396226417,45.02251307527088,28.65,12,33,2,0.6283185307179586,5,8.0,12,1.3,/user/raabe14/u19361/workspace-allen/results/VISl_4/trial_0/phase_0/lib_ab4a70858e/lib_ab4a70858e__delay_0.06__dur_0.0.h5
302,0.15,0.0,ab4a70858e,0.10267569869756699,43.88059701492537,-18.82075471698113,45.02251307527088,10.74,58,37,2,0.6283185307179586,1,3.0,12,1.3,/user/raabe14/u19361/workspace-allen/results/VISl_4/trial_0/phase_0/lib_ab4a70858e/lib_ab4a70858e__delay_0.15__dur_0.0.h5
303,0.12,0.2,ab4a70858e,0.09858192503452301,24.179104477611943,-11.650943396226417,67.51591472682667,21.49,47,33,3,0.9424777960769379,4,6.0,4,0.05,/user/raabe14/u19361/workspace-allen/results/VISl_4/trial_0/phase_1/lib_ab4a70858e/lib_ab4a70858e__delay_0.12__dur_0.2.h5
304,0.0,0.2,ab4a70858e,0.11611180752515793,-40.298507462686565,20.613207547169807,90.0,7.16,11,15,4,1.2566370614359172,0,2.0,12,1.3,/user/raabe14/u19361/workspace-allen/results/VISl_4/trial_0/phase_1/lib_ab4a70858e/lib_ab4a70858e__delay_0.0__dur_0.2.h5
305,0.12,0.0,ab4a70858e,0.10063062608242035,4.477611940298516,6.273584905660378,112.48408527317332,28.65,36,23,5,1.5707963267948966,5,8.0,11,1.2,/user/raabe14/u19361/workspace-allen/results/VISl_4/trial_0/phase_0/lib_ab4a70858e/lib_ab4a70858e__delay_0.12__dur_0.0.h5
306,0.15,0.2,ab4a70858e,0.09395618736743927,-6.268656716417908,-20.61320754716981,22.515923572829195,7.16,30,38,1,0.3141592653589793,0,2.0,10,1.1,/user/raabe14/u19361/workspace-allen/results/VISl_4/trial_0/phase_0/lib_ab4a70858e/lib_ab4a70858e__delay_0.15__dur_0.2.h5
307,0.12,0.0,ab4a70858e,0.13473990559577942,-4.477611940298509,-4.481132075471699,67.51591472682667,28.65,31,29,3,0.9424777960769379,5,8.0,5,0.06,/user/raabe14/u19361/workspace-allen/results/VISl_4/trial_0/phase_0/lib_ab4a70858e/lib_ab4a70858e__delay_0.12__dur_0.0.h5
308,0.03,0.0,ab4a70858e,0.09477715194225311,-58.208955223880594,-31.367924528301888,67.51591472682667,7.16,1,44,3,0.9424777960769379,0,2.0,12,1.3,/user/raabe14/u19361/workspace-allen/results/VISl_4/trial_0/phase_0/lib_ab4a70858e/lib_ab4a70858e__delay_0.03__dur_0.0.h5
309,0.0,0.2,ab4a70858e,0.0954960435628891,-24.179104477611936,-17.028301886792452,157.4840764271708,21.49,20,36,7,2.199114857512855,4,6.0,12,1.3,/user/raabe14/u19361/workspace-allen/results/VISl_4/trial_0/phase_0/lib_ab4a70858e/lib_ab4a70858e__delay_0.0__dur_0.2.h5
31,0.15,0.0,ab4a70858e,0.12290719151496887,-29.55223880597015,6.273584905660378,45.02251307527088,17.91,17,23,2,0.6283185307179586,3,5.0,5,0.06,/user/raabe14/u19361/workspace-allen/results/VISl_4/trial_0/phase_1/lib_ab4a70858e/lib_ab4a70858e__delay_0.15__dur_0.0.h5
310,0.09,0.2,ab4a70858e,0.10544022917747498,-11.64179104477612,13.443396226415096,45.02251307527088,10.74,27,19,2,0.6283185307179586,1,3.0,11,1.2,/user/raabe14/u19361/workspace-allen/results/VISl_4/trial_0/phase_0/lib_ab4a70858e/lib_ab4a70858e__delay_0.09__dur_0.2.h5
311,0.09,0.0,ab4a70858e,0.10998684912919998,8.059701492537314,-24.19811320754717,45.02251307527088,14.32,38,40,2,0.6283185307179586,2,4.0,7,0.08,/user/raabe14/u19361/workspace-allen/results/VISl_4/trial_0/phase_1/lib_ab4a70858e/lib_ab4a70858e__delay_0.09__dur_0.0.h5
312,0.03,0.2,ab4a70858e,0.10813406109809875,-15.223880597014926,24.198113207547166,180.0,21.49,25,13,8,2.5132741228718345,4,6.0,12,1.3,/user/raabe14/u19361/workspace-allen/results/VISl_4/trial_0/phase_1/lib_ab4a70858e/lib_ab4a70858e__delay_0.03__dur_0.2.h5
313,0.09,0.2,ab4a70858e,0.1112506091594696,-2.6865671641791025,-11.650943396226417,0.0,21.49,32,33,0,0.0,4,6.0,6,0.07,/user/raabe14/u19361/workspace-allen/results/VISl_4/trial_0/phase_1/lib_ab4a70858e/lib_ab4a70858e__delay_0.09__dur_0.2.h5
314,0.15,0.2,ab4a70858e,0.0999872162938118,-4.477611940298509,27.783018867924525,22.515923572829195,7.16,31,11,1,0.3141592653589793,0,2.0,12,1.3,/user/raabe14/u19361/workspace-allen/results/VISl_4/trial_0/phase_0/lib_ab4a70858e/lib_ab4a70858e__delay_0.15__dur_0.2.h5
315,0.0,0.0,ab4a70858e,0.10099946707487106,-45.67164179104478,-36.74528301886792,157.4840764271708,10.74,8,47,7,2.199114857512855,1,3.0,11,1.2,/user/raabe14/u19361/workspace-allen/results/VISl_4/trial_0/phase_0/lib_ab4a70858e/lib_ab4a70858e__delay_0.0__dur_0.0.h5
316,0.06,0.2,ab4a70858e,0.1030430942773819,2.6865671641791096,-6.273584905660378,45.02251307527088,14.32,35,30,2,0.6283185307179586,2,4.0,7,0.08,/user/raabe14/u19361/workspace-allen/results/VISl_4/trial_0/phase_0/lib_ab4a70858e/lib_ab4a70858e__delay_0.06__dur_0.2.h5
317,0.06,0.0,ab4a70858e,0.09159060567617416,-22.388059701492537,-22.40566037735849,22.515923572829163,7.16,21,39,9,2.827433388230814,0,2.0,11,1.2,/user/raabe14/u19361/workspace-allen/results/VISl_4/trial_0/phase_0/lib_ab4a70858e/lib_ab4a70858e__delay_0.06__dur_0.0.h5
318,0.0,0.2,ab4a70858e,0.10183369368314743,-27.761194029850742,-8.066037735849058,22.515923572829163,7.16,18,31,9,2.827433388230814,0,2.0,12,1.3,/user/raabe14/u19361/workspace-allen/results/VISl_4/trial_0/phase_1/lib_ab4a70858e/lib_ab4a70858e__delay_0.0__dur_0.2.h5
319,0.15,0.2,ab4a70858e,0.09772459417581558,29.55223880597015,-11.650943396226417,180.0,14.32,50,33,8,2.5132741228718345,2,4.0,11,1.2,/user/raabe14/u19361/workspace-allen/results/VISl_4/trial_0/phase_0/lib_ab4a70858e/lib_ab4a70858e__delay_0.15__dur_0.2.h5
32,0.12,0.0,ab4a70858e,0.11092136055231094,-31.34328358208955,6.273584905660378,112.48408527317332,17.91,16,23,5,1.5707963267948966,3,5.0,7,0.08,/user/raabe14/u19361/workspace-allen/results/VISl_4/trial_0/phase_0/lib_ab4a70858e/lib_ab4a70858e__delay_0.12__dur_0.0.h5
320,0.15,0.2,ab4a70858e,0.09512901306152344,-13.43283582089552,27.783018867924525,180.0,7.16,26,11,8,2.5132741228718345,0,2.0,8,0.09,/user/raabe14/u19361/workspace-allen/results/VISl_4/trial_0/phase_1/lib_ab4a70858e/lib_ab4a70858e__delay_0.15__dur_0.2.h5
321,0.03,0.2,ab4a70858e,0.0949188619852066,-8.059701492537314,-6.273584905660378,180.0,10.74,29,30,8,2.5132741228718345,1,3.0,12,1.3,/user/raabe14/u19361/workspace-allen/results/VISl_4/trial_0/phase_0/lib_ab4a70858e/lib_ab4a70858e__delay_0.03__dur_0.2.h5
322,0.06,0.0,ab4a70858e,0.10337238013744354,6.268656716417908,40.33018867924528,157.4840764271708,7.16,37,4,7,2.199114857512855,0,2.0,11,1.2,/user/raabe14/u19361/workspace-allen/results/VISl_4/trial_0/phase_1/lib_ab4a70858e/lib_ab4a70858e__delay_0.06__dur_0.0.h5
323,0.09,0.2,ab4a70858e,0.09935098886489868,-18.80597014925373,13.443396226415096,22.515923572829195,10.74,23,19,1,0.3141592653589793,1,3.0,12,1.3,/user/raabe14/u19361/workspace-allen/results/VISl_4/trial_0/phase_1/lib_ab4a70858e/lib_ab4a70858e__delay_0.09__dur_0.2.h5
324,0.15,0.2,ab4a70858e,0.10908903926610947,-36.71641791044776,36.74528301886792,67.51591472682667,10.74,13,6,3,0.9424777960769379,1,3.0,11,1.2,/user/raabe14/u19361/workspace-allen/results/VISl_4/trial_0/phase_1/lib_ab4a70858e/lib_ab4a70858e__delay_0.15__dur_0.2.h5
325,0.15,0.2,ab4a70858e,0.10558680444955826,-20.59701492537313,2.6886792452830193,90.0,10.74,22,25,4,1.2566370614359172,1,3.0,10,1.1,/user/raabe14/u19361/workspace-allen/results/VISl_4/trial_0/phase_0/lib_ab4a70858e/lib_ab4a70858e__delay_0.15__dur_0.2.h5
326,0.09,0.0,ab4a70858e,0.0973997414112091,-33.134328358208954,-34.95283018867924,45.02251307527088,10.74,15,46,2,0.6283185307179586,1,3.0,10,1.1,/user/raabe14/u19361/workspace-allen/results/VISl_4/trial_0/phase_0/lib_ab4a70858e/lib_ab4a70858e__delay_0.09__dur_0.0.h5
327,0.03,0.2,ab4a70858e,0.12261481583118439,43.88059701492537,40.33018867924528,157.4840764271708,7.16,58,4,7,2.199114857512855,0,2.0,12,1.3,/user/raabe14/u19361/workspace-allen/results/VISl_4/trial_0/phase_1/lib_ab4a70858e/lib_ab4a70858e__delay_0.03__dur_0.2.h5
328,0.09,0.0,ab4a70858e,0.12593577802181244,13.43283582089552,2.6886792452830193,45.02251307527088,14.32,41,25,2,0.6283185307179586,2,4.0,2,0.03,/user/raabe14/u19361/workspace-allen/results/VISl_4/trial_0/phase_1/lib_ab4a70858e/lib_ab4a70858e__delay_0.09__dur_0.0.h5
329,0.12,0.0,ab4a70858e,0.10369990020990372,29.55223880597015,8.066037735849058,22.515923572829195,10.74,50,22,1,0.3141592653589793,1,3.0,10,1.1,/user/raabe14/u19361/workspace-allen/results/VISl_4/trial_0/phase_0/lib_ab4a70858e/lib_ab4a70858e__delay_0.12__dur_0.0.h5
33,0.15,0.0,ab4a70858e,0.09068332612514496,-54.62686567164179,-40.33018867924528,157.4840764271708,7.16,3,49,7,2.199114857512855,0,2.0,10,1.1,/user/raabe14/u19361/workspace-allen/results/VISl_4/trial_0/phase_1/lib_ab4a70858e/lib_ab4a70858e__delay_0.15__dur_0.0.h5
330,0.12,0.2,ab4a70858e,0.10296446084976196,52.83582089552239,0.8962264150943398,67.51591472682667,7.16,63,26,3,0.9424777960769379,0,2.0,10,1.1,/user/raabe14/u19361/workspace-allen/results/VISl_4/trial_0/phase_0/lib_ab4a70858e/lib_ab4a70858e__delay_0.12__dur_0.2.h5
331,0.09,0.2,ab4a70858e,0.10446076840162277,-58.208955223880594,9.858490566037737,67.51591472682667,7.16,1,21,3,0.9424777960769379,0,2.0,11,1.2,/user/raabe14/u19361/workspace-allen/results/VISl_4/trial_0/phase_1/lib_ab4a70858e/lib_ab4a70858e__delay_0.09__dur_0.2.h5
332,0.12,0.0,ab4a70858e,0.09427064657211304,-38.507462686567166,-24.19811320754717,90.0,7.16,12,40,4,1.2566370614359172,0,2.0,12,1.3,/user/raabe14/u19361/workspace-allen/results/VISl_4/trial_0/phase_0/lib_ab4a70858e/lib_ab4a70858e__delay_0.12__dur_0.0.h5
333,0.09,0.2,ab4a70858e,0.09392329305410385,-42.089552238805965,34.95283018867924,45.02251307527088,10.74,10,7,2,0.6283185307179586,1,3.0,12,1.3,/user/raabe14/u19361/workspace-allen/results/VISl_4/trial_0/phase_1/lib_ab4a70858e/lib_ab4a70858e__delay_0.09__dur_0.2.h5
334,0.06,0.0,ab4a70858e,0.10897186398506165,-13.43283582089552,-18.82075471698113,180.0,28.65,26,37,8,2.5132741228718345,5,8.0,1,0.02,/user/raabe14/u19361/workspace-allen/results/VISl_4/trial_0/phase_1/lib_ab4a70858e/lib_ab4a70858e__delay_0.06__dur_0.0.h5
335,0.03,0.2,ab4a70858e,0.10037343204021454,-13.43283582089552,-36.74528301886792,45.02251307527088,10.74,26,47,2,0.6283185307179586,1,3.0,12,1.3,/user/raabe14/u19361/workspace-allen/results/VISl_4/trial_0/phase_0/lib_ab4a70858e/lib_ab4a70858e__delay_0.03__dur_0.2.h5
336,0.15,0.2,ab4a70858e,0.09202314913272858,-42.089552238805965,-40.33018867924528,22.515923572829163,10.74,10,49,9,2.827433388230814,1,3.0,10,1.1,/user/raabe14/u19361/workspace-allen/results/VISl_4/trial_0/phase_0/lib_ab4a70858e/lib_ab4a70858e__delay_0.15__dur_0.2.h5
337,0.12,0.2,ab4a70858e,0.1091332733631134,24.179104477611943,2.6886792452830193,22.515923572829195,7.16,47,25,1,0.3141592653589793,0,2.0,12,1.3,/user/raabe14/u19361/workspace-allen/results/VISl_4/trial_0/phase_0/lib_ab4a70858e/lib_ab4a70858e__delay_0.12__dur_0.2.h5
338,0.09,0.2,ab4a70858e,0.09254805743694305,-29.55223880597015,-17.028301886792452,134.9774869247291,7.16,17,36,6,1.8849555921538759,0,2.0,12,1.3,/user/raabe14/u19361/workspace-allen/results/VISl_4/trial_0/phase_1/lib_ab4a70858e/lib_ab4a70858e__delay_0.09__dur_0.2.h5
339,0.09,0.2,ab4a70858e,0.09885382652282715,4.477611940298516,0.8962264150943398,157.4840764271708,7.16,36,26,7,2.199114857512855,0,2.0,12,1.3,/user/raabe14/u19361/workspace-allen/results/VISl_4/trial_0/phase_1/lib_ab4a70858e/lib_ab4a70858e__delay_0.09__dur_0.2.h5
34,0.15,0.2,ab4a70858e,0.09248735755681992,42.08955223880598,11.650943396226417,90.0,28.65,57,20,4,1.2566370614359172,5,8.0,11,1.2,/user/raabe14/u19361/workspace-allen/results/VISl_4/trial_0/phase_1/lib_ab4a70858e/lib_ab4a70858e__delay_0.15__dur_0.2.h5
340,0.15,0.2,ab4a70858e,0.1219933032989502,8.059701492537314,2.6886792452830193,45.02251307527088,7.16,38,25,2,0.6283185307179586,0,2.0,12,1.3,/user/raabe14/u19361/workspace-allen/results/VISl_4/trial_0/phase_1/lib_ab4a70858e/lib_ab4a70858e__delay_0.15__dur_0.2.h5
341,0.09,0.2,ab4a70858e,0.11221824586391449,-17.014925373134325,20.613207547169807,112.48408527317332,17.91,24,15,5,1.5707963267948966,3,5.0,11,1.2,/user/raabe14/u19361/workspace-allen/results/VISl_4/trial_0/phase_1/lib_ab4a70858e/lib_ab4a70858e__delay_0.09__dur_0.2.h5
342,0.0,0.2,ab4a70858e,0.09580743312835693,11.641791044776127,29.575471698113205,22.515923572829195,7.16,40,10,1,0.3141592653589793,0,2.0,12,1.3,/user/raabe14/u19361/workspace-allen/results/VISl_4/trial_0/phase_1/lib_ab4a70858e/lib_ab4a70858e__delay_0.0__dur_0.2.h5
343,0.15,0.0,ab4a70858e,0.11742682009935379,-6.268656716417908,-9.858490566037737,157.4840764271708,28.65,30,32,7,2.199114857512855,5,8.0,2,0.03,/user/raabe14/u19361/workspace-allen/results/VISl_4/trial_0/phase_0/lib_ab4a70858e/lib_ab4a70858e__delay_0.15__dur_0.0.h5
344,0.12,0.2,ab4a70858e,0.09651760756969452,-22.388059701492537,-45.70754716981132,22.515923572829163,21.49,21,52,9,2.827433388230814,4,6.0,10,1.1,/user/raabe14/u19361/workspace-allen/results/VISl_4/trial_0/phase_0/lib_ab4a70858e/lib_ab4a70858e__delay_0.12__dur_0.2.h5
345,0.15,0.0,ab4a70858e,0.11516711115837097,-6.268656716417908,-6.273584905660378,22.515923572829195,14.32,30,30,1,0.3141592653589793,2,4.0,5,0.06,/user/raabe14/u19361/workspace-allen/results/VISl_4/trial_0/phase_1/lib_ab4a70858e/lib_ab4a70858e__delay_0.15__dur_0.0.h5
346,0.12,0.2,ab4a70858e,0.1064952090382576,42.08955223880598,38.5377358490566,67.51591472682667,7.16,57,5,3,0.9424777960769379,0,2.0,11,1.2,/user/raabe14/u19361/workspace-allen/results/VISl_4/trial_0/phase_1/lib_ab4a70858e/lib_ab4a70858e__delay_0.12__dur_0.2.h5
347,0.09,0.2,ab4a70858e,0.1042134091258049,-2.6865671641791025,-11.650943396226417,112.48408527317332,21.49,32,33,5,1.5707963267948966,4,6.0,4,0.05,/user/raabe14/u19361/workspace-allen/results/VISl_4/trial_0/phase_1/lib_ab4a70858e/lib_ab4a70858e__delay_0.09__dur_0.2.h5
348,0.0,0.0,ab4a70858e,0.09689094871282578,-0.8955223880596961,31.367924528301884,22.515923572829195,17.91,33,9,1,0.3141592653589793,3,5.0,9,0.1,/user/raabe14/u19361/workspace-allen/results/VISl_4/trial_0/phase_1/lib_ab4a70858e/lib_ab4a70858e__delay_0.0__dur_0.0.h5
35,0.09,0.0,ab4a70858e,0.08657694607973099,-31.34328358208955,20.613207547169807,45.02251307527088,21.49,16,15,2,0.6283185307179586,4,6.0,9,0.1,/user/raabe14/u19361/workspace-allen/results/VISl_4/trial_0/phase_0/lib_ab4a70858e/lib_ab4a70858e__delay_0.09__dur_0.0.h5
36,0.03,0.2,ab4a70858e,0.13453155755996704,-18.80597014925373,18.820754716981128,45.02251307527088,10.74,23,16,2,0.6283185307179586,1,3.0,11,1.2,/user/raabe14/u19361/workspace-allen/results/VISl_4/trial_0/phase_0/lib_ab4a70858e/lib_ab4a70858e__delay_0.03__dur_0.2.h5
37,0.09,0.2,ab4a70858e,0.10157935321331024,0.8955223880597032,-15.235849056603776,180.0,7.16,34,35,8,2.5132741228718345,0,2.0,12,1.3,/user/raabe14/u19361/workspace-allen/results/VISl_4/trial_0/phase_1/lib_ab4a70858e/lib_ab4a70858e__delay_0.09__dur_0.2.h5
38,0.03,0.2,ab4a70858e,0.1175694391131401,-47.46268656716418,2.6886792452830193,45.02251307527088,21.49,7,25,2,0.6283185307179586,4,6.0,9,0.1,/user/raabe14/u19361/workspace-allen/results/VISl_4/trial_0/phase_1/lib_ab4a70858e/lib_ab4a70858e__delay_0.03__dur_0.2.h5
39,0.0,0.2,ab4a70858e,0.09905282407999039,-0.8955223880596961,22.405660377358487,22.515923572829195,14.32,33,14,1,0.3141592653589793,2,4.0,12,1.3,/user/raabe14/u19361/workspace-allen/results/VISl_4/trial_0/phase_1/lib_ab4a70858e/lib_ab4a70858e__delay_0.0__dur_0.2.h5
4,0.0,0.2,ab4a70858e,0.09510814398527145,27.761194029850756,9.858490566037737,134.9774869247291,14.32,49,21,6,1.8849555921538759,2,4.0,12,1.3,/user/raabe14/u19361/workspace-allen/results/VISl_4/trial_0/phase_1/lib_ab4a70858e/lib_ab4a70858e__delay_0.0__dur_0.2.h5
40,0.06,0.0,ab4a70858e,0.11754842847585678,-36.71641791044776,15.235849056603776,180.0,7.16,13,18,8,2.5132741228718345,0,2.0,12,1.3,/user/raabe14/u19361/workspace-allen/results/VISl_4/trial_0/phase_0/lib_ab4a70858e/lib_ab4a70858e__delay_0.06__dur_0.0.h5
41,0.15,0.0,ab4a70858e,0.12109297513961792,-27.761194029850742,6.273584905660378,67.51591472682667,28.65,18,23,3,0.9424777960769379,5,8.0,4,0.05,/user/raabe14/u19361/workspace-allen/results/VISl_4/trial_0/phase_1/lib_ab4a70858e/lib_ab4a70858e__delay_0.15__dur_0.0.h5
42,0.06,0.2,ab4a70858e,0.09356845170259476,34.92537313432837,-33.160377358490564,157.4840764271708,21.49,53,45,7,2.199114857512855,4,6.0,12,1.3,/user/raabe14/u19361/workspace-allen/results/VISl_4/trial_0/phase_1/lib_ab4a70858e/lib_ab4a70858e__delay_0.06__dur_0.2.h5
43,0.06,0.2,ab4a70858e,0.09988311678171158,-2.6865671641791025,-15.235849056603776,0.0,28.65,32,35,0,0.0,5,8.0,11,1.2,/user/raabe14/u19361/workspace-allen/results/VISl_4/trial_0/phase_0/lib_ab4a70858e/lib_ab4a70858e__delay_0.06__dur_0.2.h5
44,0.0,0.0,ab4a70858e,0.08809084445238113,-58.208955223880594,-36.74528301886792,67.51591472682667,10.74,1,47,3,0.9424777960769379,1,3.0,12,1.3,/user/raabe14/u19361/workspace-allen/results/VISl_4/trial_0/phase_0/lib_ab4a70858e/lib_ab4a70858e__delay_0.0__dur_0.0.h5
45,0.12,0.0,ab4a70858e,0.09425897896289825,-0.8955223880596961,24.198113207547166,112.48408527317332,21.49,33,13,5,1.5707963267948966,4,6.0,6,0.07,/user/raabe14/u19361/workspace-allen/results/VISl_4/trial_0/phase_0/lib_ab4a70858e/lib_ab4a70858e__delay_0.12__dur_0.0.h5
46,0.09,0.0,ab4a70858e,0.09733801335096359,-22.388059701492537,42.12264150943396,112.48408527317332,28.65,21,3,5,1.5707963267948966,5,8.0,4,0.05,/user/raabe14/u19361/workspace-allen/results/VISl_4/trial_0/phase_1/lib_ab4a70858e/lib_ab4a70858e__delay_0.09__dur_0.0.h5
47,0.09,0.0,ab4a70858e,0.10848262161016464,-22.388059701492537,13.443396226415096,45.02251307527088,10.74,21,19,2,0.6283185307179586,1,3.0,9,0.1,/user/raabe14/u19361/workspace-allen/results/VISl_4/trial_0/phase_1/lib_ab4a70858e/lib_ab4a70858e__delay_0.09__dur_0.0.h5
48,0.06,0.0,ab4a70858e,0.10137023776769638,-45.67164179104478,0.8962264150943398,0.0,10.74,8,26,0,0.0,1,3.0,12,1.3,/user/raabe14/u19361/workspace-allen/results/VISl_4/trial_0/phase_1/lib_ab4a70858e/lib_ab4a70858e__delay_0.06__dur_0.0.h5
49,0.0,0.2,ab4a70858e,0.10277452319860458,8.059701492537314,-36.74528301886792,134.9774869247291,7.16,38,47,6,1.8849555921538759,0,2.0,11,1.2,/user/raabe14/u19361/workspace-allen/results/VISl_4/trial_0/phase_1/lib_ab4a70858e/lib_ab4a70858e__delay_0.0__dur_0.2.h5
5,0.06,0.2,ab4a70858e,0.0945911556482315,8.059701492537314,-15.235849056603776,67.51591472682667,10.74,38,35,3,0.9424777960769379,1,3.0,1,0.02,/user/raabe14/u19361/workspace-allen/results/VISl_4/trial_0/phase_1/lib_ab4a70858e/lib_ab4a70858e__delay_0.06__dur_0.2.h5
50,0.09,0.0,ab4a70858e,0.14760081470012665,-29.55223880597015,-0.8962264150943398,22.515923572829195,17.91,17,27,1,0.3141592653589793,3,5.0,2,0.03,/user/raabe14/u19361/workspace-allen/results/VISl_4/trial_0/phase_1/lib_ab4a70858e/lib_ab4a70858e__delay_0.09__dur_0.0.h5
51,0.15,0.2,ab4a70858e,0.10549764335155487,-31.34328358208955,-18.82075471698113,112.48408527317332,10.74,16,37,5,1.5707963267948966,1,3.0,11,1.2,/user/raabe14/u19361/workspace-allen/results/VISl_4/trial_0/phase_0/lib_ab4a70858e/lib_ab4a70858e__delay_0.15__dur_0.2.h5
52,0.09,0.0,ab4a70858e,0.10821681469678879,-31.34328358208955,8.066037735849058,0.0,28.65,16,22,0,0.0,5,8.0,6,0.07,/user/raabe14/u19361/workspace-allen/results/VISl_4/trial_0/phase_1/lib_ab4a70858e/lib_ab4a70858e__delay_0.09__dur_0.0.h5
53,0.12,0.0,ab4a70858e,0.10020150989294052,-25.970149253731343,-33.160377358490564,157.4840764271708,14.32,19,45,7,2.199114857512855,2,4.0,12,1.3,/user/raabe14/u19361/workspace-allen/results/VISl_4/trial_0/phase_0/lib_ab4a70858e/lib_ab4a70858e__delay_0.12__dur_0.0.h5
54,0.12,0.0,ab4a70858e,0.12521259486675262,-27.761194029850742,4.481132075471699,134.9774869247291,17.91,18,24,6,1.8849555921538759,3,5.0,4,0.05,/user/raabe14/u19361/workspace-allen/results/VISl_4/trial_0/phase_0/lib_ab4a70858e/lib_ab4a70858e__delay_0.12__dur_0.0.h5
55,0.0,0.2,ab4a70858e,0.09513196349143982,-42.089552238805965,-8.066037735849058,90.0,7.16,10,31,4,1.2566370614359172,0,2.0,12,1.3,/user/raabe14/u19361/workspace-allen/results/VISl_4/trial_0/phase_1/lib_ab4a70858e/lib_ab4a70858e__delay_0.0__dur_0.2.h5
56,0.06,0.2,ab4a70858e,0.09883422404527664,-4.477611940298509,18.820754716981128,134.9774869247291,10.74,31,16,6,1.8849555921538759,1,3.0,12,1.3,/user/raabe14/u19361/workspace-allen/results/VISl_4/trial_0/phase_0/lib_ab4a70858e/lib_ab4a70858e__delay_0.06__dur_0.2.h5
57,0.06,0.0,ab4a70858e,0.137969970703125,-20.59701492537313,13.443396226415096,0.0,7.16,22,19,0,0.0,0,2.0,12,1.3,/user/raabe14/u19361/workspace-allen/results/VISl_4/trial_0/phase_1/lib_ab4a70858e/lib_ab4a70858e__delay_0.06__dur_0.0.h5
58,0.09,0.2,ab4a70858e,0.12228860706090927,-2.6865671641791025,36.74528301886792,22.515923572829195,14.32,32,6,1,0.3141592653589793,2,4.0,12,1.3,/user/raabe14/u19361/workspace-allen/results/VISl_4/trial_0/phase_1/lib_ab4a70858e/lib_ab4a70858e__delay_0.09__dur_0.2.h5
59,0.12,0.0,ab4a70858e,0.10693664103746414,-27.761194029850742,-0.8962264150943398,90.0,21.49,18,27,4,1.2566370614359172,4,6.0,1,0.02,/user/raabe14/u19361/workspace-allen/results/VISl_4/trial_0/phase_1/lib_ab4a70858e/lib_ab4a70858e__delay_0.12__dur_0.0.h5
6,0.06,0.0,ab4a70858e,0.09176132082939148,-11.64179104477612,15.235849056603776,45.02251307527088,7.16,27,18,2,0.6283185307179586,0,2.0,10,1.1,/user/raabe14/u19361/workspace-allen/results/VISl_4/trial_0/phase_0/lib_ab4a70858e/lib_ab4a70858e__delay_0.06__dur_0.0.h5
60,0.09,0.0,ab4a70858e,0.10929477959871292,-20.59701492537313,18.820754716981128,112.48408527317332,17.91,22,16,5,1.5707963267948966,3,5.0,8,0.09,/user/raabe14/u19361/workspace-allen/results/VISl_4/trial_0/phase_1/lib_ab4a70858e/lib_ab4a70858e__delay_0.09__dur_0.0.h5
61,0.06,0.0,ab4a70858e,0.14163047075271606,-31.34328358208955,0.8962264150943398,90.0,17.91,16,26,4,1.2566370614359172,3,5.0,9,0.1,/user/raabe14/u19361/workspace-allen/results/VISl_4/trial_0/phase_0/lib_ab4a70858e/lib_ab4a70858e__delay_0.06__dur_0.0.h5
62,0.09,0.0,ab4a70858e,0.1035737618803978,-49.25373134328358,6.273584905660378,45.02251307527088,14.32,6,23,2,0.6283185307179586,2,4.0,10,1.1,/user/raabe14/u19361/workspace-allen/results/VISl_4/trial_0/phase_0/lib_ab4a70858e/lib_ab4a70858e__delay_0.09__dur_0.0.h5
63,0.15,0.2,ab4a70858e,0.09913254529237747,-56.417910447761194,-22.40566037735849,90.0,7.16,2,39,4,1.2566370614359172,0,2.0,12,1.3,/user/raabe14/u19361/workspace-allen/results/VISl_4/trial_0/phase_0/lib_ab4a70858e/lib_ab4a70858e__delay_0.15__dur_0.2.h5
64,0.09,0.2,ab4a70858e,0.1371707022190094,-36.71641791044776,11.650943396226417,157.4840764271708,17.91,13,20,7,2.199114857512855,3,5.0,3,0.04,/user/raabe14/u19361/workspace-allen/results/VISl_4/trial_0/phase_0/lib_ab4a70858e/lib_ab4a70858e__delay_0.09__dur_0.2.h5
65,0.12,0.0,ab4a70858e,0.11308687925338745,-40.298507462686565,0.8962264150943398,180.0,17.91,11,26,8,2.5132741228718345,3,5.0,1,0.02,/user/raabe14/u19361/workspace-allen/results/VISl_4/trial_0/phase_1/lib_ab4a70858e/lib_ab4a70858e__delay_0.12__dur_0.0.h5
66,0.09,0.2,ab4a70858e,0.11705037206411362,-25.970149253731343,13.443396226415096,134.9774869247291,7.16,19,19,6,1.8849555921538759,0,2.0,10,1.1,/user/raabe14/u19361/workspace-allen/results/VISl_4/trial_0/phase_0/lib_ab4a70858e/lib_ab4a70858e__delay_0.09__dur_0.2.h5
67,0.09,0.0,ab4a70858e,0.107286237180233,-34.92537313432835,20.613207547169807,22.515923572829195,17.91,14,15,1,0.3141592653589793,3,5.0,4,0.05,/user/raabe14/u19361/workspace-allen/results/VISl_4/trial_0/phase_0/lib_ab4a70858e/lib_ab4a70858e__delay_0.09__dur_0.0.h5
68,0.06,0.0,ab4a70858e,0.18216612935066223,-31.34328358208955,11.650943396226417,112.48408527317332,17.91,16,20,5,1.5707963267948966,3,5.0,0,0.01,/user/raabe14/u19361/workspace-allen/results/VISl_4/trial_0/phase_1/lib_ab4a70858e/lib_ab4a70858e__delay_0.06__dur_0.0.h5
69,0.12,0.0,ab4a70858e,0.1455295830965042,-25.970149253731343,6.273584905660378,180.0,21.49,19,23,8,2.5132741228718345,4,6.0,5,0.06,/user/raabe14/u19361/workspace-allen/results/VISl_4/trial_0/phase_1/lib_ab4a70858e/lib_ab4a70858e__delay_0.12__dur_0.0.h5
7,0.06,0.2,ab4a70858e,0.09390026330947876,40.29850746268657,2.6886792452830193,22.515923572829163,7.16,56,25,9,2.827433388230814,0,2.0,11,1.2,/user/raabe14/u19361/workspace-allen/results/VISl_4/trial_0/phase_1/lib_ab4a70858e/lib_ab4a70858e__delay_0.06__dur_0.2.h5
70,0.12,0.0,ab4a70858e,0.14718766510486603,-27.761194029850742,18.820754716981128,90.0,21.49,18,16,4,1.2566370614359172,4,6.0,4,0.05,/user/raabe14/u19361/workspace-allen/results/VISl_4/trial_0/phase_0/lib_ab4a70858e/lib_ab4a70858e__delay_0.12__dur_0.0.h5
71,0.03,0.2,ab4a70858e,0.11168057471513748,-34.92537313432835,25.990566037735846,45.02251307527088,7.16,14,12,2,0.6283185307179586,0,2.0,12,1.3,/user/raabe14/u19361/workspace-allen/results/VISl_4/trial_0/phase_0/lib_ab4a70858e/lib_ab4a70858e__delay_0.03__dur_0.2.h5
72,0.15,0.2,ab4a70858e,0.12091392278671265,-22.388059701492537,33.160377358490564,157.4840764271708,7.16,21,8,7,2.199114857512855,0,2.0,12,1.3,/user/raabe14/u19361/workspace-allen/results/VISl_4/trial_0/phase_0/lib_ab4a70858e/lib_ab4a70858e__delay_0.15__dur_0.2.h5
73,0.06,0.0,ab4a70858e,0.09911015629768372,49.25373134328359,-6.273584905660378,90.0,7.16,61,30,4,1.2566370614359172,0,2.0,11,1.2,/user/raabe14/u19361/workspace-allen/results/VISl_4/trial_0/phase_1/lib_ab4a70858e/lib_ab4a70858e__delay_0.06__dur_0.0.h5
74,0.09,0.2,ab4a70858e,0.10300567746162415,-25.970149253731343,27.783018867924525,134.9774869247291,7.16,19,11,6,1.8849555921538759,0,2.0,10,1.1,/user/raabe14/u19361/workspace-allen/results/VISl_4/trial_0/phase_1/lib_ab4a70858e/lib_ab4a70858e__delay_0.09__dur_0.2.h5
75,0.0,0.2,ab4a70858e,0.0920935869216919,47.462686567164184,13.443396226415096,90.0,28.65,60,19,4,1.2566370614359172,5,8.0,11,1.2,/user/raabe14/u19361/workspace-allen/results/VISl_4/trial_0/phase_0/lib_ab4a70858e/lib_ab4a70858e__delay_0.0__dur_0.2.h5
76,0.12,0.2,ab4a70858e,0.09767314046621323,-11.64179104477612,13.443396226415096,157.4840764271708,28.65,27,19,7,2.199114857512855,5,8.0,5,0.06,/user/raabe14/u19361/workspace-allen/results/VISl_4/trial_0/phase_1/lib_ab4a70858e/lib_ab4a70858e__delay_0.12__dur_0.2.h5
77,0.06,0.2,ab4a70858e,0.10963831096887589,-31.34328358208955,25.990566037735846,45.02251307527088,17.91,16,12,2,0.6283185307179586,3,5.0,2,0.03,/user/raabe14/u19361/workspace-allen/results/VISl_4/trial_0/phase_1/lib_ab4a70858e/lib_ab4a70858e__delay_0.06__dur_0.2.h5
78,0.15,0.2,ab4a70858e,0.09617240726947784,42.08955223880598,-31.367924528301888,90.0,7.16,57,44,4,1.2566370614359172,0,2.0,12,1.3,/user/raabe14/u19361/workspace-allen/results/VISl_4/trial_0/phase_1/lib_ab4a70858e/lib_ab4a70858e__delay_0.15__dur_0.2.h5
79,0.03,0.2,ab4a70858e,0.09298861026763916,-34.92537313432835,8.066037735849058,22.515923572829163,14.32,14,22,9,2.827433388230814,2,4.0,12,1.3,/user/raabe14/u19361/workspace-allen/results/VISl_4/trial_0/phase_0/lib_ab4a70858e/lib_ab4a70858e__delay_0.03__dur_0.2.h5
8,0.06,0.0,ab4a70858e,0.09307174384593964,13.43283582089552,11.650943396226417,45.02251307527088,21.49,41,20,2,0.6283185307179586,4,6.0,10,1.1,/user/raabe14/u19361/workspace-allen/results/VISl_4/trial_0/phase_0/lib_ab4a70858e/lib_ab4a70858e__delay_0.06__dur_0.0.h5
80,0.06,0.2,ab4a70858e,0.12463868409395218,-22.388059701492537,0.8962264150943398,157.4840764271708,21.49,21,26,7,2.199114857512855,4,6.0,12,1.3,/user/raabe14/u19361/workspace-allen/results/VISl_4/trial_0/phase_0/lib_ab4a70858e/lib_ab4a70858e__delay_0.06__dur_0.2.h5
81,0.15,0.2,ab4a70858e,0.1146475300192833,-25.970149253731343,36.74528301886792,0.0,10.74,19,6,0,0.0,1,3.0,12,1.3,/user/raabe14/u19361/workspace-allen/results/VISl_4/trial_0/phase_0/lib_ab4a70858e/lib_ab4a70858e__delay_0.15__dur_0.2.h5
82,0.09,0.0,ab4a70858e,0.14353860914707184,-25.970149253731343,4.481132075471699,134.9774869247291,28.65,19,24,6,1.8849555921538759,5,8.0,2,0.03,/user/raabe14/u19361/workspace-allen/results/VISl_4/trial_0/phase_1/lib_ab4a70858e/lib_ab4a70858e__delay_0.09__dur_0.0.h5
83,0.06,0.0,ab4a70858e,0.11121447384357452,8.059701492537314,29.575471698113205,180.0,10.74,38,10,8,2.5132741228718345,1,3.0,12,1.3,/user/raabe14/u19361/workspace-allen/results/VISl_4/trial_0/phase_0/lib_ab4a70858e/lib_ab4a70858e__delay_0.06__dur_0.0.h5
84,0.03,0.2,ab4a70858e,0.10026142001152039,-17.014925373134325,11.650943396226417,180.0,7.16,24,20,8,2.5132741228718345,0,2.0,10,1.1,/user/raabe14/u19361/workspace-allen/results/VISl_4/trial_0/phase_1/lib_ab4a70858e/lib_ab4a70858e__delay_0.03__dur_0.2.h5
85,0.06,0.0,ab4a70858e,0.1399466097354889,-18.80597014925373,-2.6886792452830193,67.51591472682667,14.32,23,28,3,0.9424777960769379,2,4.0,12,1.3,/user/raabe14/u19361/workspace-allen/results/VISl_4/trial_0/phase_1/lib_ab4a70858e/lib_ab4a70858e__delay_0.06__dur_0.0.h5
86,0.0,0.0,ab4a70858e,0.11512318253517151,-49.25373134328358,13.443396226415096,180.0,10.74,6,19,8,2.5132741228718345,1,3.0,11,1.2,/user/raabe14/u19361/workspace-allen/results/VISl_4/trial_0/phase_1/lib_ab4a70858e/lib_ab4a70858e__delay_0.0__dur_0.0.h5
87,0.0,0.2,ab4a70858e,0.10907398909330368,20.59701492537313,-9.858490566037737,67.51591472682667,28.65,45,32,3,0.9424777960769379,5,8.0,10,1.1,/user/raabe14/u19361/workspace-allen/results/VISl_4/trial_0/phase_0/lib_ab4a70858e/lib_ab4a70858e__delay_0.0__dur_0.2.h5
88,0.12,0.2,ab4a70858e,0.1078508272767067,-29.55223880597015,11.650943396226417,0.0,10.74,17,20,0,0.0,1,3.0,5,0.06,/user/raabe14/u19361/workspace-allen/results/VISl_4/trial_0/phase_0/lib_ab4a70858e/lib_ab4a70858e__delay_0.12__dur_0.2.h5
89,0.12,0.0,ab4a70858e,0.24352023005485535,-34.92537313432835,15.235849056603776,112.48408527317332,17.91,14,18,5,1.5707963267948966,3,5.0,1,0.02,/user/raabe14/u19361/workspace-allen/results/VISl_4/trial_0/phase_1/lib_ab4a70858e/lib_ab4a70858e__delay_0.12__dur_0.0.h5
9,0.09,0.2,ab4a70858e,0.12283475697040558,-20.59701492537313,6.273584905660378,90.0,7.16,22,23,4,1.2566370614359172,0,2.0,12,1.3,/user/raabe14/u19361/workspace-allen/results/VISl_4/trial_0/phase_0/lib_ab4a70858e/lib_ab4a70858e__delay_0.09__dur_0.2.h5
90,0.09,0.0,ab4a70858e,0.09397625923156738,-47.46268656716418,13.443396226415096,90.0,28.65,7,19,4,1.2566370614359172,5,8.0,2,0.03,/user/raabe14/u19361/workspace-allen/results/VISl_4/trial_0/phase_0/lib_ab4a70858e/lib_ab4a70858e__delay_0.09__dur_0.0.h5
91,0.09,0.0,ab4a70858e,0.1430738866329193,-27.761194029850742,9.858490566037737,22.515923572829163,14.32,18,21,9,2.827433388230814,2,4.0,2,0.03,/user/raabe14/u19361/workspace-allen/results/VISl_4/trial_0/phase_1/lib_ab4a70858e/lib_ab4a70858e__delay_0.09__dur_0.0.h5
92,0.06,0.2,ab4a70858e,0.10212767124176025,2.6865671641791096,-11.650943396226417,22.515923572829195,7.16,35,33,1,0.3141592653589793,0,2.0,10,1.1,/user/raabe14/u19361/workspace-allen/results/VISl_4/trial_0/phase_1/lib_ab4a70858e/lib_ab4a70858e__delay_0.06__dur_0.2.h5
93,0.03,0.2,ab4a70858e,0.09463183581829071,4.477611940298516,17.02830188679245,0.0,7.16,36,17,0,0.0,0,2.0,11,1.2,/user/raabe14/u19361/workspace-allen/results/VISl_4/trial_0/phase_1/lib_ab4a70858e/lib_ab4a70858e__delay_0.03__dur_0.2.h5
94,0.12,0.2,ab4a70858e,0.09802591800689697,-27.761194029850742,-29.57547169811321,22.515923572829163,21.49,18,43,9,2.827433388230814,4,6.0,1,0.02,/user/raabe14/u19361/workspace-allen/results/VISl_4/trial_0/phase_1/lib_ab4a70858e/lib_ab4a70858e__delay_0.12__dur_0.2.h5
95,0.0,0.2,ab4a70858e,0.11660576611757278,-33.134328358208954,-25.99056603773585,112.48408527317332,14.32,15,41,5,1.5707963267948966,2,4.0,11,1.2,/user/raabe14/u19361/workspace-allen/results/VISl_4/trial_0/phase_1/lib_ab4a70858e/lib_ab4a70858e__delay_0.0__dur_0.2.h5
96,0.12,0.0,ab4a70858e,0.12341593205928802,-4.477611940298509,6.273584905660378,90.0,28.65,31,23,4,1.2566370614359172,5,8.0,3,0.04,/user/raabe14/u19361/workspace-allen/results/VISl_4/trial_0/phase_1/lib_ab4a70858e/lib_ab4a70858e__delay_0.12__dur_0.0.h5
97,0.12,0.0,ab4a70858e,0.11334233731031418,-22.388059701492537,-0.8962264150943398,90.0,21.49,21,27,4,1.2566370614359172,4,6.0,9,0.1,/user/raabe14/u19361/workspace-allen/results/VISl_4/trial_0/phase_0/lib_ab4a70858e/lib_ab4a70858e__delay_0.12__dur_0.0.h5
98,0.03,0.2,ab4a70858e,0.0957697257399559,-6.268656716417908,42.12264150943396,157.4840764271708,7.16,30,3,7,2.199114857512855,0,2.0,11,1.2,/user/raabe14/u19361/workspace-allen/results/VISl_4/trial_0/phase_1/lib_ab4a70858e/lib_ab4a70858e__delay_0.03__dur_0.2.h5
99,0.09,0.0,ab4a70858e,0.11961134523153305,-45.67164179104478,-15.235849056603776,134.9774869247291,28.65,8,35,6,1.8849555921538759,5,8.0,3,0.04,/user/raabe14/u19361/workspace-allen/results/VISl_4/trial_0/phase_0/lib_ab4a70858e/lib_ab4a70858e__delay_0.09__dur_0.0.h5
