unit_id,delay,duration,abs_max_value
0005b3b1-89c7-4f8c-9097-575c4062c0d2,0.0,0.03,0.06775365024805069
0005b3b1-89c7-4f8c-9097-575c4062c0d2,0.0,0.08,0.0785781517624855
0005b3b1-89c7-4f8c-9097-575c4062c0d2,0.0,0.13,0.05935046821832657
0005b3b1-89c7-4f8c-9097-575c4062c0d2,0.0,0.18000000000000002,0.06568322330713272
0005b3b1-89c7-4f8c-9097-575c4062c0d2,0.0,0.23,0.06693267822265625
0005b3b1-89c7-4f8c-9097-575c4062c0d2,0.01,0.03,0.0702778622508049
0005b3b1-89c7-4f8c-9097-575c4062c0d2,0.01,0.08,0.07416664808988571
0005b3b1-89c7-4f8c-9097-575c4062c0d2,0.01,0.13,0.06259613484144211
0005b3b1-89c7-4f8c-9097-575c4062c0d2,0.01,0.18000000000000002,0.06751435250043869
0005b3b1-89c7-4f8c-9097-575c4062c0d2,0.01,0.23,0.06589832156896591
0005b3b1-89c7-4f8c-9097-575c4062c0d2,0.02,0.03,0.06602901220321655
0005b3b1-89c7-4f8c-9097-575c4062c0d2,0.02,0.08,0.05785713344812393
0005b3b1-89c7-4f8c-9097-575c4062c0d2,0.02,0.13,0.06435151398181915
0005b3b1-89c7-4f8c-9097-575c4062c0d2,0.02,0.18000000000000002,0.07117729634046555
0005b3b1-89c7-4f8c-9097-575c4062c0d2,0.02,0.23,0.06685900688171387
0005b3b1-89c7-4f8c-9097-575c4062c0d2,0.03,0.03,0.05958721041679382
0005b3b1-89c7-4f8c-9097-575c4062c0d2,0.03,0.08,0.056454867124557495
0005b3b1-89c7-4f8c-9097-575c4062c0d2,0.03,0.13,0.06732313334941864
0005b3b1-89c7-4f8c-9097-575c4062c0d2,0.03,0.18000000000000002,0.07072274386882782
0005b3b1-89c7-4f8c-9097-575c4062c0d2,0.03,0.23,0.06474227458238602
0005b3b1-89c7-4f8c-9097-575c4062c0d2,0.04,0.03,0.04480273276567459
0005b3b1-89c7-4f8c-9097-575c4062c0d2,0.04,0.08,0.06183692440390587
0005b3b1-89c7-4f8c-9097-575c4062c0d2,0.05,0.03,0.04628247395157814
0005b3b1-89c7-4f8c-9097-575c4062c0d2,0.05,0.08,0.06421072036027908
0005b3b1-89c7-4f8c-9097-575c4062c0d2,0.05,0.13,0.0725254938006401
0005b3b1-89c7-4f8c-9097-575c4062c0d2,0.05,0.18000000000000002,0.07311730831861496
0005b3b1-89c7-4f8c-9097-575c4062c0d2,0.05,0.23,0.06563395261764526
0005b3b1-89c7-4f8c-9097-575c4062c0d2,0.1,0.03,0.04920434206724167
0005b3b1-89c7-4f8c-9097-575c4062c0d2,0.1,0.08,0.07055467367172241
0005b3b1-89c7-4f8c-9097-575c4062c0d2,0.1,0.13,0.07564704865217209
0005b3b1-89c7-4f8c-9097-575c4062c0d2,0.1,0.18000000000000002,0.07697920501232147
0005b3b1-89c7-4f8c-9097-575c4062c0d2,0.1,0.23,0.073628269135952
0005b3b1-89c7-4f8c-9097-575c4062c0d2,0.15000000000000002,0.03,0.04966451972723007
0005b3b1-89c7-4f8c-9097-575c4062c0d2,0.15000000000000002,0.08,0.06593078374862671
0005b3b1-89c7-4f8c-9097-575c4062c0d2,0.15000000000000002,0.13,0.06710798293352127
0005b3b1-89c7-4f8c-9097-575c4062c0d2,0.15000000000000002,0.18000000000000002,0.0624774694442749
0005b3b1-89c7-4f8c-9097-575c4062c0d2,0.15000000000000002,0.23,0.05865326151251793
0005b3b1-89c7-4f8c-9097-575c4062c0d2,0.2,0.03,0.04730210453271866
0005b3b1-89c7-4f8c-9097-575c4062c0d2,0.2,0.08,0.05398555472493172
0005b3b1-89c7-4f8c-9097-575c4062c0d2,0.2,0.13,0.05976790562272072
0005b3b1-89c7-4f8c-9097-575c4062c0d2,0.2,0.18000000000000002,0.06005534529685974
0005b3b1-89c7-4f8c-9097-575c4062c0d2,0.2,0.23,0.0624372735619545
0005b3b1-89c7-4f8c-9097-575c4062c0d2,0.25,0.03,0.04790467396378517
0005b3b1-89c7-4f8c-9097-575c4062c0d2,0.25,0.08,0.058471277356147766
0005b3b1-89c7-4f8c-9097-575c4062c0d2,0.25,0.13,0.06483456492424011
0005b3b1-89c7-4f8c-9097-575c4062c0d2,0.25,0.18000000000000002,0.06053965166211128
0005b3b1-89c7-4f8c-9097-575c4062c0d2,0.25,0.23,0.06544991582632065
0005b3b1-89c7-4f8c-9097-575c4062c0d2,0.30000000000000004,0.03,0.046813562512397766
0005b3b1-89c7-4f8c-9097-575c4062c0d2,0.30000000000000004,0.08,0.05856135115027428
0005b3b1-89c7-4f8c-9097-575c4062c0d2,0.30000000000000004,0.13,0.062248654663562775
0005b3b1-89c7-4f8c-9097-575c4062c0d2,0.30000000000000004,0.18000000000000002,0.06442670524120331
0005b3b1-89c7-4f8c-9097-575c4062c0d2,0.30000000000000004,0.23,0.06469079107046127
003c6f43-b9a8-4811-b7bd-96051e461705,0.0,0.03,0.10971277207136154
003c6f43-b9a8-4811-b7bd-96051e461705,0.0,0.08,0.16951397061347961
003c6f43-b9a8-4811-b7bd-96051e461705,0.0,0.13,0.1688081920146942
003c6f43-b9a8-4811-b7bd-96051e461705,0.0,0.18000000000000002,0.1427752524614334
003c6f43-b9a8-4811-b7bd-96051e461705,0.0,0.23,0.12418334931135178
003c6f43-b9a8-4811-b7bd-96051e461705,0.01,0.03,0.11796282231807709
003c6f43-b9a8-4811-b7bd-96051e461705,0.01,0.08,0.16477495431900024
003c6f43-b9a8-4811-b7bd-96051e461705,0.01,0.13,0.15734581649303436
003c6f43-b9a8-4811-b7bd-96051e461705,0.01,0.18000000000000002,0.13929620385169983
003c6f43-b9a8-4811-b7bd-96051e461705,0.01,0.23,0.1167444959282875
003c6f43-b9a8-4811-b7bd-96051e461705,0.02,0.03,0.12572430074214935
003c6f43-b9a8-4811-b7bd-96051e461705,0.02,0.08,0.16276173293590546
003c6f43-b9a8-4811-b7bd-96051e461705,0.02,0.13,0.14655645191669464
003c6f43-b9a8-4811-b7bd-96051e461705,0.02,0.18000000000000002,0.13314127922058105
003c6f43-b9a8-4811-b7bd-96051e461705,0.02,0.23,0.10841932147741318
003c6f43-b9a8-4811-b7bd-96051e461705,0.03,0.03,0.1295316368341446
003c6f43-b9a8-4811-b7bd-96051e461705,0.03,0.08,0.15480756759643555
003c6f43-b9a8-4811-b7bd-96051e461705,0.03,0.13,0.14311683177947998
003c6f43-b9a8-4811-b7bd-96051e461705,0.03,0.18000000000000002,0.11993589252233505
003c6f43-b9a8-4811-b7bd-96051e461705,0.03,0.23,0.10380702465772629
003c6f43-b9a8-4811-b7bd-96051e461705,0.04,0.03,0.13265345990657806
003c6f43-b9a8-4811-b7bd-96051e461705,0.04,0.08,0.14736832678318024
003c6f43-b9a8-4811-b7bd-96051e461705,0.05,0.03,0.12856152653694153
003c6f43-b9a8-4811-b7bd-96051e461705,0.05,0.08,0.13962528109550476
003c6f43-b9a8-4811-b7bd-96051e461705,0.05,0.13,0.11255991458892822
003c6f43-b9a8-4811-b7bd-96051e461705,0.05,0.18000000000000002,0.09541501104831696
003c6f43-b9a8-4811-b7bd-96051e461705,0.05,0.23,0.07584183663129807
003c6f43-b9a8-4811-b7bd-96051e461705,0.1,0.03,0.08028624206781387
003c6f43-b9a8-4811-b7bd-96051e461705,0.1,0.08,0.06892278790473938
003c6f43-b9a8-4811-b7bd-96051e461705,0.1,0.13,0.060721930116415024
003c6f43-b9a8-4811-b7bd-96051e461705,0.1,0.18000000000000002,0.06042895466089249
003c6f43-b9a8-4811-b7bd-96051e461705,0.1,0.23,0.06271296739578247
003c6f43-b9a8-4811-b7bd-96051e461705,0.15000000000000002,0.03,0.04893968254327774
003c6f43-b9a8-4811-b7bd-96051e461705,0.15000000000000002,0.08,0.05521653592586517
003c6f43-b9a8-4811-b7bd-96051e461705,0.15000000000000002,0.13,0.057482145726680756
003c6f43-b9a8-4811-b7bd-96051e461705,0.15000000000000002,0.18000000000000002,0.05863311514258385
003c6f43-b9a8-4811-b7bd-96051e461705,0.15000000000000002,0.23,0.05830039456486702
003c6f43-b9a8-4811-b7bd-96051e461705,0.2,0.03,0.05284982919692993
003c6f43-b9a8-4811-b7bd-96051e461705,0.2,0.08,0.0578683502972126
003c6f43-b9a8-4811-b7bd-96051e461705,0.2,0.13,0.05961377173662186
003c6f43-b9a8-4811-b7bd-96051e461705,0.2,0.18000000000000002,0.05958329141139984
003c6f43-b9a8-4811-b7bd-96051e461705,0.2,0.23,0.06169641390442848
003c6f43-b9a8-4811-b7bd-96051e461705,0.25,0.03,0.046001676470041275
003c6f43-b9a8-4811-b7bd-96051e461705,0.25,0.08,0.05630582198500633
003c6f43-b9a8-4811-b7bd-96051e461705,0.25,0.13,0.05628294497728348
003c6f43-b9a8-4811-b7bd-96051e461705,0.25,0.18000000000000002,0.0660540983080864
003c6f43-b9a8-4811-b7bd-96051e461705,0.25,0.23,0.06767378002405167
003c6f43-b9a8-4811-b7bd-96051e461705,0.30000000000000004,0.03,0.05586816370487213
003c6f43-b9a8-4811-b7bd-96051e461705,0.30000000000000004,0.08,0.05790308490395546
003c6f43-b9a8-4811-b7bd-96051e461705,0.30000000000000004,0.13,0.06915389001369476
003c6f43-b9a8-4811-b7bd-96051e461705,0.30000000000000004,0.18000000000000002,0.06944523006677628
003c6f43-b9a8-4811-b7bd-96051e461705,0.30000000000000004,0.23,0.06788936257362366
00cf4b45-296e-4989-b988-15ac16424756,0.0,0.03,0.0
00cf4b45-296e-4989-b988-15ac16424756,0.0,0.08,0.0
00cf4b45-296e-4989-b988-15ac16424756,0.0,0.13,0.0
00cf4b45-296e-4989-b988-15ac16424756,0.0,0.18000000000000002,0.0
00cf4b45-296e-4989-b988-15ac16424756,0.0,0.23,0.0
00cf4b45-296e-4989-b988-15ac16424756,0.01,0.03,0.0
00cf4b45-296e-4989-b988-15ac16424756,0.01,0.08,0.0
00cf4b45-296e-4989-b988-15ac16424756,0.01,0.13,0.0
00cf4b45-296e-4989-b988-15ac16424756,0.01,0.18000000000000002,0.0
00cf4b45-296e-4989-b988-15ac16424756,0.01,0.23,0.0
00cf4b45-296e-4989-b988-15ac16424756,0.02,0.03,0.0
00cf4b45-296e-4989-b988-15ac16424756,0.02,0.08,0.0
00cf4b45-296e-4989-b988-15ac16424756,0.02,0.13,0.0
00cf4b45-296e-4989-b988-15ac16424756,0.02,0.18000000000000002,0.0
00cf4b45-296e-4989-b988-15ac16424756,0.02,0.23,0.0
00cf4b45-296e-4989-b988-15ac16424756,0.03,0.03,0.0
00cf4b45-296e-4989-b988-15ac16424756,0.03,0.08,0.0
00cf4b45-296e-4989-b988-15ac16424756,0.03,0.13,0.0
00cf4b45-296e-4989-b988-15ac16424756,0.03,0.18000000000000002,0.0
00cf4b45-296e-4989-b988-15ac16424756,0.03,0.23,0.0
00cf4b45-296e-4989-b988-15ac16424756,0.04,0.03,0.0
00cf4b45-296e-4989-b988-15ac16424756,0.04,0.08,0.0
00cf4b45-296e-4989-b988-15ac16424756,0.05,0.03,0.0
00cf4b45-296e-4989-b988-15ac16424756,0.05,0.08,0.0
00cf4b45-296e-4989-b988-15ac16424756,0.05,0.13,0.0
00cf4b45-296e-4989-b988-15ac16424756,0.05,0.18000000000000002,0.0
00cf4b45-296e-4989-b988-15ac16424756,0.05,0.23,0.0
00cf4b45-296e-4989-b988-15ac16424756,0.1,0.03,0.0
00cf4b45-296e-4989-b988-15ac16424756,0.1,0.08,0.0
00cf4b45-296e-4989-b988-15ac16424756,0.1,0.13,0.0
00cf4b45-296e-4989-b988-15ac16424756,0.1,0.18000000000000002,0.0
00cf4b45-296e-4989-b988-15ac16424756,0.1,0.23,0.0
00cf4b45-296e-4989-b988-15ac16424756,0.15000000000000002,0.03,0.0
00cf4b45-296e-4989-b988-15ac16424756,0.15000000000000002,0.08,0.0
00cf4b45-296e-4989-b988-15ac16424756,0.15000000000000002,0.13,0.0
00cf4b45-296e-4989-b988-15ac16424756,0.15000000000000002,0.18000000000000002,0.0
00cf4b45-296e-4989-b988-15ac16424756,0.15000000000000002,0.23,0.0
00cf4b45-296e-4989-b988-15ac16424756,0.2,0.03,0.0
00cf4b45-296e-4989-b988-15ac16424756,0.2,0.08,0.0
00cf4b45-296e-4989-b988-15ac16424756,0.2,0.13,0.0
00cf4b45-296e-4989-b988-15ac16424756,0.2,0.18000000000000002,0.0
00cf4b45-296e-4989-b988-15ac16424756,0.2,0.23,0.0
00cf4b45-296e-4989-b988-15ac16424756,0.25,0.03,0.0
00cf4b45-296e-4989-b988-15ac16424756,0.25,0.08,0.0
00cf4b45-296e-4989-b988-15ac16424756,0.25,0.13,0.0
00cf4b45-296e-4989-b988-15ac16424756,0.25,0.18000000000000002,0.0
00cf4b45-296e-4989-b988-15ac16424756,0.25,0.23,0.0
00cf4b45-296e-4989-b988-15ac16424756,0.30000000000000004,0.03,0.0
00cf4b45-296e-4989-b988-15ac16424756,0.30000000000000004,0.08,0.0
00cf4b45-296e-4989-b988-15ac16424756,0.30000000000000004,0.13,0.0
00cf4b45-296e-4989-b988-15ac16424756,0.30000000000000004,0.18000000000000002,0.0
00cf4b45-296e-4989-b988-15ac16424756,0.30000000000000004,0.23,0.0
0135de9d-03db-4316-9d64-e5f3b5b10e7f,0.0,0.03,0.048620402812957764
0135de9d-03db-4316-9d64-e5f3b5b10e7f,0.0,0.08,0.06300827860832214
0135de9d-03db-4316-9d64-e5f3b5b10e7f,0.0,0.13,0.062052495777606964
0135de9d-03db-4316-9d64-e5f3b5b10e7f,0.0,0.18000000000000002,0.05660947412252426
0135de9d-03db-4316-9d64-e5f3b5b10e7f,0.0,0.23,0.05748487263917923
0135de9d-03db-4316-9d64-e5f3b5b10e7f,0.01,0.03,0.05279914662241936
0135de9d-03db-4316-9d64-e5f3b5b10e7f,0.01,0.08,0.062248021364212036
0135de9d-03db-4316-9d64-e5f3b5b10e7f,0.01,0.13,0.06074272096157074
0135de9d-03db-4316-9d64-e5f3b5b10e7f,0.01,0.18000000000000002,0.05552386865019798
0135de9d-03db-4316-9d64-e5f3b5b10e7f,0.01,0.23,0.058499809354543686
0135de9d-03db-4316-9d64-e5f3b5b10e7f,0.02,0.03,0.04817492142319679
0135de9d-03db-4316-9d64-e5f3b5b10e7f,0.02,0.08,0.06091448664665222
0135de9d-03db-4316-9d64-e5f3b5b10e7f,0.02,0.13,0.061187345534563065
0135de9d-03db-4316-9d64-e5f3b5b10e7f,0.02,0.18000000000000002,0.05571954324841499
0135de9d-03db-4316-9d64-e5f3b5b10e7f,0.02,0.23,0.06282658129930496
0135de9d-03db-4316-9d64-e5f3b5b10e7f,0.03,0.03,0.0488327294588089
0135de9d-03db-4316-9d64-e5f3b5b10e7f,0.03,0.08,0.05651312693953514
0135de9d-03db-4316-9d64-e5f3b5b10e7f,0.03,0.13,0.06107189878821373
0135de9d-03db-4316-9d64-e5f3b5b10e7f,0.03,0.18000000000000002,0.055423639714717865
0135de9d-03db-4316-9d64-e5f3b5b10e7f,0.03,0.23,0.06355331838130951
0135de9d-03db-4316-9d64-e5f3b5b10e7f,0.04,0.03,0.060630615800619125
0135de9d-03db-4316-9d64-e5f3b5b10e7f,0.04,0.08,0.05911250784993172
0135de9d-03db-4316-9d64-e5f3b5b10e7f,0.05,0.03,0.07194239646196365
0135de9d-03db-4316-9d64-e5f3b5b10e7f,0.05,0.08,0.07520744204521179
0135de9d-03db-4316-9d64-e5f3b5b10e7f,0.05,0.13,0.0553487092256546
0135de9d-03db-4316-9d64-e5f3b5b10e7f,0.05,0.18000000000000002,0.057787492871284485
0135de9d-03db-4316-9d64-e5f3b5b10e7f,0.05,0.23,0.06734490394592285
0135de9d-03db-4316-9d64-e5f3b5b10e7f,0.1,0.03,0.04995962232351303
0135de9d-03db-4316-9d64-e5f3b5b10e7f,0.1,0.08,0.06036502867937088
0135de9d-03db-4316-9d64-e5f3b5b10e7f,0.1,0.13,0.07317079603672028
0135de9d-03db-4316-9d64-e5f3b5b10e7f,0.1,0.18000000000000002,0.072629913687706
0135de9d-03db-4316-9d64-e5f3b5b10e7f,0.1,0.23,0.07425873726606369
0135de9d-03db-4316-9d64-e5f3b5b10e7f,0.15000000000000002,0.03,0.05225590988993645
0135de9d-03db-4316-9d64-e5f3b5b10e7f,0.15000000000000002,0.08,0.06894290447235107
0135de9d-03db-4316-9d64-e5f3b5b10e7f,0.15000000000000002,0.13,0.07234888523817062
0135de9d-03db-4316-9d64-e5f3b5b10e7f,0.15000000000000002,0.18000000000000002,0.07347535341978073
0135de9d-03db-4316-9d64-e5f3b5b10e7f,0.15000000000000002,0.23,0.0678696557879448
0135de9d-03db-4316-9d64-e5f3b5b10e7f,0.2,0.03,0.05503883212804794
0135de9d-03db-4316-9d64-e5f3b5b10e7f,0.2,0.08,0.06944788247346878
0135de9d-03db-4316-9d64-e5f3b5b10e7f,0.2,0.13,0.07033068686723709
0135de9d-03db-4316-9d64-e5f3b5b10e7f,0.2,0.18000000000000002,0.06701008230447769
0135de9d-03db-4316-9d64-e5f3b5b10e7f,0.2,0.23,0.06613268703222275
0135de9d-03db-4316-9d64-e5f3b5b10e7f,0.25,0.03,0.051366183906793594
0135de9d-03db-4316-9d64-e5f3b5b10e7f,0.25,0.08,0.06395161151885986
0135de9d-03db-4316-9d64-e5f3b5b10e7f,0.25,0.13,0.07072154432535172
0135de9d-03db-4316-9d64-e5f3b5b10e7f,0.25,0.18000000000000002,0.06818495690822601
0135de9d-03db-4316-9d64-e5f3b5b10e7f,0.25,0.23,0.06588917225599289
0135de9d-03db-4316-9d64-e5f3b5b10e7f,0.30000000000000004,0.03,0.05681789293885231
0135de9d-03db-4316-9d64-e5f3b5b10e7f,0.30000000000000004,0.08,0.06326529383659363
0135de9d-03db-4316-9d64-e5f3b5b10e7f,0.30000000000000004,0.13,0.06255078315734863
0135de9d-03db-4316-9d64-e5f3b5b10e7f,0.30000000000000004,0.18000000000000002,0.06315160542726517
0135de9d-03db-4316-9d64-e5f3b5b10e7f,0.30000000000000004,0.23,0.0668305978178978
01b81282-d3a8-4475-aee5-4edb6f4001d4,0.0,0.03,0.05761731043457985
01b81282-d3a8-4475-aee5-4edb6f4001d4,0.0,0.08,0.05834546685218811
01b81282-d3a8-4475-aee5-4edb6f4001d4,0.0,0.13,0.05707565322518349
01b81282-d3a8-4475-aee5-4edb6f4001d4,0.0,0.18000000000000002,0.05780840292572975
01b81282-d3a8-4475-aee5-4edb6f4001d4,0.0,0.23,0.05534350126981735
01b81282-d3a8-4475-aee5-4edb6f4001d4,0.01,0.03,0.051181450486183167
01b81282-d3a8-4475-aee5-4edb6f4001d4,0.01,0.08,0.06084393709897995
01b81282-d3a8-4475-aee5-4edb6f4001d4,0.01,0.13,0.0652080699801445
01b81282-d3a8-4475-aee5-4edb6f4001d4,0.01,0.18000000000000002,0.057819485664367676
01b81282-d3a8-4475-aee5-4edb6f4001d4,0.01,0.23,0.05425088480114937
01b81282-d3a8-4475-aee5-4edb6f4001d4,0.02,0.03,0.048079412430524826
01b81282-d3a8-4475-aee5-4edb6f4001d4,0.02,0.08,0.06163622438907623
01b81282-d3a8-4475-aee5-4edb6f4001d4,0.02,0.13,0.057581424713134766
01b81282-d3a8-4475-aee5-4edb6f4001d4,0.02,0.18000000000000002,0.05563347041606903
01b81282-d3a8-4475-aee5-4edb6f4001d4,0.02,0.23,0.052806705236434937
01b81282-d3a8-4475-aee5-4edb6f4001d4,0.03,0.03,0.04779374599456787
01b81282-d3a8-4475-aee5-4edb6f4001d4,0.03,0.08,0.06153254956007004
01b81282-d3a8-4475-aee5-4edb6f4001d4,0.03,0.13,0.05676906183362007
01b81282-d3a8-4475-aee5-4edb6f4001d4,0.03,0.18000000000000002,0.05732276663184166
01b81282-d3a8-4475-aee5-4edb6f4001d4,0.03,0.23,0.05430583655834198
01b81282-d3a8-4475-aee5-4edb6f4001d4,0.04,0.03,0.04613235592842102
01b81282-d3a8-4475-aee5-4edb6f4001d4,0.04,0.08,0.053407736122608185
01b81282-d3a8-4475-aee5-4edb6f4001d4,0.05,0.03,0.04496051371097565
01b81282-d3a8-4475-aee5-4edb6f4001d4,0.05,0.08,0.05361679941415787
01b81282-d3a8-4475-aee5-4edb6f4001d4,0.05,0.13,0.053421273827552795
01b81282-d3a8-4475-aee5-4edb6f4001d4,0.05,0.18000000000000002,0.05536218360066414
01b81282-d3a8-4475-aee5-4edb6f4001d4,0.05,0.23,0.056555502116680145
01b81282-d3a8-4475-aee5-4edb6f4001d4,0.1,0.03,0.049057431519031525
01b81282-d3a8-4475-aee5-4edb6f4001d4,0.1,0.08,0.05097711831331253
01b81282-d3a8-4475-aee5-4edb6f4001d4,0.1,0.13,0.052818167954683304
01b81282-d3a8-4475-aee5-4edb6f4001d4,0.1,0.18000000000000002,0.060671836137771606
01b81282-d3a8-4475-aee5-4edb6f4001d4,0.1,0.23,0.06632079184055328
01b81282-d3a8-4475-aee5-4edb6f4001d4,0.15000000000000002,0.03,0.049623042345047
01b81282-d3a8-4475-aee5-4edb6f4001d4,0.15000000000000002,0.08,0.05343322828412056
01b81282-d3a8-4475-aee5-4edb6f4001d4,0.15000000000000002,0.13,0.06771392375230789
01b81282-d3a8-4475-aee5-4edb6f4001d4,0.15000000000000002,0.18000000000000002,0.06929969042539597
01b81282-d3a8-4475-aee5-4edb6f4001d4,0.15000000000000002,0.23,0.0717528685927391
01b81282-d3a8-4475-aee5-4edb6f4001d4,0.2,0.03,0.048007022589445114
01b81282-d3a8-4475-aee5-4edb6f4001d4,0.2,0.08,0.06384187936782837
01b81282-d3a8-4475-aee5-4edb6f4001d4,0.2,0.13,0.06250470876693726
01b81282-d3a8-4475-aee5-4edb6f4001d4,0.2,0.18000000000000002,0.06397437304258347
01b81282-d3a8-4475-aee5-4edb6f4001d4,0.2,0.23,0.06769204139709473
01b81282-d3a8-4475-aee5-4edb6f4001d4,0.25,0.03,0.04659407213330269
01b81282-d3a8-4475-aee5-4edb6f4001d4,0.25,0.08,0.05948251113295555
01b81282-d3a8-4475-aee5-4edb6f4001d4,0.25,0.13,0.05788324028253555
01b81282-d3a8-4475-aee5-4edb6f4001d4,0.25,0.18000000000000002,0.06747404485940933
01b81282-d3a8-4475-aee5-4edb6f4001d4,0.25,0.23,0.06526056677103043
01b81282-d3a8-4475-aee5-4edb6f4001d4,0.30000000000000004,0.03,0.04676787555217743
01b81282-d3a8-4475-aee5-4edb6f4001d4,0.30000000000000004,0.08,0.05736321210861206
01b81282-d3a8-4475-aee5-4edb6f4001d4,0.30000000000000004,0.13,0.0675351470708847
01b81282-d3a8-4475-aee5-4edb6f4001d4,0.30000000000000004,0.18000000000000002,0.0668235570192337
01b81282-d3a8-4475-aee5-4edb6f4001d4,0.30000000000000004,0.23,0.06339826434850693
01c0ee58-68a5-4a7c-8bb4-3fdb37fc84f6,0.0,0.03,0.047471120953559875
01c0ee58-68a5-4a7c-8bb4-3fdb37fc84f6,0.0,0.08,0.0633791834115982
01c0ee58-68a5-4a7c-8bb4-3fdb37fc84f6,0.0,0.13,0.06939961016178131
01c0ee58-68a5-4a7c-8bb4-3fdb37fc84f6,0.0,0.18000000000000002,0.07085677236318588
01c0ee58-68a5-4a7c-8bb4-3fdb37fc84f6,0.0,0.23,0.07583774626255035
01c0ee58-68a5-4a7c-8bb4-3fdb37fc84f6,0.01,0.03,0.052422896027565
01c0ee58-68a5-4a7c-8bb4-3fdb37fc84f6,0.01,0.08,0.062163110822439194
01c0ee58-68a5-4a7c-8bb4-3fdb37fc84f6,0.01,0.13,0.06800268590450287
01c0ee58-68a5-4a7c-8bb4-3fdb37fc84f6,0.01,0.18000000000000002,0.07249517738819122
01c0ee58-68a5-4a7c-8bb4-3fdb37fc84f6,0.01,0.23,0.07851592451334
01c0ee58-68a5-4a7c-8bb4-3fdb37fc84f6,0.02,0.03,0.049802567809820175
01c0ee58-68a5-4a7c-8bb4-3fdb37fc84f6,0.02,0.08,0.06739231199026108
01c0ee58-68a5-4a7c-8bb4-3fdb37fc84f6,0.02,0.13,0.0735679492354393
01c0ee58-68a5-4a7c-8bb4-3fdb37fc84f6,0.02,0.18000000000000002,0.07652626931667328
01c0ee58-68a5-4a7c-8bb4-3fdb37fc84f6,0.02,0.23,0.07814154028892517
01c0ee58-68a5-4a7c-8bb4-3fdb37fc84f6,0.03,0.03,0.04771890491247177
01c0ee58-68a5-4a7c-8bb4-3fdb37fc84f6,0.03,0.08,0.06506454944610596
01c0ee58-68a5-4a7c-8bb4-3fdb37fc84f6,0.03,0.13,0.06487653404474258
01c0ee58-68a5-4a7c-8bb4-3fdb37fc84f6,0.03,0.18000000000000002,0.07290127128362656
01c0ee58-68a5-4a7c-8bb4-3fdb37fc84f6,0.03,0.23,0.07322750985622406
01c0ee58-68a5-4a7c-8bb4-3fdb37fc84f6,0.04,0.03,0.046211324632167816
01c0ee58-68a5-4a7c-8bb4-3fdb37fc84f6,0.04,0.08,0.0665663629770279
01c0ee58-68a5-4a7c-8bb4-3fdb37fc84f6,0.05,0.03,0.04668359085917473
01c0ee58-68a5-4a7c-8bb4-3fdb37fc84f6,0.05,0.08,0.05795329436659813
01c0ee58-68a5-4a7c-8bb4-3fdb37fc84f6,0.05,0.13,0.06232961267232895
01c0ee58-68a5-4a7c-8bb4-3fdb37fc84f6,0.05,0.18000000000000002,0.07023759186267853
01c0ee58-68a5-4a7c-8bb4-3fdb37fc84f6,0.05,0.23,0.07915855944156647
01c0ee58-68a5-4a7c-8bb4-3fdb37fc84f6,0.1,0.03,0.04484458267688751
01c0ee58-68a5-4a7c-8bb4-3fdb37fc84f6,0.1,0.08,0.0509510412812233
01c0ee58-68a5-4a7c-8bb4-3fdb37fc84f6,0.1,0.13,0.07227566093206406
01c0ee58-68a5-4a7c-8bb4-3fdb37fc84f6,0.1,0.18000000000000002,0.08330173790454865
01c0ee58-68a5-4a7c-8bb4-3fdb37fc84f6,0.1,0.23,0.09117472916841507
01c0ee58-68a5-4a7c-8bb4-3fdb37fc84f6,0.15000000000000002,0.03,0.04427934065461159
01c0ee58-68a5-4a7c-8bb4-3fdb37fc84f6,0.15000000000000002,0.08,0.06547663360834122
01c0ee58-68a5-4a7c-8bb4-3fdb37fc84f6,0.15000000000000002,0.13,0.07437582314014435
01c0ee58-68a5-4a7c-8bb4-3fdb37fc84f6,0.15000000000000002,0.18000000000000002,0.08465296775102615
01c0ee58-68a5-4a7c-8bb4-3fdb37fc84f6,0.15000000000000002,0.23,0.08267144858837128
01c0ee58-68a5-4a7c-8bb4-3fdb37fc84f6,0.2,0.03,0.047617219388484955
01c0ee58-68a5-4a7c-8bb4-3fdb37fc84f6,0.2,0.08,0.06281968951225281
01c0ee58-68a5-4a7c-8bb4-3fdb37fc84f6,0.2,0.13,0.07610919326543808
01c0ee58-68a5-4a7c-8bb4-3fdb37fc84f6,0.2,0.18000000000000002,0.07367424666881561
01c0ee58-68a5-4a7c-8bb4-3fdb37fc84f6,0.2,0.23,0.08068440854549408
01c0ee58-68a5-4a7c-8bb4-3fdb37fc84f6,0.25,0.03,0.04365341365337372
01c0ee58-68a5-4a7c-8bb4-3fdb37fc84f6,0.25,0.08,0.056519702076911926
01c0ee58-68a5-4a7c-8bb4-3fdb37fc84f6,0.25,0.13,0.061806418001651764
01c0ee58-68a5-4a7c-8bb4-3fdb37fc84f6,0.25,0.18000000000000002,0.08045542985200882
01c0ee58-68a5-4a7c-8bb4-3fdb37fc84f6,0.25,0.23,0.08554761856794357
01c0ee58-68a5-4a7c-8bb4-3fdb37fc84f6,0.30000000000000004,0.03,0.053983643651008606
01c0ee58-68a5-4a7c-8bb4-3fdb37fc84f6,0.30000000000000004,0.08,0.06065741181373596
01c0ee58-68a5-4a7c-8bb4-3fdb37fc84f6,0.30000000000000004,0.13,0.0815884992480278
01c0ee58-68a5-4a7c-8bb4-3fdb37fc84f6,0.30000000000000004,0.18000000000000002,0.08249805867671967
01c0ee58-68a5-4a7c-8bb4-3fdb37fc84f6,0.30000000000000004,0.23,0.08369942009449005
02da9f70-fec3-47ab-beb7-3c19ce6957ba,0.0,0.03,0.050657063722610474
02da9f70-fec3-47ab-beb7-3c19ce6957ba,0.0,0.08,0.09343542903661728
02da9f70-fec3-47ab-beb7-3c19ce6957ba,0.0,0.13,0.0859084203839302
02da9f70-fec3-47ab-beb7-3c19ce6957ba,0.0,0.18000000000000002,0.08901030570268631
02da9f70-fec3-47ab-beb7-3c19ce6957ba,0.0,0.23,0.09724006801843643
02da9f70-fec3-47ab-beb7-3c19ce6957ba,0.01,0.03,0.05631972849369049
02da9f70-fec3-47ab-beb7-3c19ce6957ba,0.01,0.08,0.08627461642026901
02da9f70-fec3-47ab-beb7-3c19ce6957ba,0.01,0.13,0.08461373299360275
02da9f70-fec3-47ab-beb7-3c19ce6957ba,0.01,0.18000000000000002,0.08784045279026031
02da9f70-fec3-47ab-beb7-3c19ce6957ba,0.01,0.23,0.09416144341230392
02da9f70-fec3-47ab-beb7-3c19ce6957ba,0.02,0.03,0.05978965014219284
02da9f70-fec3-47ab-beb7-3c19ce6957ba,0.02,0.08,0.08178550750017166
02da9f70-fec3-47ab-beb7-3c19ce6957ba,0.02,0.13,0.08844701945781708
02da9f70-fec3-47ab-beb7-3c19ce6957ba,0.02,0.18000000000000002,0.0858006402850151
02da9f70-fec3-47ab-beb7-3c19ce6957ba,0.02,0.23,0.09322769194841385
02da9f70-fec3-47ab-beb7-3c19ce6957ba,0.03,0.03,0.06951405107975006
02da9f70-fec3-47ab-beb7-3c19ce6957ba,0.03,0.08,0.08741582185029984
02da9f70-fec3-47ab-beb7-3c19ce6957ba,0.03,0.13,0.08659655600786209
02da9f70-fec3-47ab-beb7-3c19ce6957ba,0.03,0.18000000000000002,0.08918782323598862
02da9f70-fec3-47ab-beb7-3c19ce6957ba,0.03,0.23,0.09432049095630646
02da9f70-fec3-47ab-beb7-3c19ce6957ba,0.04,0.03,0.058131713420152664
02da9f70-fec3-47ab-beb7-3c19ce6957ba,0.04,0.08,0.08430854231119156
02da9f70-fec3-47ab-beb7-3c19ce6957ba,0.05,0.03,0.06695423275232315
02da9f70-fec3-47ab-beb7-3c19ce6957ba,0.05,0.08,0.06976073235273361
02da9f70-fec3-47ab-beb7-3c19ce6957ba,0.05,0.13,0.07703063637018204
02da9f70-fec3-47ab-beb7-3c19ce6957ba,0.05,0.18000000000000002,0.08906051516532898
02da9f70-fec3-47ab-beb7-3c19ce6957ba,0.05,0.23,0.08803140372037888
02da9f70-fec3-47ab-beb7-3c19ce6957ba,0.1,0.03,0.05358138680458069
02da9f70-fec3-47ab-beb7-3c19ce6957ba,0.1,0.08,0.06831829994916916
02da9f70-fec3-47ab-beb7-3c19ce6957ba,0.1,0.13,0.07903450727462769
02da9f70-fec3-47ab-beb7-3c19ce6957ba,0.1,0.18000000000000002,0.07894570380449295
02da9f70-fec3-47ab-beb7-3c19ce6957ba,0.1,0.23,0.08536672592163086
02da9f70-fec3-47ab-beb7-3c19ce6957ba,0.15000000000000002,0.03,0.05488237366080284
02da9f70-fec3-47ab-beb7-3c19ce6957ba,0.15000000000000002,0.08,0.0689975917339325
02da9f70-fec3-47ab-beb7-3c19ce6957ba,0.15000000000000002,0.13,0.07475550472736359
02da9f70-fec3-47ab-beb7-3c19ce6957ba,0.15000000000000002,0.18000000000000002,0.08479829877614975
02da9f70-fec3-47ab-beb7-3c19ce6957ba,0.15000000000000002,0.23,0.08357927203178406
02da9f70-fec3-47ab-beb7-3c19ce6957ba,0.2,0.03,0.056791581213474274
02da9f70-fec3-47ab-beb7-3c19ce6957ba,0.2,0.08,0.06364627927541733
02da9f70-fec3-47ab-beb7-3c19ce6957ba,0.2,0.13,0.07396375387907028
02da9f70-fec3-47ab-beb7-3c19ce6957ba,0.2,0.18000000000000002,0.07371504604816437
02da9f70-fec3-47ab-beb7-3c19ce6957ba,0.2,0.23,0.07792048901319504
02da9f70-fec3-47ab-beb7-3c19ce6957ba,0.25,0.03,0.05096716806292534
02da9f70-fec3-47ab-beb7-3c19ce6957ba,0.25,0.08,0.06663432717323303
02da9f70-fec3-47ab-beb7-3c19ce6957ba,0.25,0.13,0.06797132641077042
02da9f70-fec3-47ab-beb7-3c19ce6957ba,0.25,0.18000000000000002,0.07531765848398209
02da9f70-fec3-47ab-beb7-3c19ce6957ba,0.25,0.23,0.07567232847213745
02da9f70-fec3-47ab-beb7-3c19ce6957ba,0.30000000000000004,0.03,0.04912852868437767
02da9f70-fec3-47ab-beb7-3c19ce6957ba,0.30000000000000004,0.08,0.06374132633209229
02da9f70-fec3-47ab-beb7-3c19ce6957ba,0.30000000000000004,0.13,0.07565998286008835
02da9f70-fec3-47ab-beb7-3c19ce6957ba,0.30000000000000004,0.18000000000000002,0.07173413038253784
02da9f70-fec3-47ab-beb7-3c19ce6957ba,0.30000000000000004,0.23,0.07386118918657303
02e363c9-dea0-4ee8-8fb2-4d617c1e7060,0.0,0.03,0.0541439950466156
02e363c9-dea0-4ee8-8fb2-4d617c1e7060,0.0,0.08,0.061883386224508286
02e363c9-dea0-4ee8-8fb2-4d617c1e7060,0.0,0.13,0.06626539677381516
02e363c9-dea0-4ee8-8fb2-4d617c1e7060,0.0,0.18000000000000002,0.0705854520201683
02e363c9-dea0-4ee8-8fb2-4d617c1e7060,0.0,0.23,0.06841304898262024
02e363c9-dea0-4ee8-8fb2-4d617c1e7060,0.01,0.03,0.048810046166181564
02e363c9-dea0-4ee8-8fb2-4d617c1e7060,0.01,0.08,0.06036170944571495
02e363c9-dea0-4ee8-8fb2-4d617c1e7060,0.01,0.13,0.069151870906353
02e363c9-dea0-4ee8-8fb2-4d617c1e7060,0.01,0.18000000000000002,0.07081595808267593
02e363c9-dea0-4ee8-8fb2-4d617c1e7060,0.01,0.23,0.06940146535634995
02e363c9-dea0-4ee8-8fb2-4d617c1e7060,0.02,0.03,0.048810046166181564
02e363c9-dea0-4ee8-8fb2-4d617c1e7060,0.02,0.08,0.06443408876657486
02e363c9-dea0-4ee8-8fb2-4d617c1e7060,0.02,0.13,0.069151870906353
02e363c9-dea0-4ee8-8fb2-4d617c1e7060,0.02,0.18000000000000002,0.0727710872888565
02e363c9-dea0-4ee8-8fb2-4d617c1e7060,0.02,0.23,0.06940146535634995
02e363c9-dea0-4ee8-8fb2-4d617c1e7060,0.03,0.03,0.047161951661109924
02e363c9-dea0-4ee8-8fb2-4d617c1e7060,0.03,0.08,0.06578535586595535
02e363c9-dea0-4ee8-8fb2-4d617c1e7060,0.03,0.13,0.0656597763299942
02e363c9-dea0-4ee8-8fb2-4d617c1e7060,0.03,0.18000000000000002,0.07438308000564575
02e363c9-dea0-4ee8-8fb2-4d617c1e7060,0.03,0.23,0.07571395486593246
02e363c9-dea0-4ee8-8fb2-4d617c1e7060,0.04,0.03,0.048158496618270874
02e363c9-dea0-4ee8-8fb2-4d617c1e7060,0.04,0.08,0.059212833642959595
02e363c9-dea0-4ee8-8fb2-4d617c1e7060,0.05,0.03,0.045266225934028625
02e363c9-dea0-4ee8-8fb2-4d617c1e7060,0.05,0.08,0.06883581727743149
02e363c9-dea0-4ee8-8fb2-4d617c1e7060,0.05,0.13,0.07455893605947495
02e363c9-dea0-4ee8-8fb2-4d617c1e7060,0.05,0.18000000000000002,0.07478459924459457
02e363c9-dea0-4ee8-8fb2-4d617c1e7060,0.05,0.23,0.06953280419111252
02e363c9-dea0-4ee8-8fb2-4d617c1e7060,0.1,0.03,0.0499458983540535
02e363c9-dea0-4ee8-8fb2-4d617c1e7060,0.1,0.08,0.06257261335849762
02e363c9-dea0-4ee8-8fb2-4d617c1e7060,0.1,0.13,0.0659903883934021
02e363c9-dea0-4ee8-8fb2-4d617c1e7060,0.1,0.18000000000000002,0.0662636086344719
02e363c9-dea0-4ee8-8fb2-4d617c1e7060,0.1,0.23,0.06653201580047607
02e363c9-dea0-4ee8-8fb2-4d617c1e7060,0.15000000000000002,0.03,0.05123654380440712
02e363c9-dea0-4ee8-8fb2-4d617c1e7060,0.15000000000000002,0.08,0.06872023642063141
02e363c9-dea0-4ee8-8fb2-4d617c1e7060,0.15000000000000002,0.13,0.07036527991294861
02e363c9-dea0-4ee8-8fb2-4d617c1e7060,0.15000000000000002,0.18000000000000002,0.06820154190063477
02e363c9-dea0-4ee8-8fb2-4d617c1e7060,0.15000000000000002,0.23,0.06804151833057404
02e363c9-dea0-4ee8-8fb2-4d617c1e7060,0.2,0.03,0.05227627232670784
02e363c9-dea0-4ee8-8fb2-4d617c1e7060,0.2,0.08,0.05841691419482231
02e363c9-dea0-4ee8-8fb2-4d617c1e7060,0.2,0.13,0.05988439917564392
02e363c9-dea0-4ee8-8fb2-4d617c1e7060,0.2,0.18000000000000002,0.07166045904159546
02e363c9-dea0-4ee8-8fb2-4d617c1e7060,0.2,0.23,0.07086292654275894
02e363c9-dea0-4ee8-8fb2-4d617c1e7060,0.25,0.03,0.05139261856675148
02e363c9-dea0-4ee8-8fb2-4d617c1e7060,0.25,0.08,0.05795341730117798
02e363c9-dea0-4ee8-8fb2-4d617c1e7060,0.25,0.13,0.06515759229660034
02e363c9-dea0-4ee8-8fb2-4d617c1e7060,0.25,0.18000000000000002,0.06534004956483841
02e363c9-dea0-4ee8-8fb2-4d617c1e7060,0.25,0.23,0.06303326040506363
02e363c9-dea0-4ee8-8fb2-4d617c1e7060,0.30000000000000004,0.03,0.05305323377251625
02e363c9-dea0-4ee8-8fb2-4d617c1e7060,0.30000000000000004,0.08,0.06201286241412163
02e363c9-dea0-4ee8-8fb2-4d617c1e7060,0.30000000000000004,0.13,0.0647197887301445
02e363c9-dea0-4ee8-8fb2-4d617c1e7060,0.30000000000000004,0.18000000000000002,0.06622764468193054
02e363c9-dea0-4ee8-8fb2-4d617c1e7060,0.30000000000000004,0.23,0.0705404207110405
030be5c3-0f25-472c-b7eb-b4916d42a0c0,0.0,0.03,0.06585677713155746
030be5c3-0f25-472c-b7eb-b4916d42a0c0,0.0,0.08,0.07904020696878433
030be5c3-0f25-472c-b7eb-b4916d42a0c0,0.0,0.13,0.08297353237867355
030be5c3-0f25-472c-b7eb-b4916d42a0c0,0.0,0.18000000000000002,0.08788242936134338
030be5c3-0f25-472c-b7eb-b4916d42a0c0,0.0,0.23,0.08524279296398163
030be5c3-0f25-472c-b7eb-b4916d42a0c0,0.01,0.03,0.053747985512018204
030be5c3-0f25-472c-b7eb-b4916d42a0c0,0.01,0.08,0.06906094402074814
030be5c3-0f25-472c-b7eb-b4916d42a0c0,0.01,0.13,0.07795868813991547
030be5c3-0f25-472c-b7eb-b4916d42a0c0,0.01,0.18000000000000002,0.08133690059185028
030be5c3-0f25-472c-b7eb-b4916d42a0c0,0.01,0.23,0.07966434210538864
030be5c3-0f25-472c-b7eb-b4916d42a0c0,0.02,0.03,0.057436492294073105
030be5c3-0f25-472c-b7eb-b4916d42a0c0,0.02,0.08,0.0707637295126915
030be5c3-0f25-472c-b7eb-b4916d42a0c0,0.02,0.13,0.08042968064546585
030be5c3-0f25-472c-b7eb-b4916d42a0c0,0.02,0.18000000000000002,0.08008851110935211
030be5c3-0f25-472c-b7eb-b4916d42a0c0,0.02,0.23,0.07858715206384659
030be5c3-0f25-472c-b7eb-b4916d42a0c0,0.03,0.03,0.05133815109729767
030be5c3-0f25-472c-b7eb-b4916d42a0c0,0.03,0.08,0.07649854570627213
030be5c3-0f25-472c-b7eb-b4916d42a0c0,0.03,0.13,0.07758110016584396
030be5c3-0f25-472c-b7eb-b4916d42a0c0,0.03,0.18000000000000002,0.08213091641664505
030be5c3-0f25-472c-b7eb-b4916d42a0c0,0.03,0.23,0.07386285066604614
030be5c3-0f25-472c-b7eb-b4916d42a0c0,0.04,0.03,0.04847199469804764
030be5c3-0f25-472c-b7eb-b4916d42a0c0,0.04,0.08,0.06925638020038605
030be5c3-0f25-472c-b7eb-b4916d42a0c0,0.05,0.03,0.05445416271686554
030be5c3-0f25-472c-b7eb-b4916d42a0c0,0.05,0.08,0.06709752976894379
030be5c3-0f25-472c-b7eb-b4916d42a0c0,0.05,0.13,0.07688149064779282
030be5c3-0f25-472c-b7eb-b4916d42a0c0,0.05,0.18000000000000002,0.07425304502248764
030be5c3-0f25-472c-b7eb-b4916d42a0c0,0.05,0.23,0.07341272383928299
030be5c3-0f25-472c-b7eb-b4916d42a0c0,0.1,0.03,0.051301613450050354
030be5c3-0f25-472c-b7eb-b4916d42a0c0,0.1,0.08,0.06758539378643036
030be5c3-0f25-472c-b7eb-b4916d42a0c0,0.1,0.13,0.0666494071483612
030be5c3-0f25-472c-b7eb-b4916d42a0c0,0.1,0.18000000000000002,0.06913813948631287
030be5c3-0f25-472c-b7eb-b4916d42a0c0,0.1,0.23,0.06970984488725662
030be5c3-0f25-472c-b7eb-b4916d42a0c0,0.15000000000000002,0.03,0.05234641581773758
030be5c3-0f25-472c-b7eb-b4916d42a0c0,0.15000000000000002,0.08,0.06415529549121857
030be5c3-0f25-472c-b7eb-b4916d42a0c0,0.15000000000000002,0.13,0.07396167516708374
030be5c3-0f25-472c-b7eb-b4916d42a0c0,0.15000000000000002,0.18000000000000002,0.07231207937002182
030be5c3-0f25-472c-b7eb-b4916d42a0c0,0.15000000000000002,0.23,0.07141163945198059
030be5c3-0f25-472c-b7eb-b4916d42a0c0,0.2,0.03,0.0541653074324131
030be5c3-0f25-472c-b7eb-b4916d42a0c0,0.2,0.08,0.06388509273529053
030be5c3-0f25-472c-b7eb-b4916d42a0c0,0.2,0.13,0.06264612078666687
030be5c3-0f25-472c-b7eb-b4916d42a0c0,0.2,0.18000000000000002,0.06924134492874146
030be5c3-0f25-472c-b7eb-b4916d42a0c0,0.2,0.23,0.06551296263933182
030be5c3-0f25-472c-b7eb-b4916d42a0c0,0.25,0.03,0.05897063761949539
030be5c3-0f25-472c-b7eb-b4916d42a0c0,0.25,0.08,0.059257008135318756
030be5c3-0f25-472c-b7eb-b4916d42a0c0,0.25,0.13,0.06863078474998474
030be5c3-0f25-472c-b7eb-b4916d42a0c0,0.25,0.18000000000000002,0.06275487691164017
030be5c3-0f25-472c-b7eb-b4916d42a0c0,0.25,0.23,0.0658489540219307
030be5c3-0f25-472c-b7eb-b4916d42a0c0,0.30000000000000004,0.03,0.058315157890319824
030be5c3-0f25-472c-b7eb-b4916d42a0c0,0.30000000000000004,0.08,0.06454503536224365
030be5c3-0f25-472c-b7eb-b4916d42a0c0,0.30000000000000004,0.13,0.0673837661743164
030be5c3-0f25-472c-b7eb-b4916d42a0c0,0.30000000000000004,0.18000000000000002,0.06808256357908249
030be5c3-0f25-472c-b7eb-b4916d42a0c0,0.30000000000000004,0.23,0.07156538963317871
0337f021-5d2d-4e34-b7a8-42935a8e088e,0.0,0.03,0.05312369018793106
0337f021-5d2d-4e34-b7a8-42935a8e088e,0.0,0.08,0.060084983706474304
0337f021-5d2d-4e34-b7a8-42935a8e088e,0.0,0.13,0.07591250538825989
0337f021-5d2d-4e34-b7a8-42935a8e088e,0.0,0.18000000000000002,0.08289796859025955
0337f021-5d2d-4e34-b7a8-42935a8e088e,0.0,0.23,0.08470241725444794
0337f021-5d2d-4e34-b7a8-42935a8e088e,0.01,0.03,0.044693365693092346
0337f021-5d2d-4e34-b7a8-42935a8e088e,0.01,0.08,0.06443139910697937
0337f021-5d2d-4e34-b7a8-42935a8e088e,0.01,0.13,0.07297897338867188
0337f021-5d2d-4e34-b7a8-42935a8e088e,0.01,0.18000000000000002,0.0836179181933403
0337f021-5d2d-4e34-b7a8-42935a8e088e,0.01,0.23,0.08633887022733688
0337f021-5d2d-4e34-b7a8-42935a8e088e,0.02,0.03,0.05246316269040108
0337f021-5d2d-4e34-b7a8-42935a8e088e,0.02,0.08,0.0622895210981369
0337f021-5d2d-4e34-b7a8-42935a8e088e,0.02,0.13,0.07912342995405197
0337f021-5d2d-4e34-b7a8-42935a8e088e,0.02,0.18000000000000002,0.08846498280763626
0337f021-5d2d-4e34-b7a8-42935a8e088e,0.02,0.23,0.08506050705909729
0337f021-5d2d-4e34-b7a8-42935a8e088e,0.03,0.03,0.05061110854148865
0337f021-5d2d-4e34-b7a8-42935a8e088e,0.03,0.08,0.06528864800930023
0337f021-5d2d-4e34-b7a8-42935a8e088e,0.03,0.13,0.08475422859191895
0337f021-5d2d-4e34-b7a8-42935a8e088e,0.03,0.18000000000000002,0.0841665044426918
0337f021-5d2d-4e34-b7a8-42935a8e088e,0.03,0.23,0.08741379529237747
0337f021-5d2d-4e34-b7a8-42935a8e088e,0.04,0.03,0.04646579548716545
0337f021-5d2d-4e34-b7a8-42935a8e088e,0.04,0.08,0.06975561380386353
0337f021-5d2d-4e34-b7a8-42935a8e088e,0.05,0.03,0.05145346373319626
0337f021-5d2d-4e34-b7a8-42935a8e088e,0.05,0.08,0.07182671874761581
0337f021-5d2d-4e34-b7a8-42935a8e088e,0.05,0.13,0.08332876861095428
0337f021-5d2d-4e34-b7a8-42935a8e088e,0.05,0.18000000000000002,0.08635734021663666
0337f021-5d2d-4e34-b7a8-42935a8e088e,0.05,0.23,0.08139161765575409
0337f021-5d2d-4e34-b7a8-42935a8e088e,0.1,0.03,0.049913305789232254
0337f021-5d2d-4e34-b7a8-42935a8e088e,0.1,0.08,0.0793793573975563
0337f021-5d2d-4e34-b7a8-42935a8e088e,0.1,0.13,0.0855846256017685
0337f021-5d2d-4e34-b7a8-42935a8e088e,0.1,0.18000000000000002,0.07678993046283722
0337f021-5d2d-4e34-b7a8-42935a8e088e,0.1,0.23,0.0771644115447998
0337f021-5d2d-4e34-b7a8-42935a8e088e,0.15000000000000002,0.03,0.055067259818315506
0337f021-5d2d-4e34-b7a8-42935a8e088e,0.15000000000000002,0.08,0.06777182221412659
0337f021-5d2d-4e34-b7a8-42935a8e088e,0.15000000000000002,0.13,0.062303293496370316
0337f021-5d2d-4e34-b7a8-42935a8e088e,0.15000000000000002,0.18000000000000002,0.07402237504720688
0337f021-5d2d-4e34-b7a8-42935a8e088e,0.15000000000000002,0.23,0.0788944885134697
0337f021-5d2d-4e34-b7a8-42935a8e088e,0.2,0.03,0.04367846995592117
0337f021-5d2d-4e34-b7a8-42935a8e088e,0.2,0.08,0.054862670600414276
0337f021-5d2d-4e34-b7a8-42935a8e088e,0.2,0.13,0.0694141611456871
0337f021-5d2d-4e34-b7a8-42935a8e088e,0.2,0.18000000000000002,0.0777539610862732
0337f021-5d2d-4e34-b7a8-42935a8e088e,0.2,0.23,0.06879304349422455
0337f021-5d2d-4e34-b7a8-42935a8e088e,0.25,0.03,0.04836265742778778
0337f021-5d2d-4e34-b7a8-42935a8e088e,0.25,0.08,0.06886470317840576
0337f021-5d2d-4e34-b7a8-42935a8e088e,0.25,0.13,0.0760512575507164
0337f021-5d2d-4e34-b7a8-42935a8e088e,0.25,0.18000000000000002,0.07339118421077728
0337f021-5d2d-4e34-b7a8-42935a8e088e,0.25,0.23,0.07262216508388519
0337f021-5d2d-4e34-b7a8-42935a8e088e,0.30000000000000004,0.03,0.047982748597860336
0337f021-5d2d-4e34-b7a8-42935a8e088e,0.30000000000000004,0.08,0.06179314851760864
0337f021-5d2d-4e34-b7a8-42935a8e088e,0.30000000000000004,0.13,0.06587868928909302
0337f021-5d2d-4e34-b7a8-42935a8e088e,0.30000000000000004,0.18000000000000002,0.0673142820596695
0337f021-5d2d-4e34-b7a8-42935a8e088e,0.30000000000000004,0.23,0.07380636781454086
035f640c-809b-438f-8f7b-de2055e27b9a,0.0,0.03,0.054641492664813995
035f640c-809b-438f-8f7b-de2055e27b9a,0.0,0.08,0.10808943212032318
035f640c-809b-438f-8f7b-de2055e27b9a,0.0,0.13,0.1316813826560974
035f640c-809b-438f-8f7b-de2055e27b9a,0.0,0.18000000000000002,0.146176278591156
035f640c-809b-438f-8f7b-de2055e27b9a,0.0,0.23,0.14774197340011597
035f640c-809b-438f-8f7b-de2055e27b9a,0.01,0.03,0.06788885593414307
035f640c-809b-438f-8f7b-de2055e27b9a,0.01,0.08,0.10570782423019409
035f640c-809b-438f-8f7b-de2055e27b9a,0.01,0.13,0.11829850822687149
035f640c-809b-438f-8f7b-de2055e27b9a,0.01,0.18000000000000002,0.12867876887321472
035f640c-809b-438f-8f7b-de2055e27b9a,0.01,0.23,0.1292411983013153
035f640c-809b-438f-8f7b-de2055e27b9a,0.02,0.03,0.06949268281459808
035f640c-809b-438f-8f7b-de2055e27b9a,0.02,0.08,0.10385289788246155
035f640c-809b-438f-8f7b-de2055e27b9a,0.02,0.13,0.1194019690155983
035f640c-809b-438f-8f7b-de2055e27b9a,0.02,0.18000000000000002,0.1270231455564499
035f640c-809b-438f-8f7b-de2055e27b9a,0.02,0.23,0.12918929755687714
035f640c-809b-438f-8f7b-de2055e27b9a,0.03,0.03,0.0815233662724495
035f640c-809b-438f-8f7b-de2055e27b9a,0.03,0.08,0.10342204570770264
035f640c-809b-438f-8f7b-de2055e27b9a,0.03,0.13,0.12243402004241943
035f640c-809b-438f-8f7b-de2055e27b9a,0.03,0.18000000000000002,0.12546096742153168
035f640c-809b-438f-8f7b-de2055e27b9a,0.03,0.23,0.1265701800584793
035f640c-809b-438f-8f7b-de2055e27b9a,0.04,0.03,0.06569573283195496
035f640c-809b-438f-8f7b-de2055e27b9a,0.04,0.08,0.09798114001750946
035f640c-809b-438f-8f7b-de2055e27b9a,0.05,0.03,0.08660940825939178
035f640c-809b-438f-8f7b-de2055e27b9a,0.05,0.08,0.11690031737089157
035f640c-809b-438f-8f7b-de2055e27b9a,0.05,0.13,0.13228067755699158
035f640c-809b-438f-8f7b-de2055e27b9a,0.05,0.18000000000000002,0.1344883292913437
035f640c-809b-438f-8f7b-de2055e27b9a,0.05,0.23,0.13324232399463654
035f640c-809b-438f-8f7b-de2055e27b9a,0.1,0.03,0.07180201262235641
035f640c-809b-438f-8f7b-de2055e27b9a,0.1,0.08,0.10151346027851105
035f640c-809b-438f-8f7b-de2055e27b9a,0.1,0.13,0.10720963776111603
035f640c-809b-438f-8f7b-de2055e27b9a,0.1,0.18000000000000002,0.10744433104991913
035f640c-809b-438f-8f7b-de2055e27b9a,0.1,0.23,0.0963384360074997
035f640c-809b-438f-8f7b-de2055e27b9a,0.15000000000000002,0.03,0.06576379388570786
035f640c-809b-438f-8f7b-de2055e27b9a,0.15000000000000002,0.08,0.07954899221658707
035f640c-809b-438f-8f7b-de2055e27b9a,0.15000000000000002,0.13,0.08272464573383331
035f640c-809b-438f-8f7b-de2055e27b9a,0.15000000000000002,0.18000000000000002,0.07775137573480606
035f640c-809b-438f-8f7b-de2055e27b9a,0.15000000000000002,0.23,0.07168834656476974
035f640c-809b-438f-8f7b-de2055e27b9a,0.2,0.03,0.04872335493564606
035f640c-809b-438f-8f7b-de2055e27b9a,0.2,0.08,0.0623834952712059
035f640c-809b-438f-8f7b-de2055e27b9a,0.2,0.13,0.06785152852535248
035f640c-809b-438f-8f7b-de2055e27b9a,0.2,0.18000000000000002,0.06886529922485352
035f640c-809b-438f-8f7b-de2055e27b9a,0.2,0.23,0.06598705798387527
035f640c-809b-438f-8f7b-de2055e27b9a,0.25,0.03,0.04818134754896164
035f640c-809b-438f-8f7b-de2055e27b9a,0.25,0.08,0.06484101712703705
035f640c-809b-438f-8f7b-de2055e27b9a,0.25,0.13,0.06664661318063736
035f640c-809b-438f-8f7b-de2055e27b9a,0.25,0.18000000000000002,0.07197277992963791
035f640c-809b-438f-8f7b-de2055e27b9a,0.25,0.23,0.07576432824134827
035f640c-809b-438f-8f7b-de2055e27b9a,0.30000000000000004,0.03,0.04771138355135918
035f640c-809b-438f-8f7b-de2055e27b9a,0.30000000000000004,0.08,0.06054609641432762
035f640c-809b-438f-8f7b-de2055e27b9a,0.30000000000000004,0.13,0.07690439373254776
035f640c-809b-438f-8f7b-de2055e27b9a,0.30000000000000004,0.18000000000000002,0.07938264310359955
035f640c-809b-438f-8f7b-de2055e27b9a,0.30000000000000004,0.23,0.07395511865615845
0424e2b3-32c7-4da2-a817-a82c5e565780,0.0,0.03,0.06663631647825241
0424e2b3-32c7-4da2-a817-a82c5e565780,0.0,0.08,0.12407675385475159
0424e2b3-32c7-4da2-a817-a82c5e565780,0.0,0.13,0.11551706492900848
0424e2b3-32c7-4da2-a817-a82c5e565780,0.0,0.18000000000000002,0.09865207225084305
0424e2b3-32c7-4da2-a817-a82c5e565780,0.0,0.23,0.08943679928779602
0424e2b3-32c7-4da2-a817-a82c5e565780,0.01,0.03,0.07016511261463165
0424e2b3-32c7-4da2-a817-a82c5e565780,0.01,0.08,0.12076490372419357
0424e2b3-32c7-4da2-a817-a82c5e565780,0.01,0.13,0.11683041602373123
0424e2b3-32c7-4da2-a817-a82c5e565780,0.01,0.18000000000000002,0.10630099475383759
0424e2b3-32c7-4da2-a817-a82c5e565780,0.01,0.23,0.09812349081039429
0424e2b3-32c7-4da2-a817-a82c5e565780,0.02,0.03,0.0897180587053299
0424e2b3-32c7-4da2-a817-a82c5e565780,0.02,0.08,0.12238205969333649
0424e2b3-32c7-4da2-a817-a82c5e565780,0.02,0.13,0.10787541419267654
0424e2b3-32c7-4da2-a817-a82c5e565780,0.02,0.18000000000000002,0.10124418884515762
0424e2b3-32c7-4da2-a817-a82c5e565780,0.02,0.23,0.09694870561361313
0424e2b3-32c7-4da2-a817-a82c5e565780,0.03,0.03,0.10018113255500793
0424e2b3-32c7-4da2-a817-a82c5e565780,0.03,0.08,0.12056624889373779
0424e2b3-32c7-4da2-a817-a82c5e565780,0.03,0.13,0.10253290086984634
0424e2b3-32c7-4da2-a817-a82c5e565780,0.03,0.18000000000000002,0.09727122634649277
0424e2b3-32c7-4da2-a817-a82c5e565780,0.03,0.23,0.08989481627941132
0424e2b3-32c7-4da2-a817-a82c5e565780,0.04,0.03,0.09542249888181686
0424e2b3-32c7-4da2-a817-a82c5e565780,0.04,0.08,0.10175029188394547
0424e2b3-32c7-4da2-a817-a82c5e565780,0.05,0.03,0.08502530306577682
0424e2b3-32c7-4da2-a817-a82c5e565780,0.05,0.08,0.08458315581083298
0424e2b3-32c7-4da2-a817-a82c5e565780,0.05,0.13,0.08760368078947067
0424e2b3-32c7-4da2-a817-a82c5e565780,0.05,0.18000000000000002,0.0813727006316185
0424e2b3-32c7-4da2-a817-a82c5e565780,0.05,0.23,0.08040117472410202
0424e2b3-32c7-4da2-a817-a82c5e565780,0.1,0.03,0.04825042188167572
0424e2b3-32c7-4da2-a817-a82c5e565780,0.1,0.08,0.07180003821849823
0424e2b3-32c7-4da2-a817-a82c5e565780,0.1,0.13,0.0722396969795227
0424e2b3-32c7-4da2-a817-a82c5e565780,0.1,0.18000000000000002,0.07048321515321732
0424e2b3-32c7-4da2-a817-a82c5e565780,0.1,0.23,0.07474371045827866
0424e2b3-32c7-4da2-a817-a82c5e565780,0.15000000000000002,0.03,0.05196398124098778
0424e2b3-32c7-4da2-a817-a82c5e565780,0.15000000000000002,0.08,0.0674714669585228
0424e2b3-32c7-4da2-a817-a82c5e565780,0.15000000000000002,0.13,0.0656595304608345
0424e2b3-32c7-4da2-a817-a82c5e565780,0.15000000000000002,0.18000000000000002,0.06913594156503677
0424e2b3-32c7-4da2-a817-a82c5e565780,0.15000000000000002,0.23,0.07242456078529358
0424e2b3-32c7-4da2-a817-a82c5e565780,0.2,0.03,0.05399848148226738
0424e2b3-32c7-4da2-a817-a82c5e565780,0.2,0.08,0.0721273124217987
0424e2b3-32c7-4da2-a817-a82c5e565780,0.2,0.13,0.07327989488840103
0424e2b3-32c7-4da2-a817-a82c5e565780,0.2,0.18000000000000002,0.07620665431022644
0424e2b3-32c7-4da2-a817-a82c5e565780,0.2,0.23,0.07143508642911911
0424e2b3-32c7-4da2-a817-a82c5e565780,0.25,0.03,0.05121263861656189
0424e2b3-32c7-4da2-a817-a82c5e565780,0.25,0.08,0.060290005058050156
0424e2b3-32c7-4da2-a817-a82c5e565780,0.25,0.13,0.07160868495702744
0424e2b3-32c7-4da2-a817-a82c5e565780,0.25,0.18000000000000002,0.07561679184436798
0424e2b3-32c7-4da2-a817-a82c5e565780,0.25,0.23,0.07136226445436478
0424e2b3-32c7-4da2-a817-a82c5e565780,0.30000000000000004,0.03,0.04616684839129448
0424e2b3-32c7-4da2-a817-a82c5e565780,0.30000000000000004,0.08,0.0788910835981369
0424e2b3-32c7-4da2-a817-a82c5e565780,0.30000000000000004,0.13,0.07923687249422073
0424e2b3-32c7-4da2-a817-a82c5e565780,0.30000000000000004,0.18000000000000002,0.0748494490981102
0424e2b3-32c7-4da2-a817-a82c5e565780,0.30000000000000004,0.23,0.07186933606863022
047db9de-dc97-4b4c-bb85-10e1f515fd7b,0.0,0.03,0.3980782926082611
047db9de-dc97-4b4c-bb85-10e1f515fd7b,0.0,0.08,0.5182613730430603
047db9de-dc97-4b4c-bb85-10e1f515fd7b,0.0,0.13,0.4806130528450012
047db9de-dc97-4b4c-bb85-10e1f515fd7b,0.0,0.18000000000000002,0.3984403610229492
047db9de-dc97-4b4c-bb85-10e1f515fd7b,0.0,0.23,0.33585673570632935
047db9de-dc97-4b4c-bb85-10e1f515fd7b,0.01,0.03,0.34847670793533325
047db9de-dc97-4b4c-bb85-10e1f515fd7b,0.01,0.08,0.414011687040329
047db9de-dc97-4b4c-bb85-10e1f515fd7b,0.01,0.13,0.3633262515068054
047db9de-dc97-4b4c-bb85-10e1f515fd7b,0.01,0.18000000000000002,0.3056007921695709
047db9de-dc97-4b4c-bb85-10e1f515fd7b,0.01,0.23,0.2627662420272827
047db9de-dc97-4b4c-bb85-10e1f515fd7b,0.02,0.03,0.379683256149292
047db9de-dc97-4b4c-bb85-10e1f515fd7b,0.02,0.08,0.40925610065460205
047db9de-dc97-4b4c-bb85-10e1f515fd7b,0.02,0.13,0.343025267124176
047db9de-dc97-4b4c-bb85-10e1f515fd7b,0.02,0.18000000000000002,0.28432905673980713
047db9de-dc97-4b4c-bb85-10e1f515fd7b,0.02,0.23,0.24655494093894958
047db9de-dc97-4b4c-bb85-10e1f515fd7b,0.03,0.03,0.3958633244037628
047db9de-dc97-4b4c-bb85-10e1f515fd7b,0.03,0.08,0.3821985721588135
047db9de-dc97-4b4c-bb85-10e1f515fd7b,0.03,0.13,0.3158247470855713
047db9de-dc97-4b4c-bb85-10e1f515fd7b,0.03,0.18000000000000002,0.26163250207901
047db9de-dc97-4b4c-bb85-10e1f515fd7b,0.03,0.23,0.22595030069351196
047db9de-dc97-4b4c-bb85-10e1f515fd7b,0.04,0.03,0.3875761926174164
047db9de-dc97-4b4c-bb85-10e1f515fd7b,0.04,0.08,0.35161182284355164
047db9de-dc97-4b4c-bb85-10e1f515fd7b,0.05,0.03,0.4399872422218323
047db9de-dc97-4b4c-bb85-10e1f515fd7b,0.05,0.08,0.3931833803653717
047db9de-dc97-4b4c-bb85-10e1f515fd7b,0.05,0.13,0.29517099261283875
047db9de-dc97-4b4c-bb85-10e1f515fd7b,0.05,0.18000000000000002,0.2339239865541458
047db9de-dc97-4b4c-bb85-10e1f515fd7b,0.05,0.23,0.20416979491710663
047db9de-dc97-4b4c-bb85-10e1f515fd7b,0.1,0.03,0.20560002326965332
047db9de-dc97-4b4c-bb85-10e1f515fd7b,0.1,0.08,0.1452397257089615
047db9de-dc97-4b4c-bb85-10e1f515fd7b,0.1,0.13,0.11518090218305588
047db9de-dc97-4b4c-bb85-10e1f515fd7b,0.1,0.18000000000000002,0.10169027000665665
047db9de-dc97-4b4c-bb85-10e1f515fd7b,0.1,0.23,0.09236720204353333
047db9de-dc97-4b4c-bb85-10e1f515fd7b,0.15000000000000002,0.03,0.074089914560318
047db9de-dc97-4b4c-bb85-10e1f515fd7b,0.15000000000000002,0.08,0.07350288331508636
047db9de-dc97-4b4c-bb85-10e1f515fd7b,0.15000000000000002,0.13,0.0744253620505333
047db9de-dc97-4b4c-bb85-10e1f515fd7b,0.15000000000000002,0.18000000000000002,0.07483883202075958
047db9de-dc97-4b4c-bb85-10e1f515fd7b,0.15000000000000002,0.23,0.06895837932825089
047db9de-dc97-4b4c-bb85-10e1f515fd7b,0.2,0.03,0.06278050690889359
047db9de-dc97-4b4c-bb85-10e1f515fd7b,0.2,0.08,0.07194887101650238
047db9de-dc97-4b4c-bb85-10e1f515fd7b,0.2,0.13,0.07627243548631668
047db9de-dc97-4b4c-bb85-10e1f515fd7b,0.2,0.18000000000000002,0.0718347504734993
047db9de-dc97-4b4c-bb85-10e1f515fd7b,0.2,0.23,0.06690490990877151
047db9de-dc97-4b4c-bb85-10e1f515fd7b,0.25,0.03,0.06753923743963242
047db9de-dc97-4b4c-bb85-10e1f515fd7b,0.25,0.08,0.07764258980751038
047db9de-dc97-4b4c-bb85-10e1f515fd7b,0.25,0.13,0.068817637860775
047db9de-dc97-4b4c-bb85-10e1f515fd7b,0.25,0.18000000000000002,0.06667083501815796
047db9de-dc97-4b4c-bb85-10e1f515fd7b,0.25,0.23,0.07091911137104034
047db9de-dc97-4b4c-bb85-10e1f515fd7b,0.30000000000000004,0.03,0.06552964448928833
047db9de-dc97-4b4c-bb85-10e1f515fd7b,0.30000000000000004,0.08,0.06063561514019966
047db9de-dc97-4b4c-bb85-10e1f515fd7b,0.30000000000000004,0.13,0.06785106658935547
047db9de-dc97-4b4c-bb85-10e1f515fd7b,0.30000000000000004,0.18000000000000002,0.07609429210424423
047db9de-dc97-4b4c-bb85-10e1f515fd7b,0.30000000000000004,0.23,0.07770601660013199
050af3f4-37ee-4792-a2d5-c86c71907be5,0.0,0.03,0.04430188611149788
050af3f4-37ee-4792-a2d5-c86c71907be5,0.0,0.08,0.05940531566739082
050af3f4-37ee-4792-a2d5-c86c71907be5,0.0,0.13,0.056806620210409164
050af3f4-37ee-4792-a2d5-c86c71907be5,0.0,0.18000000000000002,0.07185779511928558
050af3f4-37ee-4792-a2d5-c86c71907be5,0.0,0.23,0.07444235682487488
050af3f4-37ee-4792-a2d5-c86c71907be5,0.01,0.03,0.048791978508234024
050af3f4-37ee-4792-a2d5-c86c71907be5,0.01,0.08,0.05611811578273773
050af3f4-37ee-4792-a2d5-c86c71907be5,0.01,0.13,0.06636416167020798
050af3f4-37ee-4792-a2d5-c86c71907be5,0.01,0.18000000000000002,0.07207902520895004
050af3f4-37ee-4792-a2d5-c86c71907be5,0.01,0.23,0.07494505494832993
050af3f4-37ee-4792-a2d5-c86c71907be5,0.02,0.03,0.05577225983142853
050af3f4-37ee-4792-a2d5-c86c71907be5,0.02,0.08,0.05659583583474159
050af3f4-37ee-4792-a2d5-c86c71907be5,0.02,0.13,0.06466683745384216
050af3f4-37ee-4792-a2d5-c86c71907be5,0.02,0.18000000000000002,0.07612112909555435
050af3f4-37ee-4792-a2d5-c86c71907be5,0.02,0.23,0.07730638980865479
050af3f4-37ee-4792-a2d5-c86c71907be5,0.03,0.03,0.04944944381713867
050af3f4-37ee-4792-a2d5-c86c71907be5,0.03,0.08,0.06560193747282028
050af3f4-37ee-4792-a2d5-c86c71907be5,0.03,0.13,0.06534738093614578
050af3f4-37ee-4792-a2d5-c86c71907be5,0.03,0.18000000000000002,0.07766839116811752
050af3f4-37ee-4792-a2d5-c86c71907be5,0.03,0.23,0.07187848538160324
050af3f4-37ee-4792-a2d5-c86c71907be5,0.04,0.03,0.055557381361722946
050af3f4-37ee-4792-a2d5-c86c71907be5,0.04,0.08,0.05722705274820328
050af3f4-37ee-4792-a2d5-c86c71907be5,0.05,0.03,0.057463061064481735
050af3f4-37ee-4792-a2d5-c86c71907be5,0.05,0.08,0.053823720663785934
050af3f4-37ee-4792-a2d5-c86c71907be5,0.05,0.13,0.08014144748449326
050af3f4-37ee-4792-a2d5-c86c71907be5,0.05,0.18000000000000002,0.0807151198387146
050af3f4-37ee-4792-a2d5-c86c71907be5,0.05,0.23,0.07663804292678833
050af3f4-37ee-4792-a2d5-c86c71907be5,0.1,0.03,0.044035471975803375
050af3f4-37ee-4792-a2d5-c86c71907be5,0.1,0.08,0.08157644420862198
050af3f4-37ee-4792-a2d5-c86c71907be5,0.1,0.13,0.07842899858951569
050af3f4-37ee-4792-a2d5-c86c71907be5,0.1,0.18000000000000002,0.07160632312297821
050af3f4-37ee-4792-a2d5-c86c71907be5,0.1,0.23,0.07497795671224594
050af3f4-37ee-4792-a2d5-c86c71907be5,0.15000000000000002,0.03,0.06129232794046402
050af3f4-37ee-4792-a2d5-c86c71907be5,0.15000000000000002,0.08,0.05717793479561806
050af3f4-37ee-4792-a2d5-c86c71907be5,0.15000000000000002,0.13,0.06206092610955238
050af3f4-37ee-4792-a2d5-c86c71907be5,0.15000000000000002,0.18000000000000002,0.07041160762310028
050af3f4-37ee-4792-a2d5-c86c71907be5,0.15000000000000002,0.23,0.07417100667953491
050af3f4-37ee-4792-a2d5-c86c71907be5,0.2,0.03,0.048589836806058884
050af3f4-37ee-4792-a2d5-c86c71907be5,0.2,0.08,0.05941078066825867
050af3f4-37ee-4792-a2d5-c86c71907be5,0.2,0.13,0.06924886256456375
050af3f4-37ee-4792-a2d5-c86c71907be5,0.2,0.18000000000000002,0.07459399849176407
050af3f4-37ee-4792-a2d5-c86c71907be5,0.2,0.23,0.07368572801351547
050af3f4-37ee-4792-a2d5-c86c71907be5,0.25,0.03,0.05042865127325058
050af3f4-37ee-4792-a2d5-c86c71907be5,0.25,0.08,0.0595446340739727
050af3f4-37ee-4792-a2d5-c86c71907be5,0.25,0.13,0.06782066076993942
050af3f4-37ee-4792-a2d5-c86c71907be5,0.25,0.18000000000000002,0.08078140020370483
050af3f4-37ee-4792-a2d5-c86c71907be5,0.25,0.23,0.0817292183637619
050af3f4-37ee-4792-a2d5-c86c71907be5,0.30000000000000004,0.03,0.04467606171965599
050af3f4-37ee-4792-a2d5-c86c71907be5,0.30000000000000004,0.08,0.06386569887399673
050af3f4-37ee-4792-a2d5-c86c71907be5,0.30000000000000004,0.13,0.07748574018478394
050af3f4-37ee-4792-a2d5-c86c71907be5,0.30000000000000004,0.18000000000000002,0.08159392327070236
050af3f4-37ee-4792-a2d5-c86c71907be5,0.30000000000000004,0.23,0.08266725391149521
0527fd9e-a99b-48b7-9d3e-cc944a8b1377,0.0,0.03,0.047806765884160995
0527fd9e-a99b-48b7-9d3e-cc944a8b1377,0.0,0.08,0.06515615433454514
0527fd9e-a99b-48b7-9d3e-cc944a8b1377,0.0,0.13,0.06162146106362343
0527fd9e-a99b-48b7-9d3e-cc944a8b1377,0.0,0.18000000000000002,0.0591568686068058
0527fd9e-a99b-48b7-9d3e-cc944a8b1377,0.0,0.23,0.06429622322320938
0527fd9e-a99b-48b7-9d3e-cc944a8b1377,0.01,0.03,0.04971538111567497
0527fd9e-a99b-48b7-9d3e-cc944a8b1377,0.01,0.08,0.0564153753221035
0527fd9e-a99b-48b7-9d3e-cc944a8b1377,0.01,0.13,0.055489614605903625
0527fd9e-a99b-48b7-9d3e-cc944a8b1377,0.01,0.18000000000000002,0.06125622242689133
0527fd9e-a99b-48b7-9d3e-cc944a8b1377,0.01,0.23,0.0631711333990097
0527fd9e-a99b-48b7-9d3e-cc944a8b1377,0.02,0.03,0.04667853191494942
0527fd9e-a99b-48b7-9d3e-cc944a8b1377,0.02,0.08,0.054386477917432785
0527fd9e-a99b-48b7-9d3e-cc944a8b1377,0.02,0.13,0.059916798025369644
0527fd9e-a99b-48b7-9d3e-cc944a8b1377,0.02,0.18000000000000002,0.06033726781606674
0527fd9e-a99b-48b7-9d3e-cc944a8b1377,0.02,0.23,0.06304258853197098
0527fd9e-a99b-48b7-9d3e-cc944a8b1377,0.03,0.03,0.04610082507133484
0527fd9e-a99b-48b7-9d3e-cc944a8b1377,0.03,0.08,0.053806837648153305
0527fd9e-a99b-48b7-9d3e-cc944a8b1377,0.03,0.13,0.06088729575276375
0527fd9e-a99b-48b7-9d3e-cc944a8b1377,0.03,0.18000000000000002,0.06215842813253403
0527fd9e-a99b-48b7-9d3e-cc944a8b1377,0.03,0.23,0.0641864687204361
0527fd9e-a99b-48b7-9d3e-cc944a8b1377,0.04,0.03,0.0470428429543972
0527fd9e-a99b-48b7-9d3e-cc944a8b1377,0.04,0.08,0.055660098791122437
0527fd9e-a99b-48b7-9d3e-cc944a8b1377,0.05,0.03,0.05046224966645241
0527fd9e-a99b-48b7-9d3e-cc944a8b1377,0.05,0.08,0.05476049333810806
0527fd9e-a99b-48b7-9d3e-cc944a8b1377,0.05,0.13,0.06301093846559525
0527fd9e-a99b-48b7-9d3e-cc944a8b1377,0.05,0.18000000000000002,0.06869401782751083
0527fd9e-a99b-48b7-9d3e-cc944a8b1377,0.05,0.23,0.06355582922697067
0527fd9e-a99b-48b7-9d3e-cc944a8b1377,0.1,0.03,0.045841071754693985
0527fd9e-a99b-48b7-9d3e-cc944a8b1377,0.1,0.08,0.05661148577928543
0527fd9e-a99b-48b7-9d3e-cc944a8b1377,0.1,0.13,0.0644361823797226
0527fd9e-a99b-48b7-9d3e-cc944a8b1377,0.1,0.18000000000000002,0.06181633844971657
0527fd9e-a99b-48b7-9d3e-cc944a8b1377,0.1,0.23,0.0695585086941719
0527fd9e-a99b-48b7-9d3e-cc944a8b1377,0.15000000000000002,0.03,0.0497015081346035
0527fd9e-a99b-48b7-9d3e-cc944a8b1377,0.15000000000000002,0.08,0.05335663631558418
0527fd9e-a99b-48b7-9d3e-cc944a8b1377,0.15000000000000002,0.13,0.06514944136142731
0527fd9e-a99b-48b7-9d3e-cc944a8b1377,0.15000000000000002,0.18000000000000002,0.07245896011590958
0527fd9e-a99b-48b7-9d3e-cc944a8b1377,0.15000000000000002,0.23,0.06804833561182022
0527fd9e-a99b-48b7-9d3e-cc944a8b1377,0.2,0.03,0.04712674766778946
0527fd9e-a99b-48b7-9d3e-cc944a8b1377,0.2,0.08,0.06294302642345428
0527fd9e-a99b-48b7-9d3e-cc944a8b1377,0.2,0.13,0.07081030309200287
0527fd9e-a99b-48b7-9d3e-cc944a8b1377,0.2,0.18000000000000002,0.067713163793087
0527fd9e-a99b-48b7-9d3e-cc944a8b1377,0.2,0.23,0.07161524891853333
0527fd9e-a99b-48b7-9d3e-cc944a8b1377,0.25,0.03,0.048467859625816345
0527fd9e-a99b-48b7-9d3e-cc944a8b1377,0.25,0.08,0.0672587901353836
0527fd9e-a99b-48b7-9d3e-cc944a8b1377,0.25,0.13,0.06441335380077362
0527fd9e-a99b-48b7-9d3e-cc944a8b1377,0.25,0.18000000000000002,0.06650184839963913
0527fd9e-a99b-48b7-9d3e-cc944a8b1377,0.25,0.23,0.06763166934251785
0527fd9e-a99b-48b7-9d3e-cc944a8b1377,0.30000000000000004,0.03,0.04807030409574509
0527fd9e-a99b-48b7-9d3e-cc944a8b1377,0.30000000000000004,0.08,0.05234330892562866
0527fd9e-a99b-48b7-9d3e-cc944a8b1377,0.30000000000000004,0.13,0.06730223447084427
0527fd9e-a99b-48b7-9d3e-cc944a8b1377,0.30000000000000004,0.18000000000000002,0.06624647974967957
0527fd9e-a99b-48b7-9d3e-cc944a8b1377,0.30000000000000004,0.23,0.06734660267829895
0537af57-5218-48c8-a0ca-b244f53cfd0b,0.0,0.03,0.05175836756825447
0537af57-5218-48c8-a0ca-b244f53cfd0b,0.0,0.08,0.05673789605498314
0537af57-5218-48c8-a0ca-b244f53cfd0b,0.0,0.13,0.061318349093198776
0537af57-5218-48c8-a0ca-b244f53cfd0b,0.0,0.18000000000000002,0.06126952916383743
0537af57-5218-48c8-a0ca-b244f53cfd0b,0.0,0.23,0.05953291058540344
0537af57-5218-48c8-a0ca-b244f53cfd0b,0.01,0.03,0.046136271208524704
0537af57-5218-48c8-a0ca-b244f53cfd0b,0.01,0.08,0.05936175212264061
0537af57-5218-48c8-a0ca-b244f53cfd0b,0.01,0.13,0.0639723688364029
0537af57-5218-48c8-a0ca-b244f53cfd0b,0.01,0.18000000000000002,0.06261339783668518
0537af57-5218-48c8-a0ca-b244f53cfd0b,0.01,0.23,0.06608624756336212
0537af57-5218-48c8-a0ca-b244f53cfd0b,0.02,0.03,0.051479239016771317
0537af57-5218-48c8-a0ca-b244f53cfd0b,0.02,0.08,0.05552968010306358
0537af57-5218-48c8-a0ca-b244f53cfd0b,0.02,0.13,0.06159890815615654
0537af57-5218-48c8-a0ca-b244f53cfd0b,0.02,0.18000000000000002,0.06411425769329071
0537af57-5218-48c8-a0ca-b244f53cfd0b,0.02,0.23,0.06406444311141968
0537af57-5218-48c8-a0ca-b244f53cfd0b,0.03,0.03,0.047807205468416214
0537af57-5218-48c8-a0ca-b244f53cfd0b,0.03,0.08,0.05979454889893532
0537af57-5218-48c8-a0ca-b244f53cfd0b,0.03,0.13,0.06270802021026611
0537af57-5218-48c8-a0ca-b244f53cfd0b,0.03,0.18000000000000002,0.062466103583574295
0537af57-5218-48c8-a0ca-b244f53cfd0b,0.03,0.23,0.0662379264831543
0537af57-5218-48c8-a0ca-b244f53cfd0b,0.04,0.03,0.05104750767350197
0537af57-5218-48c8-a0ca-b244f53cfd0b,0.04,0.08,0.059815406799316406
0537af57-5218-48c8-a0ca-b244f53cfd0b,0.05,0.03,0.043681755661964417
0537af57-5218-48c8-a0ca-b244f53cfd0b,0.05,0.08,0.05494885891675949
0537af57-5218-48c8-a0ca-b244f53cfd0b,0.05,0.13,0.06919535994529724
0537af57-5218-48c8-a0ca-b244f53cfd0b,0.05,0.18000000000000002,0.06527352333068848
0537af57-5218-48c8-a0ca-b244f53cfd0b,0.05,0.23,0.06244546175003052
0537af57-5218-48c8-a0ca-b244f53cfd0b,0.1,0.03,0.05244475603103638
0537af57-5218-48c8-a0ca-b244f53cfd0b,0.1,0.08,0.06372309476137161
0537af57-5218-48c8-a0ca-b244f53cfd0b,0.1,0.13,0.07014184445142746
0537af57-5218-48c8-a0ca-b244f53cfd0b,0.1,0.18000000000000002,0.06309295445680618
0537af57-5218-48c8-a0ca-b244f53cfd0b,0.1,0.23,0.06131128966808319
0537af57-5218-48c8-a0ca-b244f53cfd0b,0.15000000000000002,0.03,0.046256907284259796
0537af57-5218-48c8-a0ca-b244f53cfd0b,0.15000000000000002,0.08,0.05330696329474449
0537af57-5218-48c8-a0ca-b244f53cfd0b,0.15000000000000002,0.13,0.054549671709537506
0537af57-5218-48c8-a0ca-b244f53cfd0b,0.15000000000000002,0.18000000000000002,0.06327976286411285
0537af57-5218-48c8-a0ca-b244f53cfd0b,0.15000000000000002,0.23,0.0578591451048851
0537af57-5218-48c8-a0ca-b244f53cfd0b,0.2,0.03,0.047858163714408875
0537af57-5218-48c8-a0ca-b244f53cfd0b,0.2,0.08,0.05413319170475006
0537af57-5218-48c8-a0ca-b244f53cfd0b,0.2,0.13,0.06307162344455719
0537af57-5218-48c8-a0ca-b244f53cfd0b,0.2,0.18000000000000002,0.06078299880027771
0537af57-5218-48c8-a0ca-b244f53cfd0b,0.2,0.23,0.06034218147397041
0537af57-5218-48c8-a0ca-b244f53cfd0b,0.25,0.03,0.05216088518500328
0537af57-5218-48c8-a0ca-b244f53cfd0b,0.25,0.08,0.05798156186938286
0537af57-5218-48c8-a0ca-b244f53cfd0b,0.25,0.13,0.0599396675825119
0537af57-5218-48c8-a0ca-b244f53cfd0b,0.25,0.18000000000000002,0.059923212975263596
0537af57-5218-48c8-a0ca-b244f53cfd0b,0.25,0.23,0.057787515223026276
0537af57-5218-48c8-a0ca-b244f53cfd0b,0.30000000000000004,0.03,0.046072185039520264
0537af57-5218-48c8-a0ca-b244f53cfd0b,0.30000000000000004,0.08,0.053486354649066925
0537af57-5218-48c8-a0ca-b244f53cfd0b,0.30000000000000004,0.13,0.05457039922475815
0537af57-5218-48c8-a0ca-b244f53cfd0b,0.30000000000000004,0.18000000000000002,0.06376860290765762
0537af57-5218-48c8-a0ca-b244f53cfd0b,0.30000000000000004,0.23,0.06417400389909744
0580de9d-dd07-49b0-9375-4788b0ab5e26,0.0,0.03,0.08245987445116043
0580de9d-dd07-49b0-9375-4788b0ab5e26,0.0,0.08,0.11989981681108475
0580de9d-dd07-49b0-9375-4788b0ab5e26,0.0,0.13,0.1302175223827362
0580de9d-dd07-49b0-9375-4788b0ab5e26,0.0,0.18000000000000002,0.13085076212882996
0580de9d-dd07-49b0-9375-4788b0ab5e26,0.0,0.23,0.1165337860584259
0580de9d-dd07-49b0-9375-4788b0ab5e26,0.01,0.03,0.072181336581707
0580de9d-dd07-49b0-9375-4788b0ab5e26,0.01,0.08,0.09972517937421799
0580de9d-dd07-49b0-9375-4788b0ab5e26,0.01,0.13,0.10078340023756027
0580de9d-dd07-49b0-9375-4788b0ab5e26,0.01,0.18000000000000002,0.10024704784154892
0580de9d-dd07-49b0-9375-4788b0ab5e26,0.01,0.23,0.09230656921863556
0580de9d-dd07-49b0-9375-4788b0ab5e26,0.02,0.03,0.07505498826503754
0580de9d-dd07-49b0-9375-4788b0ab5e26,0.02,0.08,0.09612280875444412
0580de9d-dd07-49b0-9375-4788b0ab5e26,0.02,0.13,0.10053270310163498
0580de9d-dd07-49b0-9375-4788b0ab5e26,0.02,0.18000000000000002,0.10018561035394669
0580de9d-dd07-49b0-9375-4788b0ab5e26,0.02,0.23,0.09153802692890167
0580de9d-dd07-49b0-9375-4788b0ab5e26,0.03,0.03,0.07706134766340256
0580de9d-dd07-49b0-9375-4788b0ab5e26,0.03,0.08,0.09183958172798157
0580de9d-dd07-49b0-9375-4788b0ab5e26,0.03,0.13,0.10118942707777023
0580de9d-dd07-49b0-9375-4788b0ab5e26,0.03,0.18000000000000002,0.09474682807922363
0580de9d-dd07-49b0-9375-4788b0ab5e26,0.03,0.23,0.0880943164229393
0580de9d-dd07-49b0-9375-4788b0ab5e26,0.04,0.03,0.06505437940359116
0580de9d-dd07-49b0-9375-4788b0ab5e26,0.04,0.08,0.08579505980014801
0580de9d-dd07-49b0-9375-4788b0ab5e26,0.05,0.03,0.0649687647819519
0580de9d-dd07-49b0-9375-4788b0ab5e26,0.05,0.08,0.08959391713142395
0580de9d-dd07-49b0-9375-4788b0ab5e26,0.05,0.13,0.09710868448019028
0580de9d-dd07-49b0-9375-4788b0ab5e26,0.05,0.18000000000000002,0.08559585362672806
0580de9d-dd07-49b0-9375-4788b0ab5e26,0.05,0.23,0.08356039226055145
0580de9d-dd07-49b0-9375-4788b0ab5e26,0.1,0.03,0.052049532532691956
0580de9d-dd07-49b0-9375-4788b0ab5e26,0.1,0.08,0.07335983961820602
0580de9d-dd07-49b0-9375-4788b0ab5e26,0.1,0.13,0.07952569425106049
0580de9d-dd07-49b0-9375-4788b0ab5e26,0.1,0.18000000000000002,0.08304623514413834
0580de9d-dd07-49b0-9375-4788b0ab5e26,0.1,0.23,0.08752609044313431
0580de9d-dd07-49b0-9375-4788b0ab5e26,0.15000000000000002,0.03,0.052125029265880585
0580de9d-dd07-49b0-9375-4788b0ab5e26,0.15000000000000002,0.08,0.07919072359800339
0580de9d-dd07-49b0-9375-4788b0ab5e26,0.15000000000000002,0.13,0.08123718202114105
0580de9d-dd07-49b0-9375-4788b0ab5e26,0.15000000000000002,0.18000000000000002,0.08512106537818909
0580de9d-dd07-49b0-9375-4788b0ab5e26,0.15000000000000002,0.23,0.08030003309249878
0580de9d-dd07-49b0-9375-4788b0ab5e26,0.2,0.03,0.052758775651454926
0580de9d-dd07-49b0-9375-4788b0ab5e26,0.2,0.08,0.05826720595359802
0580de9d-dd07-49b0-9375-4788b0ab5e26,0.2,0.13,0.06492877006530762
0580de9d-dd07-49b0-9375-4788b0ab5e26,0.2,0.18000000000000002,0.0668179839849472
0580de9d-dd07-49b0-9375-4788b0ab5e26,0.2,0.23,0.06561415642499924
0580de9d-dd07-49b0-9375-4788b0ab5e26,0.25,0.03,0.049416013062000275
0580de9d-dd07-49b0-9375-4788b0ab5e26,0.25,0.08,0.060174670070409775
0580de9d-dd07-49b0-9375-4788b0ab5e26,0.25,0.13,0.06278403103351593
0580de9d-dd07-49b0-9375-4788b0ab5e26,0.25,0.18000000000000002,0.061782389879226685
0580de9d-dd07-49b0-9375-4788b0ab5e26,0.25,0.23,0.0671587586402893
0580de9d-dd07-49b0-9375-4788b0ab5e26,0.30000000000000004,0.03,0.046103015542030334
0580de9d-dd07-49b0-9375-4788b0ab5e26,0.30000000000000004,0.08,0.05538596212863922
0580de9d-dd07-49b0-9375-4788b0ab5e26,0.30000000000000004,0.13,0.05493445694446564
0580de9d-dd07-49b0-9375-4788b0ab5e26,0.30000000000000004,0.18000000000000002,0.06293967366218567
0580de9d-dd07-49b0-9375-4788b0ab5e26,0.30000000000000004,0.23,0.0662907287478447
05856596-71dd-4f94-9b5a-91d37bfab165,0.0,0.03,0.06314832717180252
05856596-71dd-4f94-9b5a-91d37bfab165,0.0,0.08,0.08742602914571762
05856596-71dd-4f94-9b5a-91d37bfab165,0.0,0.13,0.07599242776632309
05856596-71dd-4f94-9b5a-91d37bfab165,0.0,0.18000000000000002,0.08658774942159653
05856596-71dd-4f94-9b5a-91d37bfab165,0.0,0.23,0.09055719524621964
05856596-71dd-4f94-9b5a-91d37bfab165,0.01,0.03,0.062234729528427124
05856596-71dd-4f94-9b5a-91d37bfab165,0.01,0.08,0.07880453020334244
05856596-71dd-4f94-9b5a-91d37bfab165,0.01,0.13,0.07400016486644745
05856596-71dd-4f94-9b5a-91d37bfab165,0.01,0.18000000000000002,0.08147916197776794
05856596-71dd-4f94-9b5a-91d37bfab165,0.01,0.23,0.07964210957288742
05856596-71dd-4f94-9b5a-91d37bfab165,0.02,0.03,0.0561298131942749
05856596-71dd-4f94-9b5a-91d37bfab165,0.02,0.08,0.07067136466503143
05856596-71dd-4f94-9b5a-91d37bfab165,0.02,0.13,0.0703267902135849
05856596-71dd-4f94-9b5a-91d37bfab165,0.02,0.18000000000000002,0.07437163591384888
05856596-71dd-4f94-9b5a-91d37bfab165,0.02,0.23,0.07954118400812149
05856596-71dd-4f94-9b5a-91d37bfab165,0.03,0.03,0.07037003338336945
05856596-71dd-4f94-9b5a-91d37bfab165,0.03,0.08,0.07597389817237854
05856596-71dd-4f94-9b5a-91d37bfab165,0.03,0.13,0.0693371593952179
05856596-71dd-4f94-9b5a-91d37bfab165,0.03,0.18000000000000002,0.07543065398931503
05856596-71dd-4f94-9b5a-91d37bfab165,0.03,0.23,0.07788603007793427
05856596-71dd-4f94-9b5a-91d37bfab165,0.04,0.03,0.07349961996078491
05856596-71dd-4f94-9b5a-91d37bfab165,0.04,0.08,0.0607428178191185
05856596-71dd-4f94-9b5a-91d37bfab165,0.05,0.03,0.05469633266329765
05856596-71dd-4f94-9b5a-91d37bfab165,0.05,0.08,0.057851776480674744
05856596-71dd-4f94-9b5a-91d37bfab165,0.05,0.13,0.07140427827835083
05856596-71dd-4f94-9b5a-91d37bfab165,0.05,0.18000000000000002,0.07447578758001328
05856596-71dd-4f94-9b5a-91d37bfab165,0.05,0.23,0.0723206028342247
05856596-71dd-4f94-9b5a-91d37bfab165,0.1,0.03,0.05420253798365593
05856596-71dd-4f94-9b5a-91d37bfab165,0.1,0.08,0.07829082757234573
05856596-71dd-4f94-9b5a-91d37bfab165,0.1,0.13,0.06992243975400925
05856596-71dd-4f94-9b5a-91d37bfab165,0.1,0.18000000000000002,0.07045243680477142
05856596-71dd-4f94-9b5a-91d37bfab165,0.1,0.23,0.0743396207690239
05856596-71dd-4f94-9b5a-91d37bfab165,0.15000000000000002,0.03,0.059763066470623016
05856596-71dd-4f94-9b5a-91d37bfab165,0.15000000000000002,0.08,0.06605939567089081
05856596-71dd-4f94-9b5a-91d37bfab165,0.15000000000000002,0.13,0.07043676823377609
05856596-71dd-4f94-9b5a-91d37bfab165,0.15000000000000002,0.18000000000000002,0.07499496638774872
05856596-71dd-4f94-9b5a-91d37bfab165,0.15000000000000002,0.23,0.08281555026769638
05856596-71dd-4f94-9b5a-91d37bfab165,0.2,0.03,0.06364332884550095
05856596-71dd-4f94-9b5a-91d37bfab165,0.2,0.08,0.07302697747945786
05856596-71dd-4f94-9b5a-91d37bfab165,0.2,0.13,0.06842149049043655
05856596-71dd-4f94-9b5a-91d37bfab165,0.2,0.18000000000000002,0.07524722069501877
05856596-71dd-4f94-9b5a-91d37bfab165,0.2,0.23,0.07790341973304749
05856596-71dd-4f94-9b5a-91d37bfab165,0.25,0.03,0.050277985632419586
05856596-71dd-4f94-9b5a-91d37bfab165,0.25,0.08,0.07220133394002914
05856596-71dd-4f94-9b5a-91d37bfab165,0.25,0.13,0.06515505164861679
05856596-71dd-4f94-9b5a-91d37bfab165,0.25,0.18000000000000002,0.06888935714960098
05856596-71dd-4f94-9b5a-91d37bfab165,0.25,0.23,0.0740240141749382
05856596-71dd-4f94-9b5a-91d37bfab165,0.30000000000000004,0.03,0.05014517530798912
05856596-71dd-4f94-9b5a-91d37bfab165,0.30000000000000004,0.08,0.0665588304400444
05856596-71dd-4f94-9b5a-91d37bfab165,0.30000000000000004,0.13,0.0703115239739418
05856596-71dd-4f94-9b5a-91d37bfab165,0.30000000000000004,0.18000000000000002,0.0734938308596611
05856596-71dd-4f94-9b5a-91d37bfab165,0.30000000000000004,0.23,0.07779733836650848
05936677-a8dd-4023-a080-671a21350b18,0.0,0.03,0.05392291024327278
05936677-a8dd-4023-a080-671a21350b18,0.0,0.08,0.05863773822784424
05936677-a8dd-4023-a080-671a21350b18,0.0,0.13,0.06524384021759033
05936677-a8dd-4023-a080-671a21350b18,0.0,0.18000000000000002,0.06434527784585953
05936677-a8dd-4023-a080-671a21350b18,0.0,0.23,0.06745898723602295
05936677-a8dd-4023-a080-671a21350b18,0.01,0.03,0.04925590753555298
05936677-a8dd-4023-a080-671a21350b18,0.01,0.08,0.059509072452783585
05936677-a8dd-4023-a080-671a21350b18,0.01,0.13,0.06282173097133636
05936677-a8dd-4023-a080-671a21350b18,0.01,0.18000000000000002,0.06489462405443192
05936677-a8dd-4023-a080-671a21350b18,0.01,0.23,0.07079987972974777
05936677-a8dd-4023-a080-671a21350b18,0.02,0.03,0.047802168875932693
05936677-a8dd-4023-a080-671a21350b18,0.02,0.08,0.06517687439918518
05936677-a8dd-4023-a080-671a21350b18,0.02,0.13,0.06647133827209473
05936677-a8dd-4023-a080-671a21350b18,0.02,0.18000000000000002,0.06690149009227753
05936677-a8dd-4023-a080-671a21350b18,0.02,0.23,0.07414628565311432
05936677-a8dd-4023-a080-671a21350b18,0.03,0.03,0.04779713973402977
05936677-a8dd-4023-a080-671a21350b18,0.03,0.08,0.0627618059515953
05936677-a8dd-4023-a080-671a21350b18,0.03,0.13,0.06458917260169983
05936677-a8dd-4023-a080-671a21350b18,0.03,0.18000000000000002,0.06553928554058075
05936677-a8dd-4023-a080-671a21350b18,0.03,0.23,0.07174305617809296
05936677-a8dd-4023-a080-671a21350b18,0.04,0.03,0.0508759580552578
05936677-a8dd-4023-a080-671a21350b18,0.04,0.08,0.058026257902383804
05936677-a8dd-4023-a080-671a21350b18,0.05,0.03,0.05472862720489502
05936677-a8dd-4023-a080-671a21350b18,0.05,0.08,0.05964414402842522
05936677-a8dd-4023-a080-671a21350b18,0.05,0.13,0.06313077360391617
05936677-a8dd-4023-a080-671a21350b18,0.05,0.18000000000000002,0.06633103638887405
05936677-a8dd-4023-a080-671a21350b18,0.05,0.23,0.07944367825984955
05936677-a8dd-4023-a080-671a21350b18,0.1,0.03,0.05307624116539955
05936677-a8dd-4023-a080-671a21350b18,0.1,0.08,0.06773050129413605
05936677-a8dd-4023-a080-671a21350b18,0.1,0.13,0.06527256965637207
05936677-a8dd-4023-a080-671a21350b18,0.1,0.18000000000000002,0.07923704385757446
05936677-a8dd-4023-a080-671a21350b18,0.1,0.23,0.08216419070959091
05936677-a8dd-4023-a080-671a21350b18,0.15000000000000002,0.03,0.048635780811309814
05936677-a8dd-4023-a080-671a21350b18,0.15000000000000002,0.08,0.06635201722383499
05936677-a8dd-4023-a080-671a21350b18,0.15000000000000002,0.13,0.08076640963554382
05936677-a8dd-4023-a080-671a21350b18,0.15000000000000002,0.18000000000000002,0.08128286898136139
05936677-a8dd-4023-a080-671a21350b18,0.15000000000000002,0.23,0.07147186249494553
05936677-a8dd-4023-a080-671a21350b18,0.2,0.03,0.053395047783851624
05936677-a8dd-4023-a080-671a21350b18,0.2,0.08,0.06682942807674408
05936677-a8dd-4023-a080-671a21350b18,0.2,0.13,0.06907844543457031
05936677-a8dd-4023-a080-671a21350b18,0.2,0.18000000000000002,0.06816732883453369
05936677-a8dd-4023-a080-671a21350b18,0.2,0.23,0.0735372006893158
05936677-a8dd-4023-a080-671a21350b18,0.25,0.03,0.06181493401527405
05936677-a8dd-4023-a080-671a21350b18,0.25,0.08,0.06406647711992264
05936677-a8dd-4023-a080-671a21350b18,0.25,0.13,0.0673561692237854
05936677-a8dd-4023-a080-671a21350b18,0.25,0.18000000000000002,0.08284006267786026
05936677-a8dd-4023-a080-671a21350b18,0.25,0.23,0.07475806772708893
05936677-a8dd-4023-a080-671a21350b18,0.30000000000000004,0.03,0.05316803231835365
05936677-a8dd-4023-a080-671a21350b18,0.30000000000000004,0.08,0.067619688808918
05936677-a8dd-4023-a080-671a21350b18,0.30000000000000004,0.13,0.08746867626905441
05936677-a8dd-4023-a080-671a21350b18,0.30000000000000004,0.18000000000000002,0.07547026872634888
05936677-a8dd-4023-a080-671a21350b18,0.30000000000000004,0.23,0.07099878787994385
0593dddb-497e-4249-80be-e5acc5091412,0.0,0.03,0.04592053219676018
0593dddb-497e-4249-80be-e5acc5091412,0.0,0.08,0.06449738889932632
0593dddb-497e-4249-80be-e5acc5091412,0.0,0.13,0.06444240361452103
0593dddb-497e-4249-80be-e5acc5091412,0.0,0.18000000000000002,0.06661203503608704
0593dddb-497e-4249-80be-e5acc5091412,0.0,0.23,0.06653070449829102
0593dddb-497e-4249-80be-e5acc5091412,0.01,0.03,0.04849214106798172
0593dddb-497e-4249-80be-e5acc5091412,0.01,0.08,0.05943933501839638
0593dddb-497e-4249-80be-e5acc5091412,0.01,0.13,0.06321049481630325
0593dddb-497e-4249-80be-e5acc5091412,0.01,0.18000000000000002,0.06504825502634048
0593dddb-497e-4249-80be-e5acc5091412,0.01,0.23,0.0668664276599884
0593dddb-497e-4249-80be-e5acc5091412,0.02,0.03,0.04667346924543381
0593dddb-497e-4249-80be-e5acc5091412,0.02,0.08,0.06063475087285042
0593dddb-497e-4249-80be-e5acc5091412,0.02,0.13,0.06366981565952301
0593dddb-497e-4249-80be-e5acc5091412,0.02,0.18000000000000002,0.061868589371442795
0593dddb-497e-4249-80be-e5acc5091412,0.02,0.23,0.06955114752054214
0593dddb-497e-4249-80be-e5acc5091412,0.03,0.03,0.04821605980396271
0593dddb-497e-4249-80be-e5acc5091412,0.03,0.08,0.062184885144233704
0593dddb-497e-4249-80be-e5acc5091412,0.03,0.13,0.06044142320752144
0593dddb-497e-4249-80be-e5acc5091412,0.03,0.18000000000000002,0.06225144490599632
0593dddb-497e-4249-80be-e5acc5091412,0.03,0.23,0.0729534924030304
0593dddb-497e-4249-80be-e5acc5091412,0.04,0.03,0.05113949626684189
0593dddb-497e-4249-80be-e5acc5091412,0.04,0.08,0.061182901263237
0593dddb-497e-4249-80be-e5acc5091412,0.05,0.03,0.045928213745355606
0593dddb-497e-4249-80be-e5acc5091412,0.05,0.08,0.05241936072707176
0593dddb-497e-4249-80be-e5acc5091412,0.05,0.13,0.06001029163599014
0593dddb-497e-4249-80be-e5acc5091412,0.05,0.18000000000000002,0.06689397990703583
0593dddb-497e-4249-80be-e5acc5091412,0.05,0.23,0.07556872814893723
0593dddb-497e-4249-80be-e5acc5091412,0.1,0.03,0.04660153016448021
0593dddb-497e-4249-80be-e5acc5091412,0.1,0.08,0.04774852097034454
0593dddb-497e-4249-80be-e5acc5091412,0.1,0.13,0.06351988762617111
0593dddb-497e-4249-80be-e5acc5091412,0.1,0.18000000000000002,0.0723297968506813
0593dddb-497e-4249-80be-e5acc5091412,0.1,0.23,0.06606188416481018
0593dddb-497e-4249-80be-e5acc5091412,0.15000000000000002,0.03,0.05106109008193016
0593dddb-497e-4249-80be-e5acc5091412,0.15000000000000002,0.08,0.05740075930953026
0593dddb-497e-4249-80be-e5acc5091412,0.15000000000000002,0.13,0.06722305715084076
0593dddb-497e-4249-80be-e5acc5091412,0.15000000000000002,0.18000000000000002,0.06044870242476463
0593dddb-497e-4249-80be-e5acc5091412,0.15000000000000002,0.23,0.056731123477220535
0593dddb-497e-4249-80be-e5acc5091412,0.2,0.03,0.04862547293305397
0593dddb-497e-4249-80be-e5acc5091412,0.2,0.08,0.0557137168943882
0593dddb-497e-4249-80be-e5acc5091412,0.2,0.13,0.06266559660434723
0593dddb-497e-4249-80be-e5acc5091412,0.2,0.18000000000000002,0.05839088559150696
0593dddb-497e-4249-80be-e5acc5091412,0.2,0.23,0.060116562992334366
0593dddb-497e-4249-80be-e5acc5091412,0.25,0.03,0.04581306502223015
0593dddb-497e-4249-80be-e5acc5091412,0.25,0.08,0.059686411172151566
0593dddb-497e-4249-80be-e5acc5091412,0.25,0.13,0.055019479244947433
0593dddb-497e-4249-80be-e5acc5091412,0.25,0.18000000000000002,0.06382973492145538
0593dddb-497e-4249-80be-e5acc5091412,0.25,0.23,0.056938286870718
0593dddb-497e-4249-80be-e5acc5091412,0.30000000000000004,0.03,0.04515174776315689
0593dddb-497e-4249-80be-e5acc5091412,0.30000000000000004,0.08,0.05261102691292763
0593dddb-497e-4249-80be-e5acc5091412,0.30000000000000004,0.13,0.06544660031795502
0593dddb-497e-4249-80be-e5acc5091412,0.30000000000000004,0.18000000000000002,0.05830775573849678
0593dddb-497e-4249-80be-e5acc5091412,0.30000000000000004,0.23,0.060597557574510574
06627436-fd01-4a28-b623-cbcb387a3f24,0.0,0.03,0.1276564747095108
06627436-fd01-4a28-b623-cbcb387a3f24,0.0,0.08,0.1568872034549713
06627436-fd01-4a28-b623-cbcb387a3f24,0.0,0.13,0.14544855058193207
06627436-fd01-4a28-b623-cbcb387a3f24,0.0,0.18000000000000002,0.11488400399684906
06627436-fd01-4a28-b623-cbcb387a3f24,0.0,0.23,0.10179609060287476
06627436-fd01-4a28-b623-cbcb387a3f24,0.01,0.03,0.11662818491458893
06627436-fd01-4a28-b623-cbcb387a3f24,0.01,0.08,0.14787472784519196
06627436-fd01-4a28-b623-cbcb387a3f24,0.01,0.13,0.13649840652942657
06627436-fd01-4a28-b623-cbcb387a3f24,0.01,0.18000000000000002,0.12013828754425049
06627436-fd01-4a28-b623-cbcb387a3f24,0.01,0.23,0.11212192475795746
06627436-fd01-4a28-b623-cbcb387a3f24,0.02,0.03,0.12086105346679688
06627436-fd01-4a28-b623-cbcb387a3f24,0.02,0.08,0.14335590600967407
06627436-fd01-4a28-b623-cbcb387a3f24,0.02,0.13,0.13638505339622498
06627436-fd01-4a28-b623-cbcb387a3f24,0.02,0.18000000000000002,0.1231437623500824
06627436-fd01-4a28-b623-cbcb387a3f24,0.02,0.23,0.10838103294372559
06627436-fd01-4a28-b623-cbcb387a3f24,0.03,0.03,0.1144506111741066
06627436-fd01-4a28-b623-cbcb387a3f24,0.03,0.08,0.1360580027103424
06627436-fd01-4a28-b623-cbcb387a3f24,0.03,0.13,0.1372271627187729
06627436-fd01-4a28-b623-cbcb387a3f24,0.03,0.18000000000000002,0.1170806884765625
06627436-fd01-4a28-b623-cbcb387a3f24,0.03,0.23,0.10499981790781021
06627436-fd01-4a28-b623-cbcb387a3f24,0.04,0.03,0.11640893667936325
06627436-fd01-4a28-b623-cbcb387a3f24,0.04,0.08,0.14009517431259155
06627436-fd01-4a28-b623-cbcb387a3f24,0.05,0.03,0.11782041192054749
06627436-fd01-4a28-b623-cbcb387a3f24,0.05,0.08,0.1432882696390152
06627436-fd01-4a28-b623-cbcb387a3f24,0.05,0.13,0.12130405008792877
06627436-fd01-4a28-b623-cbcb387a3f24,0.05,0.18000000000000002,0.11128945648670197
06627436-fd01-4a28-b623-cbcb387a3f24,0.05,0.23,0.10109057277441025
06627436-fd01-4a28-b623-cbcb387a3f24,0.1,0.03,0.10686347633600235
06627436-fd01-4a28-b623-cbcb387a3f24,0.1,0.08,0.12758557498455048
06627436-fd01-4a28-b623-cbcb387a3f24,0.1,0.13,0.12340626865625381
06627436-fd01-4a28-b623-cbcb387a3f24,0.1,0.18000000000000002,0.10620779544115067
06627436-fd01-4a28-b623-cbcb387a3f24,0.1,0.23,0.0908566489815712
06627436-fd01-4a28-b623-cbcb387a3f24,0.15000000000000002,0.03,0.08499409258365631
06627436-fd01-4a28-b623-cbcb387a3f24,0.15000000000000002,0.08,0.0937013030052185
06627436-fd01-4a28-b623-cbcb387a3f24,0.15000000000000002,0.13,0.07680364698171616
06627436-fd01-4a28-b623-cbcb387a3f24,0.15000000000000002,0.18000000000000002,0.06868048757314682
06627436-fd01-4a28-b623-cbcb387a3f24,0.15000000000000002,0.23,0.07469674199819565
06627436-fd01-4a28-b623-cbcb387a3f24,0.2,0.03,0.054005857557058334
06627436-fd01-4a28-b623-cbcb387a3f24,0.2,0.08,0.07029423862695694
06627436-fd01-4a28-b623-cbcb387a3f24,0.2,0.13,0.07358269393444061
06627436-fd01-4a28-b623-cbcb387a3f24,0.2,0.18000000000000002,0.07655227184295654
06627436-fd01-4a28-b623-cbcb387a3f24,0.2,0.23,0.08137360960245132
06627436-fd01-4a28-b623-cbcb387a3f24,0.25,0.03,0.05022749304771423
06627436-fd01-4a28-b623-cbcb387a3f24,0.25,0.08,0.06150165572762489
06627436-fd01-4a28-b623-cbcb387a3f24,0.25,0.13,0.06561141461133957
06627436-fd01-4a28-b623-cbcb387a3f24,0.25,0.18000000000000002,0.07111428678035736
06627436-fd01-4a28-b623-cbcb387a3f24,0.25,0.23,0.0711013674736023
06627436-fd01-4a28-b623-cbcb387a3f24,0.30000000000000004,0.03,0.05113085359334946
06627436-fd01-4a28-b623-cbcb387a3f24,0.30000000000000004,0.08,0.0561533123254776
06627436-fd01-4a28-b623-cbcb387a3f24,0.30000000000000004,0.13,0.063383549451828
06627436-fd01-4a28-b623-cbcb387a3f24,0.30000000000000004,0.18000000000000002,0.06372255831956863
06627436-fd01-4a28-b623-cbcb387a3f24,0.30000000000000004,0.23,0.0631561130285263
06a6aeab-d775-4e69-99a3-e74c97b37cc4,0.0,0.03,0.2700641453266144
06a6aeab-d775-4e69-99a3-e74c97b37cc4,0.0,0.08,0.3711359202861786
06a6aeab-d775-4e69-99a3-e74c97b37cc4,0.0,0.13,0.33805051445961
06a6aeab-d775-4e69-99a3-e74c97b37cc4,0.0,0.18000000000000002,0.29840973019599915
06a6aeab-d775-4e69-99a3-e74c97b37cc4,0.0,0.23,0.26498326659202576
06a6aeab-d775-4e69-99a3-e74c97b37cc4,0.01,0.03,0.2465287446975708
06a6aeab-d775-4e69-99a3-e74c97b37cc4,0.01,0.08,0.2976055145263672
06a6aeab-d775-4e69-99a3-e74c97b37cc4,0.01,0.13,0.24949833750724792
06a6aeab-d775-4e69-99a3-e74c97b37cc4,0.01,0.18000000000000002,0.22163522243499756
06a6aeab-d775-4e69-99a3-e74c97b37cc4,0.01,0.23,0.20082741975784302
06a6aeab-d775-4e69-99a3-e74c97b37cc4,0.02,0.03,0.24819354712963104
06a6aeab-d775-4e69-99a3-e74c97b37cc4,0.02,0.08,0.2682020962238312
06a6aeab-d775-4e69-99a3-e74c97b37cc4,0.02,0.13,0.23467743396759033
06a6aeab-d775-4e69-99a3-e74c97b37cc4,0.02,0.18000000000000002,0.201695516705513
06a6aeab-d775-4e69-99a3-e74c97b37cc4,0.02,0.23,0.18563739955425262
06a6aeab-d775-4e69-99a3-e74c97b37cc4,0.03,0.03,0.248190239071846
06a6aeab-d775-4e69-99a3-e74c97b37cc4,0.03,0.08,0.23348784446716309
06a6aeab-d775-4e69-99a3-e74c97b37cc4,0.03,0.13,0.20677940547466278
06a6aeab-d775-4e69-99a3-e74c97b37cc4,0.03,0.18000000000000002,0.1819978952407837
06a6aeab-d775-4e69-99a3-e74c97b37cc4,0.03,0.23,0.1656796783208847
06a6aeab-d775-4e69-99a3-e74c97b37cc4,0.04,0.03,0.19122996926307678
06a6aeab-d775-4e69-99a3-e74c97b37cc4,0.04,0.08,0.200280100107193
06a6aeab-d775-4e69-99a3-e74c97b37cc4,0.05,0.03,0.20389865338802338
06a6aeab-d775-4e69-99a3-e74c97b37cc4,0.05,0.08,0.20908062160015106
06a6aeab-d775-4e69-99a3-e74c97b37cc4,0.05,0.13,0.18476861715316772
06a6aeab-d775-4e69-99a3-e74c97b37cc4,0.05,0.18000000000000002,0.1598171591758728
06a6aeab-d775-4e69-99a3-e74c97b37cc4,0.05,0.23,0.1421402394771576
06a6aeab-d775-4e69-99a3-e74c97b37cc4,0.1,0.03,0.09922193735837936
06a6aeab-d775-4e69-99a3-e74c97b37cc4,0.1,0.08,0.09529631584882736
06a6aeab-d775-4e69-99a3-e74c97b37cc4,0.1,0.13,0.0876632034778595
06a6aeab-d775-4e69-99a3-e74c97b37cc4,0.1,0.18000000000000002,0.07803425192832947
06a6aeab-d775-4e69-99a3-e74c97b37cc4,0.1,0.23,0.07071099430322647
06a6aeab-d775-4e69-99a3-e74c97b37cc4,0.15000000000000002,0.03,0.05189749598503113
06a6aeab-d775-4e69-99a3-e74c97b37cc4,0.15000000000000002,0.08,0.06636004894971848
06a6aeab-d775-4e69-99a3-e74c97b37cc4,0.15000000000000002,0.13,0.06575379520654678
06a6aeab-d775-4e69-99a3-e74c97b37cc4,0.15000000000000002,0.18000000000000002,0.06275762617588043
06a6aeab-d775-4e69-99a3-e74c97b37cc4,0.15000000000000002,0.23,0.0626712515950203
06a6aeab-d775-4e69-99a3-e74c97b37cc4,0.2,0.03,0.05395745113492012
06a6aeab-d775-4e69-99a3-e74c97b37cc4,0.2,0.08,0.05501197651028633
06a6aeab-d775-4e69-99a3-e74c97b37cc4,0.2,0.13,0.05517496168613434
06a6aeab-d775-4e69-99a3-e74c97b37cc4,0.2,0.18000000000000002,0.05654548108577728
06a6aeab-d775-4e69-99a3-e74c97b37cc4,0.2,0.23,0.05702558904886246
06a6aeab-d775-4e69-99a3-e74c97b37cc4,0.25,0.03,0.048984698951244354
06a6aeab-d775-4e69-99a3-e74c97b37cc4,0.25,0.08,0.054676398634910583
06a6aeab-d775-4e69-99a3-e74c97b37cc4,0.25,0.13,0.061535488814115524
06a6aeab-d775-4e69-99a3-e74c97b37cc4,0.25,0.18000000000000002,0.05887846648693085
06a6aeab-d775-4e69-99a3-e74c97b37cc4,0.25,0.23,0.06345603615045547
06a6aeab-d775-4e69-99a3-e74c97b37cc4,0.30000000000000004,0.03,0.05342550575733185
06a6aeab-d775-4e69-99a3-e74c97b37cc4,0.30000000000000004,0.08,0.05327768996357918
06a6aeab-d775-4e69-99a3-e74c97b37cc4,0.30000000000000004,0.13,0.055679500102996826
06a6aeab-d775-4e69-99a3-e74c97b37cc4,0.30000000000000004,0.18000000000000002,0.06285405904054642
06a6aeab-d775-4e69-99a3-e74c97b37cc4,0.30000000000000004,0.23,0.06138540804386139
06aadfa4-b311-4364-9eac-0d845bdf7d49,0.0,0.03,0.1251148134469986
06aadfa4-b311-4364-9eac-0d845bdf7d49,0.0,0.08,0.17327645421028137
06aadfa4-b311-4364-9eac-0d845bdf7d49,0.0,0.13,0.15654398500919342
06aadfa4-b311-4364-9eac-0d845bdf7d49,0.0,0.18000000000000002,0.13945631682872772
06aadfa4-b311-4364-9eac-0d845bdf7d49,0.0,0.23,0.12620027363300323
06aadfa4-b311-4364-9eac-0d845bdf7d49,0.01,0.03,0.1280190795660019
06aadfa4-b311-4364-9eac-0d845bdf7d49,0.01,0.08,0.16435326635837555
06aadfa4-b311-4364-9eac-0d845bdf7d49,0.01,0.13,0.14199353754520416
06aadfa4-b311-4364-9eac-0d845bdf7d49,0.01,0.18000000000000002,0.12589247524738312
06aadfa4-b311-4364-9eac-0d845bdf7d49,0.01,0.23,0.11218924820423126
06aadfa4-b311-4364-9eac-0d845bdf7d49,0.02,0.03,0.12732169032096863
06aadfa4-b311-4364-9eac-0d845bdf7d49,0.02,0.08,0.1433638334274292
06aadfa4-b311-4364-9eac-0d845bdf7d49,0.02,0.13,0.13124039769172668
06aadfa4-b311-4364-9eac-0d845bdf7d49,0.02,0.18000000000000002,0.11146517843008041
06aadfa4-b311-4364-9eac-0d845bdf7d49,0.02,0.23,0.10289882123470306
06aadfa4-b311-4364-9eac-0d845bdf7d49,0.03,0.03,0.11866993457078934
06aadfa4-b311-4364-9eac-0d845bdf7d49,0.03,0.08,0.1268215775489807
06aadfa4-b311-4364-9eac-0d845bdf7d49,0.03,0.13,0.11216273903846741
06aadfa4-b311-4364-9eac-0d845bdf7d49,0.03,0.18000000000000002,0.09915457665920258
06aadfa4-b311-4364-9eac-0d845bdf7d49,0.03,0.23,0.091166652739048
06aadfa4-b311-4364-9eac-0d845bdf7d49,0.04,0.03,0.0982358455657959
06aadfa4-b311-4364-9eac-0d845bdf7d49,0.04,0.08,0.10603228211402893
06aadfa4-b311-4364-9eac-0d845bdf7d49,0.05,0.03,0.08281923830509186
06aadfa4-b311-4364-9eac-0d845bdf7d49,0.05,0.08,0.08501189947128296
06aadfa4-b311-4364-9eac-0d845bdf7d49,0.05,0.13,0.07732723653316498
06aadfa4-b311-4364-9eac-0d845bdf7d49,0.05,0.18000000000000002,0.07257350534200668
06aadfa4-b311-4364-9eac-0d845bdf7d49,0.05,0.23,0.07336614280939102
06aadfa4-b311-4364-9eac-0d845bdf7d49,0.1,0.03,0.04847527667880058
06aadfa4-b311-4364-9eac-0d845bdf7d49,0.1,0.08,0.06579984724521637
06aadfa4-b311-4364-9eac-0d845bdf7d49,0.1,0.13,0.07215259969234467
06aadfa4-b311-4364-9eac-0d845bdf7d49,0.1,0.18000000000000002,0.07652020454406738
06aadfa4-b311-4364-9eac-0d845bdf7d49,0.1,0.23,0.07782082259654999
06aadfa4-b311-4364-9eac-0d845bdf7d49,0.15000000000000002,0.03,0.05295269936323166
06aadfa4-b311-4364-9eac-0d845bdf7d49,0.15000000000000002,0.08,0.06465732306241989
06aadfa4-b311-4364-9eac-0d845bdf7d49,0.15000000000000002,0.13,0.0706072449684143
06aadfa4-b311-4364-9eac-0d845bdf7d49,0.15000000000000002,0.18000000000000002,0.0791567713022232
06aadfa4-b311-4364-9eac-0d845bdf7d49,0.15000000000000002,0.23,0.08324748277664185
06aadfa4-b311-4364-9eac-0d845bdf7d49,0.2,0.03,0.04914086312055588
06aadfa4-b311-4364-9eac-0d845bdf7d49,0.2,0.08,0.062313392758369446
06aadfa4-b311-4364-9eac-0d845bdf7d49,0.2,0.13,0.06786593049764633
06aadfa4-b311-4364-9eac-0d845bdf7d49,0.2,0.18000000000000002,0.07438933849334717
06aadfa4-b311-4364-9eac-0d845bdf7d49,0.2,0.23,0.0775502622127533
06aadfa4-b311-4364-9eac-0d845bdf7d49,0.25,0.03,0.04532172903418541
06aadfa4-b311-4364-9eac-0d845bdf7d49,0.25,0.08,0.05806392431259155
06aadfa4-b311-4364-9eac-0d845bdf7d49,0.25,0.13,0.06536166369915009
06aadfa4-b311-4364-9eac-0d845bdf7d49,0.25,0.18000000000000002,0.07139243930578232
06aadfa4-b311-4364-9eac-0d845bdf7d49,0.25,0.23,0.07660464942455292
06aadfa4-b311-4364-9eac-0d845bdf7d49,0.30000000000000004,0.03,0.0491950698196888
06aadfa4-b311-4364-9eac-0d845bdf7d49,0.30000000000000004,0.08,0.060131534934043884
06aadfa4-b311-4364-9eac-0d845bdf7d49,0.30000000000000004,0.13,0.07136166095733643
06aadfa4-b311-4364-9eac-0d845bdf7d49,0.30000000000000004,0.18000000000000002,0.08572136610746384
06aadfa4-b311-4364-9eac-0d845bdf7d49,0.30000000000000004,0.23,0.08380729705095291
0710c84b-3dfa-47d6-a4d6-804df0f74b4f,0.0,0.03,0.050948616117239
0710c84b-3dfa-47d6-a4d6-804df0f74b4f,0.0,0.08,0.07167551666498184
0710c84b-3dfa-47d6-a4d6-804df0f74b4f,0.0,0.13,0.08018533140420914
0710c84b-3dfa-47d6-a4d6-804df0f74b4f,0.0,0.18000000000000002,0.07454933971166611
0710c84b-3dfa-47d6-a4d6-804df0f74b4f,0.0,0.23,0.06407412886619568
0710c84b-3dfa-47d6-a4d6-804df0f74b4f,0.01,0.03,0.05593130365014076
0710c84b-3dfa-47d6-a4d6-804df0f74b4f,0.01,0.08,0.07480403780937195
0710c84b-3dfa-47d6-a4d6-804df0f74b4f,0.01,0.13,0.08590151369571686
0710c84b-3dfa-47d6-a4d6-804df0f74b4f,0.01,0.18000000000000002,0.0754350796341896
0710c84b-3dfa-47d6-a4d6-804df0f74b4f,0.01,0.23,0.0693393424153328
0710c84b-3dfa-47d6-a4d6-804df0f74b4f,0.02,0.03,0.05512162297964096
0710c84b-3dfa-47d6-a4d6-804df0f74b4f,0.02,0.08,0.08039219677448273
0710c84b-3dfa-47d6-a4d6-804df0f74b4f,0.02,0.13,0.08146458119153976
0710c84b-3dfa-47d6-a4d6-804df0f74b4f,0.02,0.18000000000000002,0.07285375893115997
0710c84b-3dfa-47d6-a4d6-804df0f74b4f,0.02,0.23,0.06777278333902359
0710c84b-3dfa-47d6-a4d6-804df0f74b4f,0.03,0.03,0.05059574916958809
0710c84b-3dfa-47d6-a4d6-804df0f74b4f,0.03,0.08,0.08072890341281891
0710c84b-3dfa-47d6-a4d6-804df0f74b4f,0.03,0.13,0.07903609424829483
0710c84b-3dfa-47d6-a4d6-804df0f74b4f,0.03,0.18000000000000002,0.06945217400789261
0710c84b-3dfa-47d6-a4d6-804df0f74b4f,0.03,0.23,0.07260260730981827
0710c84b-3dfa-47d6-a4d6-804df0f74b4f,0.04,0.03,0.05291855335235596
0710c84b-3dfa-47d6-a4d6-804df0f74b4f,0.04,0.08,0.07401775568723679
0710c84b-3dfa-47d6-a4d6-804df0f74b4f,0.05,0.03,0.05920000374317169
0710c84b-3dfa-47d6-a4d6-804df0f74b4f,0.05,0.08,0.07306156307458878
0710c84b-3dfa-47d6-a4d6-804df0f74b4f,0.05,0.13,0.07362070679664612
0710c84b-3dfa-47d6-a4d6-804df0f74b4f,0.05,0.18000000000000002,0.06447674334049225
0710c84b-3dfa-47d6-a4d6-804df0f74b4f,0.05,0.23,0.07568968087434769
0710c84b-3dfa-47d6-a4d6-804df0f74b4f,0.1,0.03,0.04916689172387123
0710c84b-3dfa-47d6-a4d6-804df0f74b4f,0.1,0.08,0.06608783453702927
0710c84b-3dfa-47d6-a4d6-804df0f74b4f,0.1,0.13,0.06989677995443344
0710c84b-3dfa-47d6-a4d6-804df0f74b4f,0.1,0.18000000000000002,0.08157600462436676
0710c84b-3dfa-47d6-a4d6-804df0f74b4f,0.1,0.23,0.0766092985868454
0710c84b-3dfa-47d6-a4d6-804df0f74b4f,0.15000000000000002,0.03,0.047018762677907944
0710c84b-3dfa-47d6-a4d6-804df0f74b4f,0.15000000000000002,0.08,0.06816762685775757
0710c84b-3dfa-47d6-a4d6-804df0f74b4f,0.15000000000000002,0.13,0.08378586173057556
0710c84b-3dfa-47d6-a4d6-804df0f74b4f,0.15000000000000002,0.18000000000000002,0.07505946606397629
0710c84b-3dfa-47d6-a4d6-804df0f74b4f,0.15000000000000002,0.23,0.06478054076433182
0710c84b-3dfa-47d6-a4d6-804df0f74b4f,0.2,0.03,0.058462124317884445
0710c84b-3dfa-47d6-a4d6-804df0f74b4f,0.2,0.08,0.09164420515298843
0710c84b-3dfa-47d6-a4d6-804df0f74b4f,0.2,0.13,0.07722121477127075
0710c84b-3dfa-47d6-a4d6-804df0f74b4f,0.2,0.18000000000000002,0.06957271695137024
0710c84b-3dfa-47d6-a4d6-804df0f74b4f,0.2,0.23,0.06944483518600464
0710c84b-3dfa-47d6-a4d6-804df0f74b4f,0.25,0.03,0.06048709526658058
0710c84b-3dfa-47d6-a4d6-804df0f74b4f,0.25,0.08,0.06528331339359283
0710c84b-3dfa-47d6-a4d6-804df0f74b4f,0.25,0.13,0.07015921175479889
0710c84b-3dfa-47d6-a4d6-804df0f74b4f,0.25,0.18000000000000002,0.06925103813409805
0710c84b-3dfa-47d6-a4d6-804df0f74b4f,0.25,0.23,0.06603167951107025
0710c84b-3dfa-47d6-a4d6-804df0f74b4f,0.30000000000000004,0.03,0.05168067663908005
0710c84b-3dfa-47d6-a4d6-804df0f74b4f,0.30000000000000004,0.08,0.06196826323866844
0710c84b-3dfa-47d6-a4d6-804df0f74b4f,0.30000000000000004,0.13,0.06101394072175026
0710c84b-3dfa-47d6-a4d6-804df0f74b4f,0.30000000000000004,0.18000000000000002,0.06011052429676056
0710c84b-3dfa-47d6-a4d6-804df0f74b4f,0.30000000000000004,0.23,0.06377938389778137
0739ed72-46a6-4df4-a813-44bb3f2db093,0.0,0.03,0.05162696912884712
0739ed72-46a6-4df4-a813-44bb3f2db093,0.0,0.08,0.05734698474407196
0739ed72-46a6-4df4-a813-44bb3f2db093,0.0,0.13,0.05779622495174408
0739ed72-46a6-4df4-a813-44bb3f2db093,0.0,0.18000000000000002,0.06685088574886322
0739ed72-46a6-4df4-a813-44bb3f2db093,0.0,0.23,0.07051010429859161
0739ed72-46a6-4df4-a813-44bb3f2db093,0.01,0.03,0.04459622502326965
0739ed72-46a6-4df4-a813-44bb3f2db093,0.01,0.08,0.05922236293554306
0739ed72-46a6-4df4-a813-44bb3f2db093,0.01,0.13,0.059728674590587616
0739ed72-46a6-4df4-a813-44bb3f2db093,0.01,0.18000000000000002,0.0654628723859787
0739ed72-46a6-4df4-a813-44bb3f2db093,0.01,0.23,0.06920608878135681
0739ed72-46a6-4df4-a813-44bb3f2db093,0.02,0.03,0.0473601371049881
0739ed72-46a6-4df4-a813-44bb3f2db093,0.02,0.08,0.05615120753645897
0739ed72-46a6-4df4-a813-44bb3f2db093,0.02,0.13,0.06628163903951645
0739ed72-46a6-4df4-a813-44bb3f2db093,0.02,0.18000000000000002,0.06616397202014923
0739ed72-46a6-4df4-a813-44bb3f2db093,0.02,0.23,0.06685515493154526
0739ed72-46a6-4df4-a813-44bb3f2db093,0.03,0.03,0.04453864321112633
0739ed72-46a6-4df4-a813-44bb3f2db093,0.03,0.08,0.05662756413221359
0739ed72-46a6-4df4-a813-44bb3f2db093,0.03,0.13,0.06415151059627533
0739ed72-46a6-4df4-a813-44bb3f2db093,0.03,0.18000000000000002,0.0653822273015976
0739ed72-46a6-4df4-a813-44bb3f2db093,0.03,0.23,0.06947275996208191
0739ed72-46a6-4df4-a813-44bb3f2db093,0.04,0.03,0.05071922764182091
0739ed72-46a6-4df4-a813-44bb3f2db093,0.04,0.08,0.05599398538470268
0739ed72-46a6-4df4-a813-44bb3f2db093,0.05,0.03,0.04524537920951843
0739ed72-46a6-4df4-a813-44bb3f2db093,0.05,0.08,0.05855019763112068
0739ed72-46a6-4df4-a813-44bb3f2db093,0.05,0.13,0.06925710290670395
0739ed72-46a6-4df4-a813-44bb3f2db093,0.05,0.18000000000000002,0.07660987228155136
0739ed72-46a6-4df4-a813-44bb3f2db093,0.05,0.23,0.07175888121128082
0739ed72-46a6-4df4-a813-44bb3f2db093,0.1,0.03,0.05986066162586212
0739ed72-46a6-4df4-a813-44bb3f2db093,0.1,0.08,0.06407187879085541
0739ed72-46a6-4df4-a813-44bb3f2db093,0.1,0.13,0.0723685622215271
0739ed72-46a6-4df4-a813-44bb3f2db093,0.1,0.18000000000000002,0.07108782231807709
0739ed72-46a6-4df4-a813-44bb3f2db093,0.1,0.23,0.07070676982402802
0739ed72-46a6-4df4-a813-44bb3f2db093,0.15000000000000002,0.03,0.05007290840148926
0739ed72-46a6-4df4-a813-44bb3f2db093,0.15000000000000002,0.08,0.06972586363554001
0739ed72-46a6-4df4-a813-44bb3f2db093,0.15000000000000002,0.13,0.07797721028327942
0739ed72-46a6-4df4-a813-44bb3f2db093,0.15000000000000002,0.18000000000000002,0.08124823123216629
0739ed72-46a6-4df4-a813-44bb3f2db093,0.15000000000000002,0.23,0.08954105526208878
0739ed72-46a6-4df4-a813-44bb3f2db093,0.2,0.03,0.045482050627470016
0739ed72-46a6-4df4-a813-44bb3f2db093,0.2,0.08,0.06451033800840378
0739ed72-46a6-4df4-a813-44bb3f2db093,0.2,0.13,0.07169590890407562
0739ed72-46a6-4df4-a813-44bb3f2db093,0.2,0.18000000000000002,0.08178558200597763
0739ed72-46a6-4df4-a813-44bb3f2db093,0.2,0.23,0.08214989304542542
0739ed72-46a6-4df4-a813-44bb3f2db093,0.25,0.03,0.05386090651154518
0739ed72-46a6-4df4-a813-44bb3f2db093,0.25,0.08,0.055667176842689514
0739ed72-46a6-4df4-a813-44bb3f2db093,0.25,0.13,0.08220724761486053
0739ed72-46a6-4df4-a813-44bb3f2db093,0.25,0.18000000000000002,0.08137494325637817
0739ed72-46a6-4df4-a813-44bb3f2db093,0.25,0.23,0.09442202001810074
0739ed72-46a6-4df4-a813-44bb3f2db093,0.30000000000000004,0.03,0.05195543169975281
0739ed72-46a6-4df4-a813-44bb3f2db093,0.30000000000000004,0.08,0.07800013571977615
0739ed72-46a6-4df4-a813-44bb3f2db093,0.30000000000000004,0.13,0.07514534890651703
0739ed72-46a6-4df4-a813-44bb3f2db093,0.30000000000000004,0.18000000000000002,0.089785136282444
0739ed72-46a6-4df4-a813-44bb3f2db093,0.30000000000000004,0.23,0.08889058232307434
07b8e8af-19ab-4278-ac60-601809cdebbb,0.0,0.03,0.0498175323009491
07b8e8af-19ab-4278-ac60-601809cdebbb,0.0,0.08,0.0643252581357956
07b8e8af-19ab-4278-ac60-601809cdebbb,0.0,0.13,0.0644921213388443
07b8e8af-19ab-4278-ac60-601809cdebbb,0.0,0.18000000000000002,0.0649692565202713
07b8e8af-19ab-4278-ac60-601809cdebbb,0.0,0.23,0.06957260519266129
07b8e8af-19ab-4278-ac60-601809cdebbb,0.01,0.03,0.050106193870306015
07b8e8af-19ab-4278-ac60-601809cdebbb,0.01,0.08,0.06655951589345932
07b8e8af-19ab-4278-ac60-601809cdebbb,0.01,0.13,0.0669480711221695
07b8e8af-19ab-4278-ac60-601809cdebbb,0.01,0.18000000000000002,0.06722663342952728
07b8e8af-19ab-4278-ac60-601809cdebbb,0.01,0.23,0.07189253717660904
07b8e8af-19ab-4278-ac60-601809cdebbb,0.02,0.03,0.05438948795199394
07b8e8af-19ab-4278-ac60-601809cdebbb,0.02,0.08,0.061214298009872437
07b8e8af-19ab-4278-ac60-601809cdebbb,0.02,0.13,0.06599339842796326
07b8e8af-19ab-4278-ac60-601809cdebbb,0.02,0.18000000000000002,0.06515935063362122
07b8e8af-19ab-4278-ac60-601809cdebbb,0.02,0.23,0.07416880875825882
07b8e8af-19ab-4278-ac60-601809cdebbb,0.03,0.03,0.05683816224336624
07b8e8af-19ab-4278-ac60-601809cdebbb,0.03,0.08,0.06642292439937592
07b8e8af-19ab-4278-ac60-601809cdebbb,0.03,0.13,0.06289253383874893
07b8e8af-19ab-4278-ac60-601809cdebbb,0.03,0.18000000000000002,0.06957168132066727
07b8e8af-19ab-4278-ac60-601809cdebbb,0.03,0.23,0.07286897301673889
07b8e8af-19ab-4278-ac60-601809cdebbb,0.04,0.03,0.05522550642490387
07b8e8af-19ab-4278-ac60-601809cdebbb,0.04,0.08,0.06166331470012665
07b8e8af-19ab-4278-ac60-601809cdebbb,0.05,0.03,0.05577615275979042
07b8e8af-19ab-4278-ac60-601809cdebbb,0.05,0.08,0.06266371160745621
07b8e8af-19ab-4278-ac60-601809cdebbb,0.05,0.13,0.06493688374757767
07b8e8af-19ab-4278-ac60-601809cdebbb,0.05,0.18000000000000002,0.06767744570970535
07b8e8af-19ab-4278-ac60-601809cdebbb,0.05,0.23,0.06790269166231155
07b8e8af-19ab-4278-ac60-601809cdebbb,0.1,0.03,0.051788173615932465
07b8e8af-19ab-4278-ac60-601809cdebbb,0.1,0.08,0.05741073936223984
07b8e8af-19ab-4278-ac60-601809cdebbb,0.1,0.13,0.06552053987979889
07b8e8af-19ab-4278-ac60-601809cdebbb,0.1,0.18000000000000002,0.06514476984739304
07b8e8af-19ab-4278-ac60-601809cdebbb,0.1,0.23,0.06584133952856064
07b8e8af-19ab-4278-ac60-601809cdebbb,0.15000000000000002,0.03,0.050030048936605453
07b8e8af-19ab-4278-ac60-601809cdebbb,0.15000000000000002,0.08,0.06618333607912064
07b8e8af-19ab-4278-ac60-601809cdebbb,0.15000000000000002,0.13,0.05916424095630646
07b8e8af-19ab-4278-ac60-601809cdebbb,0.15000000000000002,0.18000000000000002,0.06117096543312073
07b8e8af-19ab-4278-ac60-601809cdebbb,0.15000000000000002,0.23,0.058962151408195496
07b8e8af-19ab-4278-ac60-601809cdebbb,0.2,0.03,0.046273283660411835
07b8e8af-19ab-4278-ac60-601809cdebbb,0.2,0.08,0.056061699986457825
07b8e8af-19ab-4278-ac60-601809cdebbb,0.2,0.13,0.05875099450349808
07b8e8af-19ab-4278-ac60-601809cdebbb,0.2,0.18000000000000002,0.05840552970767021
07b8e8af-19ab-4278-ac60-601809cdebbb,0.2,0.23,0.06118560954928398
07b8e8af-19ab-4278-ac60-601809cdebbb,0.25,0.03,0.04851670563220978
07b8e8af-19ab-4278-ac60-601809cdebbb,0.25,0.08,0.06327052414417267
07b8e8af-19ab-4278-ac60-601809cdebbb,0.25,0.13,0.05889566242694855
07b8e8af-19ab-4278-ac60-601809cdebbb,0.25,0.18000000000000002,0.0630853921175003
07b8e8af-19ab-4278-ac60-601809cdebbb,0.25,0.23,0.06436324119567871
07b8e8af-19ab-4278-ac60-601809cdebbb,0.30000000000000004,0.03,0.050023600459098816
07b8e8af-19ab-4278-ac60-601809cdebbb,0.30000000000000004,0.08,0.05804251506924629
07b8e8af-19ab-4278-ac60-601809cdebbb,0.30000000000000004,0.13,0.06399661302566528
07b8e8af-19ab-4278-ac60-601809cdebbb,0.30000000000000004,0.18000000000000002,0.06458790600299835
07b8e8af-19ab-4278-ac60-601809cdebbb,0.30000000000000004,0.23,0.0750371664762497
07ef9601-713a-440f-a2ec-c6ae5d6408ac,0.0,0.03,0.049417827278375626
07ef9601-713a-440f-a2ec-c6ae5d6408ac,0.0,0.08,0.057421207427978516
07ef9601-713a-440f-a2ec-c6ae5d6408ac,0.0,0.13,0.06533180177211761
07ef9601-713a-440f-a2ec-c6ae5d6408ac,0.0,0.18000000000000002,0.06826671212911606
07ef9601-713a-440f-a2ec-c6ae5d6408ac,0.0,0.23,0.07465115934610367
07ef9601-713a-440f-a2ec-c6ae5d6408ac,0.01,0.03,0.05536375194787979
07ef9601-713a-440f-a2ec-c6ae5d6408ac,0.01,0.08,0.06415172666311264
07ef9601-713a-440f-a2ec-c6ae5d6408ac,0.01,0.13,0.06486833840608597
07ef9601-713a-440f-a2ec-c6ae5d6408ac,0.01,0.18000000000000002,0.06612005084753036
07ef9601-713a-440f-a2ec-c6ae5d6408ac,0.01,0.23,0.07200298458337784
07ef9601-713a-440f-a2ec-c6ae5d6408ac,0.02,0.03,0.05027403682470322
07ef9601-713a-440f-a2ec-c6ae5d6408ac,0.02,0.08,0.06054007634520531
07ef9601-713a-440f-a2ec-c6ae5d6408ac,0.02,0.13,0.0634220615029335
07ef9601-713a-440f-a2ec-c6ae5d6408ac,0.02,0.18000000000000002,0.06728115677833557
07ef9601-713a-440f-a2ec-c6ae5d6408ac,0.02,0.23,0.07042288035154343
07ef9601-713a-440f-a2ec-c6ae5d6408ac,0.03,0.03,0.051676101982593536
07ef9601-713a-440f-a2ec-c6ae5d6408ac,0.03,0.08,0.0661628469824791
07ef9601-713a-440f-a2ec-c6ae5d6408ac,0.03,0.13,0.06674192100763321
07ef9601-713a-440f-a2ec-c6ae5d6408ac,0.03,0.18000000000000002,0.07873786240816116
07ef9601-713a-440f-a2ec-c6ae5d6408ac,0.03,0.23,0.07641094923019409
07ef9601-713a-440f-a2ec-c6ae5d6408ac,0.04,0.03,0.04776916652917862
07ef9601-713a-440f-a2ec-c6ae5d6408ac,0.04,0.08,0.06254521012306213
07ef9601-713a-440f-a2ec-c6ae5d6408ac,0.05,0.03,0.04918166622519493
07ef9601-713a-440f-a2ec-c6ae5d6408ac,0.05,0.08,0.06117318570613861
07ef9601-713a-440f-a2ec-c6ae5d6408ac,0.05,0.13,0.07374507933855057
07ef9601-713a-440f-a2ec-c6ae5d6408ac,0.05,0.18000000000000002,0.07895854115486145
07ef9601-713a-440f-a2ec-c6ae5d6408ac,0.05,0.23,0.07690634578466415
07ef9601-713a-440f-a2ec-c6ae5d6408ac,0.1,0.03,0.0552791953086853
07ef9601-713a-440f-a2ec-c6ae5d6408ac,0.1,0.08,0.07360460609197617
07ef9601-713a-440f-a2ec-c6ae5d6408ac,0.1,0.13,0.0815531313419342
07ef9601-713a-440f-a2ec-c6ae5d6408ac,0.1,0.18000000000000002,0.08847638964653015
07ef9601-713a-440f-a2ec-c6ae5d6408ac,0.1,0.23,0.08304043859243393
07ef9601-713a-440f-a2ec-c6ae5d6408ac,0.15000000000000002,0.03,0.04809359088540077
07ef9601-713a-440f-a2ec-c6ae5d6408ac,0.15000000000000002,0.08,0.08088922500610352
07ef9601-713a-440f-a2ec-c6ae5d6408ac,0.15000000000000002,0.13,0.08715423196554184
07ef9601-713a-440f-a2ec-c6ae5d6408ac,0.15000000000000002,0.18000000000000002,0.08518658578395844
07ef9601-713a-440f-a2ec-c6ae5d6408ac,0.15000000000000002,0.23,0.08470968902111053
07ef9601-713a-440f-a2ec-c6ae5d6408ac,0.2,0.03,0.07005661725997925
07ef9601-713a-440f-a2ec-c6ae5d6408ac,0.2,0.08,0.08341190218925476
07ef9601-713a-440f-a2ec-c6ae5d6408ac,0.2,0.13,0.08424453437328339
07ef9601-713a-440f-a2ec-c6ae5d6408ac,0.2,0.18000000000000002,0.07992192357778549
07ef9601-713a-440f-a2ec-c6ae5d6408ac,0.2,0.23,0.0758114904165268
07ef9601-713a-440f-a2ec-c6ae5d6408ac,0.25,0.03,0.05930362269282341
07ef9601-713a-440f-a2ec-c6ae5d6408ac,0.25,0.08,0.06548081338405609
07ef9601-713a-440f-a2ec-c6ae5d6408ac,0.25,0.13,0.07266496121883392
07ef9601-713a-440f-a2ec-c6ae5d6408ac,0.25,0.18000000000000002,0.07045605033636093
07ef9601-713a-440f-a2ec-c6ae5d6408ac,0.25,0.23,0.07209781557321548
07ef9601-713a-440f-a2ec-c6ae5d6408ac,0.30000000000000004,0.03,0.050611015409231186
07ef9601-713a-440f-a2ec-c6ae5d6408ac,0.30000000000000004,0.08,0.05457381159067154
07ef9601-713a-440f-a2ec-c6ae5d6408ac,0.30000000000000004,0.13,0.058646705001592636
07ef9601-713a-440f-a2ec-c6ae5d6408ac,0.30000000000000004,0.18000000000000002,0.06185443326830864
07ef9601-713a-440f-a2ec-c6ae5d6408ac,0.30000000000000004,0.23,0.06445621699094772
08bb843c-83da-43e9-9abb-edb2293987c5,0.0,0.03,0.046974796801805496
08bb843c-83da-43e9-9abb-edb2293987c5,0.0,0.08,0.05496974289417267
08bb843c-83da-43e9-9abb-edb2293987c5,0.0,0.13,0.05885874107480049
08bb843c-83da-43e9-9abb-edb2293987c5,0.0,0.18000000000000002,0.061562106013298035
08bb843c-83da-43e9-9abb-edb2293987c5,0.0,0.23,0.06941789388656616
08bb843c-83da-43e9-9abb-edb2293987c5,0.01,0.03,0.046604134142398834
08bb843c-83da-43e9-9abb-edb2293987c5,0.01,0.08,0.0559113472700119
08bb843c-83da-43e9-9abb-edb2293987c5,0.01,0.13,0.06017084792256355
08bb843c-83da-43e9-9abb-edb2293987c5,0.01,0.18000000000000002,0.06353651732206345
08bb843c-83da-43e9-9abb-edb2293987c5,0.01,0.23,0.07083301246166229
08bb843c-83da-43e9-9abb-edb2293987c5,0.02,0.03,0.04569642245769501
08bb843c-83da-43e9-9abb-edb2293987c5,0.02,0.08,0.053209882229566574
08bb843c-83da-43e9-9abb-edb2293987c5,0.02,0.13,0.05900903046131134
08bb843c-83da-43e9-9abb-edb2293987c5,0.02,0.18000000000000002,0.06556853652000427
08bb843c-83da-43e9-9abb-edb2293987c5,0.02,0.23,0.07198996841907501
08bb843c-83da-43e9-9abb-edb2293987c5,0.03,0.03,0.05016839876770973
08bb843c-83da-43e9-9abb-edb2293987c5,0.03,0.08,0.0524812787771225
08bb843c-83da-43e9-9abb-edb2293987c5,0.03,0.13,0.06630770862102509
08bb843c-83da-43e9-9abb-edb2293987c5,0.03,0.18000000000000002,0.06475534290075302
08bb843c-83da-43e9-9abb-edb2293987c5,0.03,0.23,0.06922683119773865
08bb843c-83da-43e9-9abb-edb2293987c5,0.04,0.03,0.04829174652695656
08bb843c-83da-43e9-9abb-edb2293987c5,0.04,0.08,0.05804877728223801
08bb843c-83da-43e9-9abb-edb2293987c5,0.05,0.03,0.05141836032271385
08bb843c-83da-43e9-9abb-edb2293987c5,0.05,0.08,0.05789254605770111
08bb843c-83da-43e9-9abb-edb2293987c5,0.05,0.13,0.05986100062727928
08bb843c-83da-43e9-9abb-edb2293987c5,0.05,0.18000000000000002,0.06746089458465576
08bb843c-83da-43e9-9abb-edb2293987c5,0.05,0.23,0.07119893282651901
08bb843c-83da-43e9-9abb-edb2293987c5,0.1,0.03,0.050614017993211746
08bb843c-83da-43e9-9abb-edb2293987c5,0.1,0.08,0.060981448739767075
08bb843c-83da-43e9-9abb-edb2293987c5,0.1,0.13,0.06659715622663498
08bb843c-83da-43e9-9abb-edb2293987c5,0.1,0.18000000000000002,0.0687468871474266
08bb843c-83da-43e9-9abb-edb2293987c5,0.1,0.23,0.06937780976295471
08bb843c-83da-43e9-9abb-edb2293987c5,0.15000000000000002,0.03,0.04498619958758354
08bb843c-83da-43e9-9abb-edb2293987c5,0.15000000000000002,0.08,0.06756472587585449
08bb843c-83da-43e9-9abb-edb2293987c5,0.15000000000000002,0.13,0.0631176009774208
08bb843c-83da-43e9-9abb-edb2293987c5,0.15000000000000002,0.18000000000000002,0.06591697037220001
08bb843c-83da-43e9-9abb-edb2293987c5,0.15000000000000002,0.23,0.06670167297124863
08bb843c-83da-43e9-9abb-edb2293987c5,0.2,0.03,0.048195980489254
08bb843c-83da-43e9-9abb-edb2293987c5,0.2,0.08,0.05321623384952545
08bb843c-83da-43e9-9abb-edb2293987c5,0.2,0.13,0.06224263831973076
08bb843c-83da-43e9-9abb-edb2293987c5,0.2,0.18000000000000002,0.06019436940550804
08bb843c-83da-43e9-9abb-edb2293987c5,0.2,0.23,0.06449344754219055
08bb843c-83da-43e9-9abb-edb2293987c5,0.25,0.03,0.047238823026418686
08bb843c-83da-43e9-9abb-edb2293987c5,0.25,0.08,0.05355941876769066
08bb843c-83da-43e9-9abb-edb2293987c5,0.25,0.13,0.05900265648961067
08bb843c-83da-43e9-9abb-edb2293987c5,0.25,0.18000000000000002,0.0628228709101677
08bb843c-83da-43e9-9abb-edb2293987c5,0.25,0.23,0.06532315164804459
08bb843c-83da-43e9-9abb-edb2293987c5,0.30000000000000004,0.03,0.04753241315484047
08bb843c-83da-43e9-9abb-edb2293987c5,0.30000000000000004,0.08,0.06384345144033432
08bb843c-83da-43e9-9abb-edb2293987c5,0.30000000000000004,0.13,0.06741280853748322
08bb843c-83da-43e9-9abb-edb2293987c5,0.30000000000000004,0.18000000000000002,0.06601577252149582
08bb843c-83da-43e9-9abb-edb2293987c5,0.30000000000000004,0.23,0.06908761709928513
08ec65d2-2974-41f9-b3c4-b2eb3b0aedab,0.0,0.03,0.5001711845397949
08ec65d2-2974-41f9-b3c4-b2eb3b0aedab,0.0,0.08,0.5771821141242981
08ec65d2-2974-41f9-b3c4-b2eb3b0aedab,0.0,0.13,0.4891551733016968
08ec65d2-2974-41f9-b3c4-b2eb3b0aedab,0.0,0.18000000000000002,0.40036967396736145
08ec65d2-2974-41f9-b3c4-b2eb3b0aedab,0.0,0.23,0.3402470350265503
08ec65d2-2974-41f9-b3c4-b2eb3b0aedab,0.01,0.03,0.4149530827999115
08ec65d2-2974-41f9-b3c4-b2eb3b0aedab,0.01,0.08,0.4359816610813141
08ec65d2-2974-41f9-b3c4-b2eb3b0aedab,0.01,0.13,0.34800976514816284
08ec65d2-2974-41f9-b3c4-b2eb3b0aedab,0.01,0.18000000000000002,0.29328030347824097
08ec65d2-2974-41f9-b3c4-b2eb3b0aedab,0.01,0.23,0.25373396277427673
08ec65d2-2974-41f9-b3c4-b2eb3b0aedab,0.02,0.03,0.42260366678237915
08ec65d2-2974-41f9-b3c4-b2eb3b0aedab,0.02,0.08,0.4014364182949066
08ec65d2-2974-41f9-b3c4-b2eb3b0aedab,0.02,0.13,0.320552259683609
08ec65d2-2974-41f9-b3c4-b2eb3b0aedab,0.02,0.18000000000000002,0.2667791545391083
08ec65d2-2974-41f9-b3c4-b2eb3b0aedab,0.02,0.23,0.23217952251434326
08ec65d2-2974-41f9-b3c4-b2eb3b0aedab,0.03,0.03,0.43274858593940735
08ec65d2-2974-41f9-b3c4-b2eb3b0aedab,0.03,0.08,0.3555261790752411
08ec65d2-2974-41f9-b3c4-b2eb3b0aedab,0.03,0.13,0.2884962856769562
08ec65d2-2974-41f9-b3c4-b2eb3b0aedab,0.03,0.18000000000000002,0.24221883714199066
08ec65d2-2974-41f9-b3c4-b2eb3b0aedab,0.03,0.23,0.21115201711654663
08ec65d2-2974-41f9-b3c4-b2eb3b0aedab,0.04,0.03,0.37076443433761597
08ec65d2-2974-41f9-b3c4-b2eb3b0aedab,0.04,0.08,0.31856152415275574
08ec65d2-2974-41f9-b3c4-b2eb3b0aedab,0.05,0.03,0.4134523272514343
08ec65d2-2974-41f9-b3c4-b2eb3b0aedab,0.05,0.08,0.3301936089992523
08ec65d2-2974-41f9-b3c4-b2eb3b0aedab,0.05,0.13,0.2455674409866333
08ec65d2-2974-41f9-b3c4-b2eb3b0aedab,0.05,0.18000000000000002,0.19960665702819824
08ec65d2-2974-41f9-b3c4-b2eb3b0aedab,0.05,0.23,0.17596079409122467
08ec65d2-2974-41f9-b3c4-b2eb3b0aedab,0.1,0.03,0.1475166380405426
08ec65d2-2974-41f9-b3c4-b2eb3b0aedab,0.1,0.08,0.10614825040102005
08ec65d2-2974-41f9-b3c4-b2eb3b0aedab,0.1,0.13,0.0965103730559349
08ec65d2-2974-41f9-b3c4-b2eb3b0aedab,0.1,0.18000000000000002,0.08500835299491882
08ec65d2-2974-41f9-b3c4-b2eb3b0aedab,0.1,0.23,0.07490445673465729
08ec65d2-2974-41f9-b3c4-b2eb3b0aedab,0.15000000000000002,0.03,0.0603935606777668
08ec65d2-2974-41f9-b3c4-b2eb3b0aedab,0.15000000000000002,0.08,0.0685582160949707
08ec65d2-2974-41f9-b3c4-b2eb3b0aedab,0.15000000000000002,0.13,0.06155909225344658
08ec65d2-2974-41f9-b3c4-b2eb3b0aedab,0.15000000000000002,0.18000000000000002,0.0696844607591629
08ec65d2-2974-41f9-b3c4-b2eb3b0aedab,0.15000000000000002,0.23,0.07065068930387497
08ec65d2-2974-41f9-b3c4-b2eb3b0aedab,0.2,0.03,0.060470473021268845
08ec65d2-2974-41f9-b3c4-b2eb3b0aedab,0.2,0.08,0.061286989599466324
08ec65d2-2974-41f9-b3c4-b2eb3b0aedab,0.2,0.13,0.0692930668592453
08ec65d2-2974-41f9-b3c4-b2eb3b0aedab,0.2,0.18000000000000002,0.06949928402900696
08ec65d2-2974-41f9-b3c4-b2eb3b0aedab,0.2,0.23,0.066874198615551
08ec65d2-2974-41f9-b3c4-b2eb3b0aedab,0.25,0.03,0.0543229877948761
08ec65d2-2974-41f9-b3c4-b2eb3b0aedab,0.25,0.08,0.06244487315416336
08ec65d2-2974-41f9-b3c4-b2eb3b0aedab,0.25,0.13,0.06324048340320587
08ec65d2-2974-41f9-b3c4-b2eb3b0aedab,0.25,0.18000000000000002,0.06906327605247498
08ec65d2-2974-41f9-b3c4-b2eb3b0aedab,0.25,0.23,0.06984494626522064
08ec65d2-2974-41f9-b3c4-b2eb3b0aedab,0.30000000000000004,0.03,0.05493732914328575
08ec65d2-2974-41f9-b3c4-b2eb3b0aedab,0.30000000000000004,0.08,0.06403506547212601
08ec65d2-2974-41f9-b3c4-b2eb3b0aedab,0.30000000000000004,0.13,0.06925533711910248
08ec65d2-2974-41f9-b3c4-b2eb3b0aedab,0.30000000000000004,0.18000000000000002,0.07125832885503769
08ec65d2-2974-41f9-b3c4-b2eb3b0aedab,0.30000000000000004,0.23,0.07055126130580902
090e92e3-ff10-4cc1-aa7e-318b77ae5c76,0.0,0.03,0.09871092438697815
090e92e3-ff10-4cc1-aa7e-318b77ae5c76,0.0,0.08,0.11754994094371796
090e92e3-ff10-4cc1-aa7e-318b77ae5c76,0.0,0.13,0.09681112319231033
090e92e3-ff10-4cc1-aa7e-318b77ae5c76,0.0,0.18000000000000002,0.07751335203647614
090e92e3-ff10-4cc1-aa7e-318b77ae5c76,0.0,0.23,0.07301316410303116
090e92e3-ff10-4cc1-aa7e-318b77ae5c76,0.01,0.03,0.12835821509361267
090e92e3-ff10-4cc1-aa7e-318b77ae5c76,0.01,0.08,0.1177172139286995
090e92e3-ff10-4cc1-aa7e-318b77ae5c76,0.01,0.13,0.09113307297229767
090e92e3-ff10-4cc1-aa7e-318b77ae5c76,0.01,0.18000000000000002,0.07689511030912399
090e92e3-ff10-4cc1-aa7e-318b77ae5c76,0.01,0.23,0.07085973024368286
090e92e3-ff10-4cc1-aa7e-318b77ae5c76,0.02,0.03,0.11408314853906631
090e92e3-ff10-4cc1-aa7e-318b77ae5c76,0.02,0.08,0.0917954370379448
090e92e3-ff10-4cc1-aa7e-318b77ae5c76,0.02,0.13,0.0928799957036972
090e92e3-ff10-4cc1-aa7e-318b77ae5c76,0.02,0.18000000000000002,0.07555312663316727
090e92e3-ff10-4cc1-aa7e-318b77ae5c76,0.02,0.23,0.0680965930223465
090e92e3-ff10-4cc1-aa7e-318b77ae5c76,0.03,0.03,0.10884114354848862
090e92e3-ff10-4cc1-aa7e-318b77ae5c76,0.03,0.08,0.0881194919347763
090e92e3-ff10-4cc1-aa7e-318b77ae5c76,0.03,0.13,0.09210880845785141
090e92e3-ff10-4cc1-aa7e-318b77ae5c76,0.03,0.18000000000000002,0.0723520889878273
090e92e3-ff10-4cc1-aa7e-318b77ae5c76,0.03,0.23,0.06736279278993607
090e92e3-ff10-4cc1-aa7e-318b77ae5c76,0.04,0.03,0.10095011442899704
090e92e3-ff10-4cc1-aa7e-318b77ae5c76,0.04,0.08,0.08277163654565811
090e92e3-ff10-4cc1-aa7e-318b77ae5c76,0.05,0.03,0.07906634360551834
090e92e3-ff10-4cc1-aa7e-318b77ae5c76,0.05,0.08,0.08981768786907196
090e92e3-ff10-4cc1-aa7e-318b77ae5c76,0.05,0.13,0.07979876548051834
090e92e3-ff10-4cc1-aa7e-318b77ae5c76,0.05,0.18000000000000002,0.07147776335477829
090e92e3-ff10-4cc1-aa7e-318b77ae5c76,0.05,0.23,0.06715109199285507
090e92e3-ff10-4cc1-aa7e-318b77ae5c76,0.1,0.03,0.08043476194143295
090e92e3-ff10-4cc1-aa7e-318b77ae5c76,0.1,0.08,0.07166464626789093
090e92e3-ff10-4cc1-aa7e-318b77ae5c76,0.1,0.13,0.061154935508966446
090e92e3-ff10-4cc1-aa7e-318b77ae5c76,0.1,0.18000000000000002,0.05883648619055748
090e92e3-ff10-4cc1-aa7e-318b77ae5c76,0.1,0.23,0.05750977247953415
090e92e3-ff10-4cc1-aa7e-318b77ae5c76,0.15000000000000002,0.03,0.05618525668978691
090e92e3-ff10-4cc1-aa7e-318b77ae5c76,0.15000000000000002,0.08,0.06625378131866455
090e92e3-ff10-4cc1-aa7e-318b77ae5c76,0.15000000000000002,0.13,0.06579484790563583
090e92e3-ff10-4cc1-aa7e-318b77ae5c76,0.15000000000000002,0.18000000000000002,0.0659794807434082
090e92e3-ff10-4cc1-aa7e-318b77ae5c76,0.15000000000000002,0.23,0.05983112007379532
090e92e3-ff10-4cc1-aa7e-318b77ae5c76,0.2,0.03,0.048532504588365555
090e92e3-ff10-4cc1-aa7e-318b77ae5c76,0.2,0.08,0.07206404954195023
090e92e3-ff10-4cc1-aa7e-318b77ae5c76,0.2,0.13,0.07221471518278122
090e92e3-ff10-4cc1-aa7e-318b77ae5c76,0.2,0.18000000000000002,0.06557496637105942
090e92e3-ff10-4cc1-aa7e-318b77ae5c76,0.2,0.23,0.069169782102108
090e92e3-ff10-4cc1-aa7e-318b77ae5c76,0.25,0.03,0.05312064290046692
090e92e3-ff10-4cc1-aa7e-318b77ae5c76,0.25,0.08,0.05636266991496086
090e92e3-ff10-4cc1-aa7e-318b77ae5c76,0.25,0.13,0.06887171417474747
090e92e3-ff10-4cc1-aa7e-318b77ae5c76,0.25,0.18000000000000002,0.07191318273544312
090e92e3-ff10-4cc1-aa7e-318b77ae5c76,0.25,0.23,0.06496217846870422
090e92e3-ff10-4cc1-aa7e-318b77ae5c76,0.30000000000000004,0.03,0.04663079231977463
090e92e3-ff10-4cc1-aa7e-318b77ae5c76,0.30000000000000004,0.08,0.0645630955696106
090e92e3-ff10-4cc1-aa7e-318b77ae5c76,0.30000000000000004,0.13,0.07302401959896088
090e92e3-ff10-4cc1-aa7e-318b77ae5c76,0.30000000000000004,0.18000000000000002,0.06491529941558838
090e92e3-ff10-4cc1-aa7e-318b77ae5c76,0.30000000000000004,0.23,0.07370971143245697
0919b380-5d23-46c2-bd43-a57c230a0587,0.0,0.03,0.04957051947712898
0919b380-5d23-46c2-bd43-a57c230a0587,0.0,0.08,0.07209448516368866
0919b380-5d23-46c2-bd43-a57c230a0587,0.0,0.13,0.07021026313304901
0919b380-5d23-46c2-bd43-a57c230a0587,0.0,0.18000000000000002,0.07691940665245056
0919b380-5d23-46c2-bd43-a57c230a0587,0.0,0.23,0.07381138205528259
0919b380-5d23-46c2-bd43-a57c230a0587,0.01,0.03,0.05736932158470154
0919b380-5d23-46c2-bd43-a57c230a0587,0.01,0.08,0.06737907975912094
0919b380-5d23-46c2-bd43-a57c230a0587,0.01,0.13,0.06927751004695892
0919b380-5d23-46c2-bd43-a57c230a0587,0.01,0.18000000000000002,0.07578451931476593
0919b380-5d23-46c2-bd43-a57c230a0587,0.01,0.23,0.07539918273687363
0919b380-5d23-46c2-bd43-a57c230a0587,0.02,0.03,0.057615697383880615
0919b380-5d23-46c2-bd43-a57c230a0587,0.02,0.08,0.0681520476937294
0919b380-5d23-46c2-bd43-a57c230a0587,0.02,0.13,0.07114322483539581
0919b380-5d23-46c2-bd43-a57c230a0587,0.02,0.18000000000000002,0.07581949234008789
0919b380-5d23-46c2-bd43-a57c230a0587,0.02,0.23,0.07925575226545334
0919b380-5d23-46c2-bd43-a57c230a0587,0.03,0.03,0.0732731968164444
0919b380-5d23-46c2-bd43-a57c230a0587,0.03,0.08,0.07913494855165482
0919b380-5d23-46c2-bd43-a57c230a0587,0.03,0.13,0.0727885365486145
0919b380-5d23-46c2-bd43-a57c230a0587,0.03,0.18000000000000002,0.07901012152433395
0919b380-5d23-46c2-bd43-a57c230a0587,0.03,0.23,0.07865972071886063
0919b380-5d23-46c2-bd43-a57c230a0587,0.04,0.03,0.06584033370018005
0919b380-5d23-46c2-bd43-a57c230a0587,0.04,0.08,0.06662500649690628
0919b380-5d23-46c2-bd43-a57c230a0587,0.05,0.03,0.05499142408370972
0919b380-5d23-46c2-bd43-a57c230a0587,0.05,0.08,0.058753445744514465
0919b380-5d23-46c2-bd43-a57c230a0587,0.05,0.13,0.0779009461402893
0919b380-5d23-46c2-bd43-a57c230a0587,0.05,0.18000000000000002,0.07666708528995514
0919b380-5d23-46c2-bd43-a57c230a0587,0.05,0.23,0.08665731549263
0919b380-5d23-46c2-bd43-a57c230a0587,0.1,0.03,0.05832734331488609
0919b380-5d23-46c2-bd43-a57c230a0587,0.1,0.08,0.07843056321144104
0919b380-5d23-46c2-bd43-a57c230a0587,0.1,0.13,0.08053799718618393
0919b380-5d23-46c2-bd43-a57c230a0587,0.1,0.18000000000000002,0.09231400489807129
0919b380-5d23-46c2-bd43-a57c230a0587,0.1,0.23,0.08210986852645874
0919b380-5d23-46c2-bd43-a57c230a0587,0.15000000000000002,0.03,0.05556139349937439
0919b380-5d23-46c2-bd43-a57c230a0587,0.15000000000000002,0.08,0.0636720135807991
0919b380-5d23-46c2-bd43-a57c230a0587,0.15000000000000002,0.13,0.08044140785932541
0919b380-5d23-46c2-bd43-a57c230a0587,0.15000000000000002,0.18000000000000002,0.07359465211629868
0919b380-5d23-46c2-bd43-a57c230a0587,0.15000000000000002,0.23,0.08601003140211105
0919b380-5d23-46c2-bd43-a57c230a0587,0.2,0.03,0.05650496855378151
0919b380-5d23-46c2-bd43-a57c230a0587,0.2,0.08,0.0625869482755661
0919b380-5d23-46c2-bd43-a57c230a0587,0.2,0.13,0.07320541143417358
0919b380-5d23-46c2-bd43-a57c230a0587,0.2,0.18000000000000002,0.09097466617822647
0919b380-5d23-46c2-bd43-a57c230a0587,0.2,0.23,0.0852409228682518
0919b380-5d23-46c2-bd43-a57c230a0587,0.25,0.03,0.05463779717683792
0919b380-5d23-46c2-bd43-a57c230a0587,0.25,0.08,0.06772814691066742
0919b380-5d23-46c2-bd43-a57c230a0587,0.25,0.13,0.08359183371067047
0919b380-5d23-46c2-bd43-a57c230a0587,0.25,0.18000000000000002,0.07956148684024811
0919b380-5d23-46c2-bd43-a57c230a0587,0.25,0.23,0.08794054388999939
0919b380-5d23-46c2-bd43-a57c230a0587,0.30000000000000004,0.03,0.05207306519150734
0919b380-5d23-46c2-bd43-a57c230a0587,0.30000000000000004,0.08,0.07100322097539902
0919b380-5d23-46c2-bd43-a57c230a0587,0.30000000000000004,0.13,0.07856752723455429
0919b380-5d23-46c2-bd43-a57c230a0587,0.30000000000000004,0.18000000000000002,0.09072674810886383
0919b380-5d23-46c2-bd43-a57c230a0587,0.30000000000000004,0.23,0.08469084650278091
0a4616a4-867c-4d4c-b79e-11ec21f9d021,0.0,0.03,0.04640519991517067
0a4616a4-867c-4d4c-b79e-11ec21f9d021,0.0,0.08,0.060599904507398605
0a4616a4-867c-4d4c-b79e-11ec21f9d021,0.0,0.13,0.0649641677737236
0a4616a4-867c-4d4c-b79e-11ec21f9d021,0.0,0.18000000000000002,0.06882194429636002
0a4616a4-867c-4d4c-b79e-11ec21f9d021,0.0,0.23,0.0689581111073494
0a4616a4-867c-4d4c-b79e-11ec21f9d021,0.01,0.03,0.0428735688328743
0a4616a4-867c-4d4c-b79e-11ec21f9d021,0.01,0.08,0.0602286122739315
0a4616a4-867c-4d4c-b79e-11ec21f9d021,0.01,0.13,0.06436273455619812
0a4616a4-867c-4d4c-b79e-11ec21f9d021,0.01,0.18000000000000002,0.06274395436048508
0a4616a4-867c-4d4c-b79e-11ec21f9d021,0.01,0.23,0.06711001694202423
0a4616a4-867c-4d4c-b79e-11ec21f9d021,0.02,0.03,0.04691712558269501
0a4616a4-867c-4d4c-b79e-11ec21f9d021,0.02,0.08,0.05582215636968613
0a4616a4-867c-4d4c-b79e-11ec21f9d021,0.02,0.13,0.06338072568178177
0a4616a4-867c-4d4c-b79e-11ec21f9d021,0.02,0.18000000000000002,0.06908459216356277
0a4616a4-867c-4d4c-b79e-11ec21f9d021,0.02,0.23,0.06762758642435074
0a4616a4-867c-4d4c-b79e-11ec21f9d021,0.03,0.03,0.04558290168642998
0a4616a4-867c-4d4c-b79e-11ec21f9d021,0.03,0.08,0.05822354927659035
0a4616a4-867c-4d4c-b79e-11ec21f9d021,0.03,0.13,0.06511524319648743
0a4616a4-867c-4d4c-b79e-11ec21f9d021,0.03,0.18000000000000002,0.07076720148324966
0a4616a4-867c-4d4c-b79e-11ec21f9d021,0.03,0.23,0.06561711430549622
0a4616a4-867c-4d4c-b79e-11ec21f9d021,0.04,0.03,0.04510713368654251
0a4616a4-867c-4d4c-b79e-11ec21f9d021,0.04,0.08,0.055742088705301285
0a4616a4-867c-4d4c-b79e-11ec21f9d021,0.05,0.03,0.042496208101511
0a4616a4-867c-4d4c-b79e-11ec21f9d021,0.05,0.08,0.058536287397146225
0a4616a4-867c-4d4c-b79e-11ec21f9d021,0.05,0.13,0.06698860228061676
0a4616a4-867c-4d4c-b79e-11ec21f9d021,0.05,0.18000000000000002,0.0682290643453598
0a4616a4-867c-4d4c-b79e-11ec21f9d021,0.05,0.23,0.06333905458450317
0a4616a4-867c-4d4c-b79e-11ec21f9d021,0.1,0.03,0.04733937978744507
0a4616a4-867c-4d4c-b79e-11ec21f9d021,0.1,0.08,0.062168218195438385
0a4616a4-867c-4d4c-b79e-11ec21f9d021,0.1,0.13,0.06602548062801361
0a4616a4-867c-4d4c-b79e-11ec21f9d021,0.1,0.18000000000000002,0.06141003221273422
0a4616a4-867c-4d4c-b79e-11ec21f9d021,0.1,0.23,0.0605713315308094
0a4616a4-867c-4d4c-b79e-11ec21f9d021,0.15000000000000002,0.03,0.05186767503619194
0a4616a4-867c-4d4c-b79e-11ec21f9d021,0.15000000000000002,0.08,0.055794697254896164
0a4616a4-867c-4d4c-b79e-11ec21f9d021,0.15000000000000002,0.13,0.06689470261335373
0a4616a4-867c-4d4c-b79e-11ec21f9d021,0.15000000000000002,0.18000000000000002,0.06497401744127274
0a4616a4-867c-4d4c-b79e-11ec21f9d021,0.15000000000000002,0.23,0.06214585900306702
0a4616a4-867c-4d4c-b79e-11ec21f9d021,0.2,0.03,0.04954484477639198
0a4616a4-867c-4d4c-b79e-11ec21f9d021,0.2,0.08,0.06073876470327377
0a4616a4-867c-4d4c-b79e-11ec21f9d021,0.2,0.13,0.06119378283619881
0a4616a4-867c-4d4c-b79e-11ec21f9d021,0.2,0.18000000000000002,0.062261756509542465
0a4616a4-867c-4d4c-b79e-11ec21f9d021,0.2,0.23,0.06524954736232758
0a4616a4-867c-4d4c-b79e-11ec21f9d021,0.25,0.03,0.05231817066669464
0a4616a4-867c-4d4c-b79e-11ec21f9d021,0.25,0.08,0.05562903732061386
0a4616a4-867c-4d4c-b79e-11ec21f9d021,0.25,0.13,0.06689096242189407
0a4616a4-867c-4d4c-b79e-11ec21f9d021,0.25,0.18000000000000002,0.06545135378837585
0a4616a4-867c-4d4c-b79e-11ec21f9d021,0.25,0.23,0.0646379217505455
0a4616a4-867c-4d4c-b79e-11ec21f9d021,0.30000000000000004,0.03,0.04672163352370262
0a4616a4-867c-4d4c-b79e-11ec21f9d021,0.30000000000000004,0.08,0.06636650860309601
0a4616a4-867c-4d4c-b79e-11ec21f9d021,0.30000000000000004,0.13,0.06438115239143372
0a4616a4-867c-4d4c-b79e-11ec21f9d021,0.30000000000000004,0.18000000000000002,0.06805255264043808
0a4616a4-867c-4d4c-b79e-11ec21f9d021,0.30000000000000004,0.23,0.0645354837179184
0aae3afe-d453-446b-840a-1d162aa9abfe,0.0,0.03,0.07485009729862213
0aae3afe-d453-446b-840a-1d162aa9abfe,0.0,0.08,0.07850227504968643
0aae3afe-d453-446b-840a-1d162aa9abfe,0.0,0.13,0.09130924195051193
0aae3afe-d453-446b-840a-1d162aa9abfe,0.0,0.18000000000000002,0.09610510617494583
0aae3afe-d453-446b-840a-1d162aa9abfe,0.0,0.23,0.10750345885753632
0aae3afe-d453-446b-840a-1d162aa9abfe,0.01,0.03,0.05921347811818123
0aae3afe-d453-446b-840a-1d162aa9abfe,0.01,0.08,0.07977570593357086
0aae3afe-d453-446b-840a-1d162aa9abfe,0.01,0.13,0.08459317684173584
0aae3afe-d453-446b-840a-1d162aa9abfe,0.01,0.18000000000000002,0.10087279230356216
0aae3afe-d453-446b-840a-1d162aa9abfe,0.01,0.23,0.10734173655509949
0aae3afe-d453-446b-840a-1d162aa9abfe,0.02,0.03,0.05527562275528908
0aae3afe-d453-446b-840a-1d162aa9abfe,0.02,0.08,0.07789061218500137
0aae3afe-d453-446b-840a-1d162aa9abfe,0.02,0.13,0.08437138795852661
0aae3afe-d453-446b-840a-1d162aa9abfe,0.02,0.18000000000000002,0.09631364792585373
0aae3afe-d453-446b-840a-1d162aa9abfe,0.02,0.23,0.10521886497735977
0aae3afe-d453-446b-840a-1d162aa9abfe,0.03,0.03,0.050670839846134186
0aae3afe-d453-446b-840a-1d162aa9abfe,0.03,0.08,0.0622742734849453
0aae3afe-d453-446b-840a-1d162aa9abfe,0.03,0.13,0.08540033549070358
0aae3afe-d453-446b-840a-1d162aa9abfe,0.03,0.18000000000000002,0.08993999660015106
0aae3afe-d453-446b-840a-1d162aa9abfe,0.03,0.23,0.10513295233249664
0aae3afe-d453-446b-840a-1d162aa9abfe,0.04,0.03,0.056960057467222214
0aae3afe-d453-446b-840a-1d162aa9abfe,0.04,0.08,0.07580114156007767
0aae3afe-d453-446b-840a-1d162aa9abfe,0.05,0.03,0.049163978546857834
0aae3afe-d453-446b-840a-1d162aa9abfe,0.05,0.08,0.07519759982824326
0aae3afe-d453-446b-840a-1d162aa9abfe,0.05,0.13,0.08279597014188766
0aae3afe-d453-446b-840a-1d162aa9abfe,0.05,0.18000000000000002,0.0984870046377182
0aae3afe-d453-446b-840a-1d162aa9abfe,0.05,0.23,0.10393854230642319
0aae3afe-d453-446b-840a-1d162aa9abfe,0.1,0.03,0.05468805134296417
0aae3afe-d453-446b-840a-1d162aa9abfe,0.1,0.08,0.0698215514421463
0aae3afe-d453-446b-840a-1d162aa9abfe,0.1,0.13,0.09210216999053955
0aae3afe-d453-446b-840a-1d162aa9abfe,0.1,0.18000000000000002,0.09886831790208817
0aae3afe-d453-446b-840a-1d162aa9abfe,0.1,0.23,0.09734505414962769
0aae3afe-d453-446b-840a-1d162aa9abfe,0.15000000000000002,0.03,0.05589967966079712
0aae3afe-d453-446b-840a-1d162aa9abfe,0.15000000000000002,0.08,0.08623248338699341
0aae3afe-d453-446b-840a-1d162aa9abfe,0.15000000000000002,0.13,0.0955372154712677
0aae3afe-d453-446b-840a-1d162aa9abfe,0.15000000000000002,0.18000000000000002,0.09175951778888702
0aae3afe-d453-446b-840a-1d162aa9abfe,0.15000000000000002,0.23,0.09021096676588058
0aae3afe-d453-446b-840a-1d162aa9abfe,0.2,0.03,0.06385142356157303
0aae3afe-d453-446b-840a-1d162aa9abfe,0.2,0.08,0.08111890405416489
0aae3afe-d453-446b-840a-1d162aa9abfe,0.2,0.13,0.0794743224978447
0aae3afe-d453-446b-840a-1d162aa9abfe,0.2,0.18000000000000002,0.0792090892791748
0aae3afe-d453-446b-840a-1d162aa9abfe,0.2,0.23,0.08363055437803268
0aae3afe-d453-446b-840a-1d162aa9abfe,0.25,0.03,0.05867032706737518
0aae3afe-d453-446b-840a-1d162aa9abfe,0.25,0.08,0.06905686110258102
0aae3afe-d453-446b-840a-1d162aa9abfe,0.25,0.13,0.06657764315605164
0aae3afe-d453-446b-840a-1d162aa9abfe,0.25,0.18000000000000002,0.07155118882656097
0aae3afe-d453-446b-840a-1d162aa9abfe,0.25,0.23,0.07311122864484787
0aae3afe-d453-446b-840a-1d162aa9abfe,0.30000000000000004,0.03,0.05569590628147125
0aae3afe-d453-446b-840a-1d162aa9abfe,0.30000000000000004,0.08,0.06895363330841064
0aae3afe-d453-446b-840a-1d162aa9abfe,0.30000000000000004,0.13,0.06784195452928543
0aae3afe-d453-446b-840a-1d162aa9abfe,0.30000000000000004,0.18000000000000002,0.06667271256446838
0aae3afe-d453-446b-840a-1d162aa9abfe,0.30000000000000004,0.23,0.07678837329149246
0b6b2d2e-1c72-4ef3-a13d-6809c2563836,0.0,0.03,0.048248954117298126
0b6b2d2e-1c72-4ef3-a13d-6809c2563836,0.0,0.08,0.0724242627620697
0b6b2d2e-1c72-4ef3-a13d-6809c2563836,0.0,0.13,0.0806269496679306
0b6b2d2e-1c72-4ef3-a13d-6809c2563836,0.0,0.18000000000000002,0.08295225352048874
0b6b2d2e-1c72-4ef3-a13d-6809c2563836,0.0,0.23,0.0772479698061943
0b6b2d2e-1c72-4ef3-a13d-6809c2563836,0.01,0.03,0.05212949961423874
0b6b2d2e-1c72-4ef3-a13d-6809c2563836,0.01,0.08,0.06966684013605118
0b6b2d2e-1c72-4ef3-a13d-6809c2563836,0.01,0.13,0.07719918340444565
0b6b2d2e-1c72-4ef3-a13d-6809c2563836,0.01,0.18000000000000002,0.07524436712265015
0b6b2d2e-1c72-4ef3-a13d-6809c2563836,0.01,0.23,0.07749854028224945
0b6b2d2e-1c72-4ef3-a13d-6809c2563836,0.02,0.03,0.05424666032195091
0b6b2d2e-1c72-4ef3-a13d-6809c2563836,0.02,0.08,0.059906769543886185
0b6b2d2e-1c72-4ef3-a13d-6809c2563836,0.02,0.13,0.07087910175323486
0b6b2d2e-1c72-4ef3-a13d-6809c2563836,0.02,0.18000000000000002,0.07400862872600555
0b6b2d2e-1c72-4ef3-a13d-6809c2563836,0.02,0.23,0.07467468827962875
0b6b2d2e-1c72-4ef3-a13d-6809c2563836,0.03,0.03,0.05305538326501846
0b6b2d2e-1c72-4ef3-a13d-6809c2563836,0.03,0.08,0.07098556309938431
0b6b2d2e-1c72-4ef3-a13d-6809c2563836,0.03,0.13,0.07221003621816635
0b6b2d2e-1c72-4ef3-a13d-6809c2563836,0.03,0.18000000000000002,0.07347055524587631
0b6b2d2e-1c72-4ef3-a13d-6809c2563836,0.03,0.23,0.0779721587896347
0b6b2d2e-1c72-4ef3-a13d-6809c2563836,0.04,0.03,0.045099545270204544
0b6b2d2e-1c72-4ef3-a13d-6809c2563836,0.04,0.08,0.06529196351766586
0b6b2d2e-1c72-4ef3-a13d-6809c2563836,0.05,0.03,0.04748252406716347
0b6b2d2e-1c72-4ef3-a13d-6809c2563836,0.05,0.08,0.06595955789089203
0b6b2d2e-1c72-4ef3-a13d-6809c2563836,0.05,0.13,0.07915188372135162
0b6b2d2e-1c72-4ef3-a13d-6809c2563836,0.05,0.18000000000000002,0.07248450815677643
0b6b2d2e-1c72-4ef3-a13d-6809c2563836,0.05,0.23,0.07384868711233139
0b6b2d2e-1c72-4ef3-a13d-6809c2563836,0.1,0.03,0.05617719516158104
0b6b2d2e-1c72-4ef3-a13d-6809c2563836,0.1,0.08,0.06968816369771957
0b6b2d2e-1c72-4ef3-a13d-6809c2563836,0.1,0.13,0.07049164921045303
0b6b2d2e-1c72-4ef3-a13d-6809c2563836,0.1,0.18000000000000002,0.0685482919216156
0b6b2d2e-1c72-4ef3-a13d-6809c2563836,0.1,0.23,0.07478512823581696
0b6b2d2e-1c72-4ef3-a13d-6809c2563836,0.15000000000000002,0.03,0.048716843128204346
0b6b2d2e-1c72-4ef3-a13d-6809c2563836,0.15000000000000002,0.08,0.0699000284075737
0b6b2d2e-1c72-4ef3-a13d-6809c2563836,0.15000000000000002,0.13,0.06548605114221573
0b6b2d2e-1c72-4ef3-a13d-6809c2563836,0.15000000000000002,0.18000000000000002,0.07257865369319916
0b6b2d2e-1c72-4ef3-a13d-6809c2563836,0.15000000000000002,0.23,0.07494062185287476
0b6b2d2e-1c72-4ef3-a13d-6809c2563836,0.2,0.03,0.04515601694583893
0b6b2d2e-1c72-4ef3-a13d-6809c2563836,0.2,0.08,0.06501966714859009
0b6b2d2e-1c72-4ef3-a13d-6809c2563836,0.2,0.13,0.0721401646733284
0b6b2d2e-1c72-4ef3-a13d-6809c2563836,0.2,0.18000000000000002,0.07486172765493393
0b6b2d2e-1c72-4ef3-a13d-6809c2563836,0.2,0.23,0.08207524567842484
0b6b2d2e-1c72-4ef3-a13d-6809c2563836,0.25,0.03,0.051231879740953445
0b6b2d2e-1c72-4ef3-a13d-6809c2563836,0.25,0.08,0.06109484285116196
0b6b2d2e-1c72-4ef3-a13d-6809c2563836,0.25,0.13,0.07390884310007095
0b6b2d2e-1c72-4ef3-a13d-6809c2563836,0.25,0.18000000000000002,0.080313540995121
0b6b2d2e-1c72-4ef3-a13d-6809c2563836,0.25,0.23,0.08029762655496597
0b6b2d2e-1c72-4ef3-a13d-6809c2563836,0.30000000000000004,0.03,0.04355818033218384
0b6b2d2e-1c72-4ef3-a13d-6809c2563836,0.30000000000000004,0.08,0.06488429754972458
0b6b2d2e-1c72-4ef3-a13d-6809c2563836,0.30000000000000004,0.13,0.06952770054340363
0b6b2d2e-1c72-4ef3-a13d-6809c2563836,0.30000000000000004,0.18000000000000002,0.06943944096565247
0b6b2d2e-1c72-4ef3-a13d-6809c2563836,0.30000000000000004,0.23,0.07373218983411789
0bc019d8-832d-4af5-9fc6-ee17c12ed92f,0.0,0.03,0.04390687867999077
0bc019d8-832d-4af5-9fc6-ee17c12ed92f,0.0,0.08,0.05304252356290817
0bc019d8-832d-4af5-9fc6-ee17c12ed92f,0.0,0.13,0.06374560296535492
0bc019d8-832d-4af5-9fc6-ee17c12ed92f,0.0,0.18000000000000002,0.06732909381389618
0bc019d8-832d-4af5-9fc6-ee17c12ed92f,0.0,0.23,0.06613747030496597
0bc019d8-832d-4af5-9fc6-ee17c12ed92f,0.01,0.03,0.0443277433514595
0bc019d8-832d-4af5-9fc6-ee17c12ed92f,0.01,0.08,0.05138372257351875
0bc019d8-832d-4af5-9fc6-ee17c12ed92f,0.01,0.13,0.06056557968258858
0bc019d8-832d-4af5-9fc6-ee17c12ed92f,0.01,0.18000000000000002,0.06261780112981796
0bc019d8-832d-4af5-9fc6-ee17c12ed92f,0.01,0.23,0.06468694657087326
0bc019d8-832d-4af5-9fc6-ee17c12ed92f,0.02,0.03,0.04353875666856766
0bc019d8-832d-4af5-9fc6-ee17c12ed92f,0.02,0.08,0.05201107636094093
0bc019d8-832d-4af5-9fc6-ee17c12ed92f,0.02,0.13,0.06812360882759094
0bc019d8-832d-4af5-9fc6-ee17c12ed92f,0.02,0.18000000000000002,0.06723598390817642
0bc019d8-832d-4af5-9fc6-ee17c12ed92f,0.02,0.23,0.06556393206119537
0bc019d8-832d-4af5-9fc6-ee17c12ed92f,0.03,0.03,0.044542744755744934
0bc019d8-832d-4af5-9fc6-ee17c12ed92f,0.03,0.08,0.05447365716099739
0bc019d8-832d-4af5-9fc6-ee17c12ed92f,0.03,0.13,0.06414106488227844
0bc019d8-832d-4af5-9fc6-ee17c12ed92f,0.03,0.18000000000000002,0.06461437046527863
0bc019d8-832d-4af5-9fc6-ee17c12ed92f,0.03,0.23,0.0685051828622818
0bc019d8-832d-4af5-9fc6-ee17c12ed92f,0.04,0.03,0.04974313825368881
0bc019d8-832d-4af5-9fc6-ee17c12ed92f,0.04,0.08,0.06138443574309349
0bc019d8-832d-4af5-9fc6-ee17c12ed92f,0.05,0.03,0.04356597736477852
0bc019d8-832d-4af5-9fc6-ee17c12ed92f,0.05,0.08,0.06678850203752518
0bc019d8-832d-4af5-9fc6-ee17c12ed92f,0.05,0.13,0.06894595175981522
0bc019d8-832d-4af5-9fc6-ee17c12ed92f,0.05,0.18000000000000002,0.06730975210666656
0bc019d8-832d-4af5-9fc6-ee17c12ed92f,0.05,0.23,0.06942962110042572
0bc019d8-832d-4af5-9fc6-ee17c12ed92f,0.1,0.03,0.04591909050941467
0bc019d8-832d-4af5-9fc6-ee17c12ed92f,0.1,0.08,0.053314898163080215
0bc019d8-832d-4af5-9fc6-ee17c12ed92f,0.1,0.13,0.0645047277212143
0bc019d8-832d-4af5-9fc6-ee17c12ed92f,0.1,0.18000000000000002,0.06367125362157822
0bc019d8-832d-4af5-9fc6-ee17c12ed92f,0.1,0.23,0.06991160660982132
0bc019d8-832d-4af5-9fc6-ee17c12ed92f,0.15000000000000002,0.03,0.047591011971235275
0bc019d8-832d-4af5-9fc6-ee17c12ed92f,0.15000000000000002,0.08,0.06186797097325325
0bc019d8-832d-4af5-9fc6-ee17c12ed92f,0.15000000000000002,0.13,0.06285989284515381
0bc019d8-832d-4af5-9fc6-ee17c12ed92f,0.15000000000000002,0.18000000000000002,0.06877371668815613
0bc019d8-832d-4af5-9fc6-ee17c12ed92f,0.15000000000000002,0.23,0.07628989964723587
0bc019d8-832d-4af5-9fc6-ee17c12ed92f,0.2,0.03,0.04746424779295921
0bc019d8-832d-4af5-9fc6-ee17c12ed92f,0.2,0.08,0.061947811394929886
0bc019d8-832d-4af5-9fc6-ee17c12ed92f,0.2,0.13,0.06325572729110718
0bc019d8-832d-4af5-9fc6-ee17c12ed92f,0.2,0.18000000000000002,0.06890460848808289
0bc019d8-832d-4af5-9fc6-ee17c12ed92f,0.2,0.23,0.06668626517057419
0bc019d8-832d-4af5-9fc6-ee17c12ed92f,0.25,0.03,0.050856176763772964
0bc019d8-832d-4af5-9fc6-ee17c12ed92f,0.25,0.08,0.060740090906620026
0bc019d8-832d-4af5-9fc6-ee17c12ed92f,0.25,0.13,0.06029227748513222
0bc019d8-832d-4af5-9fc6-ee17c12ed92f,0.25,0.18000000000000002,0.0652480497956276
0bc019d8-832d-4af5-9fc6-ee17c12ed92f,0.25,0.23,0.06884124875068665
0bc019d8-832d-4af5-9fc6-ee17c12ed92f,0.30000000000000004,0.03,0.04838315770030022
0bc019d8-832d-4af5-9fc6-ee17c12ed92f,0.30000000000000004,0.08,0.06064930558204651
0bc019d8-832d-4af5-9fc6-ee17c12ed92f,0.30000000000000004,0.13,0.06321202963590622
0bc019d8-832d-4af5-9fc6-ee17c12ed92f,0.30000000000000004,0.18000000000000002,0.07112651318311691
0bc019d8-832d-4af5-9fc6-ee17c12ed92f,0.30000000000000004,0.23,0.07360412925481796
0bde5f5e-caad-48b9-ad83-f23f6ce6e930,0.0,0.03,0.048572439700365067
0bde5f5e-caad-48b9-ad83-f23f6ce6e930,0.0,0.08,0.0562647208571434
0bde5f5e-caad-48b9-ad83-f23f6ce6e930,0.0,0.13,0.0679621770977974
0bde5f5e-caad-48b9-ad83-f23f6ce6e930,0.0,0.18000000000000002,0.06555934250354767
0bde5f5e-caad-48b9-ad83-f23f6ce6e930,0.0,0.23,0.059160880744457245
0bde5f5e-caad-48b9-ad83-f23f6ce6e930,0.01,0.03,0.04773569479584694
0bde5f5e-caad-48b9-ad83-f23f6ce6e930,0.01,0.08,0.06035101041197777
0bde5f5e-caad-48b9-ad83-f23f6ce6e930,0.01,0.13,0.06527676433324814
0bde5f5e-caad-48b9-ad83-f23f6ce6e930,0.01,0.18000000000000002,0.06291823834180832
0bde5f5e-caad-48b9-ad83-f23f6ce6e930,0.01,0.23,0.0630132332444191
0bde5f5e-caad-48b9-ad83-f23f6ce6e930,0.02,0.03,0.04941743612289429
0bde5f5e-caad-48b9-ad83-f23f6ce6e930,0.02,0.08,0.05741291865706444
0bde5f5e-caad-48b9-ad83-f23f6ce6e930,0.02,0.13,0.06101752817630768
0bde5f5e-caad-48b9-ad83-f23f6ce6e930,0.02,0.18000000000000002,0.060693223029375076
0bde5f5e-caad-48b9-ad83-f23f6ce6e930,0.02,0.23,0.0648268535733223
0bde5f5e-caad-48b9-ad83-f23f6ce6e930,0.03,0.03,0.04769275337457657
0bde5f5e-caad-48b9-ad83-f23f6ce6e930,0.03,0.08,0.06334692239761353
0bde5f5e-caad-48b9-ad83-f23f6ce6e930,0.03,0.13,0.06462270021438599
0bde5f5e-caad-48b9-ad83-f23f6ce6e930,0.03,0.18000000000000002,0.06314802169799805
0bde5f5e-caad-48b9-ad83-f23f6ce6e930,0.03,0.23,0.06645124405622482
0bde5f5e-caad-48b9-ad83-f23f6ce6e930,0.04,0.03,0.05062991753220558
0bde5f5e-caad-48b9-ad83-f23f6ce6e930,0.04,0.08,0.06150378659367561
0bde5f5e-caad-48b9-ad83-f23f6ce6e930,0.05,0.03,0.04502956196665764
0bde5f5e-caad-48b9-ad83-f23f6ce6e930,0.05,0.08,0.06265724450349808
0bde5f5e-caad-48b9-ad83-f23f6ce6e930,0.05,0.13,0.06316011399030685
0bde5f5e-caad-48b9-ad83-f23f6ce6e930,0.05,0.18000000000000002,0.06124382093548775
0bde5f5e-caad-48b9-ad83-f23f6ce6e930,0.05,0.23,0.06826114654541016
0bde5f5e-caad-48b9-ad83-f23f6ce6e930,0.1,0.03,0.04877543821930885
0bde5f5e-caad-48b9-ad83-f23f6ce6e930,0.1,0.08,0.05421476438641548
0bde5f5e-caad-48b9-ad83-f23f6ce6e930,0.1,0.13,0.06245185434818268
0bde5f5e-caad-48b9-ad83-f23f6ce6e930,0.1,0.18000000000000002,0.06876680254936218
0bde5f5e-caad-48b9-ad83-f23f6ce6e930,0.1,0.23,0.06855103373527527
0bde5f5e-caad-48b9-ad83-f23f6ce6e930,0.15000000000000002,0.03,0.04599127545952797
0bde5f5e-caad-48b9-ad83-f23f6ce6e930,0.15000000000000002,0.08,0.06119741126894951
0bde5f5e-caad-48b9-ad83-f23f6ce6e930,0.15000000000000002,0.13,0.06894320249557495
0bde5f5e-caad-48b9-ad83-f23f6ce6e930,0.15000000000000002,0.18000000000000002,0.06799912452697754
0bde5f5e-caad-48b9-ad83-f23f6ce6e930,0.15000000000000002,0.23,0.06806349754333496
0bde5f5e-caad-48b9-ad83-f23f6ce6e930,0.2,0.03,0.04643696919083595
0bde5f5e-caad-48b9-ad83-f23f6ce6e930,0.2,0.08,0.07722888141870499
0bde5f5e-caad-48b9-ad83-f23f6ce6e930,0.2,0.13,0.07805007696151733
0bde5f5e-caad-48b9-ad83-f23f6ce6e930,0.2,0.18000000000000002,0.07717590779066086
0bde5f5e-caad-48b9-ad83-f23f6ce6e930,0.2,0.23,0.06884783506393433
0bde5f5e-caad-48b9-ad83-f23f6ce6e930,0.25,0.03,0.05696507543325424
0bde5f5e-caad-48b9-ad83-f23f6ce6e930,0.25,0.08,0.06471831351518631
0bde5f5e-caad-48b9-ad83-f23f6ce6e930,0.25,0.13,0.06308268010616302
0bde5f5e-caad-48b9-ad83-f23f6ce6e930,0.25,0.18000000000000002,0.06427356600761414
0bde5f5e-caad-48b9-ad83-f23f6ce6e930,0.25,0.23,0.06620850414037704
0bde5f5e-caad-48b9-ad83-f23f6ce6e930,0.30000000000000004,0.03,0.046749573200941086
0bde5f5e-caad-48b9-ad83-f23f6ce6e930,0.30000000000000004,0.08,0.05646706372499466
0bde5f5e-caad-48b9-ad83-f23f6ce6e930,0.30000000000000004,0.13,0.07019244134426117
0bde5f5e-caad-48b9-ad83-f23f6ce6e930,0.30000000000000004,0.18000000000000002,0.07188744843006134
0bde5f5e-caad-48b9-ad83-f23f6ce6e930,0.30000000000000004,0.23,0.06939071416854858
0bdf12cc-7d2d-4f64-8c0f-3cff8398142c,0.0,0.03,0.05006033554673195
0bdf12cc-7d2d-4f64-8c0f-3cff8398142c,0.0,0.08,0.06533443927764893
0bdf12cc-7d2d-4f64-8c0f-3cff8398142c,0.0,0.13,0.07007081061601639
0bdf12cc-7d2d-4f64-8c0f-3cff8398142c,0.0,0.18000000000000002,0.06608995050191879
0bdf12cc-7d2d-4f64-8c0f-3cff8398142c,0.0,0.23,0.06418116390705109
0bdf12cc-7d2d-4f64-8c0f-3cff8398142c,0.01,0.03,0.04904387146234512
0bdf12cc-7d2d-4f64-8c0f-3cff8398142c,0.01,0.08,0.060707975178956985
0bdf12cc-7d2d-4f64-8c0f-3cff8398142c,0.01,0.13,0.06613919883966446
0bdf12cc-7d2d-4f64-8c0f-3cff8398142c,0.01,0.18000000000000002,0.061465173959732056
0bdf12cc-7d2d-4f64-8c0f-3cff8398142c,0.01,0.23,0.06104261800646782
0bdf12cc-7d2d-4f64-8c0f-3cff8398142c,0.02,0.03,0.04862481728196144
0bdf12cc-7d2d-4f64-8c0f-3cff8398142c,0.02,0.08,0.06358948349952698
0bdf12cc-7d2d-4f64-8c0f-3cff8398142c,0.02,0.13,0.06327477097511292
0bdf12cc-7d2d-4f64-8c0f-3cff8398142c,0.02,0.18000000000000002,0.06279823184013367
0bdf12cc-7d2d-4f64-8c0f-3cff8398142c,0.02,0.23,0.06106684356927872
0bdf12cc-7d2d-4f64-8c0f-3cff8398142c,0.03,0.03,0.057594310492277145
0bdf12cc-7d2d-4f64-8c0f-3cff8398142c,0.03,0.08,0.05851184204220772
0bdf12cc-7d2d-4f64-8c0f-3cff8398142c,0.03,0.13,0.06321081519126892
0bdf12cc-7d2d-4f64-8c0f-3cff8398142c,0.03,0.18000000000000002,0.06197052076458931
0bdf12cc-7d2d-4f64-8c0f-3cff8398142c,0.03,0.23,0.06497665494680405
0bdf12cc-7d2d-4f64-8c0f-3cff8398142c,0.04,0.03,0.05227242037653923
0bdf12cc-7d2d-4f64-8c0f-3cff8398142c,0.04,0.08,0.05363155156373978
0bdf12cc-7d2d-4f64-8c0f-3cff8398142c,0.05,0.03,0.04994328320026398
0bdf12cc-7d2d-4f64-8c0f-3cff8398142c,0.05,0.08,0.058378029614686966
0bdf12cc-7d2d-4f64-8c0f-3cff8398142c,0.05,0.13,0.06469296663999557
0bdf12cc-7d2d-4f64-8c0f-3cff8398142c,0.05,0.18000000000000002,0.06377953290939331
0bdf12cc-7d2d-4f64-8c0f-3cff8398142c,0.05,0.23,0.06958756595849991
0bdf12cc-7d2d-4f64-8c0f-3cff8398142c,0.1,0.03,0.05383587256073952
0bdf12cc-7d2d-4f64-8c0f-3cff8398142c,0.1,0.08,0.061282385140657425
0bdf12cc-7d2d-4f64-8c0f-3cff8398142c,0.1,0.13,0.06754431128501892
0bdf12cc-7d2d-4f64-8c0f-3cff8398142c,0.1,0.18000000000000002,0.07479432225227356
0bdf12cc-7d2d-4f64-8c0f-3cff8398142c,0.1,0.23,0.07808175683021545
0bdf12cc-7d2d-4f64-8c0f-3cff8398142c,0.15000000000000002,0.03,0.05098297446966171
0bdf12cc-7d2d-4f64-8c0f-3cff8398142c,0.15000000000000002,0.08,0.06059994176030159
0bdf12cc-7d2d-4f64-8c0f-3cff8398142c,0.15000000000000002,0.13,0.07014654576778412
0bdf12cc-7d2d-4f64-8c0f-3cff8398142c,0.15000000000000002,0.18000000000000002,0.07202368229627609
0bdf12cc-7d2d-4f64-8c0f-3cff8398142c,0.15000000000000002,0.23,0.06564514338970184
0bdf12cc-7d2d-4f64-8c0f-3cff8398142c,0.2,0.03,0.05762479081749916
0bdf12cc-7d2d-4f64-8c0f-3cff8398142c,0.2,0.08,0.06259053945541382
0bdf12cc-7d2d-4f64-8c0f-3cff8398142c,0.2,0.13,0.06258087605237961
0bdf12cc-7d2d-4f64-8c0f-3cff8398142c,0.2,0.18000000000000002,0.06752438843250275
0bdf12cc-7d2d-4f64-8c0f-3cff8398142c,0.2,0.23,0.06736411899328232
0bdf12cc-7d2d-4f64-8c0f-3cff8398142c,0.25,0.03,0.04508401080965996
0bdf12cc-7d2d-4f64-8c0f-3cff8398142c,0.25,0.08,0.05541640520095825
0bdf12cc-7d2d-4f64-8c0f-3cff8398142c,0.25,0.13,0.0696365237236023
0bdf12cc-7d2d-4f64-8c0f-3cff8398142c,0.25,0.18000000000000002,0.0665103942155838
0bdf12cc-7d2d-4f64-8c0f-3cff8398142c,0.25,0.23,0.06688380241394043
0bdf12cc-7d2d-4f64-8c0f-3cff8398142c,0.30000000000000004,0.03,0.048522431403398514
0bdf12cc-7d2d-4f64-8c0f-3cff8398142c,0.30000000000000004,0.08,0.06488879770040512
0bdf12cc-7d2d-4f64-8c0f-3cff8398142c,0.30000000000000004,0.13,0.07070335745811462
0bdf12cc-7d2d-4f64-8c0f-3cff8398142c,0.30000000000000004,0.18000000000000002,0.06863091886043549
0bdf12cc-7d2d-4f64-8c0f-3cff8398142c,0.30000000000000004,0.23,0.06827840209007263
0c1bcbed-8ce9-41c6-b025-6345623fcd2a,0.0,0.03,0.06326238811016083
0c1bcbed-8ce9-41c6-b025-6345623fcd2a,0.0,0.08,0.10224725306034088
0c1bcbed-8ce9-41c6-b025-6345623fcd2a,0.0,0.13,0.11928455531597137
0c1bcbed-8ce9-41c6-b025-6345623fcd2a,0.0,0.18000000000000002,0.13893891870975494
0c1bcbed-8ce9-41c6-b025-6345623fcd2a,0.0,0.23,0.14832286536693573
0c1bcbed-8ce9-41c6-b025-6345623fcd2a,0.01,0.03,0.06961708515882492
0c1bcbed-8ce9-41c6-b025-6345623fcd2a,0.01,0.08,0.09497470408678055
0c1bcbed-8ce9-41c6-b025-6345623fcd2a,0.01,0.13,0.11318818479776382
0c1bcbed-8ce9-41c6-b025-6345623fcd2a,0.01,0.18000000000000002,0.12259012460708618
0c1bcbed-8ce9-41c6-b025-6345623fcd2a,0.01,0.23,0.12681080400943756
0c1bcbed-8ce9-41c6-b025-6345623fcd2a,0.02,0.03,0.0750180184841156
0c1bcbed-8ce9-41c6-b025-6345623fcd2a,0.02,0.08,0.09751373529434204
0c1bcbed-8ce9-41c6-b025-6345623fcd2a,0.02,0.13,0.11324799060821533
0c1bcbed-8ce9-41c6-b025-6345623fcd2a,0.02,0.18000000000000002,0.12333641201257706
0c1bcbed-8ce9-41c6-b025-6345623fcd2a,0.02,0.23,0.12485979497432709
0c1bcbed-8ce9-41c6-b025-6345623fcd2a,0.03,0.03,0.07392088323831558
0c1bcbed-8ce9-41c6-b025-6345623fcd2a,0.03,0.08,0.102223239839077
0c1bcbed-8ce9-41c6-b025-6345623fcd2a,0.03,0.13,0.11878963559865952
0c1bcbed-8ce9-41c6-b025-6345623fcd2a,0.03,0.18000000000000002,0.12424404174089432
0c1bcbed-8ce9-41c6-b025-6345623fcd2a,0.03,0.23,0.12611837685108185
0c1bcbed-8ce9-41c6-b025-6345623fcd2a,0.04,0.03,0.06966038793325424
0c1bcbed-8ce9-41c6-b025-6345623fcd2a,0.04,0.08,0.09779319912195206
0c1bcbed-8ce9-41c6-b025-6345623fcd2a,0.05,0.03,0.07383053749799728
0c1bcbed-8ce9-41c6-b025-6345623fcd2a,0.05,0.08,0.10890050232410431
0c1bcbed-8ce9-41c6-b025-6345623fcd2a,0.05,0.13,0.13229745626449585
0c1bcbed-8ce9-41c6-b025-6345623fcd2a,0.05,0.18000000000000002,0.14305183291435242
0c1bcbed-8ce9-41c6-b025-6345623fcd2a,0.05,0.23,0.1432553082704544
0c1bcbed-8ce9-41c6-b025-6345623fcd2a,0.1,0.03,0.07541373372077942
0c1bcbed-8ce9-41c6-b025-6345623fcd2a,0.1,0.08,0.10860564559698105
0c1bcbed-8ce9-41c6-b025-6345623fcd2a,0.1,0.13,0.1214805543422699
0c1bcbed-8ce9-41c6-b025-6345623fcd2a,0.1,0.18000000000000002,0.12260100990533829
0c1bcbed-8ce9-41c6-b025-6345623fcd2a,0.1,0.23,0.11953671276569366
0c1bcbed-8ce9-41c6-b025-6345623fcd2a,0.15000000000000002,0.03,0.06996636092662811
0c1bcbed-8ce9-41c6-b025-6345623fcd2a,0.15000000000000002,0.08,0.089854396879673
0c1bcbed-8ce9-41c6-b025-6345623fcd2a,0.15000000000000002,0.13,0.09380362182855606
0c1bcbed-8ce9-41c6-b025-6345623fcd2a,0.15000000000000002,0.18000000000000002,0.09247703850269318
0c1bcbed-8ce9-41c6-b025-6345623fcd2a,0.15000000000000002,0.23,0.09268943220376968
0c1bcbed-8ce9-41c6-b025-6345623fcd2a,0.2,0.03,0.0608983188867569
0c1bcbed-8ce9-41c6-b025-6345623fcd2a,0.2,0.08,0.0675428956747055
0c1bcbed-8ce9-41c6-b025-6345623fcd2a,0.2,0.13,0.06831592321395874
0c1bcbed-8ce9-41c6-b025-6345623fcd2a,0.2,0.18000000000000002,0.07517067342996597
0c1bcbed-8ce9-41c6-b025-6345623fcd2a,0.2,0.23,0.07439474761486053
0c1bcbed-8ce9-41c6-b025-6345623fcd2a,0.25,0.03,0.059560541063547134
0c1bcbed-8ce9-41c6-b025-6345623fcd2a,0.25,0.08,0.06240084022283554
0c1bcbed-8ce9-41c6-b025-6345623fcd2a,0.25,0.13,0.07060019671916962
0c1bcbed-8ce9-41c6-b025-6345623fcd2a,0.25,0.18000000000000002,0.08212047815322876
0c1bcbed-8ce9-41c6-b025-6345623fcd2a,0.25,0.23,0.07407637685537338
0c1bcbed-8ce9-41c6-b025-6345623fcd2a,0.30000000000000004,0.03,0.05383096635341644
0c1bcbed-8ce9-41c6-b025-6345623fcd2a,0.30000000000000004,0.08,0.07473015785217285
0c1bcbed-8ce9-41c6-b025-6345623fcd2a,0.30000000000000004,0.13,0.0907898023724556
0c1bcbed-8ce9-41c6-b025-6345623fcd2a,0.30000000000000004,0.18000000000000002,0.07714035362005234
0c1bcbed-8ce9-41c6-b025-6345623fcd2a,0.30000000000000004,0.23,0.05942422151565552
0c7d8302-9224-42a3-97a8-3873c8a6fd71,0.0,0.03,0.04391830414533615
0c7d8302-9224-42a3-97a8-3873c8a6fd71,0.0,0.08,0.07147900760173798
0c7d8302-9224-42a3-97a8-3873c8a6fd71,0.0,0.13,0.06302789598703384
0c7d8302-9224-42a3-97a8-3873c8a6fd71,0.0,0.18000000000000002,0.06233416497707367
0c7d8302-9224-42a3-97a8-3873c8a6fd71,0.0,0.23,0.06211405247449875
0c7d8302-9224-42a3-97a8-3873c8a6fd71,0.01,0.03,0.04695691913366318
0c7d8302-9224-42a3-97a8-3873c8a6fd71,0.01,0.08,0.06870245933532715
0c7d8302-9224-42a3-97a8-3873c8a6fd71,0.01,0.13,0.061823707073926926
0c7d8302-9224-42a3-97a8-3873c8a6fd71,0.01,0.18000000000000002,0.06350669264793396
0c7d8302-9224-42a3-97a8-3873c8a6fd71,0.01,0.23,0.06507845968008041
0c7d8302-9224-42a3-97a8-3873c8a6fd71,0.02,0.03,0.0534198135137558
0c7d8302-9224-42a3-97a8-3873c8a6fd71,0.02,0.08,0.0732017531991005
0c7d8302-9224-42a3-97a8-3873c8a6fd71,0.02,0.13,0.0575798898935318
0c7d8302-9224-42a3-97a8-3873c8a6fd71,0.02,0.18000000000000002,0.0638016015291214
0c7d8302-9224-42a3-97a8-3873c8a6fd71,0.02,0.23,0.0637483075261116
0c7d8302-9224-42a3-97a8-3873c8a6fd71,0.03,0.03,0.04855949431657791
0c7d8302-9224-42a3-97a8-3873c8a6fd71,0.03,0.08,0.06509193032979965
0c7d8302-9224-42a3-97a8-3873c8a6fd71,0.03,0.13,0.061457883566617966
0c7d8302-9224-42a3-97a8-3873c8a6fd71,0.03,0.18000000000000002,0.06358830630779266
0c7d8302-9224-42a3-97a8-3873c8a6fd71,0.03,0.23,0.06844006478786469
0c7d8302-9224-42a3-97a8-3873c8a6fd71,0.04,0.03,0.05356978625059128
0c7d8302-9224-42a3-97a8-3873c8a6fd71,0.04,0.08,0.05413122847676277
0c7d8302-9224-42a3-97a8-3873c8a6fd71,0.05,0.03,0.04992233216762543
0c7d8302-9224-42a3-97a8-3873c8a6fd71,0.05,0.08,0.058608658611774445
0c7d8302-9224-42a3-97a8-3873c8a6fd71,0.05,0.13,0.06438396871089935
0c7d8302-9224-42a3-97a8-3873c8a6fd71,0.05,0.18000000000000002,0.06385393440723419
0c7d8302-9224-42a3-97a8-3873c8a6fd71,0.05,0.23,0.06547114253044128
0c7d8302-9224-42a3-97a8-3873c8a6fd71,0.1,0.03,0.05227777361869812
0c7d8302-9224-42a3-97a8-3873c8a6fd71,0.1,0.08,0.06433925777673721
0c7d8302-9224-42a3-97a8-3873c8a6fd71,0.1,0.13,0.06569687277078629
0c7d8302-9224-42a3-97a8-3873c8a6fd71,0.1,0.18000000000000002,0.061869971454143524
0c7d8302-9224-42a3-97a8-3873c8a6fd71,0.1,0.23,0.06105528771877289
0c7d8302-9224-42a3-97a8-3873c8a6fd71,0.15000000000000002,0.03,0.051060326397418976
0c7d8302-9224-42a3-97a8-3873c8a6fd71,0.15000000000000002,0.08,0.058999333530664444
0c7d8302-9224-42a3-97a8-3873c8a6fd71,0.15000000000000002,0.13,0.05777788907289505
0c7d8302-9224-42a3-97a8-3873c8a6fd71,0.15000000000000002,0.18000000000000002,0.05932176113128662
0c7d8302-9224-42a3-97a8-3873c8a6fd71,0.15000000000000002,0.23,0.06286291033029556
0c7d8302-9224-42a3-97a8-3873c8a6fd71,0.2,0.03,0.0481356680393219
0c7d8302-9224-42a3-97a8-3873c8a6fd71,0.2,0.08,0.05961424857378006
0c7d8302-9224-42a3-97a8-3873c8a6fd71,0.2,0.13,0.061577845364809036
0c7d8302-9224-42a3-97a8-3873c8a6fd71,0.2,0.18000000000000002,0.06291336566209793
0c7d8302-9224-42a3-97a8-3873c8a6fd71,0.2,0.23,0.06607089936733246
0c7d8302-9224-42a3-97a8-3873c8a6fd71,0.25,0.03,0.05034541338682175
0c7d8302-9224-42a3-97a8-3873c8a6fd71,0.25,0.08,0.05493731051683426
0c7d8302-9224-42a3-97a8-3873c8a6fd71,0.25,0.13,0.0606175921857357
0c7d8302-9224-42a3-97a8-3873c8a6fd71,0.25,0.18000000000000002,0.06971397250890732
0c7d8302-9224-42a3-97a8-3873c8a6fd71,0.25,0.23,0.0699036717414856
0c7d8302-9224-42a3-97a8-3873c8a6fd71,0.30000000000000004,0.03,0.04691579192876816
0c7d8302-9224-42a3-97a8-3873c8a6fd71,0.30000000000000004,0.08,0.06010438874363899
0c7d8302-9224-42a3-97a8-3873c8a6fd71,0.30000000000000004,0.13,0.07145824283361435
0c7d8302-9224-42a3-97a8-3873c8a6fd71,0.30000000000000004,0.18000000000000002,0.0723051205277443
0c7d8302-9224-42a3-97a8-3873c8a6fd71,0.30000000000000004,0.23,0.07234928011894226
0cacc55a-544d-4d6b-848a-89bebc143e59,0.0,0.03,0.09606429934501648
0cacc55a-544d-4d6b-848a-89bebc143e59,0.0,0.08,0.1333792507648468
0cacc55a-544d-4d6b-848a-89bebc143e59,0.0,0.13,0.13439461588859558
0cacc55a-544d-4d6b-848a-89bebc143e59,0.0,0.18000000000000002,0.12153096497058868
0cacc55a-544d-4d6b-848a-89bebc143e59,0.0,0.23,0.11239399760961533
0cacc55a-544d-4d6b-848a-89bebc143e59,0.01,0.03,0.07217682898044586
0cacc55a-544d-4d6b-848a-89bebc143e59,0.01,0.08,0.11101305484771729
0cacc55a-544d-4d6b-848a-89bebc143e59,0.01,0.13,0.10121919214725494
0cacc55a-544d-4d6b-848a-89bebc143e59,0.01,0.18000000000000002,0.10001987963914871
0cacc55a-544d-4d6b-848a-89bebc143e59,0.01,0.23,0.09052753448486328
0cacc55a-544d-4d6b-848a-89bebc143e59,0.02,0.03,0.07450922578573227
0cacc55a-544d-4d6b-848a-89bebc143e59,0.02,0.08,0.09788569808006287
0cacc55a-544d-4d6b-848a-89bebc143e59,0.02,0.13,0.0980570837855339
0cacc55a-544d-4d6b-848a-89bebc143e59,0.02,0.18000000000000002,0.0915599912405014
0cacc55a-544d-4d6b-848a-89bebc143e59,0.02,0.23,0.08494596183300018
0cacc55a-544d-4d6b-848a-89bebc143e59,0.03,0.03,0.08114290237426758
0cacc55a-544d-4d6b-848a-89bebc143e59,0.03,0.08,0.08969029784202576
0cacc55a-544d-4d6b-848a-89bebc143e59,0.03,0.13,0.09675299376249313
0cacc55a-544d-4d6b-848a-89bebc143e59,0.03,0.18000000000000002,0.08284913748502731
0cacc55a-544d-4d6b-848a-89bebc143e59,0.03,0.23,0.07832194119691849
0cacc55a-544d-4d6b-848a-89bebc143e59,0.04,0.03,0.06908701360225677
0cacc55a-544d-4d6b-848a-89bebc143e59,0.04,0.08,0.09602813422679901
0cacc55a-544d-4d6b-848a-89bebc143e59,0.05,0.03,0.06956343352794647
0cacc55a-544d-4d6b-848a-89bebc143e59,0.05,0.08,0.08889934420585632
0cacc55a-544d-4d6b-848a-89bebc143e59,0.05,0.13,0.07933817058801651
0cacc55a-544d-4d6b-848a-89bebc143e59,0.05,0.18000000000000002,0.07628212124109268
0cacc55a-544d-4d6b-848a-89bebc143e59,0.05,0.23,0.0672985166311264
0cacc55a-544d-4d6b-848a-89bebc143e59,0.1,0.03,0.05209285393357277
0cacc55a-544d-4d6b-848a-89bebc143e59,0.1,0.08,0.06683578342199326
0cacc55a-544d-4d6b-848a-89bebc143e59,0.1,0.13,0.06683222204446793
0cacc55a-544d-4d6b-848a-89bebc143e59,0.1,0.18000000000000002,0.06185414269566536
0cacc55a-544d-4d6b-848a-89bebc143e59,0.1,0.23,0.06458098441362381
0cacc55a-544d-4d6b-848a-89bebc143e59,0.15000000000000002,0.03,0.051588475704193115
0cacc55a-544d-4d6b-848a-89bebc143e59,0.15000000000000002,0.08,0.05936869978904724
0cacc55a-544d-4d6b-848a-89bebc143e59,0.15000000000000002,0.13,0.061174314469099045
0cacc55a-544d-4d6b-848a-89bebc143e59,0.15000000000000002,0.18000000000000002,0.062237393110990524
0cacc55a-544d-4d6b-848a-89bebc143e59,0.15000000000000002,0.23,0.06966851651668549
0cacc55a-544d-4d6b-848a-89bebc143e59,0.2,0.03,0.04625729098916054
0cacc55a-544d-4d6b-848a-89bebc143e59,0.2,0.08,0.05311093106865883
0cacc55a-544d-4d6b-848a-89bebc143e59,0.2,0.13,0.055269915610551834
0cacc55a-544d-4d6b-848a-89bebc143e59,0.2,0.18000000000000002,0.061289411038160324
0cacc55a-544d-4d6b-848a-89bebc143e59,0.2,0.23,0.06257198005914688
0cacc55a-544d-4d6b-848a-89bebc143e59,0.25,0.03,0.0469597727060318
0cacc55a-544d-4d6b-848a-89bebc143e59,0.25,0.08,0.05473018437623978
0cacc55a-544d-4d6b-848a-89bebc143e59,0.25,0.13,0.06409865617752075
0cacc55a-544d-4d6b-848a-89bebc143e59,0.25,0.18000000000000002,0.06324388831853867
0cacc55a-544d-4d6b-848a-89bebc143e59,0.25,0.23,0.06407730281352997
0cacc55a-544d-4d6b-848a-89bebc143e59,0.30000000000000004,0.03,0.0459757000207901
0cacc55a-544d-4d6b-848a-89bebc143e59,0.30000000000000004,0.08,0.06071692705154419
0cacc55a-544d-4d6b-848a-89bebc143e59,0.30000000000000004,0.13,0.060904309153556824
0cacc55a-544d-4d6b-848a-89bebc143e59,0.30000000000000004,0.18000000000000002,0.06514544039964676
0cacc55a-544d-4d6b-848a-89bebc143e59,0.30000000000000004,0.23,0.06253143399953842
0cd1f841-cf74-48cf-bfc9-ac06714a3660,0.0,0.03,0.05776185169816017
0cd1f841-cf74-48cf-bfc9-ac06714a3660,0.0,0.08,0.07049648463726044
0cd1f841-cf74-48cf-bfc9-ac06714a3660,0.0,0.13,0.06724675744771957
0cd1f841-cf74-48cf-bfc9-ac06714a3660,0.0,0.18000000000000002,0.07014978677034378
0cd1f841-cf74-48cf-bfc9-ac06714a3660,0.0,0.23,0.0661313459277153
0cd1f841-cf74-48cf-bfc9-ac06714a3660,0.01,0.03,0.051129672676324844
0cd1f841-cf74-48cf-bfc9-ac06714a3660,0.01,0.08,0.06698894500732422
0cd1f841-cf74-48cf-bfc9-ac06714a3660,0.01,0.13,0.06646191328763962
0cd1f841-cf74-48cf-bfc9-ac06714a3660,0.01,0.18000000000000002,0.06805715709924698
0cd1f841-cf74-48cf-bfc9-ac06714a3660,0.01,0.23,0.06728684902191162
0cd1f841-cf74-48cf-bfc9-ac06714a3660,0.02,0.03,0.057893622666597366
0cd1f841-cf74-48cf-bfc9-ac06714a3660,0.02,0.08,0.06497610360383987
0cd1f841-cf74-48cf-bfc9-ac06714a3660,0.02,0.13,0.0746159553527832
0cd1f841-cf74-48cf-bfc9-ac06714a3660,0.02,0.18000000000000002,0.07084338366985321
0cd1f841-cf74-48cf-bfc9-ac06714a3660,0.02,0.23,0.06915842741727829
0cd1f841-cf74-48cf-bfc9-ac06714a3660,0.03,0.03,0.0542161762714386
0cd1f841-cf74-48cf-bfc9-ac06714a3660,0.03,0.08,0.07031545788049698
0cd1f841-cf74-48cf-bfc9-ac06714a3660,0.03,0.13,0.07311685383319855
0cd1f841-cf74-48cf-bfc9-ac06714a3660,0.03,0.18000000000000002,0.06919343024492264
0cd1f841-cf74-48cf-bfc9-ac06714a3660,0.03,0.23,0.07037553191184998
0cd1f841-cf74-48cf-bfc9-ac06714a3660,0.04,0.03,0.049197107553482056
0cd1f841-cf74-48cf-bfc9-ac06714a3660,0.04,0.08,0.06177561730146408
0cd1f841-cf74-48cf-bfc9-ac06714a3660,0.05,0.03,0.05880366638302803
0cd1f841-cf74-48cf-bfc9-ac06714a3660,0.05,0.08,0.06627526879310608
0cd1f841-cf74-48cf-bfc9-ac06714a3660,0.05,0.13,0.07151613384485245
0cd1f841-cf74-48cf-bfc9-ac06714a3660,0.05,0.18000000000000002,0.0729871466755867
0cd1f841-cf74-48cf-bfc9-ac06714a3660,0.05,0.23,0.07067856937646866
0cd1f841-cf74-48cf-bfc9-ac06714a3660,0.1,0.03,0.049010828137397766
0cd1f841-cf74-48cf-bfc9-ac06714a3660,0.1,0.08,0.07623577862977982
0cd1f841-cf74-48cf-bfc9-ac06714a3660,0.1,0.13,0.07352732867002487
0cd1f841-cf74-48cf-bfc9-ac06714a3660,0.1,0.18000000000000002,0.06930851936340332
0cd1f841-cf74-48cf-bfc9-ac06714a3660,0.1,0.23,0.08624632656574249
0cd1f841-cf74-48cf-bfc9-ac06714a3660,0.15000000000000002,0.03,0.058854840695858
0cd1f841-cf74-48cf-bfc9-ac06714a3660,0.15000000000000002,0.08,0.061306580901145935
0cd1f841-cf74-48cf-bfc9-ac06714a3660,0.15000000000000002,0.13,0.0723266676068306
0cd1f841-cf74-48cf-bfc9-ac06714a3660,0.15000000000000002,0.18000000000000002,0.09133424609899521
0cd1f841-cf74-48cf-bfc9-ac06714a3660,0.15000000000000002,0.23,0.09362331032752991
0cd1f841-cf74-48cf-bfc9-ac06714a3660,0.2,0.03,0.04741176590323448
0cd1f841-cf74-48cf-bfc9-ac06714a3660,0.2,0.08,0.06109153851866722
0cd1f841-cf74-48cf-bfc9-ac06714a3660,0.2,0.13,0.08499273657798767
0cd1f841-cf74-48cf-bfc9-ac06714a3660,0.2,0.18000000000000002,0.09160365164279938
0cd1f841-cf74-48cf-bfc9-ac06714a3660,0.2,0.23,0.10572759062051773
0cd1f841-cf74-48cf-bfc9-ac06714a3660,0.25,0.03,0.04811206832528114
0cd1f841-cf74-48cf-bfc9-ac06714a3660,0.25,0.08,0.07818202674388885
0cd1f841-cf74-48cf-bfc9-ac06714a3660,0.25,0.13,0.09050881117582321
0cd1f841-cf74-48cf-bfc9-ac06714a3660,0.25,0.18000000000000002,0.1061173751950264
0cd1f841-cf74-48cf-bfc9-ac06714a3660,0.25,0.23,0.11398430168628693
0cd1f841-cf74-48cf-bfc9-ac06714a3660,0.30000000000000004,0.03,0.05224683880805969
0cd1f841-cf74-48cf-bfc9-ac06714a3660,0.30000000000000004,0.08,0.06796009838581085
0cd1f841-cf74-48cf-bfc9-ac06714a3660,0.30000000000000004,0.13,0.09053066372871399
0cd1f841-cf74-48cf-bfc9-ac06714a3660,0.30000000000000004,0.18000000000000002,0.10014554858207703
0cd1f841-cf74-48cf-bfc9-ac06714a3660,0.30000000000000004,0.23,0.09908632189035416
0ce6f4d6-6a04-48e0-a78b-0e7dfb70599e,0.0,0.03,0.04959700629115105
0ce6f4d6-6a04-48e0-a78b-0e7dfb70599e,0.0,0.08,0.057929329574108124
0ce6f4d6-6a04-48e0-a78b-0e7dfb70599e,0.0,0.13,0.059667304158210754
0ce6f4d6-6a04-48e0-a78b-0e7dfb70599e,0.0,0.18000000000000002,0.06454680114984512
0ce6f4d6-6a04-48e0-a78b-0e7dfb70599e,0.0,0.23,0.06275651603937149
0ce6f4d6-6a04-48e0-a78b-0e7dfb70599e,0.01,0.03,0.04748236760497093
0ce6f4d6-6a04-48e0-a78b-0e7dfb70599e,0.01,0.08,0.055907949805259705
0ce6f4d6-6a04-48e0-a78b-0e7dfb70599e,0.01,0.13,0.07127077877521515
0ce6f4d6-6a04-48e0-a78b-0e7dfb70599e,0.01,0.18000000000000002,0.07185670733451843
0ce6f4d6-6a04-48e0-a78b-0e7dfb70599e,0.01,0.23,0.06577159464359283
0ce6f4d6-6a04-48e0-a78b-0e7dfb70599e,0.02,0.03,0.05161639302968979
0ce6f4d6-6a04-48e0-a78b-0e7dfb70599e,0.02,0.08,0.06151515245437622
0ce6f4d6-6a04-48e0-a78b-0e7dfb70599e,0.02,0.13,0.07392958551645279
0ce6f4d6-6a04-48e0-a78b-0e7dfb70599e,0.02,0.18000000000000002,0.07122950255870819
0ce6f4d6-6a04-48e0-a78b-0e7dfb70599e,0.02,0.23,0.06682639569044113
0ce6f4d6-6a04-48e0-a78b-0e7dfb70599e,0.03,0.03,0.048931416124105453
0ce6f4d6-6a04-48e0-a78b-0e7dfb70599e,0.03,0.08,0.05623744800686836
0ce6f4d6-6a04-48e0-a78b-0e7dfb70599e,0.03,0.13,0.0756005272269249
0ce6f4d6-6a04-48e0-a78b-0e7dfb70599e,0.03,0.18000000000000002,0.06510496139526367
0ce6f4d6-6a04-48e0-a78b-0e7dfb70599e,0.03,0.23,0.06793202459812164
0ce6f4d6-6a04-48e0-a78b-0e7dfb70599e,0.04,0.03,0.046695418655872345
0ce6f4d6-6a04-48e0-a78b-0e7dfb70599e,0.04,0.08,0.06329596042633057
0ce6f4d6-6a04-48e0-a78b-0e7dfb70599e,0.05,0.03,0.05154066160321236
0ce6f4d6-6a04-48e0-a78b-0e7dfb70599e,0.05,0.08,0.06705731153488159
0ce6f4d6-6a04-48e0-a78b-0e7dfb70599e,0.05,0.13,0.06764735281467438
0ce6f4d6-6a04-48e0-a78b-0e7dfb70599e,0.05,0.18000000000000002,0.06653457880020142
0ce6f4d6-6a04-48e0-a78b-0e7dfb70599e,0.05,0.23,0.06326445192098618
0ce6f4d6-6a04-48e0-a78b-0e7dfb70599e,0.1,0.03,0.04849643632769585
0ce6f4d6-6a04-48e0-a78b-0e7dfb70599e,0.1,0.08,0.05803791061043739
0ce6f4d6-6a04-48e0-a78b-0e7dfb70599e,0.1,0.13,0.06993838399648666
0ce6f4d6-6a04-48e0-a78b-0e7dfb70599e,0.1,0.18000000000000002,0.06483453512191772
0ce6f4d6-6a04-48e0-a78b-0e7dfb70599e,0.1,0.23,0.06170656532049179
0ce6f4d6-6a04-48e0-a78b-0e7dfb70599e,0.15000000000000002,0.03,0.04959758743643761
0ce6f4d6-6a04-48e0-a78b-0e7dfb70599e,0.15000000000000002,0.08,0.057353872805833817
0ce6f4d6-6a04-48e0-a78b-0e7dfb70599e,0.15000000000000002,0.13,0.058135922998189926
0ce6f4d6-6a04-48e0-a78b-0e7dfb70599e,0.15000000000000002,0.18000000000000002,0.05790306255221367
0ce6f4d6-6a04-48e0-a78b-0e7dfb70599e,0.15000000000000002,0.23,0.06686393916606903
0ce6f4d6-6a04-48e0-a78b-0e7dfb70599e,0.2,0.03,0.04691220074892044
0ce6f4d6-6a04-48e0-a78b-0e7dfb70599e,0.2,0.08,0.05278826504945755
0ce6f4d6-6a04-48e0-a78b-0e7dfb70599e,0.2,0.13,0.05721612647175789
0ce6f4d6-6a04-48e0-a78b-0e7dfb70599e,0.2,0.18000000000000002,0.0661875531077385
0ce6f4d6-6a04-48e0-a78b-0e7dfb70599e,0.2,0.23,0.06892899423837662
0ce6f4d6-6a04-48e0-a78b-0e7dfb70599e,0.25,0.03,0.043390076607465744
0ce6f4d6-6a04-48e0-a78b-0e7dfb70599e,0.25,0.08,0.06013548746705055
0ce6f4d6-6a04-48e0-a78b-0e7dfb70599e,0.25,0.13,0.06382795423269272
0ce6f4d6-6a04-48e0-a78b-0e7dfb70599e,0.25,0.18000000000000002,0.0620722658932209
0ce6f4d6-6a04-48e0-a78b-0e7dfb70599e,0.25,0.23,0.06862632930278778
0ce6f4d6-6a04-48e0-a78b-0e7dfb70599e,0.30000000000000004,0.03,0.054236896336078644
0ce6f4d6-6a04-48e0-a78b-0e7dfb70599e,0.30000000000000004,0.08,0.0567314587533474
0ce6f4d6-6a04-48e0-a78b-0e7dfb70599e,0.30000000000000004,0.13,0.05773868039250374
0ce6f4d6-6a04-48e0-a78b-0e7dfb70599e,0.30000000000000004,0.18000000000000002,0.06422527879476547
0ce6f4d6-6a04-48e0-a78b-0e7dfb70599e,0.30000000000000004,0.23,0.06107639521360397
0d446074-5262-4d7d-a8b5-45c85d9818ee,0.0,0.03,0.2000967562198639
0d446074-5262-4d7d-a8b5-45c85d9818ee,0.0,0.08,0.3232581615447998
0d446074-5262-4d7d-a8b5-45c85d9818ee,0.0,0.13,0.24982182681560516
0d446074-5262-4d7d-a8b5-45c85d9818ee,0.0,0.18000000000000002,0.167287215590477
0d446074-5262-4d7d-a8b5-45c85d9818ee,0.0,0.23,0.12653636932373047
0d446074-5262-4d7d-a8b5-45c85d9818ee,0.01,0.03,0.18107722699642181
0d446074-5262-4d7d-a8b5-45c85d9818ee,0.01,0.08,0.24397657811641693
0d446074-5262-4d7d-a8b5-45c85d9818ee,0.01,0.13,0.17735564708709717
0d446074-5262-4d7d-a8b5-45c85d9818ee,0.01,0.18000000000000002,0.1220671609044075
0d446074-5262-4d7d-a8b5-45c85d9818ee,0.01,0.23,0.09797991812229156
0d446074-5262-4d7d-a8b5-45c85d9818ee,0.02,0.03,0.2004973292350769
0d446074-5262-4d7d-a8b5-45c85d9818ee,0.02,0.08,0.2293650358915329
0d446074-5262-4d7d-a8b5-45c85d9818ee,0.02,0.13,0.15724483132362366
0d446074-5262-4d7d-a8b5-45c85d9818ee,0.02,0.18000000000000002,0.10855722427368164
0d446074-5262-4d7d-a8b5-45c85d9818ee,0.02,0.23,0.08705893158912659
0d446074-5262-4d7d-a8b5-45c85d9818ee,0.03,0.03,0.21626980602741241
0d446074-5262-4d7d-a8b5-45c85d9818ee,0.03,0.08,0.206943079829216
0d446074-5262-4d7d-a8b5-45c85d9818ee,0.03,0.13,0.13458743691444397
0d446074-5262-4d7d-a8b5-45c85d9818ee,0.03,0.18000000000000002,0.09928078204393387
0d446074-5262-4d7d-a8b5-45c85d9818ee,0.03,0.23,0.07953871041536331
0d446074-5262-4d7d-a8b5-45c85d9818ee,0.04,0.03,0.19561387598514557
0d446074-5262-4d7d-a8b5-45c85d9818ee,0.04,0.08,0.17292067408561707
0d446074-5262-4d7d-a8b5-45c85d9818ee,0.05,0.03,0.23046037554740906
0d446074-5262-4d7d-a8b5-45c85d9818ee,0.05,0.08,0.16003583371639252
0d446074-5262-4d7d-a8b5-45c85d9818ee,0.05,0.13,0.0977361723780632
0d446074-5262-4d7d-a8b5-45c85d9818ee,0.05,0.18000000000000002,0.07487492263317108
0d446074-5262-4d7d-a8b5-45c85d9818ee,0.05,0.23,0.07402459532022476
0d446074-5262-4d7d-a8b5-45c85d9818ee,0.1,0.03,0.07774657011032104
0d446074-5262-4d7d-a8b5-45c85d9818ee,0.1,0.08,0.10826185345649719
0d446074-5262-4d7d-a8b5-45c85d9818ee,0.1,0.13,0.10525769740343094
0d446074-5262-4d7d-a8b5-45c85d9818ee,0.1,0.18000000000000002,0.09009376168251038
0d446074-5262-4d7d-a8b5-45c85d9818ee,0.1,0.23,0.08071718364953995
0d446074-5262-4d7d-a8b5-45c85d9818ee,0.15000000000000002,0.03,0.09686881303787231
0d446074-5262-4d7d-a8b5-45c85d9818ee,0.15000000000000002,0.08,0.09397166222333908
0d446074-5262-4d7d-a8b5-45c85d9818ee,0.15000000000000002,0.13,0.07430929690599442
0d446074-5262-4d7d-a8b5-45c85d9818ee,0.15000000000000002,0.18000000000000002,0.06498914957046509
0d446074-5262-4d7d-a8b5-45c85d9818ee,0.15000000000000002,0.23,0.06079484149813652
0d446074-5262-4d7d-a8b5-45c85d9818ee,0.2,0.03,0.05776730552315712
0d446074-5262-4d7d-a8b5-45c85d9818ee,0.2,0.08,0.06698808819055557
0d446074-5262-4d7d-a8b5-45c85d9818ee,0.2,0.13,0.06111209839582443
0d446074-5262-4d7d-a8b5-45c85d9818ee,0.2,0.18000000000000002,0.06177423894405365
0d446074-5262-4d7d-a8b5-45c85d9818ee,0.2,0.23,0.05557439848780632
0d446074-5262-4d7d-a8b5-45c85d9818ee,0.25,0.03,0.0502171628177166
0d446074-5262-4d7d-a8b5-45c85d9818ee,0.25,0.08,0.0535275936126709
0d446074-5262-4d7d-a8b5-45c85d9818ee,0.25,0.13,0.0574580654501915
0d446074-5262-4d7d-a8b5-45c85d9818ee,0.25,0.18000000000000002,0.05287279188632965
0d446074-5262-4d7d-a8b5-45c85d9818ee,0.25,0.23,0.06317003071308136
0d446074-5262-4d7d-a8b5-45c85d9818ee,0.30000000000000004,0.03,0.04929715022444725
0d446074-5262-4d7d-a8b5-45c85d9818ee,0.30000000000000004,0.08,0.06238800659775734
0d446074-5262-4d7d-a8b5-45c85d9818ee,0.30000000000000004,0.13,0.06154385209083557
0d446074-5262-4d7d-a8b5-45c85d9818ee,0.30000000000000004,0.18000000000000002,0.07287009060382843
0d446074-5262-4d7d-a8b5-45c85d9818ee,0.30000000000000004,0.23,0.07208623737096786
0dc815c4-97e5-43b7-9e4b-23d58f5b5e5d,0.0,0.03,0.0
0dc815c4-97e5-43b7-9e4b-23d58f5b5e5d,0.0,0.08,0.0
0dc815c4-97e5-43b7-9e4b-23d58f5b5e5d,0.0,0.13,0.0
0dc815c4-97e5-43b7-9e4b-23d58f5b5e5d,0.0,0.18000000000000002,0.0
0dc815c4-97e5-43b7-9e4b-23d58f5b5e5d,0.0,0.23,0.0
0dc815c4-97e5-43b7-9e4b-23d58f5b5e5d,0.01,0.03,0.0
0dc815c4-97e5-43b7-9e4b-23d58f5b5e5d,0.01,0.08,0.0
0dc815c4-97e5-43b7-9e4b-23d58f5b5e5d,0.01,0.13,0.0
0dc815c4-97e5-43b7-9e4b-23d58f5b5e5d,0.01,0.18000000000000002,0.0
0dc815c4-97e5-43b7-9e4b-23d58f5b5e5d,0.01,0.23,0.0
0dc815c4-97e5-43b7-9e4b-23d58f5b5e5d,0.02,0.03,0.0
0dc815c4-97e5-43b7-9e4b-23d58f5b5e5d,0.02,0.08,0.0
0dc815c4-97e5-43b7-9e4b-23d58f5b5e5d,0.02,0.13,0.0
0dc815c4-97e5-43b7-9e4b-23d58f5b5e5d,0.02,0.18000000000000002,0.0
0dc815c4-97e5-43b7-9e4b-23d58f5b5e5d,0.02,0.23,0.0
0dc815c4-97e5-43b7-9e4b-23d58f5b5e5d,0.03,0.03,0.0
0dc815c4-97e5-43b7-9e4b-23d58f5b5e5d,0.03,0.08,0.0
0dc815c4-97e5-43b7-9e4b-23d58f5b5e5d,0.03,0.13,0.0
0dc815c4-97e5-43b7-9e4b-23d58f5b5e5d,0.03,0.18000000000000002,0.0
0dc815c4-97e5-43b7-9e4b-23d58f5b5e5d,0.03,0.23,0.0
0dc815c4-97e5-43b7-9e4b-23d58f5b5e5d,0.04,0.03,0.0
0dc815c4-97e5-43b7-9e4b-23d58f5b5e5d,0.04,0.08,0.0
0dc815c4-97e5-43b7-9e4b-23d58f5b5e5d,0.05,0.03,0.0
0dc815c4-97e5-43b7-9e4b-23d58f5b5e5d,0.05,0.08,0.0
0dc815c4-97e5-43b7-9e4b-23d58f5b5e5d,0.05,0.13,0.0
0dc815c4-97e5-43b7-9e4b-23d58f5b5e5d,0.05,0.18000000000000002,0.0
0dc815c4-97e5-43b7-9e4b-23d58f5b5e5d,0.05,0.23,0.0
0dc815c4-97e5-43b7-9e4b-23d58f5b5e5d,0.1,0.03,0.0
0dc815c4-97e5-43b7-9e4b-23d58f5b5e5d,0.1,0.08,0.0
0dc815c4-97e5-43b7-9e4b-23d58f5b5e5d,0.1,0.13,0.0
0dc815c4-97e5-43b7-9e4b-23d58f5b5e5d,0.1,0.18000000000000002,0.0
0dc815c4-97e5-43b7-9e4b-23d58f5b5e5d,0.1,0.23,0.0
0dc815c4-97e5-43b7-9e4b-23d58f5b5e5d,0.15000000000000002,0.03,0.0
0dc815c4-97e5-43b7-9e4b-23d58f5b5e5d,0.15000000000000002,0.08,0.0
0dc815c4-97e5-43b7-9e4b-23d58f5b5e5d,0.15000000000000002,0.13,0.0
0dc815c4-97e5-43b7-9e4b-23d58f5b5e5d,0.15000000000000002,0.18000000000000002,0.0
0dc815c4-97e5-43b7-9e4b-23d58f5b5e5d,0.15000000000000002,0.23,0.0
0dc815c4-97e5-43b7-9e4b-23d58f5b5e5d,0.2,0.03,0.0
0dc815c4-97e5-43b7-9e4b-23d58f5b5e5d,0.2,0.08,0.0
0dc815c4-97e5-43b7-9e4b-23d58f5b5e5d,0.2,0.13,0.0
0dc815c4-97e5-43b7-9e4b-23d58f5b5e5d,0.2,0.18000000000000002,0.0
0dc815c4-97e5-43b7-9e4b-23d58f5b5e5d,0.2,0.23,0.0
0dc815c4-97e5-43b7-9e4b-23d58f5b5e5d,0.25,0.03,0.0
0dc815c4-97e5-43b7-9e4b-23d58f5b5e5d,0.25,0.08,0.0
0dc815c4-97e5-43b7-9e4b-23d58f5b5e5d,0.25,0.13,0.0
0dc815c4-97e5-43b7-9e4b-23d58f5b5e5d,0.25,0.18000000000000002,0.0
0dc815c4-97e5-43b7-9e4b-23d58f5b5e5d,0.25,0.23,0.0
0dc815c4-97e5-43b7-9e4b-23d58f5b5e5d,0.30000000000000004,0.03,0.0
0dc815c4-97e5-43b7-9e4b-23d58f5b5e5d,0.30000000000000004,0.08,0.0
0dc815c4-97e5-43b7-9e4b-23d58f5b5e5d,0.30000000000000004,0.13,0.0
0dc815c4-97e5-43b7-9e4b-23d58f5b5e5d,0.30000000000000004,0.18000000000000002,0.0
0dc815c4-97e5-43b7-9e4b-23d58f5b5e5d,0.30000000000000004,0.23,0.0
0e4c1042-01fb-4904-afb6-f011b2f2b9cf,0.0,0.03,0.04945966228842735
0e4c1042-01fb-4904-afb6-f011b2f2b9cf,0.0,0.08,0.07556517422199249
0e4c1042-01fb-4904-afb6-f011b2f2b9cf,0.0,0.13,0.07278764247894287
0e4c1042-01fb-4904-afb6-f011b2f2b9cf,0.0,0.18000000000000002,0.06214844435453415
0e4c1042-01fb-4904-afb6-f011b2f2b9cf,0.0,0.23,0.06463068723678589
0e4c1042-01fb-4904-afb6-f011b2f2b9cf,0.01,0.03,0.05186988040804863
0e4c1042-01fb-4904-afb6-f011b2f2b9cf,0.01,0.08,0.0704619362950325
0e4c1042-01fb-4904-afb6-f011b2f2b9cf,0.01,0.13,0.07283613830804825
0e4c1042-01fb-4904-afb6-f011b2f2b9cf,0.01,0.18000000000000002,0.0654737576842308
0e4c1042-01fb-4904-afb6-f011b2f2b9cf,0.01,0.23,0.06095058098435402
0e4c1042-01fb-4904-afb6-f011b2f2b9cf,0.02,0.03,0.054582469165325165
0e4c1042-01fb-4904-afb6-f011b2f2b9cf,0.02,0.08,0.07249312847852707
0e4c1042-01fb-4904-afb6-f011b2f2b9cf,0.02,0.13,0.06475882232189178
0e4c1042-01fb-4904-afb6-f011b2f2b9cf,0.02,0.18000000000000002,0.06479673087596893
0e4c1042-01fb-4904-afb6-f011b2f2b9cf,0.02,0.23,0.06328591704368591
0e4c1042-01fb-4904-afb6-f011b2f2b9cf,0.03,0.03,0.05659562349319458
0e4c1042-01fb-4904-afb6-f011b2f2b9cf,0.03,0.08,0.06688584387302399
0e4c1042-01fb-4904-afb6-f011b2f2b9cf,0.03,0.13,0.06850489228963852
0e4c1042-01fb-4904-afb6-f011b2f2b9cf,0.03,0.18000000000000002,0.06433361023664474
0e4c1042-01fb-4904-afb6-f011b2f2b9cf,0.03,0.23,0.06263664364814758
0e4c1042-01fb-4904-afb6-f011b2f2b9cf,0.04,0.03,0.056454677134752274
0e4c1042-01fb-4904-afb6-f011b2f2b9cf,0.04,0.08,0.06148736551403999
0e4c1042-01fb-4904-afb6-f011b2f2b9cf,0.05,0.03,0.05157480388879776
0e4c1042-01fb-4904-afb6-f011b2f2b9cf,0.05,0.08,0.06055609881877899
0e4c1042-01fb-4904-afb6-f011b2f2b9cf,0.05,0.13,0.06393643468618393
0e4c1042-01fb-4904-afb6-f011b2f2b9cf,0.05,0.18000000000000002,0.06420235335826874
0e4c1042-01fb-4904-afb6-f011b2f2b9cf,0.05,0.23,0.06446171551942825
0e4c1042-01fb-4904-afb6-f011b2f2b9cf,0.1,0.03,0.04754715785384178
0e4c1042-01fb-4904-afb6-f011b2f2b9cf,0.1,0.08,0.062261465936899185
0e4c1042-01fb-4904-afb6-f011b2f2b9cf,0.1,0.13,0.063002809882164
0e4c1042-01fb-4904-afb6-f011b2f2b9cf,0.1,0.18000000000000002,0.0691094771027565
0e4c1042-01fb-4904-afb6-f011b2f2b9cf,0.1,0.23,0.07525341212749481
0e4c1042-01fb-4904-afb6-f011b2f2b9cf,0.15000000000000002,0.03,0.048089347779750824
0e4c1042-01fb-4904-afb6-f011b2f2b9cf,0.15000000000000002,0.08,0.06575022637844086
0e4c1042-01fb-4904-afb6-f011b2f2b9cf,0.15000000000000002,0.13,0.07628116011619568
0e4c1042-01fb-4904-afb6-f011b2f2b9cf,0.15000000000000002,0.18000000000000002,0.08020169287919998
0e4c1042-01fb-4904-afb6-f011b2f2b9cf,0.15000000000000002,0.23,0.07753370702266693
0e4c1042-01fb-4904-afb6-f011b2f2b9cf,0.2,0.03,0.05217352136969566
0e4c1042-01fb-4904-afb6-f011b2f2b9cf,0.2,0.08,0.067021444439888
0e4c1042-01fb-4904-afb6-f011b2f2b9cf,0.2,0.13,0.08412390947341919
0e4c1042-01fb-4904-afb6-f011b2f2b9cf,0.2,0.18000000000000002,0.07598216086626053
0e4c1042-01fb-4904-afb6-f011b2f2b9cf,0.2,0.23,0.07511142641305923
0e4c1042-01fb-4904-afb6-f011b2f2b9cf,0.25,0.03,0.0603773258626461
0e4c1042-01fb-4904-afb6-f011b2f2b9cf,0.25,0.08,0.07977112382650375
0e4c1042-01fb-4904-afb6-f011b2f2b9cf,0.25,0.13,0.06746283173561096
0e4c1042-01fb-4904-afb6-f011b2f2b9cf,0.25,0.18000000000000002,0.06826957315206528
0e4c1042-01fb-4904-afb6-f011b2f2b9cf,0.25,0.23,0.07704399526119232
0e4c1042-01fb-4904-afb6-f011b2f2b9cf,0.30000000000000004,0.03,0.04684368520975113
0e4c1042-01fb-4904-afb6-f011b2f2b9cf,0.30000000000000004,0.08,0.057120468467473984
0e4c1042-01fb-4904-afb6-f011b2f2b9cf,0.30000000000000004,0.13,0.06847706437110901
0e4c1042-01fb-4904-afb6-f011b2f2b9cf,0.30000000000000004,0.18000000000000002,0.08193683624267578
0e4c1042-01fb-4904-afb6-f011b2f2b9cf,0.30000000000000004,0.23,0.07751461118459702
0e994af1-d2cc-48fe-b47a-b39b567420aa,0.0,0.03,0.04772542044520378
0e994af1-d2cc-48fe-b47a-b39b567420aa,0.0,0.08,0.06242905929684639
0e994af1-d2cc-48fe-b47a-b39b567420aa,0.0,0.13,0.0575886145234108
0e994af1-d2cc-48fe-b47a-b39b567420aa,0.0,0.18000000000000002,0.062293995171785355
0e994af1-d2cc-48fe-b47a-b39b567420aa,0.0,0.23,0.06418959051370621
0e994af1-d2cc-48fe-b47a-b39b567420aa,0.01,0.03,0.045635122805833817
0e994af1-d2cc-48fe-b47a-b39b567420aa,0.01,0.08,0.05298350006341934
0e994af1-d2cc-48fe-b47a-b39b567420aa,0.01,0.13,0.05627896636724472
0e994af1-d2cc-48fe-b47a-b39b567420aa,0.01,0.18000000000000002,0.06730122864246368
0e994af1-d2cc-48fe-b47a-b39b567420aa,0.01,0.23,0.06761382520198822
0e994af1-d2cc-48fe-b47a-b39b567420aa,0.02,0.03,0.043069008737802505
0e994af1-d2cc-48fe-b47a-b39b567420aa,0.02,0.08,0.051542919129133224
0e994af1-d2cc-48fe-b47a-b39b567420aa,0.02,0.13,0.060905471444129944
0e994af1-d2cc-48fe-b47a-b39b567420aa,0.02,0.18000000000000002,0.06917381286621094
0e994af1-d2cc-48fe-b47a-b39b567420aa,0.02,0.23,0.0667794868350029
0e994af1-d2cc-48fe-b47a-b39b567420aa,0.03,0.03,0.045963287353515625
0e994af1-d2cc-48fe-b47a-b39b567420aa,0.03,0.08,0.05357585847377777
0e994af1-d2cc-48fe-b47a-b39b567420aa,0.03,0.13,0.062291789799928665
0e994af1-d2cc-48fe-b47a-b39b567420aa,0.03,0.18000000000000002,0.06945429742336273
0e994af1-d2cc-48fe-b47a-b39b567420aa,0.03,0.23,0.0692487508058548
0e994af1-d2cc-48fe-b47a-b39b567420aa,0.04,0.03,0.04589831829071045
0e994af1-d2cc-48fe-b47a-b39b567420aa,0.04,0.08,0.054469164460897446
0e994af1-d2cc-48fe-b47a-b39b567420aa,0.05,0.03,0.04947701469063759
0e994af1-d2cc-48fe-b47a-b39b567420aa,0.05,0.08,0.058830082416534424
0e994af1-d2cc-48fe-b47a-b39b567420aa,0.05,0.13,0.06863999366760254
0e994af1-d2cc-48fe-b47a-b39b567420aa,0.05,0.18000000000000002,0.06602319329977036
0e994af1-d2cc-48fe-b47a-b39b567420aa,0.05,0.23,0.07297062128782272
0e994af1-d2cc-48fe-b47a-b39b567420aa,0.1,0.03,0.04471592977643013
0e994af1-d2cc-48fe-b47a-b39b567420aa,0.1,0.08,0.06151389330625534
0e994af1-d2cc-48fe-b47a-b39b567420aa,0.1,0.13,0.05990030616521835
0e994af1-d2cc-48fe-b47a-b39b567420aa,0.1,0.18000000000000002,0.06923925876617432
0e994af1-d2cc-48fe-b47a-b39b567420aa,0.1,0.23,0.07320033758878708
0e994af1-d2cc-48fe-b47a-b39b567420aa,0.15000000000000002,0.03,0.05363016203045845
0e994af1-d2cc-48fe-b47a-b39b567420aa,0.15000000000000002,0.08,0.05744805932044983
0e994af1-d2cc-48fe-b47a-b39b567420aa,0.15000000000000002,0.13,0.05366439372301102
0e994af1-d2cc-48fe-b47a-b39b567420aa,0.15000000000000002,0.18000000000000002,0.05855119973421097
0e994af1-d2cc-48fe-b47a-b39b567420aa,0.15000000000000002,0.23,0.06784235686063766
0e994af1-d2cc-48fe-b47a-b39b567420aa,0.2,0.03,0.046367354691028595
0e994af1-d2cc-48fe-b47a-b39b567420aa,0.2,0.08,0.05290914699435234
0e994af1-d2cc-48fe-b47a-b39b567420aa,0.2,0.13,0.05997981131076813
0e994af1-d2cc-48fe-b47a-b39b567420aa,0.2,0.18000000000000002,0.06904654949903488
0e994af1-d2cc-48fe-b47a-b39b567420aa,0.2,0.23,0.08156642317771912
0e994af1-d2cc-48fe-b47a-b39b567420aa,0.25,0.03,0.05002507567405701
0e994af1-d2cc-48fe-b47a-b39b567420aa,0.25,0.08,0.051834914833307266
0e994af1-d2cc-48fe-b47a-b39b567420aa,0.25,0.13,0.06453098356723785
0e994af1-d2cc-48fe-b47a-b39b567420aa,0.25,0.18000000000000002,0.07603587955236435
0e994af1-d2cc-48fe-b47a-b39b567420aa,0.25,0.23,0.08021093159914017
0e994af1-d2cc-48fe-b47a-b39b567420aa,0.30000000000000004,0.03,0.05099589750170708
0e994af1-d2cc-48fe-b47a-b39b567420aa,0.30000000000000004,0.08,0.06717207282781601
0e994af1-d2cc-48fe-b47a-b39b567420aa,0.30000000000000004,0.13,0.07370180636644363
0e994af1-d2cc-48fe-b47a-b39b567420aa,0.30000000000000004,0.18000000000000002,0.0767015814781189
0e994af1-d2cc-48fe-b47a-b39b567420aa,0.30000000000000004,0.23,0.07171110063791275
0f12c806-3764-4fd5-a54e-d09b586ec6a2,0.0,0.03,0.0
0f12c806-3764-4fd5-a54e-d09b586ec6a2,0.0,0.08,0.0
0f12c806-3764-4fd5-a54e-d09b586ec6a2,0.0,0.13,0.0
0f12c806-3764-4fd5-a54e-d09b586ec6a2,0.0,0.18000000000000002,0.0
0f12c806-3764-4fd5-a54e-d09b586ec6a2,0.0,0.23,0.0
0f12c806-3764-4fd5-a54e-d09b586ec6a2,0.01,0.03,0.0
0f12c806-3764-4fd5-a54e-d09b586ec6a2,0.01,0.08,0.0
0f12c806-3764-4fd5-a54e-d09b586ec6a2,0.01,0.13,0.0
0f12c806-3764-4fd5-a54e-d09b586ec6a2,0.01,0.18000000000000002,0.0
0f12c806-3764-4fd5-a54e-d09b586ec6a2,0.01,0.23,0.0
0f12c806-3764-4fd5-a54e-d09b586ec6a2,0.02,0.03,0.0
0f12c806-3764-4fd5-a54e-d09b586ec6a2,0.02,0.08,0.0
0f12c806-3764-4fd5-a54e-d09b586ec6a2,0.02,0.13,0.0
0f12c806-3764-4fd5-a54e-d09b586ec6a2,0.02,0.18000000000000002,0.0
0f12c806-3764-4fd5-a54e-d09b586ec6a2,0.02,0.23,0.0
0f12c806-3764-4fd5-a54e-d09b586ec6a2,0.03,0.03,0.0
0f12c806-3764-4fd5-a54e-d09b586ec6a2,0.03,0.08,0.0
0f12c806-3764-4fd5-a54e-d09b586ec6a2,0.03,0.13,0.0
0f12c806-3764-4fd5-a54e-d09b586ec6a2,0.03,0.18000000000000002,0.0
0f12c806-3764-4fd5-a54e-d09b586ec6a2,0.03,0.23,0.0
0f12c806-3764-4fd5-a54e-d09b586ec6a2,0.04,0.03,0.0
0f12c806-3764-4fd5-a54e-d09b586ec6a2,0.04,0.08,0.0
0f12c806-3764-4fd5-a54e-d09b586ec6a2,0.05,0.03,0.0
0f12c806-3764-4fd5-a54e-d09b586ec6a2,0.05,0.08,0.0
0f12c806-3764-4fd5-a54e-d09b586ec6a2,0.05,0.13,0.0
0f12c806-3764-4fd5-a54e-d09b586ec6a2,0.05,0.18000000000000002,0.0
0f12c806-3764-4fd5-a54e-d09b586ec6a2,0.05,0.23,0.0
0f12c806-3764-4fd5-a54e-d09b586ec6a2,0.1,0.03,0.0
0f12c806-3764-4fd5-a54e-d09b586ec6a2,0.1,0.08,0.0
0f12c806-3764-4fd5-a54e-d09b586ec6a2,0.1,0.13,0.0
0f12c806-3764-4fd5-a54e-d09b586ec6a2,0.1,0.18000000000000002,0.0
0f12c806-3764-4fd5-a54e-d09b586ec6a2,0.1,0.23,0.0
0f12c806-3764-4fd5-a54e-d09b586ec6a2,0.15000000000000002,0.03,0.0
0f12c806-3764-4fd5-a54e-d09b586ec6a2,0.15000000000000002,0.08,0.0
0f12c806-3764-4fd5-a54e-d09b586ec6a2,0.15000000000000002,0.13,0.0
0f12c806-3764-4fd5-a54e-d09b586ec6a2,0.15000000000000002,0.18000000000000002,0.0
0f12c806-3764-4fd5-a54e-d09b586ec6a2,0.15000000000000002,0.23,0.0
0f12c806-3764-4fd5-a54e-d09b586ec6a2,0.2,0.03,0.0
0f12c806-3764-4fd5-a54e-d09b586ec6a2,0.2,0.08,0.0
0f12c806-3764-4fd5-a54e-d09b586ec6a2,0.2,0.13,0.0
0f12c806-3764-4fd5-a54e-d09b586ec6a2,0.2,0.18000000000000002,0.0
0f12c806-3764-4fd5-a54e-d09b586ec6a2,0.2,0.23,0.0
0f12c806-3764-4fd5-a54e-d09b586ec6a2,0.25,0.03,0.0
0f12c806-3764-4fd5-a54e-d09b586ec6a2,0.25,0.08,0.0
0f12c806-3764-4fd5-a54e-d09b586ec6a2,0.25,0.13,0.0
0f12c806-3764-4fd5-a54e-d09b586ec6a2,0.25,0.18000000000000002,0.0
0f12c806-3764-4fd5-a54e-d09b586ec6a2,0.25,0.23,0.0
0f12c806-3764-4fd5-a54e-d09b586ec6a2,0.30000000000000004,0.03,0.0
0f12c806-3764-4fd5-a54e-d09b586ec6a2,0.30000000000000004,0.08,0.0
0f12c806-3764-4fd5-a54e-d09b586ec6a2,0.30000000000000004,0.13,0.0
0f12c806-3764-4fd5-a54e-d09b586ec6a2,0.30000000000000004,0.18000000000000002,0.0
0f12c806-3764-4fd5-a54e-d09b586ec6a2,0.30000000000000004,0.23,0.0
0f3af1e8-242b-4eda-975a-92e591bcd95c,0.0,0.03,0.07823469489812851
0f3af1e8-242b-4eda-975a-92e591bcd95c,0.0,0.08,0.12735554575920105
0f3af1e8-242b-4eda-975a-92e591bcd95c,0.0,0.13,0.11827264726161957
0f3af1e8-242b-4eda-975a-92e591bcd95c,0.0,0.18000000000000002,0.11129879206418991
0f3af1e8-242b-4eda-975a-92e591bcd95c,0.0,0.23,0.10013815760612488
0f3af1e8-242b-4eda-975a-92e591bcd95c,0.01,0.03,0.09095077216625214
0f3af1e8-242b-4eda-975a-92e591bcd95c,0.01,0.08,0.1378357857465744
0f3af1e8-242b-4eda-975a-92e591bcd95c,0.01,0.13,0.12535545229911804
0f3af1e8-242b-4eda-975a-92e591bcd95c,0.01,0.18000000000000002,0.11606006324291229
0f3af1e8-242b-4eda-975a-92e591bcd95c,0.01,0.23,0.10701824724674225
0f3af1e8-242b-4eda-975a-92e591bcd95c,0.02,0.03,0.09630317986011505
0f3af1e8-242b-4eda-975a-92e591bcd95c,0.02,0.08,0.1326381266117096
0f3af1e8-242b-4eda-975a-92e591bcd95c,0.02,0.13,0.11950550973415375
0f3af1e8-242b-4eda-975a-92e591bcd95c,0.02,0.18000000000000002,0.11148586869239807
0f3af1e8-242b-4eda-975a-92e591bcd95c,0.02,0.23,0.10039359331130981
0f3af1e8-242b-4eda-975a-92e591bcd95c,0.03,0.03,0.09918294101953506
0f3af1e8-242b-4eda-975a-92e591bcd95c,0.03,0.08,0.12378940731287003
0f3af1e8-242b-4eda-975a-92e591bcd95c,0.03,0.13,0.11088038235902786
0f3af1e8-242b-4eda-975a-92e591bcd95c,0.03,0.18000000000000002,0.09933216869831085
0f3af1e8-242b-4eda-975a-92e591bcd95c,0.03,0.23,0.09318240731954575
0f3af1e8-242b-4eda-975a-92e591bcd95c,0.04,0.03,0.09625747054815292
0f3af1e8-242b-4eda-975a-92e591bcd95c,0.04,0.08,0.11281920969486237
0f3af1e8-242b-4eda-975a-92e591bcd95c,0.05,0.03,0.08883246034383774
0f3af1e8-242b-4eda-975a-92e591bcd95c,0.05,0.08,0.094326913356781
0f3af1e8-242b-4eda-975a-92e591bcd95c,0.05,0.13,0.0931754931807518
0f3af1e8-242b-4eda-975a-92e591bcd95c,0.05,0.18000000000000002,0.08354727178812027
0f3af1e8-242b-4eda-975a-92e591bcd95c,0.05,0.23,0.08547744899988174
0f3af1e8-242b-4eda-975a-92e591bcd95c,0.1,0.03,0.06120120361447334
0f3af1e8-242b-4eda-975a-92e591bcd95c,0.1,0.08,0.07169097661972046
0f3af1e8-242b-4eda-975a-92e591bcd95c,0.1,0.13,0.07792693376541138
0f3af1e8-242b-4eda-975a-92e591bcd95c,0.1,0.18000000000000002,0.07969377934932709
0f3af1e8-242b-4eda-975a-92e591bcd95c,0.1,0.23,0.07803041487932205
0f3af1e8-242b-4eda-975a-92e591bcd95c,0.15000000000000002,0.03,0.049756262451410294
0f3af1e8-242b-4eda-975a-92e591bcd95c,0.15000000000000002,0.08,0.0723905861377716
0f3af1e8-242b-4eda-975a-92e591bcd95c,0.15000000000000002,0.13,0.07319317013025284
0f3af1e8-242b-4eda-975a-92e591bcd95c,0.15000000000000002,0.18000000000000002,0.07238516211509705
0f3af1e8-242b-4eda-975a-92e591bcd95c,0.15000000000000002,0.23,0.07228486984968185
0f3af1e8-242b-4eda-975a-92e591bcd95c,0.2,0.03,0.0474654845893383
0f3af1e8-242b-4eda-975a-92e591bcd95c,0.2,0.08,0.06149742379784584
0f3af1e8-242b-4eda-975a-92e591bcd95c,0.2,0.13,0.06561007350683212
0f3af1e8-242b-4eda-975a-92e591bcd95c,0.2,0.18000000000000002,0.06467565149068832
0f3af1e8-242b-4eda-975a-92e591bcd95c,0.2,0.23,0.06548145413398743
0f3af1e8-242b-4eda-975a-92e591bcd95c,0.25,0.03,0.04300675541162491
0f3af1e8-242b-4eda-975a-92e591bcd95c,0.25,0.08,0.06968581676483154
0f3af1e8-242b-4eda-975a-92e591bcd95c,0.25,0.13,0.06614029407501221
0f3af1e8-242b-4eda-975a-92e591bcd95c,0.25,0.18000000000000002,0.06894789636135101
0f3af1e8-242b-4eda-975a-92e591bcd95c,0.25,0.23,0.0644485130906105
0f3af1e8-242b-4eda-975a-92e591bcd95c,0.30000000000000004,0.03,0.050778381526470184
0f3af1e8-242b-4eda-975a-92e591bcd95c,0.30000000000000004,0.08,0.060565002262592316
0f3af1e8-242b-4eda-975a-92e591bcd95c,0.30000000000000004,0.13,0.063849538564682
0f3af1e8-242b-4eda-975a-92e591bcd95c,0.30000000000000004,0.18000000000000002,0.0638929083943367
0f3af1e8-242b-4eda-975a-92e591bcd95c,0.30000000000000004,0.23,0.07373017817735672
0f8d2fc5-2056-4b3a-9736-705eeb12c93a,0.0,0.03,0.28477635979652405
0f8d2fc5-2056-4b3a-9736-705eeb12c93a,0.0,0.08,0.38762637972831726
0f8d2fc5-2056-4b3a-9736-705eeb12c93a,0.0,0.13,0.29016825556755066
0f8d2fc5-2056-4b3a-9736-705eeb12c93a,0.0,0.18000000000000002,0.1932787150144577
0f8d2fc5-2056-4b3a-9736-705eeb12c93a,0.0,0.23,0.15240664780139923
0f8d2fc5-2056-4b3a-9736-705eeb12c93a,0.01,0.03,0.2871329188346863
0f8d2fc5-2056-4b3a-9736-705eeb12c93a,0.01,0.08,0.3404967784881592
0f8d2fc5-2056-4b3a-9736-705eeb12c93a,0.01,0.13,0.20954644680023193
0f8d2fc5-2056-4b3a-9736-705eeb12c93a,0.01,0.18000000000000002,0.1443798542022705
0f8d2fc5-2056-4b3a-9736-705eeb12c93a,0.01,0.23,0.11191157251596451
0f8d2fc5-2056-4b3a-9736-705eeb12c93a,0.02,0.03,0.3070509731769562
0f8d2fc5-2056-4b3a-9736-705eeb12c93a,0.02,0.08,0.3034104108810425
0f8d2fc5-2056-4b3a-9736-705eeb12c93a,0.02,0.13,0.171009823679924
0f8d2fc5-2056-4b3a-9736-705eeb12c93a,0.02,0.18000000000000002,0.1145002692937851
0f8d2fc5-2056-4b3a-9736-705eeb12c93a,0.02,0.23,0.0914241373538971
0f8d2fc5-2056-4b3a-9736-705eeb12c93a,0.03,0.03,0.3056257963180542
0f8d2fc5-2056-4b3a-9736-705eeb12c93a,0.03,0.08,0.22586697340011597
0f8d2fc5-2056-4b3a-9736-705eeb12c93a,0.03,0.13,0.13247643411159515
0f8d2fc5-2056-4b3a-9736-705eeb12c93a,0.03,0.18000000000000002,0.0845145434141159
0f8d2fc5-2056-4b3a-9736-705eeb12c93a,0.03,0.23,0.0661696344614029
0f8d2fc5-2056-4b3a-9736-705eeb12c93a,0.04,0.03,0.24283558130264282
0f8d2fc5-2056-4b3a-9736-705eeb12c93a,0.04,0.08,0.1601903736591339
0f8d2fc5-2056-4b3a-9736-705eeb12c93a,0.05,0.03,0.18433082103729248
0f8d2fc5-2056-4b3a-9736-705eeb12c93a,0.05,0.08,0.10640527307987213
0f8d2fc5-2056-4b3a-9736-705eeb12c93a,0.05,0.13,0.06021139398217201
0f8d2fc5-2056-4b3a-9736-705eeb12c93a,0.05,0.18000000000000002,0.06320056319236755
0f8d2fc5-2056-4b3a-9736-705eeb12c93a,0.05,0.23,0.06342295557260513
0f8d2fc5-2056-4b3a-9736-705eeb12c93a,0.1,0.03,0.08013241738080978
0f8d2fc5-2056-4b3a-9736-705eeb12c93a,0.1,0.08,0.11601057648658752
0f8d2fc5-2056-4b3a-9736-705eeb12c93a,0.1,0.13,0.11082004755735397
0f8d2fc5-2056-4b3a-9736-705eeb12c93a,0.1,0.18000000000000002,0.10977945476770401
0f8d2fc5-2056-4b3a-9736-705eeb12c93a,0.1,0.23,0.10591775178909302
0f8d2fc5-2056-4b3a-9736-705eeb12c93a,0.15000000000000002,0.03,0.057535745203495026
0f8d2fc5-2056-4b3a-9736-705eeb12c93a,0.15000000000000002,0.08,0.0633694976568222
0f8d2fc5-2056-4b3a-9736-705eeb12c93a,0.15000000000000002,0.13,0.07284648716449738
0f8d2fc5-2056-4b3a-9736-705eeb12c93a,0.15000000000000002,0.18000000000000002,0.07575559616088867
0f8d2fc5-2056-4b3a-9736-705eeb12c93a,0.15000000000000002,0.23,0.0697782039642334
0f8d2fc5-2056-4b3a-9736-705eeb12c93a,0.2,0.03,0.049477435648441315
0f8d2fc5-2056-4b3a-9736-705eeb12c93a,0.2,0.08,0.05899850279092789
0f8d2fc5-2056-4b3a-9736-705eeb12c93a,0.2,0.13,0.06206550449132919
0f8d2fc5-2056-4b3a-9736-705eeb12c93a,0.2,0.18000000000000002,0.06200813502073288
0f8d2fc5-2056-4b3a-9736-705eeb12c93a,0.2,0.23,0.06061653047800064
0f8d2fc5-2056-4b3a-9736-705eeb12c93a,0.25,0.03,0.04692714661359787
0f8d2fc5-2056-4b3a-9736-705eeb12c93a,0.25,0.08,0.05611289665102959
0f8d2fc5-2056-4b3a-9736-705eeb12c93a,0.25,0.13,0.0597350150346756
0f8d2fc5-2056-4b3a-9736-705eeb12c93a,0.25,0.18000000000000002,0.059834517538547516
0f8d2fc5-2056-4b3a-9736-705eeb12c93a,0.25,0.23,0.06041330844163895
0f8d2fc5-2056-4b3a-9736-705eeb12c93a,0.30000000000000004,0.03,0.04685720428824425
0f8d2fc5-2056-4b3a-9736-705eeb12c93a,0.30000000000000004,0.08,0.05576205998659134
0f8d2fc5-2056-4b3a-9736-705eeb12c93a,0.30000000000000004,0.13,0.06238516792654991
0f8d2fc5-2056-4b3a-9736-705eeb12c93a,0.30000000000000004,0.18000000000000002,0.061605919152498245
0f8d2fc5-2056-4b3a-9736-705eeb12c93a,0.30000000000000004,0.23,0.06231583654880524
0f8f7f8d-478c-4c59-ba06-bf5c37e9bcdd,0.0,0.03,0.09253651648759842
0f8f7f8d-478c-4c59-ba06-bf5c37e9bcdd,0.0,0.08,0.16575950384140015
0f8f7f8d-478c-4c59-ba06-bf5c37e9bcdd,0.0,0.13,0.18342962861061096
0f8f7f8d-478c-4c59-ba06-bf5c37e9bcdd,0.0,0.18000000000000002,0.17366284132003784
0f8f7f8d-478c-4c59-ba06-bf5c37e9bcdd,0.0,0.23,0.14934170246124268
0f8f7f8d-478c-4c59-ba06-bf5c37e9bcdd,0.01,0.03,0.11227823048830032
0f8f7f8d-478c-4c59-ba06-bf5c37e9bcdd,0.01,0.08,0.18328890204429626
0f8f7f8d-478c-4c59-ba06-bf5c37e9bcdd,0.01,0.13,0.18484310805797577
0f8f7f8d-478c-4c59-ba06-bf5c37e9bcdd,0.01,0.18000000000000002,0.15903525054454803
0f8f7f8d-478c-4c59-ba06-bf5c37e9bcdd,0.01,0.23,0.13218963146209717
0f8f7f8d-478c-4c59-ba06-bf5c37e9bcdd,0.02,0.03,0.11201009899377823
0f8f7f8d-478c-4c59-ba06-bf5c37e9bcdd,0.02,0.08,0.17944301664829254
0f8f7f8d-478c-4c59-ba06-bf5c37e9bcdd,0.02,0.13,0.1756506860256195
0f8f7f8d-478c-4c59-ba06-bf5c37e9bcdd,0.02,0.18000000000000002,0.14730733633041382
0f8f7f8d-478c-4c59-ba06-bf5c37e9bcdd,0.02,0.23,0.12323509901762009
0f8f7f8d-478c-4c59-ba06-bf5c37e9bcdd,0.03,0.03,0.12649737298488617
0f8f7f8d-478c-4c59-ba06-bf5c37e9bcdd,0.03,0.08,0.1763213723897934
0f8f7f8d-478c-4c59-ba06-bf5c37e9bcdd,0.03,0.13,0.16688279807567596
0f8f7f8d-478c-4c59-ba06-bf5c37e9bcdd,0.03,0.18000000000000002,0.139128178358078
0f8f7f8d-478c-4c59-ba06-bf5c37e9bcdd,0.03,0.23,0.11971260607242584
0f8f7f8d-478c-4c59-ba06-bf5c37e9bcdd,0.04,0.03,0.13769234716892242
0f8f7f8d-478c-4c59-ba06-bf5c37e9bcdd,0.04,0.08,0.17520727217197418
0f8f7f8d-478c-4c59-ba06-bf5c37e9bcdd,0.05,0.03,0.1438523679971695
0f8f7f8d-478c-4c59-ba06-bf5c37e9bcdd,0.05,0.08,0.17373397946357727
0f8f7f8d-478c-4c59-ba06-bf5c37e9bcdd,0.05,0.13,0.1691656857728958
0f8f7f8d-478c-4c59-ba06-bf5c37e9bcdd,0.05,0.18000000000000002,0.14767663180828094
0f8f7f8d-478c-4c59-ba06-bf5c37e9bcdd,0.05,0.23,0.13318362832069397
0f8f7f8d-478c-4c59-ba06-bf5c37e9bcdd,0.1,0.03,0.11883296072483063
0f8f7f8d-478c-4c59-ba06-bf5c37e9bcdd,0.1,0.08,0.15226073563098907
0f8f7f8d-478c-4c59-ba06-bf5c37e9bcdd,0.1,0.13,0.14150694012641907
0f8f7f8d-478c-4c59-ba06-bf5c37e9bcdd,0.1,0.18000000000000002,0.12536828219890594
0f8f7f8d-478c-4c59-ba06-bf5c37e9bcdd,0.1,0.23,0.11342304944992065
0f8f7f8d-478c-4c59-ba06-bf5c37e9bcdd,0.15000000000000002,0.03,0.09782373160123825
0f8f7f8d-478c-4c59-ba06-bf5c37e9bcdd,0.15000000000000002,0.08,0.10370966047048569
0f8f7f8d-478c-4c59-ba06-bf5c37e9bcdd,0.15000000000000002,0.13,0.1007893979549408
0f8f7f8d-478c-4c59-ba06-bf5c37e9bcdd,0.15000000000000002,0.18000000000000002,0.09549974650144577
0f8f7f8d-478c-4c59-ba06-bf5c37e9bcdd,0.15000000000000002,0.23,0.09196901321411133
0f8f7f8d-478c-4c59-ba06-bf5c37e9bcdd,0.2,0.03,0.05176838859915733
0f8f7f8d-478c-4c59-ba06-bf5c37e9bcdd,0.2,0.08,0.08440418541431427
0f8f7f8d-478c-4c59-ba06-bf5c37e9bcdd,0.2,0.13,0.0832662507891655
0f8f7f8d-478c-4c59-ba06-bf5c37e9bcdd,0.2,0.18000000000000002,0.08108921349048615
0f8f7f8d-478c-4c59-ba06-bf5c37e9bcdd,0.2,0.23,0.07732557505369186
0f8f7f8d-478c-4c59-ba06-bf5c37e9bcdd,0.25,0.03,0.05825921893119812
0f8f7f8d-478c-4c59-ba06-bf5c37e9bcdd,0.25,0.08,0.07124893367290497
0f8f7f8d-478c-4c59-ba06-bf5c37e9bcdd,0.25,0.13,0.07311659306287766
0f8f7f8d-478c-4c59-ba06-bf5c37e9bcdd,0.25,0.18000000000000002,0.06830073893070221
0f8f7f8d-478c-4c59-ba06-bf5c37e9bcdd,0.25,0.23,0.06021099165081978
0f8f7f8d-478c-4c59-ba06-bf5c37e9bcdd,0.30000000000000004,0.03,0.051823969930410385
0f8f7f8d-478c-4c59-ba06-bf5c37e9bcdd,0.30000000000000004,0.08,0.06795097142457962
0f8f7f8d-478c-4c59-ba06-bf5c37e9bcdd,0.30000000000000004,0.13,0.06097952276468277
0f8f7f8d-478c-4c59-ba06-bf5c37e9bcdd,0.30000000000000004,0.18000000000000002,0.06596746295690536
0f8f7f8d-478c-4c59-ba06-bf5c37e9bcdd,0.30000000000000004,0.23,0.06894543766975403
0ff0d0ee-63b5-4763-b9b6-cab3c849c41e,0.0,0.03,0.14503879845142365
0ff0d0ee-63b5-4763-b9b6-cab3c849c41e,0.0,0.08,0.2092881053686142
0ff0d0ee-63b5-4763-b9b6-cab3c849c41e,0.0,0.13,0.2407476156949997
0ff0d0ee-63b5-4763-b9b6-cab3c849c41e,0.0,0.18000000000000002,0.24952243268489838
0ff0d0ee-63b5-4763-b9b6-cab3c849c41e,0.0,0.23,0.24462798237800598
0ff0d0ee-63b5-4763-b9b6-cab3c849c41e,0.01,0.03,0.13783426582813263
0ff0d0ee-63b5-4763-b9b6-cab3c849c41e,0.01,0.08,0.1954602152109146
0ff0d0ee-63b5-4763-b9b6-cab3c849c41e,0.01,0.13,0.22021211683750153
0ff0d0ee-63b5-4763-b9b6-cab3c849c41e,0.01,0.18000000000000002,0.22827959060668945
0ff0d0ee-63b5-4763-b9b6-cab3c849c41e,0.01,0.23,0.223149374127388
0ff0d0ee-63b5-4763-b9b6-cab3c849c41e,0.02,0.03,0.14930963516235352
0ff0d0ee-63b5-4763-b9b6-cab3c849c41e,0.02,0.08,0.20351772010326385
0ff0d0ee-63b5-4763-b9b6-cab3c849c41e,0.02,0.13,0.2237054854631424
0ff0d0ee-63b5-4763-b9b6-cab3c849c41e,0.02,0.18000000000000002,0.2283686101436615
0ff0d0ee-63b5-4763-b9b6-cab3c849c41e,0.02,0.23,0.22025330364704132
0ff0d0ee-63b5-4763-b9b6-cab3c849c41e,0.03,0.03,0.15466763079166412
0ff0d0ee-63b5-4763-b9b6-cab3c849c41e,0.03,0.08,0.20454074442386627
0ff0d0ee-63b5-4763-b9b6-cab3c849c41e,0.03,0.13,0.2224758416414261
0ff0d0ee-63b5-4763-b9b6-cab3c849c41e,0.03,0.18000000000000002,0.222342386841774
0ff0d0ee-63b5-4763-b9b6-cab3c849c41e,0.03,0.23,0.21208077669143677
0ff0d0ee-63b5-4763-b9b6-cab3c849c41e,0.04,0.03,0.16496895253658295
0ff0d0ee-63b5-4763-b9b6-cab3c849c41e,0.04,0.08,0.21098026633262634
0ff0d0ee-63b5-4763-b9b6-cab3c849c41e,0.05,0.03,0.19375894963741302
0ff0d0ee-63b5-4763-b9b6-cab3c849c41e,0.05,0.08,0.23563459515571594
0ff0d0ee-63b5-4763-b9b6-cab3c849c41e,0.05,0.13,0.23853270709514618
0ff0d0ee-63b5-4763-b9b6-cab3c849c41e,0.05,0.18000000000000002,0.22976617515087128
0ff0d0ee-63b5-4763-b9b6-cab3c849c41e,0.05,0.23,0.21475520730018616
0ff0d0ee-63b5-4763-b9b6-cab3c849c41e,0.1,0.03,0.18891897797584534
0ff0d0ee-63b5-4763-b9b6-cab3c849c41e,0.1,0.08,0.20242466032505035
0ff0d0ee-63b5-4763-b9b6-cab3c849c41e,0.1,0.13,0.19408883154392242
0ff0d0ee-63b5-4763-b9b6-cab3c849c41e,0.1,0.18000000000000002,0.17838789522647858
0ff0d0ee-63b5-4763-b9b6-cab3c849c41e,0.1,0.23,0.15947842597961426
0ff0d0ee-63b5-4763-b9b6-cab3c849c41e,0.15000000000000002,0.03,0.14206181466579437
0ff0d0ee-63b5-4763-b9b6-cab3c849c41e,0.15000000000000002,0.08,0.1474062204360962
0ff0d0ee-63b5-4763-b9b6-cab3c849c41e,0.15000000000000002,0.13,0.13616949319839478
0ff0d0ee-63b5-4763-b9b6-cab3c849c41e,0.15000000000000002,0.18000000000000002,0.11974392831325531
0ff0d0ee-63b5-4763-b9b6-cab3c849c41e,0.15000000000000002,0.23,0.10433881729841232
0ff0d0ee-63b5-4763-b9b6-cab3c849c41e,0.2,0.03,0.09663484990596771
0ff0d0ee-63b5-4763-b9b6-cab3c849c41e,0.2,0.08,0.09784726798534393
0ff0d0ee-63b5-4763-b9b6-cab3c849c41e,0.2,0.13,0.08570154756307602
0ff0d0ee-63b5-4763-b9b6-cab3c849c41e,0.2,0.18000000000000002,0.07852175831794739
0ff0d0ee-63b5-4763-b9b6-cab3c849c41e,0.2,0.23,0.07937411963939667
0ff0d0ee-63b5-4763-b9b6-cab3c849c41e,0.25,0.03,0.0634409636259079
0ff0d0ee-63b5-4763-b9b6-cab3c849c41e,0.25,0.08,0.07173824310302734
0ff0d0ee-63b5-4763-b9b6-cab3c849c41e,0.25,0.13,0.0724886879324913
0ff0d0ee-63b5-4763-b9b6-cab3c849c41e,0.25,0.18000000000000002,0.07704111188650131
0ff0d0ee-63b5-4763-b9b6-cab3c849c41e,0.25,0.23,0.07769374549388885
0ff0d0ee-63b5-4763-b9b6-cab3c849c41e,0.30000000000000004,0.03,0.057512927800416946
0ff0d0ee-63b5-4763-b9b6-cab3c849c41e,0.30000000000000004,0.08,0.06884012371301651
0ff0d0ee-63b5-4763-b9b6-cab3c849c41e,0.30000000000000004,0.13,0.07614487409591675
0ff0d0ee-63b5-4763-b9b6-cab3c849c41e,0.30000000000000004,0.18000000000000002,0.07810605317354202
0ff0d0ee-63b5-4763-b9b6-cab3c849c41e,0.30000000000000004,0.23,0.07716013491153717
10081494-6d09-4905-9b4c-65759a267a74,0.0,0.03,0.07017234712839127
10081494-6d09-4905-9b4c-65759a267a74,0.0,0.08,0.100617915391922
10081494-6d09-4905-9b4c-65759a267a74,0.0,0.13,0.11556355655193329
10081494-6d09-4905-9b4c-65759a267a74,0.0,0.18000000000000002,0.13747866451740265
10081494-6d09-4905-9b4c-65759a267a74,0.0,0.23,0.14413294196128845
10081494-6d09-4905-9b4c-65759a267a74,0.01,0.03,0.08138938993215561
10081494-6d09-4905-9b4c-65759a267a74,0.01,0.08,0.0987631306052208
10081494-6d09-4905-9b4c-65759a267a74,0.01,0.13,0.11513224244117737
10081494-6d09-4905-9b4c-65759a267a74,0.01,0.18000000000000002,0.1389315128326416
10081494-6d09-4905-9b4c-65759a267a74,0.01,0.23,0.14950910210609436
10081494-6d09-4905-9b4c-65759a267a74,0.02,0.03,0.06109972298145294
10081494-6d09-4905-9b4c-65759a267a74,0.02,0.08,0.09151913225650787
10081494-6d09-4905-9b4c-65759a267a74,0.02,0.13,0.11567994207143784
10081494-6d09-4905-9b4c-65759a267a74,0.02,0.18000000000000002,0.13603059947490692
10081494-6d09-4905-9b4c-65759a267a74,0.02,0.23,0.1434507966041565
10081494-6d09-4905-9b4c-65759a267a74,0.03,0.03,0.07384338974952698
10081494-6d09-4905-9b4c-65759a267a74,0.03,0.08,0.09919274598360062
10081494-6d09-4905-9b4c-65759a267a74,0.03,0.13,0.12576009333133698
10081494-6d09-4905-9b4c-65759a267a74,0.03,0.18000000000000002,0.13588649034500122
10081494-6d09-4905-9b4c-65759a267a74,0.03,0.23,0.15051086246967316
10081494-6d09-4905-9b4c-65759a267a74,0.04,0.03,0.06739553809165955
10081494-6d09-4905-9b4c-65759a267a74,0.04,0.08,0.10452299565076828
10081494-6d09-4905-9b4c-65759a267a74,0.05,0.03,0.07709939032793045
10081494-6d09-4905-9b4c-65759a267a74,0.05,0.08,0.0977383702993393
10081494-6d09-4905-9b4c-65759a267a74,0.05,0.13,0.126396045088768
10081494-6d09-4905-9b4c-65759a267a74,0.05,0.18000000000000002,0.13389228284358978
10081494-6d09-4905-9b4c-65759a267a74,0.05,0.23,0.14137132465839386
10081494-6d09-4905-9b4c-65759a267a74,0.1,0.03,0.06601033359766006
10081494-6d09-4905-9b4c-65759a267a74,0.1,0.08,0.10580924898386002
10081494-6d09-4905-9b4c-65759a267a74,0.1,0.13,0.11783485114574432
10081494-6d09-4905-9b4c-65759a267a74,0.1,0.18000000000000002,0.13227730989456177
10081494-6d09-4905-9b4c-65759a267a74,0.1,0.23,0.14864161610603333
10081494-6d09-4905-9b4c-65759a267a74,0.15000000000000002,0.03,0.07351579517126083
10081494-6d09-4905-9b4c-65759a267a74,0.15000000000000002,0.08,0.09592144936323166
10081494-6d09-4905-9b4c-65759a267a74,0.15000000000000002,0.13,0.12135249376296997
10081494-6d09-4905-9b4c-65759a267a74,0.15000000000000002,0.18000000000000002,0.14134691655635834
10081494-6d09-4905-9b4c-65759a267a74,0.15000000000000002,0.23,0.15339936316013336
10081494-6d09-4905-9b4c-65759a267a74,0.2,0.03,0.06384657323360443
10081494-6d09-4905-9b4c-65759a267a74,0.2,0.08,0.10229912400245667
10081494-6d09-4905-9b4c-65759a267a74,0.2,0.13,0.12939035892486572
10081494-6d09-4905-9b4c-65759a267a74,0.2,0.18000000000000002,0.14376914501190186
10081494-6d09-4905-9b4c-65759a267a74,0.2,0.23,0.15075422823429108
10081494-6d09-4905-9b4c-65759a267a74,0.25,0.03,0.082469642162323
10081494-6d09-4905-9b4c-65759a267a74,0.25,0.08,0.11397630721330643
10081494-6d09-4905-9b4c-65759a267a74,0.25,0.13,0.13250704109668732
10081494-6d09-4905-9b4c-65759a267a74,0.25,0.18000000000000002,0.13990044593811035
10081494-6d09-4905-9b4c-65759a267a74,0.25,0.23,0.1471177488565445
10081494-6d09-4905-9b4c-65759a267a74,0.30000000000000004,0.03,0.07589974254369736
10081494-6d09-4905-9b4c-65759a267a74,0.30000000000000004,0.08,0.1058451235294342
10081494-6d09-4905-9b4c-65759a267a74,0.30000000000000004,0.13,0.11882521212100983
10081494-6d09-4905-9b4c-65759a267a74,0.30000000000000004,0.18000000000000002,0.12936492264270782
10081494-6d09-4905-9b4c-65759a267a74,0.30000000000000004,0.23,0.13587667047977448
11002c8a-55c0-42f9-9a52-3cd5f6b624e1,0.0,0.03,0.04685220122337341
11002c8a-55c0-42f9-9a52-3cd5f6b624e1,0.0,0.08,0.057768069207668304
11002c8a-55c0-42f9-9a52-3cd5f6b624e1,0.0,0.13,0.058987464755773544
11002c8a-55c0-42f9-9a52-3cd5f6b624e1,0.0,0.18000000000000002,0.05796583369374275
11002c8a-55c0-42f9-9a52-3cd5f6b624e1,0.0,0.23,0.06444107741117477
11002c8a-55c0-42f9-9a52-3cd5f6b624e1,0.01,0.03,0.051584478467702866
11002c8a-55c0-42f9-9a52-3cd5f6b624e1,0.01,0.08,0.055649127811193466
11002c8a-55c0-42f9-9a52-3cd5f6b624e1,0.01,0.13,0.06058254837989807
11002c8a-55c0-42f9-9a52-3cd5f6b624e1,0.01,0.18000000000000002,0.060948606580495834
11002c8a-55c0-42f9-9a52-3cd5f6b624e1,0.01,0.23,0.06425809115171432
11002c8a-55c0-42f9-9a52-3cd5f6b624e1,0.02,0.03,0.04676871746778488
11002c8a-55c0-42f9-9a52-3cd5f6b624e1,0.02,0.08,0.05339842289686203
11002c8a-55c0-42f9-9a52-3cd5f6b624e1,0.02,0.13,0.060115594416856766
11002c8a-55c0-42f9-9a52-3cd5f6b624e1,0.02,0.18000000000000002,0.06261410564184189
11002c8a-55c0-42f9-9a52-3cd5f6b624e1,0.02,0.23,0.06470465660095215
11002c8a-55c0-42f9-9a52-3cd5f6b624e1,0.03,0.03,0.045999154448509216
11002c8a-55c0-42f9-9a52-3cd5f6b624e1,0.03,0.08,0.06076613441109657
11002c8a-55c0-42f9-9a52-3cd5f6b624e1,0.03,0.13,0.06492942571640015
11002c8a-55c0-42f9-9a52-3cd5f6b624e1,0.03,0.18000000000000002,0.061106689274311066
11002c8a-55c0-42f9-9a52-3cd5f6b624e1,0.03,0.23,0.06316031515598297
11002c8a-55c0-42f9-9a52-3cd5f6b624e1,0.04,0.03,0.046166956424713135
11002c8a-55c0-42f9-9a52-3cd5f6b624e1,0.04,0.08,0.05942613258957863
11002c8a-55c0-42f9-9a52-3cd5f6b624e1,0.05,0.03,0.04597386345267296
11002c8a-55c0-42f9-9a52-3cd5f6b624e1,0.05,0.08,0.06076393648982048
11002c8a-55c0-42f9-9a52-3cd5f6b624e1,0.05,0.13,0.06820489466190338
11002c8a-55c0-42f9-9a52-3cd5f6b624e1,0.05,0.18000000000000002,0.06389278918504715
11002c8a-55c0-42f9-9a52-3cd5f6b624e1,0.05,0.23,0.06835440546274185
11002c8a-55c0-42f9-9a52-3cd5f6b624e1,0.1,0.03,0.05432688817381859
11002c8a-55c0-42f9-9a52-3cd5f6b624e1,0.1,0.08,0.06047536060214043
11002c8a-55c0-42f9-9a52-3cd5f6b624e1,0.1,0.13,0.061718519777059555
11002c8a-55c0-42f9-9a52-3cd5f6b624e1,0.1,0.18000000000000002,0.06663814932107925
11002c8a-55c0-42f9-9a52-3cd5f6b624e1,0.1,0.23,0.06923677772283554
11002c8a-55c0-42f9-9a52-3cd5f6b624e1,0.15000000000000002,0.03,0.05031594634056091
11002c8a-55c0-42f9-9a52-3cd5f6b624e1,0.15000000000000002,0.08,0.05538816377520561
11002c8a-55c0-42f9-9a52-3cd5f6b624e1,0.15000000000000002,0.13,0.06369434297084808
11002c8a-55c0-42f9-9a52-3cd5f6b624e1,0.15000000000000002,0.18000000000000002,0.06766759604215622
11002c8a-55c0-42f9-9a52-3cd5f6b624e1,0.15000000000000002,0.23,0.06284912675619125
11002c8a-55c0-42f9-9a52-3cd5f6b624e1,0.2,0.03,0.052367668598890305
11002c8a-55c0-42f9-9a52-3cd5f6b624e1,0.2,0.08,0.06360074877738953
11002c8a-55c0-42f9-9a52-3cd5f6b624e1,0.2,0.13,0.06221973896026611
11002c8a-55c0-42f9-9a52-3cd5f6b624e1,0.2,0.18000000000000002,0.05979371815919876
11002c8a-55c0-42f9-9a52-3cd5f6b624e1,0.2,0.23,0.06065606698393822
11002c8a-55c0-42f9-9a52-3cd5f6b624e1,0.25,0.03,0.057892806828022
11002c8a-55c0-42f9-9a52-3cd5f6b624e1,0.25,0.08,0.056525349617004395
11002c8a-55c0-42f9-9a52-3cd5f6b624e1,0.25,0.13,0.055854424834251404
11002c8a-55c0-42f9-9a52-3cd5f6b624e1,0.25,0.18000000000000002,0.06245124712586403
11002c8a-55c0-42f9-9a52-3cd5f6b624e1,0.25,0.23,0.06755299121141434
11002c8a-55c0-42f9-9a52-3cd5f6b624e1,0.30000000000000004,0.03,0.04502922669053078
11002c8a-55c0-42f9-9a52-3cd5f6b624e1,0.30000000000000004,0.08,0.056306082755327225
11002c8a-55c0-42f9-9a52-3cd5f6b624e1,0.30000000000000004,0.13,0.06370893865823746
11002c8a-55c0-42f9-9a52-3cd5f6b624e1,0.30000000000000004,0.18000000000000002,0.0712755024433136
11002c8a-55c0-42f9-9a52-3cd5f6b624e1,0.30000000000000004,0.23,0.07604114711284637
111c7f46-4f24-406d-b9b5-b9a46642f650,0.0,0.03,0.07177680730819702
111c7f46-4f24-406d-b9b5-b9a46642f650,0.0,0.08,0.15153123438358307
111c7f46-4f24-406d-b9b5-b9a46642f650,0.0,0.13,0.15964780747890472
111c7f46-4f24-406d-b9b5-b9a46642f650,0.0,0.18000000000000002,0.13714395463466644
111c7f46-4f24-406d-b9b5-b9a46642f650,0.0,0.23,0.11996914446353912
111c7f46-4f24-406d-b9b5-b9a46642f650,0.01,0.03,0.06966705620288849
111c7f46-4f24-406d-b9b5-b9a46642f650,0.01,0.08,0.124331034719944
111c7f46-4f24-406d-b9b5-b9a46642f650,0.01,0.13,0.12001899629831314
111c7f46-4f24-406d-b9b5-b9a46642f650,0.01,0.18000000000000002,0.10344889760017395
111c7f46-4f24-406d-b9b5-b9a46642f650,0.01,0.23,0.0973951444029808
111c7f46-4f24-406d-b9b5-b9a46642f650,0.02,0.03,0.09155166149139404
111c7f46-4f24-406d-b9b5-b9a46642f650,0.02,0.08,0.13210803270339966
111c7f46-4f24-406d-b9b5-b9a46642f650,0.02,0.13,0.11598097532987595
111c7f46-4f24-406d-b9b5-b9a46642f650,0.02,0.18000000000000002,0.10473182052373886
111c7f46-4f24-406d-b9b5-b9a46642f650,0.02,0.23,0.09614147245883942
111c7f46-4f24-406d-b9b5-b9a46642f650,0.03,0.03,0.09965367615222931
111c7f46-4f24-406d-b9b5-b9a46642f650,0.03,0.08,0.13094967603683472
111c7f46-4f24-406d-b9b5-b9a46642f650,0.03,0.13,0.11457189917564392
111c7f46-4f24-406d-b9b5-b9a46642f650,0.03,0.18000000000000002,0.09993856400251389
111c7f46-4f24-406d-b9b5-b9a46642f650,0.03,0.23,0.09235219657421112
111c7f46-4f24-406d-b9b5-b9a46642f650,0.04,0.03,0.09932848811149597
111c7f46-4f24-406d-b9b5-b9a46642f650,0.04,0.08,0.12022048979997635
111c7f46-4f24-406d-b9b5-b9a46642f650,0.05,0.03,0.14309212565422058
111c7f46-4f24-406d-b9b5-b9a46642f650,0.05,0.08,0.1531456708908081
111c7f46-4f24-406d-b9b5-b9a46642f650,0.05,0.13,0.12246822565793991
111c7f46-4f24-406d-b9b5-b9a46642f650,0.05,0.18000000000000002,0.10583466291427612
111c7f46-4f24-406d-b9b5-b9a46642f650,0.05,0.23,0.09260230511426926
111c7f46-4f24-406d-b9b5-b9a46642f650,0.1,0.03,0.0761183574795723
111c7f46-4f24-406d-b9b5-b9a46642f650,0.1,0.08,0.06741901487112045
111c7f46-4f24-406d-b9b5-b9a46642f650,0.1,0.13,0.06672729551792145
111c7f46-4f24-406d-b9b5-b9a46642f650,0.1,0.18000000000000002,0.07171184569597244
111c7f46-4f24-406d-b9b5-b9a46642f650,0.1,0.23,0.07167782634496689
111c7f46-4f24-406d-b9b5-b9a46642f650,0.15000000000000002,0.03,0.05056801065802574
111c7f46-4f24-406d-b9b5-b9a46642f650,0.15000000000000002,0.08,0.06982135027647018
111c7f46-4f24-406d-b9b5-b9a46642f650,0.15000000000000002,0.13,0.07417865097522736
111c7f46-4f24-406d-b9b5-b9a46642f650,0.15000000000000002,0.18000000000000002,0.07356071472167969
111c7f46-4f24-406d-b9b5-b9a46642f650,0.15000000000000002,0.23,0.06851616501808167
111c7f46-4f24-406d-b9b5-b9a46642f650,0.2,0.03,0.05351046845316887
111c7f46-4f24-406d-b9b5-b9a46642f650,0.2,0.08,0.06611452251672745
111c7f46-4f24-406d-b9b5-b9a46642f650,0.2,0.13,0.066567063331604
111c7f46-4f24-406d-b9b5-b9a46642f650,0.2,0.18000000000000002,0.07016140967607498
111c7f46-4f24-406d-b9b5-b9a46642f650,0.2,0.23,0.06796518713235855
111c7f46-4f24-406d-b9b5-b9a46642f650,0.25,0.03,0.049331046640872955
111c7f46-4f24-406d-b9b5-b9a46642f650,0.25,0.08,0.07104455679655075
111c7f46-4f24-406d-b9b5-b9a46642f650,0.25,0.13,0.07078876346349716
111c7f46-4f24-406d-b9b5-b9a46642f650,0.25,0.18000000000000002,0.06754675507545471
111c7f46-4f24-406d-b9b5-b9a46642f650,0.25,0.23,0.07211150974035263
111c7f46-4f24-406d-b9b5-b9a46642f650,0.30000000000000004,0.03,0.04991472512483597
111c7f46-4f24-406d-b9b5-b9a46642f650,0.30000000000000004,0.08,0.060194551944732666
111c7f46-4f24-406d-b9b5-b9a46642f650,0.30000000000000004,0.13,0.06295592337846756
111c7f46-4f24-406d-b9b5-b9a46642f650,0.30000000000000004,0.18000000000000002,0.06251706182956696
111c7f46-4f24-406d-b9b5-b9a46642f650,0.30000000000000004,0.23,0.07056935131549835
111da1c6-437d-4e1c-b7f5-5555597bccfb,0.0,0.03,0.04367699474096298
111da1c6-437d-4e1c-b7f5-5555597bccfb,0.0,0.08,0.05498816445469856
111da1c6-437d-4e1c-b7f5-5555597bccfb,0.0,0.13,0.06539502739906311
111da1c6-437d-4e1c-b7f5-5555597bccfb,0.0,0.18000000000000002,0.06927433609962463
111da1c6-437d-4e1c-b7f5-5555597bccfb,0.0,0.23,0.0688042864203453
111da1c6-437d-4e1c-b7f5-5555597bccfb,0.01,0.03,0.05019339546561241
111da1c6-437d-4e1c-b7f5-5555597bccfb,0.01,0.08,0.05357508733868599
111da1c6-437d-4e1c-b7f5-5555597bccfb,0.01,0.13,0.06256233900785446
111da1c6-437d-4e1c-b7f5-5555597bccfb,0.01,0.18000000000000002,0.06659412384033203
111da1c6-437d-4e1c-b7f5-5555597bccfb,0.01,0.23,0.06240467727184296
111da1c6-437d-4e1c-b7f5-5555597bccfb,0.02,0.03,0.04758897423744202
111da1c6-437d-4e1c-b7f5-5555597bccfb,0.02,0.08,0.05884886533021927
111da1c6-437d-4e1c-b7f5-5555597bccfb,0.02,0.13,0.06043985113501549
111da1c6-437d-4e1c-b7f5-5555597bccfb,0.02,0.18000000000000002,0.06081932410597801
111da1c6-437d-4e1c-b7f5-5555597bccfb,0.02,0.23,0.06027189642190933
111da1c6-437d-4e1c-b7f5-5555597bccfb,0.03,0.03,0.045737504959106445
111da1c6-437d-4e1c-b7f5-5555597bccfb,0.03,0.08,0.06207822635769844
111da1c6-437d-4e1c-b7f5-5555597bccfb,0.03,0.13,0.06291939318180084
111da1c6-437d-4e1c-b7f5-5555597bccfb,0.03,0.18000000000000002,0.058797214180231094
111da1c6-437d-4e1c-b7f5-5555597bccfb,0.03,0.23,0.05811651796102524
111da1c6-437d-4e1c-b7f5-5555597bccfb,0.04,0.03,0.05555987358093262
111da1c6-437d-4e1c-b7f5-5555597bccfb,0.04,0.08,0.06146389991044998
111da1c6-437d-4e1c-b7f5-5555597bccfb,0.05,0.03,0.05926629155874252
111da1c6-437d-4e1c-b7f5-5555597bccfb,0.05,0.08,0.058363597840070724
111da1c6-437d-4e1c-b7f5-5555597bccfb,0.05,0.13,0.062200259417295456
111da1c6-437d-4e1c-b7f5-5555597bccfb,0.05,0.18000000000000002,0.06090021878480911
111da1c6-437d-4e1c-b7f5-5555597bccfb,0.05,0.23,0.057157259434461594
111da1c6-437d-4e1c-b7f5-5555597bccfb,0.1,0.03,0.04556053876876831
111da1c6-437d-4e1c-b7f5-5555597bccfb,0.1,0.08,0.05248914286494255
111da1c6-437d-4e1c-b7f5-5555597bccfb,0.1,0.13,0.061223410069942474
111da1c6-437d-4e1c-b7f5-5555597bccfb,0.1,0.18000000000000002,0.05796705558896065
111da1c6-437d-4e1c-b7f5-5555597bccfb,0.1,0.23,0.06150010973215103
111da1c6-437d-4e1c-b7f5-5555597bccfb,0.15000000000000002,0.03,0.05108528584241867
111da1c6-437d-4e1c-b7f5-5555597bccfb,0.15000000000000002,0.08,0.05103617534041405
111da1c6-437d-4e1c-b7f5-5555597bccfb,0.15000000000000002,0.13,0.058130450546741486
111da1c6-437d-4e1c-b7f5-5555597bccfb,0.15000000000000002,0.18000000000000002,0.06154442951083183
111da1c6-437d-4e1c-b7f5-5555597bccfb,0.15000000000000002,0.23,0.0668751448392868
111da1c6-437d-4e1c-b7f5-5555597bccfb,0.2,0.03,0.045181866735219955
111da1c6-437d-4e1c-b7f5-5555597bccfb,0.2,0.08,0.05390748754143715
111da1c6-437d-4e1c-b7f5-5555597bccfb,0.2,0.13,0.05650167539715767
111da1c6-437d-4e1c-b7f5-5555597bccfb,0.2,0.18000000000000002,0.06501875817775726
111da1c6-437d-4e1c-b7f5-5555597bccfb,0.2,0.23,0.0686846449971199
111da1c6-437d-4e1c-b7f5-5555597bccfb,0.25,0.03,0.04904407262802124
111da1c6-437d-4e1c-b7f5-5555597bccfb,0.25,0.08,0.062142569571733475
111da1c6-437d-4e1c-b7f5-5555597bccfb,0.25,0.13,0.0704951360821724
111da1c6-437d-4e1c-b7f5-5555597bccfb,0.25,0.18000000000000002,0.06901422888040543
111da1c6-437d-4e1c-b7f5-5555597bccfb,0.25,0.23,0.06806546449661255
111da1c6-437d-4e1c-b7f5-5555597bccfb,0.30000000000000004,0.03,0.05209141969680786
111da1c6-437d-4e1c-b7f5-5555597bccfb,0.30000000000000004,0.08,0.059147268533706665
111da1c6-437d-4e1c-b7f5-5555597bccfb,0.30000000000000004,0.13,0.061652448028326035
111da1c6-437d-4e1c-b7f5-5555597bccfb,0.30000000000000004,0.18000000000000002,0.06814876198768616
111da1c6-437d-4e1c-b7f5-5555597bccfb,0.30000000000000004,0.23,0.0736737996339798
114a1fd9-023b-440a-a653-aee1d18a6c8d,0.0,0.03,0.26850199699401855
114a1fd9-023b-440a-a653-aee1d18a6c8d,0.0,0.08,0.3684694468975067
114a1fd9-023b-440a-a653-aee1d18a6c8d,0.0,0.13,0.2459973394870758
114a1fd9-023b-440a-a653-aee1d18a6c8d,0.0,0.18000000000000002,0.1321558803319931
114a1fd9-023b-440a-a653-aee1d18a6c8d,0.0,0.23,0.08613868057727814
114a1fd9-023b-440a-a653-aee1d18a6c8d,0.01,0.03,0.23484182357788086
114a1fd9-023b-440a-a653-aee1d18a6c8d,0.01,0.08,0.2617289423942566
114a1fd9-023b-440a-a653-aee1d18a6c8d,0.01,0.13,0.15302562713623047
114a1fd9-023b-440a-a653-aee1d18a6c8d,0.01,0.18000000000000002,0.08034726232290268
114a1fd9-023b-440a-a653-aee1d18a6c8d,0.01,0.23,0.07441622763872147
114a1fd9-023b-440a-a653-aee1d18a6c8d,0.02,0.03,0.241373673081398
114a1fd9-023b-440a-a653-aee1d18a6c8d,0.02,0.08,0.23604612052440643
114a1fd9-023b-440a-a653-aee1d18a6c8d,0.02,0.13,0.11603185534477234
114a1fd9-023b-440a-a653-aee1d18a6c8d,0.02,0.18000000000000002,0.07511812448501587
114a1fd9-023b-440a-a653-aee1d18a6c8d,0.02,0.23,0.07408073544502258
114a1fd9-023b-440a-a653-aee1d18a6c8d,0.03,0.03,0.22916804254055023
114a1fd9-023b-440a-a653-aee1d18a6c8d,0.03,0.08,0.17799057066440582
114a1fd9-023b-440a-a653-aee1d18a6c8d,0.03,0.13,0.07436015456914902
114a1fd9-023b-440a-a653-aee1d18a6c8d,0.03,0.18000000000000002,0.07382453978061676
114a1fd9-023b-440a-a653-aee1d18a6c8d,0.03,0.23,0.06953209638595581
114a1fd9-023b-440a-a653-aee1d18a6c8d,0.04,0.03,0.21255484223365784
114a1fd9-023b-440a-a653-aee1d18a6c8d,0.04,0.08,0.12811483442783356
114a1fd9-023b-440a-a653-aee1d18a6c8d,0.05,0.03,0.20459523797035217
114a1fd9-023b-440a-a653-aee1d18a6c8d,0.05,0.08,0.09404546767473221
114a1fd9-023b-440a-a653-aee1d18a6c8d,0.05,0.13,0.07552139461040497
114a1fd9-023b-440a-a653-aee1d18a6c8d,0.05,0.18000000000000002,0.07896837592124939
114a1fd9-023b-440a-a653-aee1d18a6c8d,0.05,0.23,0.07538368552923203
114a1fd9-023b-440a-a653-aee1d18a6c8d,0.1,0.03,0.12033344805240631
114a1fd9-023b-440a-a653-aee1d18a6c8d,0.1,0.08,0.19130878150463104
114a1fd9-023b-440a-a653-aee1d18a6c8d,0.1,0.13,0.1873234510421753
114a1fd9-023b-440a-a653-aee1d18a6c8d,0.1,0.18000000000000002,0.16761045157909393
114a1fd9-023b-440a-a653-aee1d18a6c8d,0.1,0.23,0.1570451855659485
114a1fd9-023b-440a-a653-aee1d18a6c8d,0.15000000000000002,0.03,0.12630514800548553
114a1fd9-023b-440a-a653-aee1d18a6c8d,0.15000000000000002,0.08,0.12859001755714417
114a1fd9-023b-440a-a653-aee1d18a6c8d,0.15000000000000002,0.13,0.11104636639356613
114a1fd9-023b-440a-a653-aee1d18a6c8d,0.15000000000000002,0.18000000000000002,0.10773458331823349
114a1fd9-023b-440a-a653-aee1d18a6c8d,0.15000000000000002,0.23,0.10761694610118866
114a1fd9-023b-440a-a653-aee1d18a6c8d,0.2,0.03,0.04967079684138298
114a1fd9-023b-440a-a653-aee1d18a6c8d,0.2,0.08,0.06394418329000473
114a1fd9-023b-440a-a653-aee1d18a6c8d,0.2,0.13,0.06952956318855286
114a1fd9-023b-440a-a653-aee1d18a6c8d,0.2,0.18000000000000002,0.06745567172765732
114a1fd9-023b-440a-a653-aee1d18a6c8d,0.2,0.23,0.07011568546295166
114a1fd9-023b-440a-a653-aee1d18a6c8d,0.25,0.03,0.04698990657925606
114a1fd9-023b-440a-a653-aee1d18a6c8d,0.25,0.08,0.059174176305532455
114a1fd9-023b-440a-a653-aee1d18a6c8d,0.25,0.13,0.061713460832834244
114a1fd9-023b-440a-a653-aee1d18a6c8d,0.25,0.18000000000000002,0.06432788819074631
114a1fd9-023b-440a-a653-aee1d18a6c8d,0.25,0.23,0.06979955732822418
114a1fd9-023b-440a-a653-aee1d18a6c8d,0.30000000000000004,0.03,0.0511072501540184
114a1fd9-023b-440a-a653-aee1d18a6c8d,0.30000000000000004,0.08,0.06436115503311157
114a1fd9-023b-440a-a653-aee1d18a6c8d,0.30000000000000004,0.13,0.06888070702552795
114a1fd9-023b-440a-a653-aee1d18a6c8d,0.30000000000000004,0.18000000000000002,0.06882229447364807
114a1fd9-023b-440a-a653-aee1d18a6c8d,0.30000000000000004,0.23,0.07627357542514801
12219e84-52bb-4b95-8f39-c703c3de1aca,0.0,0.03,0.10405876487493515
12219e84-52bb-4b95-8f39-c703c3de1aca,0.0,0.08,0.17096513509750366
12219e84-52bb-4b95-8f39-c703c3de1aca,0.0,0.13,0.18594138324260712
12219e84-52bb-4b95-8f39-c703c3de1aca,0.0,0.18000000000000002,0.1649886965751648
12219e84-52bb-4b95-8f39-c703c3de1aca,0.0,0.23,0.14450901746749878
12219e84-52bb-4b95-8f39-c703c3de1aca,0.01,0.03,0.09159332513809204
12219e84-52bb-4b95-8f39-c703c3de1aca,0.01,0.08,0.1391810178756714
12219e84-52bb-4b95-8f39-c703c3de1aca,0.01,0.13,0.14001166820526123
12219e84-52bb-4b95-8f39-c703c3de1aca,0.01,0.18000000000000002,0.12162864953279495
12219e84-52bb-4b95-8f39-c703c3de1aca,0.01,0.23,0.11691519618034363
12219e84-52bb-4b95-8f39-c703c3de1aca,0.02,0.03,0.10829590260982513
12219e84-52bb-4b95-8f39-c703c3de1aca,0.02,0.08,0.14312776923179626
12219e84-52bb-4b95-8f39-c703c3de1aca,0.02,0.13,0.13050797581672668
12219e84-52bb-4b95-8f39-c703c3de1aca,0.02,0.18000000000000002,0.11910222470760345
12219e84-52bb-4b95-8f39-c703c3de1aca,0.02,0.23,0.11296962946653366
12219e84-52bb-4b95-8f39-c703c3de1aca,0.03,0.03,0.10218857228755951
12219e84-52bb-4b95-8f39-c703c3de1aca,0.03,0.08,0.13523592054843903
12219e84-52bb-4b95-8f39-c703c3de1aca,0.03,0.13,0.12662337720394135
12219e84-52bb-4b95-8f39-c703c3de1aca,0.03,0.18000000000000002,0.11105218529701233
12219e84-52bb-4b95-8f39-c703c3de1aca,0.03,0.23,0.10665985941886902
12219e84-52bb-4b95-8f39-c703c3de1aca,0.04,0.03,0.10452071577310562
12219e84-52bb-4b95-8f39-c703c3de1aca,0.04,0.08,0.12761084735393524
12219e84-52bb-4b95-8f39-c703c3de1aca,0.05,0.03,0.11776771396398544
12219e84-52bb-4b95-8f39-c703c3de1aca,0.05,0.08,0.14913350343704224
12219e84-52bb-4b95-8f39-c703c3de1aca,0.05,0.13,0.12804441154003143
12219e84-52bb-4b95-8f39-c703c3de1aca,0.05,0.18000000000000002,0.11232258379459381
12219e84-52bb-4b95-8f39-c703c3de1aca,0.05,0.23,0.10230781137943268
12219e84-52bb-4b95-8f39-c703c3de1aca,0.1,0.03,0.08404579013586044
12219e84-52bb-4b95-8f39-c703c3de1aca,0.1,0.08,0.08172403275966644
12219e84-52bb-4b95-8f39-c703c3de1aca,0.1,0.13,0.07787133753299713
12219e84-52bb-4b95-8f39-c703c3de1aca,0.1,0.18000000000000002,0.07399220764636993
12219e84-52bb-4b95-8f39-c703c3de1aca,0.1,0.23,0.0751483216881752
12219e84-52bb-4b95-8f39-c703c3de1aca,0.15000000000000002,0.03,0.05085137486457825
12219e84-52bb-4b95-8f39-c703c3de1aca,0.15000000000000002,0.08,0.062162719666957855
12219e84-52bb-4b95-8f39-c703c3de1aca,0.15000000000000002,0.13,0.0648929625749588
12219e84-52bb-4b95-8f39-c703c3de1aca,0.15000000000000002,0.18000000000000002,0.06964538991451263
12219e84-52bb-4b95-8f39-c703c3de1aca,0.15000000000000002,0.23,0.07685142755508423
12219e84-52bb-4b95-8f39-c703c3de1aca,0.2,0.03,0.04697960615158081
12219e84-52bb-4b95-8f39-c703c3de1aca,0.2,0.08,0.060587529093027115
12219e84-52bb-4b95-8f39-c703c3de1aca,0.2,0.13,0.0623944066464901
12219e84-52bb-4b95-8f39-c703c3de1aca,0.2,0.18000000000000002,0.07127189636230469
12219e84-52bb-4b95-8f39-c703c3de1aca,0.2,0.23,0.07660619914531708
12219e84-52bb-4b95-8f39-c703c3de1aca,0.25,0.03,0.04638940095901489
12219e84-52bb-4b95-8f39-c703c3de1aca,0.25,0.08,0.0562911182641983
12219e84-52bb-4b95-8f39-c703c3de1aca,0.25,0.13,0.0678517147898674
12219e84-52bb-4b95-8f39-c703c3de1aca,0.25,0.18000000000000002,0.06829001754522324
12219e84-52bb-4b95-8f39-c703c3de1aca,0.25,0.23,0.06470198929309845
12219e84-52bb-4b95-8f39-c703c3de1aca,0.30000000000000004,0.03,0.05567996948957443
12219e84-52bb-4b95-8f39-c703c3de1aca,0.30000000000000004,0.08,0.06750515103340149
12219e84-52bb-4b95-8f39-c703c3de1aca,0.30000000000000004,0.13,0.06731388717889786
12219e84-52bb-4b95-8f39-c703c3de1aca,0.30000000000000004,0.18000000000000002,0.07102347910404205
12219e84-52bb-4b95-8f39-c703c3de1aca,0.30000000000000004,0.23,0.07508930563926697
13b3f380-05a1-467d-81f6-85d3d857bdf5,0.0,0.03,0.05756742134690285
13b3f380-05a1-467d-81f6-85d3d857bdf5,0.0,0.08,0.07667548954486847
13b3f380-05a1-467d-81f6-85d3d857bdf5,0.0,0.13,0.09156173467636108
13b3f380-05a1-467d-81f6-85d3d857bdf5,0.0,0.18000000000000002,0.10053195059299469
13b3f380-05a1-467d-81f6-85d3d857bdf5,0.0,0.23,0.09320187568664551
13b3f380-05a1-467d-81f6-85d3d857bdf5,0.01,0.03,0.05756710469722748
13b3f380-05a1-467d-81f6-85d3d857bdf5,0.01,0.08,0.08078958094120026
13b3f380-05a1-467d-81f6-85d3d857bdf5,0.01,0.13,0.08924482017755508
13b3f380-05a1-467d-81f6-85d3d857bdf5,0.01,0.18000000000000002,0.09528017789125443
13b3f380-05a1-467d-81f6-85d3d857bdf5,0.01,0.23,0.08714596182107925
13b3f380-05a1-467d-81f6-85d3d857bdf5,0.02,0.03,0.05255299061536789
13b3f380-05a1-467d-81f6-85d3d857bdf5,0.02,0.08,0.07446308434009552
13b3f380-05a1-467d-81f6-85d3d857bdf5,0.02,0.13,0.08640706539154053
13b3f380-05a1-467d-81f6-85d3d857bdf5,0.02,0.18000000000000002,0.08622893691062927
13b3f380-05a1-467d-81f6-85d3d857bdf5,0.02,0.23,0.08125252276659012
13b3f380-05a1-467d-81f6-85d3d857bdf5,0.03,0.03,0.05528056621551514
13b3f380-05a1-467d-81f6-85d3d857bdf5,0.03,0.08,0.07388824224472046
13b3f380-05a1-467d-81f6-85d3d857bdf5,0.03,0.13,0.0860159695148468
13b3f380-05a1-467d-81f6-85d3d857bdf5,0.03,0.18000000000000002,0.08290282636880875
13b3f380-05a1-467d-81f6-85d3d857bdf5,0.03,0.23,0.07811716943979263
13b3f380-05a1-467d-81f6-85d3d857bdf5,0.04,0.03,0.062014155089855194
13b3f380-05a1-467d-81f6-85d3d857bdf5,0.04,0.08,0.0827803686261177
13b3f380-05a1-467d-81f6-85d3d857bdf5,0.05,0.03,0.06213056296110153
13b3f380-05a1-467d-81f6-85d3d857bdf5,0.05,0.08,0.07416053116321564
13b3f380-05a1-467d-81f6-85d3d857bdf5,0.05,0.13,0.0834190845489502
13b3f380-05a1-467d-81f6-85d3d857bdf5,0.05,0.18000000000000002,0.07819969207048416
13b3f380-05a1-467d-81f6-85d3d857bdf5,0.05,0.23,0.0691959336400032
13b3f380-05a1-467d-81f6-85d3d857bdf5,0.1,0.03,0.05619421228766441
13b3f380-05a1-467d-81f6-85d3d857bdf5,0.1,0.08,0.07393863797187805
13b3f380-05a1-467d-81f6-85d3d857bdf5,0.1,0.13,0.07315286993980408
13b3f380-05a1-467d-81f6-85d3d857bdf5,0.1,0.18000000000000002,0.06740926206111908
13b3f380-05a1-467d-81f6-85d3d857bdf5,0.1,0.23,0.071251779794693
13b3f380-05a1-467d-81f6-85d3d857bdf5,0.15000000000000002,0.03,0.05501732602715492
13b3f380-05a1-467d-81f6-85d3d857bdf5,0.15000000000000002,0.08,0.0597124882042408
13b3f380-05a1-467d-81f6-85d3d857bdf5,0.15000000000000002,0.13,0.06601689010858536
13b3f380-05a1-467d-81f6-85d3d857bdf5,0.15000000000000002,0.18000000000000002,0.06969277560710907
13b3f380-05a1-467d-81f6-85d3d857bdf5,0.15000000000000002,0.23,0.08463244140148163
13b3f380-05a1-467d-81f6-85d3d857bdf5,0.2,0.03,0.05325748398900032
13b3f380-05a1-467d-81f6-85d3d857bdf5,0.2,0.08,0.06162254139780998
13b3f380-05a1-467d-81f6-85d3d857bdf5,0.2,0.13,0.07186396420001984
13b3f380-05a1-467d-81f6-85d3d857bdf5,0.2,0.18000000000000002,0.08295741677284241
13b3f380-05a1-467d-81f6-85d3d857bdf5,0.2,0.23,0.09761230647563934
13b3f380-05a1-467d-81f6-85d3d857bdf5,0.25,0.03,0.052504874765872955
13b3f380-05a1-467d-81f6-85d3d857bdf5,0.25,0.08,0.06395424902439117
13b3f380-05a1-467d-81f6-85d3d857bdf5,0.25,0.13,0.08540936559438705
13b3f380-05a1-467d-81f6-85d3d857bdf5,0.25,0.18000000000000002,0.10610156506299973
13b3f380-05a1-467d-81f6-85d3d857bdf5,0.25,0.23,0.12266124784946442
13b3f380-05a1-467d-81f6-85d3d857bdf5,0.30000000000000004,0.03,0.050293371081352234
13b3f380-05a1-467d-81f6-85d3d857bdf5,0.30000000000000004,0.08,0.07523590326309204
13b3f380-05a1-467d-81f6-85d3d857bdf5,0.30000000000000004,0.13,0.09866221249103546
13b3f380-05a1-467d-81f6-85d3d857bdf5,0.30000000000000004,0.18000000000000002,0.11749333143234253
13b3f380-05a1-467d-81f6-85d3d857bdf5,0.30000000000000004,0.23,0.1138746365904808
13c50b44-8973-4791-9ed1-732790623599,0.0,0.03,0.07451274991035461
13c50b44-8973-4791-9ed1-732790623599,0.0,0.08,0.09321042895317078
13c50b44-8973-4791-9ed1-732790623599,0.0,0.13,0.08322611451148987
13c50b44-8973-4791-9ed1-732790623599,0.0,0.18000000000000002,0.07951919734477997
13c50b44-8973-4791-9ed1-732790623599,0.0,0.23,0.07243824750185013
13c50b44-8973-4791-9ed1-732790623599,0.01,0.03,0.08284199237823486
13c50b44-8973-4791-9ed1-732790623599,0.01,0.08,0.09787385910749435
13c50b44-8973-4791-9ed1-732790623599,0.01,0.13,0.08586562424898148
13c50b44-8973-4791-9ed1-732790623599,0.01,0.18000000000000002,0.07565005868673325
13c50b44-8973-4791-9ed1-732790623599,0.01,0.23,0.0662187784910202
13c50b44-8973-4791-9ed1-732790623599,0.02,0.03,0.08597763627767563
13c50b44-8973-4791-9ed1-732790623599,0.02,0.08,0.09543219208717346
13c50b44-8973-4791-9ed1-732790623599,0.02,0.13,0.08051873743534088
13c50b44-8973-4791-9ed1-732790623599,0.02,0.18000000000000002,0.06961410492658615
13c50b44-8973-4791-9ed1-732790623599,0.02,0.23,0.06479988247156143
13c50b44-8973-4791-9ed1-732790623599,0.03,0.03,0.08734840154647827
13c50b44-8973-4791-9ed1-732790623599,0.03,0.08,0.08612970262765884
13c50b44-8973-4791-9ed1-732790623599,0.03,0.13,0.0768464207649231
13c50b44-8973-4791-9ed1-732790623599,0.03,0.18000000000000002,0.06686314940452576
13c50b44-8973-4791-9ed1-732790623599,0.03,0.23,0.06378223747015
13c50b44-8973-4791-9ed1-732790623599,0.04,0.03,0.08681043237447739
13c50b44-8973-4791-9ed1-732790623599,0.04,0.08,0.07155051082372665
13c50b44-8973-4791-9ed1-732790623599,0.05,0.03,0.06852935999631882
13c50b44-8973-4791-9ed1-732790623599,0.05,0.08,0.07239389419555664
13c50b44-8973-4791-9ed1-732790623599,0.05,0.13,0.06872616708278656
13c50b44-8973-4791-9ed1-732790623599,0.05,0.18000000000000002,0.06465701758861542
13c50b44-8973-4791-9ed1-732790623599,0.05,0.23,0.06276674568653107
13c50b44-8973-4791-9ed1-732790623599,0.1,0.03,0.05443170666694641
13c50b44-8973-4791-9ed1-732790623599,0.1,0.08,0.05942040681838989
13c50b44-8973-4791-9ed1-732790623599,0.1,0.13,0.05736923590302467
13c50b44-8973-4791-9ed1-732790623599,0.1,0.18000000000000002,0.06276329606771469
13c50b44-8973-4791-9ed1-732790623599,0.1,0.23,0.06332000344991684
13c50b44-8973-4791-9ed1-732790623599,0.15000000000000002,0.03,0.05108673870563507
13c50b44-8973-4791-9ed1-732790623599,0.15000000000000002,0.08,0.05836521089076996
13c50b44-8973-4791-9ed1-732790623599,0.15000000000000002,0.13,0.06158125773072243
13c50b44-8973-4791-9ed1-732790623599,0.15000000000000002,0.18000000000000002,0.061335302889347076
13c50b44-8973-4791-9ed1-732790623599,0.15000000000000002,0.23,0.05819657817482948
13c50b44-8973-4791-9ed1-732790623599,0.2,0.03,0.0514458566904068
13c50b44-8973-4791-9ed1-732790623599,0.2,0.08,0.061377622187137604
13c50b44-8973-4791-9ed1-732790623599,0.2,0.13,0.060446880757808685
13c50b44-8973-4791-9ed1-732790623599,0.2,0.18000000000000002,0.05823760852217674
13c50b44-8973-4791-9ed1-732790623599,0.2,0.23,0.06079955771565437
13c50b44-8973-4791-9ed1-732790623599,0.25,0.03,0.050944384187459946
13c50b44-8973-4791-9ed1-732790623599,0.25,0.08,0.05803116038441658
13c50b44-8973-4791-9ed1-732790623599,0.25,0.13,0.062046751379966736
13c50b44-8973-4791-9ed1-732790623599,0.25,0.18000000000000002,0.06543109565973282
13c50b44-8973-4791-9ed1-732790623599,0.25,0.23,0.06519462168216705
13c50b44-8973-4791-9ed1-732790623599,0.30000000000000004,0.03,0.060364555567502975
13c50b44-8973-4791-9ed1-732790623599,0.30000000000000004,0.08,0.05930328741669655
13c50b44-8973-4791-9ed1-732790623599,0.30000000000000004,0.13,0.06469856202602386
13c50b44-8973-4791-9ed1-732790623599,0.30000000000000004,0.18000000000000002,0.06282643228769302
13c50b44-8973-4791-9ed1-732790623599,0.30000000000000004,0.23,0.06282519549131393
13eb0936-28ca-4222-895e-592ce0cc14b3,0.0,0.03,0.15942303836345673
13eb0936-28ca-4222-895e-592ce0cc14b3,0.0,0.08,0.23436252772808075
13eb0936-28ca-4222-895e-592ce0cc14b3,0.0,0.13,0.2523711621761322
13eb0936-28ca-4222-895e-592ce0cc14b3,0.0,0.18000000000000002,0.24710635840892792
13eb0936-28ca-4222-895e-592ce0cc14b3,0.0,0.23,0.22841286659240723
13eb0936-28ca-4222-895e-592ce0cc14b3,0.01,0.03,0.17052176594734192
13eb0936-28ca-4222-895e-592ce0cc14b3,0.01,0.08,0.2401406317949295
13eb0936-28ca-4222-895e-592ce0cc14b3,0.01,0.13,0.25049450993537903
13eb0936-28ca-4222-895e-592ce0cc14b3,0.01,0.18000000000000002,0.2396003156900406
13eb0936-28ca-4222-895e-592ce0cc14b3,0.01,0.23,0.2151629477739334
13eb0936-28ca-4222-895e-592ce0cc14b3,0.02,0.03,0.18080084025859833
13eb0936-28ca-4222-895e-592ce0cc14b3,0.02,0.08,0.23909088969230652
13eb0936-28ca-4222-895e-592ce0cc14b3,0.02,0.13,0.2468673288822174
13eb0936-28ca-4222-895e-592ce0cc14b3,0.02,0.18000000000000002,0.22940658032894135
13eb0936-28ca-4222-895e-592ce0cc14b3,0.02,0.23,0.2061467170715332
13eb0936-28ca-4222-895e-592ce0cc14b3,0.03,0.03,0.1896299123764038
13eb0936-28ca-4222-895e-592ce0cc14b3,0.03,0.08,0.2401789426803589
13eb0936-28ca-4222-895e-592ce0cc14b3,0.03,0.13,0.23957370221614838
13eb0936-28ca-4222-895e-592ce0cc14b3,0.03,0.18000000000000002,0.21914790570735931
13eb0936-28ca-4222-895e-592ce0cc14b3,0.03,0.23,0.19627967476844788
13eb0936-28ca-4222-895e-592ce0cc14b3,0.04,0.03,0.19388160109519958
13eb0936-28ca-4222-895e-592ce0cc14b3,0.04,0.08,0.2379826009273529
13eb0936-28ca-4222-895e-592ce0cc14b3,0.05,0.03,0.19798770546913147
13eb0936-28ca-4222-895e-592ce0cc14b3,0.05,0.08,0.22422321140766144
13eb0936-28ca-4222-895e-592ce0cc14b3,0.05,0.13,0.22212384641170502
13eb0936-28ca-4222-895e-592ce0cc14b3,0.05,0.18000000000000002,0.20076166093349457
13eb0936-28ca-4222-895e-592ce0cc14b3,0.05,0.23,0.1787349134683609
13eb0936-28ca-4222-895e-592ce0cc14b3,0.1,0.03,0.15862245857715607
13eb0936-28ca-4222-895e-592ce0cc14b3,0.1,0.08,0.17287635803222656
13eb0936-28ca-4222-895e-592ce0cc14b3,0.1,0.13,0.1609390377998352
13eb0936-28ca-4222-895e-592ce0cc14b3,0.1,0.18000000000000002,0.14294466376304626
13eb0936-28ca-4222-895e-592ce0cc14b3,0.1,0.23,0.12561330199241638
13eb0936-28ca-4222-895e-592ce0cc14b3,0.15000000000000002,0.03,0.11546515673398972
13eb0936-28ca-4222-895e-592ce0cc14b3,0.15000000000000002,0.08,0.11582524329423904
13eb0936-28ca-4222-895e-592ce0cc14b3,0.15000000000000002,0.13,0.1028909757733345
13eb0936-28ca-4222-895e-592ce0cc14b3,0.15000000000000002,0.18000000000000002,0.09340593963861465
13eb0936-28ca-4222-895e-592ce0cc14b3,0.15000000000000002,0.23,0.08395944535732269
13eb0936-28ca-4222-895e-592ce0cc14b3,0.2,0.03,0.07434172928333282
13eb0936-28ca-4222-895e-592ce0cc14b3,0.2,0.08,0.08055826276540756
13eb0936-28ca-4222-895e-592ce0cc14b3,0.2,0.13,0.0704745203256607
13eb0936-28ca-4222-895e-592ce0cc14b3,0.2,0.18000000000000002,0.06596540659666061
13eb0936-28ca-4222-895e-592ce0cc14b3,0.2,0.23,0.06527154892683029
13eb0936-28ca-4222-895e-592ce0cc14b3,0.25,0.03,0.054006077349185944
13eb0936-28ca-4222-895e-592ce0cc14b3,0.25,0.08,0.07088998705148697
13eb0936-28ca-4222-895e-592ce0cc14b3,0.25,0.13,0.06615246832370758
13eb0936-28ca-4222-895e-592ce0cc14b3,0.25,0.18000000000000002,0.07204676419496536
13eb0936-28ca-4222-895e-592ce0cc14b3,0.25,0.23,0.0736493170261383
13eb0936-28ca-4222-895e-592ce0cc14b3,0.30000000000000004,0.03,0.05383744463324547
13eb0936-28ca-4222-895e-592ce0cc14b3,0.30000000000000004,0.08,0.06400996446609497
13eb0936-28ca-4222-895e-592ce0cc14b3,0.30000000000000004,0.13,0.07445280253887177
13eb0936-28ca-4222-895e-592ce0cc14b3,0.30000000000000004,0.18000000000000002,0.07484135031700134
13eb0936-28ca-4222-895e-592ce0cc14b3,0.30000000000000004,0.23,0.0706995353102684
1431069d-c477-4f0c-be58-1b0eafe2eec9,0.0,0.03,0.05143197253346443
1431069d-c477-4f0c-be58-1b0eafe2eec9,0.0,0.08,0.09974261373281479
1431069d-c477-4f0c-be58-1b0eafe2eec9,0.0,0.13,0.111803337931633
1431069d-c477-4f0c-be58-1b0eafe2eec9,0.0,0.18000000000000002,0.10318994522094727
1431069d-c477-4f0c-be58-1b0eafe2eec9,0.0,0.23,0.09495748579502106
1431069d-c477-4f0c-be58-1b0eafe2eec9,0.01,0.03,0.0607927031815052
1431069d-c477-4f0c-be58-1b0eafe2eec9,0.01,0.08,0.0979764387011528
1431069d-c477-4f0c-be58-1b0eafe2eec9,0.01,0.13,0.10635386407375336
1431069d-c477-4f0c-be58-1b0eafe2eec9,0.01,0.18000000000000002,0.09674210101366043
1431069d-c477-4f0c-be58-1b0eafe2eec9,0.01,0.23,0.08605628460645676
1431069d-c477-4f0c-be58-1b0eafe2eec9,0.02,0.03,0.0629601702094078
1431069d-c477-4f0c-be58-1b0eafe2eec9,0.02,0.08,0.09575264155864716
1431069d-c477-4f0c-be58-1b0eafe2eec9,0.02,0.13,0.10550221800804138
1431069d-c477-4f0c-be58-1b0eafe2eec9,0.02,0.18000000000000002,0.0926828533411026
1431069d-c477-4f0c-be58-1b0eafe2eec9,0.02,0.23,0.08261614292860031
1431069d-c477-4f0c-be58-1b0eafe2eec9,0.03,0.03,0.06370358914136887
1431069d-c477-4f0c-be58-1b0eafe2eec9,0.03,0.08,0.10602080076932907
1431069d-c477-4f0c-be58-1b0eafe2eec9,0.03,0.13,0.09939102828502655
1431069d-c477-4f0c-be58-1b0eafe2eec9,0.03,0.18000000000000002,0.08618412911891937
1431069d-c477-4f0c-be58-1b0eafe2eec9,0.03,0.23,0.07718194276094437
1431069d-c477-4f0c-be58-1b0eafe2eec9,0.04,0.03,0.06665634363889694
1431069d-c477-4f0c-be58-1b0eafe2eec9,0.04,0.08,0.10287125408649445
1431069d-c477-4f0c-be58-1b0eafe2eec9,0.05,0.03,0.07517116516828537
1431069d-c477-4f0c-be58-1b0eafe2eec9,0.05,0.08,0.09347297996282578
1431069d-c477-4f0c-be58-1b0eafe2eec9,0.05,0.13,0.08392920345067978
1431069d-c477-4f0c-be58-1b0eafe2eec9,0.05,0.18000000000000002,0.07643624395132065
1431069d-c477-4f0c-be58-1b0eafe2eec9,0.05,0.23,0.06999695301055908
1431069d-c477-4f0c-be58-1b0eafe2eec9,0.1,0.03,0.053186822682619095
1431069d-c477-4f0c-be58-1b0eafe2eec9,0.1,0.08,0.055353209376335144
1431069d-c477-4f0c-be58-1b0eafe2eec9,0.1,0.13,0.06114334613084793
1431069d-c477-4f0c-be58-1b0eafe2eec9,0.1,0.18000000000000002,0.06903890520334244
1431069d-c477-4f0c-be58-1b0eafe2eec9,0.1,0.23,0.06810427457094193
1431069d-c477-4f0c-be58-1b0eafe2eec9,0.15000000000000002,0.03,0.0505971796810627
1431069d-c477-4f0c-be58-1b0eafe2eec9,0.15000000000000002,0.08,0.05990384891629219
1431069d-c477-4f0c-be58-1b0eafe2eec9,0.15000000000000002,0.13,0.06622375547885895
1431069d-c477-4f0c-be58-1b0eafe2eec9,0.15000000000000002,0.18000000000000002,0.06422597169876099
1431069d-c477-4f0c-be58-1b0eafe2eec9,0.15000000000000002,0.23,0.06439366936683655
1431069d-c477-4f0c-be58-1b0eafe2eec9,0.2,0.03,0.04688279703259468
1431069d-c477-4f0c-be58-1b0eafe2eec9,0.2,0.08,0.06782382726669312
1431069d-c477-4f0c-be58-1b0eafe2eec9,0.2,0.13,0.0723894014954567
1431069d-c477-4f0c-be58-1b0eafe2eec9,0.2,0.18000000000000002,0.07211057096719742
1431069d-c477-4f0c-be58-1b0eafe2eec9,0.2,0.23,0.0645335465669632
1431069d-c477-4f0c-be58-1b0eafe2eec9,0.25,0.03,0.04976005479693413
1431069d-c477-4f0c-be58-1b0eafe2eec9,0.25,0.08,0.06690369546413422
1431069d-c477-4f0c-be58-1b0eafe2eec9,0.25,0.13,0.06639119237661362
1431069d-c477-4f0c-be58-1b0eafe2eec9,0.25,0.18000000000000002,0.07114696502685547
1431069d-c477-4f0c-be58-1b0eafe2eec9,0.25,0.23,0.0752207338809967
1431069d-c477-4f0c-be58-1b0eafe2eec9,0.30000000000000004,0.03,0.05542049929499626
1431069d-c477-4f0c-be58-1b0eafe2eec9,0.30000000000000004,0.08,0.06250623613595963
1431069d-c477-4f0c-be58-1b0eafe2eec9,0.30000000000000004,0.13,0.06537783890962601
1431069d-c477-4f0c-be58-1b0eafe2eec9,0.30000000000000004,0.18000000000000002,0.0695132315158844
1431069d-c477-4f0c-be58-1b0eafe2eec9,0.30000000000000004,0.23,0.07714076340198517
1447f56a-b0da-4b06-8a63-33c73208a1c8,0.0,0.03,0.06368076801300049
1447f56a-b0da-4b06-8a63-33c73208a1c8,0.0,0.08,0.07858826220035553
1447f56a-b0da-4b06-8a63-33c73208a1c8,0.0,0.13,0.08142703771591187
1447f56a-b0da-4b06-8a63-33c73208a1c8,0.0,0.18000000000000002,0.08594555407762527
1447f56a-b0da-4b06-8a63-33c73208a1c8,0.0,0.23,0.08625508099794388
1447f56a-b0da-4b06-8a63-33c73208a1c8,0.01,0.03,0.06062014773488045
1447f56a-b0da-4b06-8a63-33c73208a1c8,0.01,0.08,0.08193079382181168
1447f56a-b0da-4b06-8a63-33c73208a1c8,0.01,0.13,0.08526095747947693
1447f56a-b0da-4b06-8a63-33c73208a1c8,0.01,0.18000000000000002,0.0865464061498642
1447f56a-b0da-4b06-8a63-33c73208a1c8,0.01,0.23,0.08271217346191406
1447f56a-b0da-4b06-8a63-33c73208a1c8,0.02,0.03,0.06824882328510284
1447f56a-b0da-4b06-8a63-33c73208a1c8,0.02,0.08,0.08377803862094879
1447f56a-b0da-4b06-8a63-33c73208a1c8,0.02,0.13,0.08765847235918045
1447f56a-b0da-4b06-8a63-33c73208a1c8,0.02,0.18000000000000002,0.08555690199136734
1447f56a-b0da-4b06-8a63-33c73208a1c8,0.02,0.23,0.08144152164459229
1447f56a-b0da-4b06-8a63-33c73208a1c8,0.03,0.03,0.06330101191997528
1447f56a-b0da-4b06-8a63-33c73208a1c8,0.03,0.08,0.08161023259162903
1447f56a-b0da-4b06-8a63-33c73208a1c8,0.03,0.13,0.08446403592824936
1447f56a-b0da-4b06-8a63-33c73208a1c8,0.03,0.18000000000000002,0.08073730766773224
1447f56a-b0da-4b06-8a63-33c73208a1c8,0.03,0.23,0.0787358283996582
1447f56a-b0da-4b06-8a63-33c73208a1c8,0.04,0.03,0.06696918606758118
1447f56a-b0da-4b06-8a63-33c73208a1c8,0.04,0.08,0.08360129594802856
1447f56a-b0da-4b06-8a63-33c73208a1c8,0.05,0.03,0.06734593212604523
1447f56a-b0da-4b06-8a63-33c73208a1c8,0.05,0.08,0.07662612944841385
1447f56a-b0da-4b06-8a63-33c73208a1c8,0.05,0.13,0.08018620312213898
1447f56a-b0da-4b06-8a63-33c73208a1c8,0.05,0.18000000000000002,0.07933355122804642
1447f56a-b0da-4b06-8a63-33c73208a1c8,0.05,0.23,0.07932310551404953
1447f56a-b0da-4b06-8a63-33c73208a1c8,0.1,0.03,0.06763607263565063
1447f56a-b0da-4b06-8a63-33c73208a1c8,0.1,0.08,0.07408275455236435
1447f56a-b0da-4b06-8a63-33c73208a1c8,0.1,0.13,0.07403179258108139
1447f56a-b0da-4b06-8a63-33c73208a1c8,0.1,0.18000000000000002,0.08028736710548401
1447f56a-b0da-4b06-8a63-33c73208a1c8,0.1,0.23,0.0849602073431015
1447f56a-b0da-4b06-8a63-33c73208a1c8,0.15000000000000002,0.03,0.06555064022541046
1447f56a-b0da-4b06-8a63-33c73208a1c8,0.15000000000000002,0.08,0.07934000343084335
1447f56a-b0da-4b06-8a63-33c73208a1c8,0.15000000000000002,0.13,0.08594869077205658
1447f56a-b0da-4b06-8a63-33c73208a1c8,0.15000000000000002,0.18000000000000002,0.0893707126379013
1447f56a-b0da-4b06-8a63-33c73208a1c8,0.15000000000000002,0.23,0.09029879420995712
1447f56a-b0da-4b06-8a63-33c73208a1c8,0.2,0.03,0.06449544429779053
1447f56a-b0da-4b06-8a63-33c73208a1c8,0.2,0.08,0.07879122346639633
1447f56a-b0da-4b06-8a63-33c73208a1c8,0.2,0.13,0.08970320969820023
1447f56a-b0da-4b06-8a63-33c73208a1c8,0.2,0.18000000000000002,0.08873069286346436
1447f56a-b0da-4b06-8a63-33c73208a1c8,0.2,0.23,0.0864720493555069
1447f56a-b0da-4b06-8a63-33c73208a1c8,0.25,0.03,0.06523943692445755
1447f56a-b0da-4b06-8a63-33c73208a1c8,0.25,0.08,0.082514189183712
1447f56a-b0da-4b06-8a63-33c73208a1c8,0.25,0.13,0.0848497673869133
1447f56a-b0da-4b06-8a63-33c73208a1c8,0.25,0.18000000000000002,0.08310611546039581
1447f56a-b0da-4b06-8a63-33c73208a1c8,0.25,0.23,0.08402696251869202
1447f56a-b0da-4b06-8a63-33c73208a1c8,0.30000000000000004,0.03,0.06627824902534485
1447f56a-b0da-4b06-8a63-33c73208a1c8,0.30000000000000004,0.08,0.0743919312953949
1447f56a-b0da-4b06-8a63-33c73208a1c8,0.30000000000000004,0.13,0.07156550884246826
1447f56a-b0da-4b06-8a63-33c73208a1c8,0.30000000000000004,0.18000000000000002,0.07707749307155609
1447f56a-b0da-4b06-8a63-33c73208a1c8,0.30000000000000004,0.23,0.0747956708073616
149a63c3-2f3f-470e-9638-43825f0c3049,0.0,0.03,0.05974919721484184
149a63c3-2f3f-470e-9638-43825f0c3049,0.0,0.08,0.07237978279590607
149a63c3-2f3f-470e-9638-43825f0c3049,0.0,0.13,0.07129252701997757
149a63c3-2f3f-470e-9638-43825f0c3049,0.0,0.18000000000000002,0.0720941424369812
149a63c3-2f3f-470e-9638-43825f0c3049,0.0,0.23,0.07152628153562546
149a63c3-2f3f-470e-9638-43825f0c3049,0.01,0.03,0.05806504189968109
149a63c3-2f3f-470e-9638-43825f0c3049,0.01,0.08,0.06305580586194992
149a63c3-2f3f-470e-9638-43825f0c3049,0.01,0.13,0.07031252980232239
149a63c3-2f3f-470e-9638-43825f0c3049,0.01,0.18000000000000002,0.06957700848579407
149a63c3-2f3f-470e-9638-43825f0c3049,0.01,0.23,0.0718206837773323
149a63c3-2f3f-470e-9638-43825f0c3049,0.02,0.03,0.05226391926407814
149a63c3-2f3f-470e-9638-43825f0c3049,0.02,0.08,0.06377627700567245
149a63c3-2f3f-470e-9638-43825f0c3049,0.02,0.13,0.06813892722129822
149a63c3-2f3f-470e-9638-43825f0c3049,0.02,0.18000000000000002,0.07192257791757584
149a63c3-2f3f-470e-9638-43825f0c3049,0.02,0.23,0.07483009248971939
149a63c3-2f3f-470e-9638-43825f0c3049,0.03,0.03,0.06048889085650444
149a63c3-2f3f-470e-9638-43825f0c3049,0.03,0.08,0.06408381462097168
149a63c3-2f3f-470e-9638-43825f0c3049,0.03,0.13,0.06735503673553467
149a63c3-2f3f-470e-9638-43825f0c3049,0.03,0.18000000000000002,0.0742427334189415
149a63c3-2f3f-470e-9638-43825f0c3049,0.03,0.23,0.07386703789234161
149a63c3-2f3f-470e-9638-43825f0c3049,0.04,0.03,0.04582158848643303
149a63c3-2f3f-470e-9638-43825f0c3049,0.04,0.08,0.05945807322859764
149a63c3-2f3f-470e-9638-43825f0c3049,0.05,0.03,0.05850460007786751
149a63c3-2f3f-470e-9638-43825f0c3049,0.05,0.08,0.06334187835454941
149a63c3-2f3f-470e-9638-43825f0c3049,0.05,0.13,0.06678073108196259
149a63c3-2f3f-470e-9638-43825f0c3049,0.05,0.18000000000000002,0.07760341465473175
149a63c3-2f3f-470e-9638-43825f0c3049,0.05,0.23,0.08423348516225815
149a63c3-2f3f-470e-9638-43825f0c3049,0.1,0.03,0.047798994928598404
149a63c3-2f3f-470e-9638-43825f0c3049,0.1,0.08,0.05982537567615509
149a63c3-2f3f-470e-9638-43825f0c3049,0.1,0.13,0.07222240418195724
149a63c3-2f3f-470e-9638-43825f0c3049,0.1,0.18000000000000002,0.0840323194861412
149a63c3-2f3f-470e-9638-43825f0c3049,0.1,0.23,0.09968273341655731
149a63c3-2f3f-470e-9638-43825f0c3049,0.15000000000000002,0.03,0.04663754999637604
149a63c3-2f3f-470e-9638-43825f0c3049,0.15000000000000002,0.08,0.06876448541879654
149a63c3-2f3f-470e-9638-43825f0c3049,0.15000000000000002,0.13,0.08839265257120132
149a63c3-2f3f-470e-9638-43825f0c3049,0.15000000000000002,0.18000000000000002,0.10505044460296631
149a63c3-2f3f-470e-9638-43825f0c3049,0.15000000000000002,0.23,0.11195185780525208
149a63c3-2f3f-470e-9638-43825f0c3049,0.2,0.03,0.05568808317184448
149a63c3-2f3f-470e-9638-43825f0c3049,0.2,0.08,0.08525221049785614
149a63c3-2f3f-470e-9638-43825f0c3049,0.2,0.13,0.10161464661359787
149a63c3-2f3f-470e-9638-43825f0c3049,0.2,0.18000000000000002,0.10761702060699463
149a63c3-2f3f-470e-9638-43825f0c3049,0.2,0.23,0.10384577512741089
149a63c3-2f3f-470e-9638-43825f0c3049,0.25,0.03,0.0690823495388031
149a63c3-2f3f-470e-9638-43825f0c3049,0.25,0.08,0.0950547382235527
149a63c3-2f3f-470e-9638-43825f0c3049,0.25,0.13,0.10660775005817413
149a63c3-2f3f-470e-9638-43825f0c3049,0.25,0.18000000000000002,0.1003139317035675
149a63c3-2f3f-470e-9638-43825f0c3049,0.25,0.23,0.10928419232368469
149a63c3-2f3f-470e-9638-43825f0c3049,0.30000000000000004,0.03,0.056084275245666504
149a63c3-2f3f-470e-9638-43825f0c3049,0.30000000000000004,0.08,0.07751807570457458
149a63c3-2f3f-470e-9638-43825f0c3049,0.30000000000000004,0.13,0.08245916664600372
149a63c3-2f3f-470e-9638-43825f0c3049,0.30000000000000004,0.18000000000000002,0.09554191678762436
149a63c3-2f3f-470e-9638-43825f0c3049,0.30000000000000004,0.23,0.10301624983549118
14a89927-5435-4c3d-a086-a3c50872aa19,0.0,0.03,0.05464737117290497
14a89927-5435-4c3d-a086-a3c50872aa19,0.0,0.08,0.06902322918176651
14a89927-5435-4c3d-a086-a3c50872aa19,0.0,0.13,0.07933657616376877
14a89927-5435-4c3d-a086-a3c50872aa19,0.0,0.18000000000000002,0.08164673298597336
14a89927-5435-4c3d-a086-a3c50872aa19,0.0,0.23,0.08183412253856659
14a89927-5435-4c3d-a086-a3c50872aa19,0.01,0.03,0.047036316245794296
14a89927-5435-4c3d-a086-a3c50872aa19,0.01,0.08,0.06970605999231339
14a89927-5435-4c3d-a086-a3c50872aa19,0.01,0.13,0.06665301322937012
14a89927-5435-4c3d-a086-a3c50872aa19,0.01,0.18000000000000002,0.0808272585272789
14a89927-5435-4c3d-a086-a3c50872aa19,0.01,0.23,0.07596336305141449
14a89927-5435-4c3d-a086-a3c50872aa19,0.02,0.03,0.046801768243312836
14a89927-5435-4c3d-a086-a3c50872aa19,0.02,0.08,0.06324530392885208
14a89927-5435-4c3d-a086-a3c50872aa19,0.02,0.13,0.06475985795259476
14a89927-5435-4c3d-a086-a3c50872aa19,0.02,0.18000000000000002,0.07451546937227249
14a89927-5435-4c3d-a086-a3c50872aa19,0.02,0.23,0.07534205913543701
14a89927-5435-4c3d-a086-a3c50872aa19,0.03,0.03,0.05495545268058777
14a89927-5435-4c3d-a086-a3c50872aa19,0.03,0.08,0.06800705939531326
14a89927-5435-4c3d-a086-a3c50872aa19,0.03,0.13,0.07275363057851791
14a89927-5435-4c3d-a086-a3c50872aa19,0.03,0.18000000000000002,0.0692429319024086
14a89927-5435-4c3d-a086-a3c50872aa19,0.03,0.23,0.07096714526414871
14a89927-5435-4c3d-a086-a3c50872aa19,0.04,0.03,0.05400153622031212
14a89927-5435-4c3d-a086-a3c50872aa19,0.04,0.08,0.07262067496776581
14a89927-5435-4c3d-a086-a3c50872aa19,0.05,0.03,0.05634862557053566
14a89927-5435-4c3d-a086-a3c50872aa19,0.05,0.08,0.0650930255651474
14a89927-5435-4c3d-a086-a3c50872aa19,0.05,0.13,0.07438210397958755
14a89927-5435-4c3d-a086-a3c50872aa19,0.05,0.18000000000000002,0.0749722495675087
14a89927-5435-4c3d-a086-a3c50872aa19,0.05,0.23,0.06910634785890579
14a89927-5435-4c3d-a086-a3c50872aa19,0.1,0.03,0.06243624538183212
14a89927-5435-4c3d-a086-a3c50872aa19,0.1,0.08,0.06604243814945221
14a89927-5435-4c3d-a086-a3c50872aa19,0.1,0.13,0.0675438717007637
14a89927-5435-4c3d-a086-a3c50872aa19,0.1,0.18000000000000002,0.06648240983486176
14a89927-5435-4c3d-a086-a3c50872aa19,0.1,0.23,0.06480918079614639
14a89927-5435-4c3d-a086-a3c50872aa19,0.15000000000000002,0.03,0.048857372254133224
14a89927-5435-4c3d-a086-a3c50872aa19,0.15000000000000002,0.08,0.05885596200823784
14a89927-5435-4c3d-a086-a3c50872aa19,0.15000000000000002,0.13,0.06884463131427765
14a89927-5435-4c3d-a086-a3c50872aa19,0.15000000000000002,0.18000000000000002,0.06941157579421997
14a89927-5435-4c3d-a086-a3c50872aa19,0.15000000000000002,0.23,0.06844501942396164
14a89927-5435-4c3d-a086-a3c50872aa19,0.2,0.03,0.052930694073438644
14a89927-5435-4c3d-a086-a3c50872aa19,0.2,0.08,0.056439660489559174
14a89927-5435-4c3d-a086-a3c50872aa19,0.2,0.13,0.06286156177520752
14a89927-5435-4c3d-a086-a3c50872aa19,0.2,0.18000000000000002,0.06950555741786957
14a89927-5435-4c3d-a086-a3c50872aa19,0.2,0.23,0.07329535484313965
14a89927-5435-4c3d-a086-a3c50872aa19,0.25,0.03,0.049091886729002
14a89927-5435-4c3d-a086-a3c50872aa19,0.25,0.08,0.05771753937005997
14a89927-5435-4c3d-a086-a3c50872aa19,0.25,0.13,0.06972982734441757
14a89927-5435-4c3d-a086-a3c50872aa19,0.25,0.18000000000000002,0.07447300106287003
14a89927-5435-4c3d-a086-a3c50872aa19,0.25,0.23,0.08438713848590851
14a89927-5435-4c3d-a086-a3c50872aa19,0.30000000000000004,0.03,0.050580527633428574
14a89927-5435-4c3d-a086-a3c50872aa19,0.30000000000000004,0.08,0.0661187469959259
14a89927-5435-4c3d-a086-a3c50872aa19,0.30000000000000004,0.13,0.07488235831260681
14a89927-5435-4c3d-a086-a3c50872aa19,0.30000000000000004,0.18000000000000002,0.08538969606161118
14a89927-5435-4c3d-a086-a3c50872aa19,0.30000000000000004,0.23,0.09326133877038956
151d978b-f007-4ca0-b17d-208bfcc7cf0c,0.0,0.03,0.04971425607800484
151d978b-f007-4ca0-b17d-208bfcc7cf0c,0.0,0.08,0.05369042232632637
151d978b-f007-4ca0-b17d-208bfcc7cf0c,0.0,0.13,0.06225164607167244
151d978b-f007-4ca0-b17d-208bfcc7cf0c,0.0,0.18000000000000002,0.07297593355178833
151d978b-f007-4ca0-b17d-208bfcc7cf0c,0.0,0.23,0.06504315137863159
151d978b-f007-4ca0-b17d-208bfcc7cf0c,0.01,0.03,0.04445691034197807
151d978b-f007-4ca0-b17d-208bfcc7cf0c,0.01,0.08,0.05577952042222023
151d978b-f007-4ca0-b17d-208bfcc7cf0c,0.01,0.13,0.06482119858264923
151d978b-f007-4ca0-b17d-208bfcc7cf0c,0.01,0.18000000000000002,0.07320526242256165
151d978b-f007-4ca0-b17d-208bfcc7cf0c,0.01,0.23,0.06511770933866501
151d978b-f007-4ca0-b17d-208bfcc7cf0c,0.02,0.03,0.046650223433971405
151d978b-f007-4ca0-b17d-208bfcc7cf0c,0.02,0.08,0.05672259256243706
151d978b-f007-4ca0-b17d-208bfcc7cf0c,0.02,0.13,0.07033853232860565
151d978b-f007-4ca0-b17d-208bfcc7cf0c,0.02,0.18000000000000002,0.07336388528347015
151d978b-f007-4ca0-b17d-208bfcc7cf0c,0.02,0.23,0.06583503633737564
151d978b-f007-4ca0-b17d-208bfcc7cf0c,0.03,0.03,0.05336473509669304
151d978b-f007-4ca0-b17d-208bfcc7cf0c,0.03,0.08,0.06165755167603493
151d978b-f007-4ca0-b17d-208bfcc7cf0c,0.03,0.13,0.06901807337999344
151d978b-f007-4ca0-b17d-208bfcc7cf0c,0.03,0.18000000000000002,0.06812889128923416
151d978b-f007-4ca0-b17d-208bfcc7cf0c,0.03,0.23,0.06654097884893417
151d978b-f007-4ca0-b17d-208bfcc7cf0c,0.04,0.03,0.05026527866721153
151d978b-f007-4ca0-b17d-208bfcc7cf0c,0.04,0.08,0.061672672629356384
151d978b-f007-4ca0-b17d-208bfcc7cf0c,0.05,0.03,0.05081087350845337
151d978b-f007-4ca0-b17d-208bfcc7cf0c,0.05,0.08,0.0629696398973465
151d978b-f007-4ca0-b17d-208bfcc7cf0c,0.05,0.13,0.07230746001005173
151d978b-f007-4ca0-b17d-208bfcc7cf0c,0.05,0.18000000000000002,0.06577879190444946
151d978b-f007-4ca0-b17d-208bfcc7cf0c,0.05,0.23,0.06748420745134354
151d978b-f007-4ca0-b17d-208bfcc7cf0c,0.1,0.03,0.05206849426031113
151d978b-f007-4ca0-b17d-208bfcc7cf0c,0.1,0.08,0.06516987085342407
151d978b-f007-4ca0-b17d-208bfcc7cf0c,0.1,0.13,0.06754893064498901
151d978b-f007-4ca0-b17d-208bfcc7cf0c,0.1,0.18000000000000002,0.07078628987073898
151d978b-f007-4ca0-b17d-208bfcc7cf0c,0.1,0.23,0.07322706282138824
151d978b-f007-4ca0-b17d-208bfcc7cf0c,0.15000000000000002,0.03,0.05148542299866676
151d978b-f007-4ca0-b17d-208bfcc7cf0c,0.15000000000000002,0.08,0.059995681047439575
151d978b-f007-4ca0-b17d-208bfcc7cf0c,0.15000000000000002,0.13,0.06676220893859863
151d978b-f007-4ca0-b17d-208bfcc7cf0c,0.15000000000000002,0.18000000000000002,0.06475213170051575
151d978b-f007-4ca0-b17d-208bfcc7cf0c,0.15000000000000002,0.23,0.06682395190000534
151d978b-f007-4ca0-b17d-208bfcc7cf0c,0.2,0.03,0.045719318091869354
151d978b-f007-4ca0-b17d-208bfcc7cf0c,0.2,0.08,0.05467557534575462
151d978b-f007-4ca0-b17d-208bfcc7cf0c,0.2,0.13,0.059379637241363525
151d978b-f007-4ca0-b17d-208bfcc7cf0c,0.2,0.18000000000000002,0.07237760722637177
151d978b-f007-4ca0-b17d-208bfcc7cf0c,0.2,0.23,0.06976670026779175
151d978b-f007-4ca0-b17d-208bfcc7cf0c,0.25,0.03,0.045119088143110275
151d978b-f007-4ca0-b17d-208bfcc7cf0c,0.25,0.08,0.052710097283124924
151d978b-f007-4ca0-b17d-208bfcc7cf0c,0.25,0.13,0.06788613647222519
151d978b-f007-4ca0-b17d-208bfcc7cf0c,0.25,0.18000000000000002,0.06429655849933624
151d978b-f007-4ca0-b17d-208bfcc7cf0c,0.25,0.23,0.05964922532439232
151d978b-f007-4ca0-b17d-208bfcc7cf0c,0.30000000000000004,0.03,0.05796737223863602
151d978b-f007-4ca0-b17d-208bfcc7cf0c,0.30000000000000004,0.08,0.069580078125
151d978b-f007-4ca0-b17d-208bfcc7cf0c,0.30000000000000004,0.13,0.05934155732393265
151d978b-f007-4ca0-b17d-208bfcc7cf0c,0.30000000000000004,0.18000000000000002,0.05980180948972702
151d978b-f007-4ca0-b17d-208bfcc7cf0c,0.30000000000000004,0.23,0.059860710054636
152ab750-4da2-481d-b345-e95c83e275f8,0.0,0.03,0.34692609310150146
152ab750-4da2-481d-b345-e95c83e275f8,0.0,0.08,0.509228527545929
152ab750-4da2-481d-b345-e95c83e275f8,0.0,0.13,0.4747238755226135
152ab750-4da2-481d-b345-e95c83e275f8,0.0,0.18000000000000002,0.3882085680961609
152ab750-4da2-481d-b345-e95c83e275f8,0.0,0.23,0.33707597851753235
152ab750-4da2-481d-b345-e95c83e275f8,0.01,0.03,0.3059985935688019
152ab750-4da2-481d-b345-e95c83e275f8,0.01,0.08,0.4070734977722168
152ab750-4da2-481d-b345-e95c83e275f8,0.01,0.13,0.3560091257095337
152ab750-4da2-481d-b345-e95c83e275f8,0.01,0.18000000000000002,0.2952331304550171
152ab750-4da2-481d-b345-e95c83e275f8,0.01,0.23,0.25201359391212463
152ab750-4da2-481d-b345-e95c83e275f8,0.02,0.03,0.33490869402885437
152ab750-4da2-481d-b345-e95c83e275f8,0.02,0.08,0.39943891763687134
152ab750-4da2-481d-b345-e95c83e275f8,0.02,0.13,0.3185739815235138
152ab750-4da2-481d-b345-e95c83e275f8,0.02,0.18000000000000002,0.2702714502811432
152ab750-4da2-481d-b345-e95c83e275f8,0.02,0.23,0.2290014773607254
152ab750-4da2-481d-b345-e95c83e275f8,0.03,0.03,0.3310324251651764
152ab750-4da2-481d-b345-e95c83e275f8,0.03,0.08,0.3468877971172333
152ab750-4da2-481d-b345-e95c83e275f8,0.03,0.13,0.28341248631477356
152ab750-4da2-481d-b345-e95c83e275f8,0.03,0.18000000000000002,0.23716522753238678
152ab750-4da2-481d-b345-e95c83e275f8,0.03,0.23,0.1996651142835617
152ab750-4da2-481d-b345-e95c83e275f8,0.04,0.03,0.32138535380363464
152ab750-4da2-481d-b345-e95c83e275f8,0.04,0.08,0.301756888628006
152ab750-4da2-481d-b345-e95c83e275f8,0.05,0.03,0.3203941285610199
152ab750-4da2-481d-b345-e95c83e275f8,0.05,0.08,0.31487157940864563
152ab750-4da2-481d-b345-e95c83e275f8,0.05,0.13,0.2342633306980133
152ab750-4da2-481d-b345-e95c83e275f8,0.05,0.18000000000000002,0.19666321575641632
152ab750-4da2-481d-b345-e95c83e275f8,0.05,0.23,0.17009229958057404
152ab750-4da2-481d-b345-e95c83e275f8,0.1,0.03,0.10138197988271713
152ab750-4da2-481d-b345-e95c83e275f8,0.1,0.08,0.08167226612567902
152ab750-4da2-481d-b345-e95c83e275f8,0.1,0.13,0.07124954462051392
152ab750-4da2-481d-b345-e95c83e275f8,0.1,0.18000000000000002,0.0703529417514801
152ab750-4da2-481d-b345-e95c83e275f8,0.1,0.23,0.07330087572336197
152ab750-4da2-481d-b345-e95c83e275f8,0.15000000000000002,0.03,0.052445437759160995
152ab750-4da2-481d-b345-e95c83e275f8,0.15000000000000002,0.08,0.059083256870508194
152ab750-4da2-481d-b345-e95c83e275f8,0.15000000000000002,0.13,0.06422088295221329
152ab750-4da2-481d-b345-e95c83e275f8,0.15000000000000002,0.18000000000000002,0.07231970876455307
152ab750-4da2-481d-b345-e95c83e275f8,0.15000000000000002,0.23,0.07170548290014267
152ab750-4da2-481d-b345-e95c83e275f8,0.2,0.03,0.04707494378089905
152ab750-4da2-481d-b345-e95c83e275f8,0.2,0.08,0.06008448079228401
152ab750-4da2-481d-b345-e95c83e275f8,0.2,0.13,0.06860577315092087
152ab750-4da2-481d-b345-e95c83e275f8,0.2,0.18000000000000002,0.0673900693655014
152ab750-4da2-481d-b345-e95c83e275f8,0.2,0.23,0.07214352488517761
152ab750-4da2-481d-b345-e95c83e275f8,0.25,0.03,0.04626750573515892
152ab750-4da2-481d-b345-e95c83e275f8,0.25,0.08,0.0609598308801651
152ab750-4da2-481d-b345-e95c83e275f8,0.25,0.13,0.0645294040441513
152ab750-4da2-481d-b345-e95c83e275f8,0.25,0.18000000000000002,0.06336448341608047
152ab750-4da2-481d-b345-e95c83e275f8,0.25,0.23,0.061527069658041
152ab750-4da2-481d-b345-e95c83e275f8,0.30000000000000004,0.03,0.050807882100343704
152ab750-4da2-481d-b345-e95c83e275f8,0.30000000000000004,0.08,0.0610065795481205
152ab750-4da2-481d-b345-e95c83e275f8,0.30000000000000004,0.13,0.05954059213399887
152ab750-4da2-481d-b345-e95c83e275f8,0.30000000000000004,0.18000000000000002,0.0592963807284832
152ab750-4da2-481d-b345-e95c83e275f8,0.30000000000000004,0.23,0.05372967943549156
166b855e-64a8-4032-ab80-8b3cfacd21db,0.0,0.03,0.09846045076847076
166b855e-64a8-4032-ab80-8b3cfacd21db,0.0,0.08,0.1333775371313095
166b855e-64a8-4032-ab80-8b3cfacd21db,0.0,0.13,0.13838860392570496
166b855e-64a8-4032-ab80-8b3cfacd21db,0.0,0.18000000000000002,0.13808102905750275
166b855e-64a8-4032-ab80-8b3cfacd21db,0.0,0.23,0.13724471628665924
166b855e-64a8-4032-ab80-8b3cfacd21db,0.01,0.03,0.10844364017248154
166b855e-64a8-4032-ab80-8b3cfacd21db,0.01,0.08,0.15310582518577576
166b855e-64a8-4032-ab80-8b3cfacd21db,0.01,0.13,0.14793790876865387
166b855e-64a8-4032-ab80-8b3cfacd21db,0.01,0.18000000000000002,0.1459248661994934
166b855e-64a8-4032-ab80-8b3cfacd21db,0.01,0.23,0.13461333513259888
166b855e-64a8-4032-ab80-8b3cfacd21db,0.02,0.03,0.12457489222288132
166b855e-64a8-4032-ab80-8b3cfacd21db,0.02,0.08,0.15050439536571503
166b855e-64a8-4032-ab80-8b3cfacd21db,0.02,0.13,0.14774419367313385
166b855e-64a8-4032-ab80-8b3cfacd21db,0.02,0.18000000000000002,0.140926793217659
166b855e-64a8-4032-ab80-8b3cfacd21db,0.02,0.23,0.1310054063796997
166b855e-64a8-4032-ab80-8b3cfacd21db,0.03,0.03,0.12731023132801056
166b855e-64a8-4032-ab80-8b3cfacd21db,0.03,0.08,0.14101018011569977
166b855e-64a8-4032-ab80-8b3cfacd21db,0.03,0.13,0.1415356993675232
166b855e-64a8-4032-ab80-8b3cfacd21db,0.03,0.18000000000000002,0.1355389952659607
166b855e-64a8-4032-ab80-8b3cfacd21db,0.03,0.23,0.1269841343164444
166b855e-64a8-4032-ab80-8b3cfacd21db,0.04,0.03,0.12327500432729721
166b855e-64a8-4032-ab80-8b3cfacd21db,0.04,0.08,0.13628657162189484
166b855e-64a8-4032-ab80-8b3cfacd21db,0.05,0.03,0.10836263746023178
166b855e-64a8-4032-ab80-8b3cfacd21db,0.05,0.08,0.11677853763103485
166b855e-64a8-4032-ab80-8b3cfacd21db,0.05,0.13,0.12550386786460876
166b855e-64a8-4032-ab80-8b3cfacd21db,0.05,0.18000000000000002,0.12318779528141022
166b855e-64a8-4032-ab80-8b3cfacd21db,0.05,0.23,0.1163501963019371
166b855e-64a8-4032-ab80-8b3cfacd21db,0.1,0.03,0.09121352434158325
166b855e-64a8-4032-ab80-8b3cfacd21db,0.1,0.08,0.10852330923080444
166b855e-64a8-4032-ab80-8b3cfacd21db,0.1,0.13,0.10409116744995117
166b855e-64a8-4032-ab80-8b3cfacd21db,0.1,0.18000000000000002,0.09689588844776154
166b855e-64a8-4032-ab80-8b3cfacd21db,0.1,0.23,0.08785400539636612
166b855e-64a8-4032-ab80-8b3cfacd21db,0.15000000000000002,0.03,0.06516002118587494
166b855e-64a8-4032-ab80-8b3cfacd21db,0.15000000000000002,0.08,0.0725989118218422
166b855e-64a8-4032-ab80-8b3cfacd21db,0.15000000000000002,0.13,0.07192535698413849
166b855e-64a8-4032-ab80-8b3cfacd21db,0.15000000000000002,0.18000000000000002,0.07052363455295563
166b855e-64a8-4032-ab80-8b3cfacd21db,0.15000000000000002,0.23,0.06433704495429993
166b855e-64a8-4032-ab80-8b3cfacd21db,0.2,0.03,0.0554518885910511
166b855e-64a8-4032-ab80-8b3cfacd21db,0.2,0.08,0.06985150277614594
166b855e-64a8-4032-ab80-8b3cfacd21db,0.2,0.13,0.07075484097003937
166b855e-64a8-4032-ab80-8b3cfacd21db,0.2,0.18000000000000002,0.061486754566431046
166b855e-64a8-4032-ab80-8b3cfacd21db,0.2,0.23,0.06936896592378616
166b855e-64a8-4032-ab80-8b3cfacd21db,0.25,0.03,0.05507088080048561
166b855e-64a8-4032-ab80-8b3cfacd21db,0.25,0.08,0.0659145638346672
166b855e-64a8-4032-ab80-8b3cfacd21db,0.25,0.13,0.0657326877117157
166b855e-64a8-4032-ab80-8b3cfacd21db,0.25,0.18000000000000002,0.07145227491855621
166b855e-64a8-4032-ab80-8b3cfacd21db,0.25,0.23,0.07705090939998627
166b855e-64a8-4032-ab80-8b3cfacd21db,0.30000000000000004,0.03,0.047646377235651016
166b855e-64a8-4032-ab80-8b3cfacd21db,0.30000000000000004,0.08,0.06060449406504631
166b855e-64a8-4032-ab80-8b3cfacd21db,0.30000000000000004,0.13,0.06456442177295685
166b855e-64a8-4032-ab80-8b3cfacd21db,0.30000000000000004,0.18000000000000002,0.0713500902056694
166b855e-64a8-4032-ab80-8b3cfacd21db,0.30000000000000004,0.23,0.06814227998256683
1687b9c8-d329-444f-9ef0-60093e6b995a,0.0,0.03,0.07168187201023102
1687b9c8-d329-444f-9ef0-60093e6b995a,0.0,0.08,0.12445303797721863
1687b9c8-d329-444f-9ef0-60093e6b995a,0.0,0.13,0.13634486496448517
1687b9c8-d329-444f-9ef0-60093e6b995a,0.0,0.18000000000000002,0.11556694656610489
1687b9c8-d329-444f-9ef0-60093e6b995a,0.0,0.23,0.10409243404865265
1687b9c8-d329-444f-9ef0-60093e6b995a,0.01,0.03,0.07954245805740356
1687b9c8-d329-444f-9ef0-60093e6b995a,0.01,0.08,0.12774379551410675
1687b9c8-d329-444f-9ef0-60093e6b995a,0.01,0.13,0.12395454198122025
1687b9c8-d329-444f-9ef0-60093e6b995a,0.01,0.18000000000000002,0.10368514806032181
1687b9c8-d329-444f-9ef0-60093e6b995a,0.01,0.23,0.09762497246265411
1687b9c8-d329-444f-9ef0-60093e6b995a,0.02,0.03,0.09537461400032043
1687b9c8-d329-444f-9ef0-60093e6b995a,0.02,0.08,0.129053995013237
1687b9c8-d329-444f-9ef0-60093e6b995a,0.02,0.13,0.11762154847383499
1687b9c8-d329-444f-9ef0-60093e6b995a,0.02,0.18000000000000002,0.0989207774400711
1687b9c8-d329-444f-9ef0-60093e6b995a,0.02,0.23,0.09624707698822021
1687b9c8-d329-444f-9ef0-60093e6b995a,0.03,0.03,0.09423255920410156
1687b9c8-d329-444f-9ef0-60093e6b995a,0.03,0.08,0.1284206360578537
1687b9c8-d329-444f-9ef0-60093e6b995a,0.03,0.13,0.11255000531673431
1687b9c8-d329-444f-9ef0-60093e6b995a,0.03,0.18000000000000002,0.0956781655550003
1687b9c8-d329-444f-9ef0-60093e6b995a,0.03,0.23,0.08979068696498871
1687b9c8-d329-444f-9ef0-60093e6b995a,0.04,0.03,0.09499724954366684
1687b9c8-d329-444f-9ef0-60093e6b995a,0.04,0.08,0.12249337881803513
1687b9c8-d329-444f-9ef0-60093e6b995a,0.05,0.03,0.09704724699258804
1687b9c8-d329-444f-9ef0-60093e6b995a,0.05,0.08,0.11379528790712357
1687b9c8-d329-444f-9ef0-60093e6b995a,0.05,0.13,0.09048726409673691
1687b9c8-d329-444f-9ef0-60093e6b995a,0.05,0.18000000000000002,0.09135953336954117
1687b9c8-d329-444f-9ef0-60093e6b995a,0.05,0.23,0.08786828070878983
1687b9c8-d329-444f-9ef0-60093e6b995a,0.1,0.03,0.05931096524000168
1687b9c8-d329-444f-9ef0-60093e6b995a,0.1,0.08,0.08032365143299103
1687b9c8-d329-444f-9ef0-60093e6b995a,0.1,0.13,0.08444692939519882
1687b9c8-d329-444f-9ef0-60093e6b995a,0.1,0.18000000000000002,0.07865545898675919
1687b9c8-d329-444f-9ef0-60093e6b995a,0.1,0.23,0.07726255804300308
1687b9c8-d329-444f-9ef0-60093e6b995a,0.15000000000000002,0.03,0.05465047433972359
1687b9c8-d329-444f-9ef0-60093e6b995a,0.15000000000000002,0.08,0.06413474678993225
1687b9c8-d329-444f-9ef0-60093e6b995a,0.15000000000000002,0.13,0.06232692301273346
1687b9c8-d329-444f-9ef0-60093e6b995a,0.15000000000000002,0.18000000000000002,0.06474746763706207
1687b9c8-d329-444f-9ef0-60093e6b995a,0.15000000000000002,0.23,0.06686235964298248
1687b9c8-d329-444f-9ef0-60093e6b995a,0.2,0.03,0.05175767093896866
1687b9c8-d329-444f-9ef0-60093e6b995a,0.2,0.08,0.059594426304101944
1687b9c8-d329-444f-9ef0-60093e6b995a,0.2,0.13,0.06641045957803726
1687b9c8-d329-444f-9ef0-60093e6b995a,0.2,0.18000000000000002,0.07020507752895355
1687b9c8-d329-444f-9ef0-60093e6b995a,0.2,0.23,0.07200734317302704
1687b9c8-d329-444f-9ef0-60093e6b995a,0.25,0.03,0.0438358448445797
1687b9c8-d329-444f-9ef0-60093e6b995a,0.25,0.08,0.06331359595060349
1687b9c8-d329-444f-9ef0-60093e6b995a,0.25,0.13,0.0690416768193245
1687b9c8-d329-444f-9ef0-60093e6b995a,0.25,0.18000000000000002,0.06952126324176788
1687b9c8-d329-444f-9ef0-60093e6b995a,0.25,0.23,0.06951695680618286
1687b9c8-d329-444f-9ef0-60093e6b995a,0.30000000000000004,0.03,0.04749607294797897
1687b9c8-d329-444f-9ef0-60093e6b995a,0.30000000000000004,0.08,0.06124187633395195
1687b9c8-d329-444f-9ef0-60093e6b995a,0.30000000000000004,0.13,0.0626949816942215
1687b9c8-d329-444f-9ef0-60093e6b995a,0.30000000000000004,0.18000000000000002,0.06389223784208298
1687b9c8-d329-444f-9ef0-60093e6b995a,0.30000000000000004,0.23,0.06764773279428482
1692734f-ffed-48de-b6dc-0a4e270c7f1b,0.0,0.03,0.04693537577986717
1692734f-ffed-48de-b6dc-0a4e270c7f1b,0.0,0.08,0.060245901346206665
1692734f-ffed-48de-b6dc-0a4e270c7f1b,0.0,0.13,0.0611068457365036
1692734f-ffed-48de-b6dc-0a4e270c7f1b,0.0,0.18000000000000002,0.06509152054786682
1692734f-ffed-48de-b6dc-0a4e270c7f1b,0.0,0.23,0.06764102727174759
1692734f-ffed-48de-b6dc-0a4e270c7f1b,0.01,0.03,0.05197863280773163
1692734f-ffed-48de-b6dc-0a4e270c7f1b,0.01,0.08,0.05938910320401192
1692734f-ffed-48de-b6dc-0a4e270c7f1b,0.01,0.13,0.06446404755115509
1692734f-ffed-48de-b6dc-0a4e270c7f1b,0.01,0.18000000000000002,0.07299867272377014
1692734f-ffed-48de-b6dc-0a4e270c7f1b,0.01,0.23,0.07601306587457657
1692734f-ffed-48de-b6dc-0a4e270c7f1b,0.02,0.03,0.05067270249128342
1692734f-ffed-48de-b6dc-0a4e270c7f1b,0.02,0.08,0.05898968502879143
1692734f-ffed-48de-b6dc-0a4e270c7f1b,0.02,0.13,0.06501059234142303
1692734f-ffed-48de-b6dc-0a4e270c7f1b,0.02,0.18000000000000002,0.06926258653402328
1692734f-ffed-48de-b6dc-0a4e270c7f1b,0.02,0.23,0.07701271772384644
1692734f-ffed-48de-b6dc-0a4e270c7f1b,0.03,0.03,0.05420911684632301
1692734f-ffed-48de-b6dc-0a4e270c7f1b,0.03,0.08,0.05696273222565651
1692734f-ffed-48de-b6dc-0a4e270c7f1b,0.03,0.13,0.06555742770433426
1692734f-ffed-48de-b6dc-0a4e270c7f1b,0.03,0.18000000000000002,0.07221661508083344
1692734f-ffed-48de-b6dc-0a4e270c7f1b,0.03,0.23,0.07572063058614731
1692734f-ffed-48de-b6dc-0a4e270c7f1b,0.04,0.03,0.04676951467990875
1692734f-ffed-48de-b6dc-0a4e270c7f1b,0.04,0.08,0.05596223846077919
1692734f-ffed-48de-b6dc-0a4e270c7f1b,0.05,0.03,0.048453766852617264
1692734f-ffed-48de-b6dc-0a4e270c7f1b,0.05,0.08,0.0581640899181366
1692734f-ffed-48de-b6dc-0a4e270c7f1b,0.05,0.13,0.06692799925804138
1692734f-ffed-48de-b6dc-0a4e270c7f1b,0.05,0.18000000000000002,0.06877557933330536
1692734f-ffed-48de-b6dc-0a4e270c7f1b,0.05,0.23,0.07286588102579117
1692734f-ffed-48de-b6dc-0a4e270c7f1b,0.1,0.03,0.05633540078997612
1692734f-ffed-48de-b6dc-0a4e270c7f1b,0.1,0.08,0.06407903879880905
1692734f-ffed-48de-b6dc-0a4e270c7f1b,0.1,0.13,0.0659535825252533
1692734f-ffed-48de-b6dc-0a4e270c7f1b,0.1,0.18000000000000002,0.07054085284471512
1692734f-ffed-48de-b6dc-0a4e270c7f1b,0.1,0.23,0.06795048713684082
1692734f-ffed-48de-b6dc-0a4e270c7f1b,0.15000000000000002,0.03,0.051826391369104385
1692734f-ffed-48de-b6dc-0a4e270c7f1b,0.15000000000000002,0.08,0.059371232986450195
1692734f-ffed-48de-b6dc-0a4e270c7f1b,0.15000000000000002,0.13,0.06553789228200912
1692734f-ffed-48de-b6dc-0a4e270c7f1b,0.15000000000000002,0.18000000000000002,0.06247372180223465
1692734f-ffed-48de-b6dc-0a4e270c7f1b,0.15000000000000002,0.23,0.06884315609931946
1692734f-ffed-48de-b6dc-0a4e270c7f1b,0.2,0.03,0.04570974409580231
1692734f-ffed-48de-b6dc-0a4e270c7f1b,0.2,0.08,0.05802682042121887
1692734f-ffed-48de-b6dc-0a4e270c7f1b,0.2,0.13,0.06202257052063942
1692734f-ffed-48de-b6dc-0a4e270c7f1b,0.2,0.18000000000000002,0.06842002272605896
1692734f-ffed-48de-b6dc-0a4e270c7f1b,0.2,0.23,0.07508616894483566
1692734f-ffed-48de-b6dc-0a4e270c7f1b,0.25,0.03,0.052220359444618225
1692734f-ffed-48de-b6dc-0a4e270c7f1b,0.25,0.08,0.06048692762851715
1692734f-ffed-48de-b6dc-0a4e270c7f1b,0.25,0.13,0.06764668971300125
1692734f-ffed-48de-b6dc-0a4e270c7f1b,0.25,0.18000000000000002,0.07400044053792953
1692734f-ffed-48de-b6dc-0a4e270c7f1b,0.25,0.23,0.07782074064016342
1692734f-ffed-48de-b6dc-0a4e270c7f1b,0.30000000000000004,0.03,0.045843858271837234
1692734f-ffed-48de-b6dc-0a4e270c7f1b,0.30000000000000004,0.08,0.06361247599124908
1692734f-ffed-48de-b6dc-0a4e270c7f1b,0.30000000000000004,0.13,0.07250501215457916
1692734f-ffed-48de-b6dc-0a4e270c7f1b,0.30000000000000004,0.18000000000000002,0.07300830632448196
1692734f-ffed-48de-b6dc-0a4e270c7f1b,0.30000000000000004,0.23,0.07454729080200195
175e391e-2ed6-467f-b327-8f95748b70b6,0.0,0.03,0.05269457772374153
175e391e-2ed6-467f-b327-8f95748b70b6,0.0,0.08,0.06686659157276154
175e391e-2ed6-467f-b327-8f95748b70b6,0.0,0.13,0.06950035691261292
175e391e-2ed6-467f-b327-8f95748b70b6,0.0,0.18000000000000002,0.07260750979185104
175e391e-2ed6-467f-b327-8f95748b70b6,0.0,0.23,0.0685909315943718
175e391e-2ed6-467f-b327-8f95748b70b6,0.01,0.03,0.050721675157547
175e391e-2ed6-467f-b327-8f95748b70b6,0.01,0.08,0.06427432596683502
175e391e-2ed6-467f-b327-8f95748b70b6,0.01,0.13,0.07461389154195786
175e391e-2ed6-467f-b327-8f95748b70b6,0.01,0.18000000000000002,0.0689270943403244
175e391e-2ed6-467f-b327-8f95748b70b6,0.01,0.23,0.07089468836784363
175e391e-2ed6-467f-b327-8f95748b70b6,0.02,0.03,0.04596100375056267
175e391e-2ed6-467f-b327-8f95748b70b6,0.02,0.08,0.05833674967288971
175e391e-2ed6-467f-b327-8f95748b70b6,0.02,0.13,0.069442018866539
175e391e-2ed6-467f-b327-8f95748b70b6,0.02,0.18000000000000002,0.06652749329805374
175e391e-2ed6-467f-b327-8f95748b70b6,0.02,0.23,0.06688272207975388
175e391e-2ed6-467f-b327-8f95748b70b6,0.03,0.03,0.045056071132421494
175e391e-2ed6-467f-b327-8f95748b70b6,0.03,0.08,0.060160402208566666
175e391e-2ed6-467f-b327-8f95748b70b6,0.03,0.13,0.06310960650444031
175e391e-2ed6-467f-b327-8f95748b70b6,0.03,0.18000000000000002,0.06299462914466858
175e391e-2ed6-467f-b327-8f95748b70b6,0.03,0.23,0.06675448268651962
175e391e-2ed6-467f-b327-8f95748b70b6,0.04,0.03,0.047935038805007935
175e391e-2ed6-467f-b327-8f95748b70b6,0.04,0.08,0.05966952070593834
175e391e-2ed6-467f-b327-8f95748b70b6,0.05,0.03,0.04851914942264557
175e391e-2ed6-467f-b327-8f95748b70b6,0.05,0.08,0.0654057115316391
175e391e-2ed6-467f-b327-8f95748b70b6,0.05,0.13,0.0689520388841629
175e391e-2ed6-467f-b327-8f95748b70b6,0.05,0.18000000000000002,0.06480538100004196
175e391e-2ed6-467f-b327-8f95748b70b6,0.05,0.23,0.06659135967493057
175e391e-2ed6-467f-b327-8f95748b70b6,0.1,0.03,0.05786776915192604
175e391e-2ed6-467f-b327-8f95748b70b6,0.1,0.08,0.06752855330705643
175e391e-2ed6-467f-b327-8f95748b70b6,0.1,0.13,0.0776120200753212
175e391e-2ed6-467f-b327-8f95748b70b6,0.1,0.18000000000000002,0.07141614705324173
175e391e-2ed6-467f-b327-8f95748b70b6,0.1,0.23,0.07372713834047318
175e391e-2ed6-467f-b327-8f95748b70b6,0.15000000000000002,0.03,0.05315931886434555
175e391e-2ed6-467f-b327-8f95748b70b6,0.15000000000000002,0.08,0.07054760307073593
175e391e-2ed6-467f-b327-8f95748b70b6,0.15000000000000002,0.13,0.06752307713031769
175e391e-2ed6-467f-b327-8f95748b70b6,0.15000000000000002,0.18000000000000002,0.06753363460302353
175e391e-2ed6-467f-b327-8f95748b70b6,0.15000000000000002,0.23,0.068472720682621
175e391e-2ed6-467f-b327-8f95748b70b6,0.2,0.03,0.06656952947378159
175e391e-2ed6-467f-b327-8f95748b70b6,0.2,0.08,0.05778772383928299
175e391e-2ed6-467f-b327-8f95748b70b6,0.2,0.13,0.060765065252780914
175e391e-2ed6-467f-b327-8f95748b70b6,0.2,0.18000000000000002,0.05853090062737465
175e391e-2ed6-467f-b327-8f95748b70b6,0.2,0.23,0.062311459332704544
175e391e-2ed6-467f-b327-8f95748b70b6,0.25,0.03,0.04634949937462807
175e391e-2ed6-467f-b327-8f95748b70b6,0.25,0.08,0.06472787261009216
175e391e-2ed6-467f-b327-8f95748b70b6,0.25,0.13,0.06488045305013657
175e391e-2ed6-467f-b327-8f95748b70b6,0.25,0.18000000000000002,0.06219782680273056
175e391e-2ed6-467f-b327-8f95748b70b6,0.25,0.23,0.06635057181119919
175e391e-2ed6-467f-b327-8f95748b70b6,0.30000000000000004,0.03,0.04653317481279373
175e391e-2ed6-467f-b327-8f95748b70b6,0.30000000000000004,0.08,0.05994480103254318
175e391e-2ed6-467f-b327-8f95748b70b6,0.30000000000000004,0.13,0.07026482373476028
175e391e-2ed6-467f-b327-8f95748b70b6,0.30000000000000004,0.18000000000000002,0.07247960567474365
175e391e-2ed6-467f-b327-8f95748b70b6,0.30000000000000004,0.23,0.06731121987104416
176cc1fd-e11b-43d1-8df2-a36a45285260,0.0,0.03,0.04259073734283447
176cc1fd-e11b-43d1-8df2-a36a45285260,0.0,0.08,0.05261101946234703
176cc1fd-e11b-43d1-8df2-a36a45285260,0.0,0.13,0.060689277946949005
176cc1fd-e11b-43d1-8df2-a36a45285260,0.0,0.18000000000000002,0.07076184451580048
176cc1fd-e11b-43d1-8df2-a36a45285260,0.0,0.23,0.06626483798027039
176cc1fd-e11b-43d1-8df2-a36a45285260,0.01,0.03,0.04728412628173828
176cc1fd-e11b-43d1-8df2-a36a45285260,0.01,0.08,0.0518500842154026
176cc1fd-e11b-43d1-8df2-a36a45285260,0.01,0.13,0.06740956753492355
176cc1fd-e11b-43d1-8df2-a36a45285260,0.01,0.18000000000000002,0.07151148468255997
176cc1fd-e11b-43d1-8df2-a36a45285260,0.01,0.23,0.07099267840385437
176cc1fd-e11b-43d1-8df2-a36a45285260,0.02,0.03,0.05065091326832771
176cc1fd-e11b-43d1-8df2-a36a45285260,0.02,0.08,0.05729637295007706
176cc1fd-e11b-43d1-8df2-a36a45285260,0.02,0.13,0.06802742183208466
176cc1fd-e11b-43d1-8df2-a36a45285260,0.02,0.18000000000000002,0.07185695320367813
176cc1fd-e11b-43d1-8df2-a36a45285260,0.02,0.23,0.07354497909545898
176cc1fd-e11b-43d1-8df2-a36a45285260,0.03,0.03,0.04495735093951225
176cc1fd-e11b-43d1-8df2-a36a45285260,0.03,0.08,0.05570148304104805
176cc1fd-e11b-43d1-8df2-a36a45285260,0.03,0.13,0.07591865956783295
176cc1fd-e11b-43d1-8df2-a36a45285260,0.03,0.18000000000000002,0.07416442036628723
176cc1fd-e11b-43d1-8df2-a36a45285260,0.03,0.23,0.07269947230815887
176cc1fd-e11b-43d1-8df2-a36a45285260,0.04,0.03,0.05228542163968086
176cc1fd-e11b-43d1-8df2-a36a45285260,0.04,0.08,0.06289754807949066
176cc1fd-e11b-43d1-8df2-a36a45285260,0.05,0.03,0.047244735062122345
176cc1fd-e11b-43d1-8df2-a36a45285260,0.05,0.08,0.0656045526266098
176cc1fd-e11b-43d1-8df2-a36a45285260,0.05,0.13,0.07695870101451874
176cc1fd-e11b-43d1-8df2-a36a45285260,0.05,0.18000000000000002,0.07030714303255081
176cc1fd-e11b-43d1-8df2-a36a45285260,0.05,0.23,0.07095526158809662
176cc1fd-e11b-43d1-8df2-a36a45285260,0.1,0.03,0.05482528731226921
176cc1fd-e11b-43d1-8df2-a36a45285260,0.1,0.08,0.0682990625500679
176cc1fd-e11b-43d1-8df2-a36a45285260,0.1,0.13,0.06795442849397659
176cc1fd-e11b-43d1-8df2-a36a45285260,0.1,0.18000000000000002,0.0688617154955864
176cc1fd-e11b-43d1-8df2-a36a45285260,0.1,0.23,0.07167927920818329
176cc1fd-e11b-43d1-8df2-a36a45285260,0.15000000000000002,0.03,0.051994144916534424
176cc1fd-e11b-43d1-8df2-a36a45285260,0.15000000000000002,0.08,0.05478950962424278
176cc1fd-e11b-43d1-8df2-a36a45285260,0.15000000000000002,0.13,0.06510113924741745
176cc1fd-e11b-43d1-8df2-a36a45285260,0.15000000000000002,0.18000000000000002,0.07278472930192947
176cc1fd-e11b-43d1-8df2-a36a45285260,0.15000000000000002,0.23,0.068027064204216
176cc1fd-e11b-43d1-8df2-a36a45285260,0.2,0.03,0.0436285175383091
176cc1fd-e11b-43d1-8df2-a36a45285260,0.2,0.08,0.06467322260141373
176cc1fd-e11b-43d1-8df2-a36a45285260,0.2,0.13,0.07121240347623825
176cc1fd-e11b-43d1-8df2-a36a45285260,0.2,0.18000000000000002,0.06084132194519043
176cc1fd-e11b-43d1-8df2-a36a45285260,0.2,0.23,0.061075370758771896
176cc1fd-e11b-43d1-8df2-a36a45285260,0.25,0.03,0.04947647824883461
176cc1fd-e11b-43d1-8df2-a36a45285260,0.25,0.08,0.0563349612057209
176cc1fd-e11b-43d1-8df2-a36a45285260,0.25,0.13,0.06041242554783821
176cc1fd-e11b-43d1-8df2-a36a45285260,0.25,0.18000000000000002,0.06284632533788681
176cc1fd-e11b-43d1-8df2-a36a45285260,0.25,0.23,0.07070411741733551
176cc1fd-e11b-43d1-8df2-a36a45285260,0.30000000000000004,0.03,0.0465887188911438
176cc1fd-e11b-43d1-8df2-a36a45285260,0.30000000000000004,0.08,0.06197990104556084
176cc1fd-e11b-43d1-8df2-a36a45285260,0.30000000000000004,0.13,0.06456076353788376
176cc1fd-e11b-43d1-8df2-a36a45285260,0.30000000000000004,0.18000000000000002,0.07146988809108734
176cc1fd-e11b-43d1-8df2-a36a45285260,0.30000000000000004,0.23,0.06700392067432404
17f92b1e-05d1-4322-9d20-a744138a8b92,0.0,0.03,0.07478442043066025
17f92b1e-05d1-4322-9d20-a744138a8b92,0.0,0.08,0.08442994952201843
17f92b1e-05d1-4322-9d20-a744138a8b92,0.0,0.13,0.08281797170639038
17f92b1e-05d1-4322-9d20-a744138a8b92,0.0,0.18000000000000002,0.09751461446285248
17f92b1e-05d1-4322-9d20-a744138a8b92,0.0,0.23,0.10176487267017365
17f92b1e-05d1-4322-9d20-a744138a8b92,0.01,0.03,0.08116528391838074
17f92b1e-05d1-4322-9d20-a744138a8b92,0.01,0.08,0.07906106859445572
17f92b1e-05d1-4322-9d20-a744138a8b92,0.01,0.13,0.08744630217552185
17f92b1e-05d1-4322-9d20-a744138a8b92,0.01,0.18000000000000002,0.09453589469194412
17f92b1e-05d1-4322-9d20-a744138a8b92,0.01,0.23,0.10264108330011368
17f92b1e-05d1-4322-9d20-a744138a8b92,0.02,0.03,0.08116528391838074
17f92b1e-05d1-4322-9d20-a744138a8b92,0.02,0.08,0.07695704698562622
17f92b1e-05d1-4322-9d20-a744138a8b92,0.02,0.13,0.08744630217552185
17f92b1e-05d1-4322-9d20-a744138a8b92,0.02,0.18000000000000002,0.09958290308713913
17f92b1e-05d1-4322-9d20-a744138a8b92,0.02,0.23,0.10264108330011368
17f92b1e-05d1-4322-9d20-a744138a8b92,0.03,0.03,0.08116528391838074
17f92b1e-05d1-4322-9d20-a744138a8b92,0.03,0.08,0.07750087231397629
17f92b1e-05d1-4322-9d20-a744138a8b92,0.03,0.13,0.08744630217552185
17f92b1e-05d1-4322-9d20-a744138a8b92,0.03,0.18000000000000002,0.100075863301754
17f92b1e-05d1-4322-9d20-a744138a8b92,0.03,0.23,0.10264108330011368
17f92b1e-05d1-4322-9d20-a744138a8b92,0.04,0.03,0.08137408643960953
17f92b1e-05d1-4322-9d20-a744138a8b92,0.04,0.08,0.07305224239826202
17f92b1e-05d1-4322-9d20-a744138a8b92,0.05,0.03,0.08152404427528381
17f92b1e-05d1-4322-9d20-a744138a8b92,0.05,0.08,0.07620202749967575
17f92b1e-05d1-4322-9d20-a744138a8b92,0.05,0.13,0.08643753826618195
17f92b1e-05d1-4322-9d20-a744138a8b92,0.05,0.18000000000000002,0.08972278237342834
17f92b1e-05d1-4322-9d20-a744138a8b92,0.05,0.23,0.10329383611679077
17f92b1e-05d1-4322-9d20-a744138a8b92,0.1,0.03,0.07884179800748825
17f92b1e-05d1-4322-9d20-a744138a8b92,0.1,0.08,0.08273383229970932
17f92b1e-05d1-4322-9d20-a744138a8b92,0.1,0.13,0.08727770298719406
17f92b1e-05d1-4322-9d20-a744138a8b92,0.1,0.18000000000000002,0.09687776863574982
17f92b1e-05d1-4322-9d20-a744138a8b92,0.1,0.23,0.10575244575738907
17f92b1e-05d1-4322-9d20-a744138a8b92,0.15000000000000002,0.03,0.07296568155288696
17f92b1e-05d1-4322-9d20-a744138a8b92,0.15000000000000002,0.08,0.07662470638751984
17f92b1e-05d1-4322-9d20-a744138a8b92,0.15000000000000002,0.13,0.09119709581136703
17f92b1e-05d1-4322-9d20-a744138a8b92,0.15000000000000002,0.18000000000000002,0.10488133877515793
17f92b1e-05d1-4322-9d20-a744138a8b92,0.15000000000000002,0.23,0.12471014261245728
17f92b1e-05d1-4322-9d20-a744138a8b92,0.2,0.03,0.06913838535547256
17f92b1e-05d1-4322-9d20-a744138a8b92,0.2,0.08,0.08914528042078018
17f92b1e-05d1-4322-9d20-a744138a8b92,0.2,0.13,0.110074982047081
17f92b1e-05d1-4322-9d20-a744138a8b92,0.2,0.18000000000000002,0.13007132709026337
17f92b1e-05d1-4322-9d20-a744138a8b92,0.2,0.23,0.12935523688793182
17f92b1e-05d1-4322-9d20-a744138a8b92,0.25,0.03,0.06260398030281067
17f92b1e-05d1-4322-9d20-a744138a8b92,0.25,0.08,0.09002373367547989
17f92b1e-05d1-4322-9d20-a744138a8b92,0.25,0.13,0.1129864901304245
17f92b1e-05d1-4322-9d20-a744138a8b92,0.25,0.18000000000000002,0.11239515244960785
17f92b1e-05d1-4322-9d20-a744138a8b92,0.25,0.23,0.09404761344194412
17f92b1e-05d1-4322-9d20-a744138a8b92,0.30000000000000004,0.03,0.06470388174057007
17f92b1e-05d1-4322-9d20-a744138a8b92,0.30000000000000004,0.08,0.09184422343969345
17f92b1e-05d1-4322-9d20-a744138a8b92,0.30000000000000004,0.13,0.09047829359769821
17f92b1e-05d1-4322-9d20-a744138a8b92,0.30000000000000004,0.18000000000000002,0.09458231180906296
17f92b1e-05d1-4322-9d20-a744138a8b92,0.30000000000000004,0.23,0.09456756711006165
1943108a-0bfb-4a43-8887-918b4d78d8bd,0.0,0.03,0.04951895400881767
1943108a-0bfb-4a43-8887-918b4d78d8bd,0.0,0.08,0.06213480606675148
1943108a-0bfb-4a43-8887-918b4d78d8bd,0.0,0.13,0.07482288032770157
1943108a-0bfb-4a43-8887-918b4d78d8bd,0.0,0.18000000000000002,0.07313694804906845
1943108a-0bfb-4a43-8887-918b4d78d8bd,0.0,0.23,0.06920035928487778
1943108a-0bfb-4a43-8887-918b4d78d8bd,0.01,0.03,0.04769148677587509
1943108a-0bfb-4a43-8887-918b4d78d8bd,0.01,0.08,0.06204463168978691
1943108a-0bfb-4a43-8887-918b4d78d8bd,0.01,0.13,0.06969336420297623
1943108a-0bfb-4a43-8887-918b4d78d8bd,0.01,0.18000000000000002,0.06569042056798935
1943108a-0bfb-4a43-8887-918b4d78d8bd,0.01,0.23,0.0691840723156929
1943108a-0bfb-4a43-8887-918b4d78d8bd,0.02,0.03,0.05377035588026047
1943108a-0bfb-4a43-8887-918b4d78d8bd,0.02,0.08,0.059821967035532
1943108a-0bfb-4a43-8887-918b4d78d8bd,0.02,0.13,0.07214042544364929
1943108a-0bfb-4a43-8887-918b4d78d8bd,0.02,0.18000000000000002,0.06293444335460663
1943108a-0bfb-4a43-8887-918b4d78d8bd,0.02,0.23,0.07089769095182419
1943108a-0bfb-4a43-8887-918b4d78d8bd,0.03,0.03,0.050184816122055054
1943108a-0bfb-4a43-8887-918b4d78d8bd,0.03,0.08,0.068339042365551
1943108a-0bfb-4a43-8887-918b4d78d8bd,0.03,0.13,0.07249747961759567
1943108a-0bfb-4a43-8887-918b4d78d8bd,0.03,0.18000000000000002,0.06525777280330658
1943108a-0bfb-4a43-8887-918b4d78d8bd,0.03,0.23,0.06912439316511154
1943108a-0bfb-4a43-8887-918b4d78d8bd,0.04,0.03,0.05021826550364494
1943108a-0bfb-4a43-8887-918b4d78d8bd,0.04,0.08,0.07143673300743103
1943108a-0bfb-4a43-8887-918b4d78d8bd,0.05,0.03,0.04595949873328209
1943108a-0bfb-4a43-8887-918b4d78d8bd,0.05,0.08,0.061316072940826416
1943108a-0bfb-4a43-8887-918b4d78d8bd,0.05,0.13,0.07021182030439377
1943108a-0bfb-4a43-8887-918b4d78d8bd,0.05,0.18000000000000002,0.06601758301258087
1943108a-0bfb-4a43-8887-918b4d78d8bd,0.05,0.23,0.0688699260354042
1943108a-0bfb-4a43-8887-918b4d78d8bd,0.1,0.03,0.04495333507657051
1943108a-0bfb-4a43-8887-918b4d78d8bd,0.1,0.08,0.05913088098168373
1943108a-0bfb-4a43-8887-918b4d78d8bd,0.1,0.13,0.0763373076915741
1943108a-0bfb-4a43-8887-918b4d78d8bd,0.1,0.18000000000000002,0.07009130716323853
1943108a-0bfb-4a43-8887-918b4d78d8bd,0.1,0.23,0.07207120209932327
1943108a-0bfb-4a43-8887-918b4d78d8bd,0.15000000000000002,0.03,0.048107728362083435
1943108a-0bfb-4a43-8887-918b4d78d8bd,0.15000000000000002,0.08,0.06406905502080917
1943108a-0bfb-4a43-8887-918b4d78d8bd,0.15000000000000002,0.13,0.06890394538640976
1943108a-0bfb-4a43-8887-918b4d78d8bd,0.15000000000000002,0.18000000000000002,0.07550117373466492
1943108a-0bfb-4a43-8887-918b4d78d8bd,0.15000000000000002,0.23,0.06781936436891556
1943108a-0bfb-4a43-8887-918b4d78d8bd,0.2,0.03,0.046897273510694504
1943108a-0bfb-4a43-8887-918b4d78d8bd,0.2,0.08,0.0579412616789341
1943108a-0bfb-4a43-8887-918b4d78d8bd,0.2,0.13,0.07080576568841934
1943108a-0bfb-4a43-8887-918b4d78d8bd,0.2,0.18000000000000002,0.07218316942453384
1943108a-0bfb-4a43-8887-918b4d78d8bd,0.2,0.23,0.06890376657247543
1943108a-0bfb-4a43-8887-918b4d78d8bd,0.25,0.03,0.05068694427609444
1943108a-0bfb-4a43-8887-918b4d78d8bd,0.25,0.08,0.06102805212140083
1943108a-0bfb-4a43-8887-918b4d78d8bd,0.25,0.13,0.06529325991868973
1943108a-0bfb-4a43-8887-918b4d78d8bd,0.25,0.18000000000000002,0.06807484477758408
1943108a-0bfb-4a43-8887-918b4d78d8bd,0.25,0.23,0.07544415444135666
1943108a-0bfb-4a43-8887-918b4d78d8bd,0.30000000000000004,0.03,0.051694467663764954
1943108a-0bfb-4a43-8887-918b4d78d8bd,0.30000000000000004,0.08,0.053810518234968185
1943108a-0bfb-4a43-8887-918b4d78d8bd,0.30000000000000004,0.13,0.06690060347318649
1943108a-0bfb-4a43-8887-918b4d78d8bd,0.30000000000000004,0.18000000000000002,0.07640517503023148
1943108a-0bfb-4a43-8887-918b4d78d8bd,0.30000000000000004,0.23,0.07426194101572037
1b964d45-9f8c-4eef-a823-4b5ac7c0334e,0.0,0.03,0.055933669209480286
1b964d45-9f8c-4eef-a823-4b5ac7c0334e,0.0,0.08,0.06812770664691925
1b964d45-9f8c-4eef-a823-4b5ac7c0334e,0.0,0.13,0.08353319019079208
1b964d45-9f8c-4eef-a823-4b5ac7c0334e,0.0,0.18000000000000002,0.09101098775863647
1b964d45-9f8c-4eef-a823-4b5ac7c0334e,0.0,0.23,0.09566513448953629
1b964d45-9f8c-4eef-a823-4b5ac7c0334e,0.01,0.03,0.052731703966856
1b964d45-9f8c-4eef-a823-4b5ac7c0334e,0.01,0.08,0.06824272125959396
1b964d45-9f8c-4eef-a823-4b5ac7c0334e,0.01,0.13,0.07821811735630035
1b964d45-9f8c-4eef-a823-4b5ac7c0334e,0.01,0.18000000000000002,0.0853971615433693
1b964d45-9f8c-4eef-a823-4b5ac7c0334e,0.01,0.23,0.08557121455669403
1b964d45-9f8c-4eef-a823-4b5ac7c0334e,0.02,0.03,0.0475703664124012
1b964d45-9f8c-4eef-a823-4b5ac7c0334e,0.02,0.08,0.06407708674669266
1b964d45-9f8c-4eef-a823-4b5ac7c0334e,0.02,0.13,0.07307486981153488
1b964d45-9f8c-4eef-a823-4b5ac7c0334e,0.02,0.18000000000000002,0.08187536150217056
1b964d45-9f8c-4eef-a823-4b5ac7c0334e,0.02,0.23,0.08312348276376724
1b964d45-9f8c-4eef-a823-4b5ac7c0334e,0.03,0.03,0.04990392550826073
1b964d45-9f8c-4eef-a823-4b5ac7c0334e,0.03,0.08,0.06253478676080704
1b964d45-9f8c-4eef-a823-4b5ac7c0334e,0.03,0.13,0.07392681390047073
1b964d45-9f8c-4eef-a823-4b5ac7c0334e,0.03,0.18000000000000002,0.07810065150260925
1b964d45-9f8c-4eef-a823-4b5ac7c0334e,0.03,0.23,0.08320816606283188
1b964d45-9f8c-4eef-a823-4b5ac7c0334e,0.04,0.03,0.04739292711019516
1b964d45-9f8c-4eef-a823-4b5ac7c0334e,0.04,0.08,0.06443899869918823
1b964d45-9f8c-4eef-a823-4b5ac7c0334e,0.05,0.03,0.04315485432744026
1b964d45-9f8c-4eef-a823-4b5ac7c0334e,0.05,0.08,0.0649963840842247
1b964d45-9f8c-4eef-a823-4b5ac7c0334e,0.05,0.13,0.07804986089468002
1b964d45-9f8c-4eef-a823-4b5ac7c0334e,0.05,0.18000000000000002,0.08428623527288437
1b964d45-9f8c-4eef-a823-4b5ac7c0334e,0.05,0.23,0.07989371567964554
1b964d45-9f8c-4eef-a823-4b5ac7c0334e,0.1,0.03,0.04719312861561775
1b964d45-9f8c-4eef-a823-4b5ac7c0334e,0.1,0.08,0.06598298996686935
1b964d45-9f8c-4eef-a823-4b5ac7c0334e,0.1,0.13,0.07450329512357712
1b964d45-9f8c-4eef-a823-4b5ac7c0334e,0.1,0.18000000000000002,0.06628060340881348
1b964d45-9f8c-4eef-a823-4b5ac7c0334e,0.1,0.23,0.07045941054821014
1b964d45-9f8c-4eef-a823-4b5ac7c0334e,0.15000000000000002,0.03,0.054500650614500046
1b964d45-9f8c-4eef-a823-4b5ac7c0334e,0.15000000000000002,0.08,0.06408236175775528
1b964d45-9f8c-4eef-a823-4b5ac7c0334e,0.15000000000000002,0.13,0.06836307793855667
1b964d45-9f8c-4eef-a823-4b5ac7c0334e,0.15000000000000002,0.18000000000000002,0.07204634696245193
1b964d45-9f8c-4eef-a823-4b5ac7c0334e,0.15000000000000002,0.23,0.06869404017925262
1b964d45-9f8c-4eef-a823-4b5ac7c0334e,0.2,0.03,0.04677758365869522
1b964d45-9f8c-4eef-a823-4b5ac7c0334e,0.2,0.08,0.06282830238342285
1b964d45-9f8c-4eef-a823-4b5ac7c0334e,0.2,0.13,0.07482623308897018
1b964d45-9f8c-4eef-a823-4b5ac7c0334e,0.2,0.18000000000000002,0.06988196820020676
1b964d45-9f8c-4eef-a823-4b5ac7c0334e,0.2,0.23,0.06328274309635162
1b964d45-9f8c-4eef-a823-4b5ac7c0334e,0.25,0.03,0.0475020632147789
1b964d45-9f8c-4eef-a823-4b5ac7c0334e,0.25,0.08,0.056978557258844376
1b964d45-9f8c-4eef-a823-4b5ac7c0334e,0.25,0.13,0.06455762684345245
1b964d45-9f8c-4eef-a823-4b5ac7c0334e,0.25,0.18000000000000002,0.06742794066667557
1b964d45-9f8c-4eef-a823-4b5ac7c0334e,0.25,0.23,0.059737678617239
1b964d45-9f8c-4eef-a823-4b5ac7c0334e,0.30000000000000004,0.03,0.04664759337902069
1b964d45-9f8c-4eef-a823-4b5ac7c0334e,0.30000000000000004,0.08,0.07674243301153183
1b964d45-9f8c-4eef-a823-4b5ac7c0334e,0.30000000000000004,0.13,0.07564914971590042
1b964d45-9f8c-4eef-a823-4b5ac7c0334e,0.30000000000000004,0.18000000000000002,0.0643504410982132
1b964d45-9f8c-4eef-a823-4b5ac7c0334e,0.30000000000000004,0.23,0.06500639766454697
1b9bfd25-c835-4165-998c-0cde69aa9354,0.0,0.03,0.0479818731546402
1b9bfd25-c835-4165-998c-0cde69aa9354,0.0,0.08,0.06777830421924591
1b9bfd25-c835-4165-998c-0cde69aa9354,0.0,0.13,0.0710340216755867
1b9bfd25-c835-4165-998c-0cde69aa9354,0.0,0.18000000000000002,0.07428931444883347
1b9bfd25-c835-4165-998c-0cde69aa9354,0.0,0.23,0.07156810909509659
1b9bfd25-c835-4165-998c-0cde69aa9354,0.01,0.03,0.04570067301392555
1b9bfd25-c835-4165-998c-0cde69aa9354,0.01,0.08,0.06512115895748138
1b9bfd25-c835-4165-998c-0cde69aa9354,0.01,0.13,0.06678901612758636
1b9bfd25-c835-4165-998c-0cde69aa9354,0.01,0.18000000000000002,0.07085335999727249
1b9bfd25-c835-4165-998c-0cde69aa9354,0.01,0.23,0.06644397974014282
1b9bfd25-c835-4165-998c-0cde69aa9354,0.02,0.03,0.04872894287109375
1b9bfd25-c835-4165-998c-0cde69aa9354,0.02,0.08,0.06680865585803986
1b9bfd25-c835-4165-998c-0cde69aa9354,0.02,0.13,0.06462111324071884
1b9bfd25-c835-4165-998c-0cde69aa9354,0.02,0.18000000000000002,0.07075522840023041
1b9bfd25-c835-4165-998c-0cde69aa9354,0.02,0.23,0.06419575959444046
1b9bfd25-c835-4165-998c-0cde69aa9354,0.03,0.03,0.050413113087415695
1b9bfd25-c835-4165-998c-0cde69aa9354,0.03,0.08,0.06044023111462593
1b9bfd25-c835-4165-998c-0cde69aa9354,0.03,0.13,0.06569227576255798
1b9bfd25-c835-4165-998c-0cde69aa9354,0.03,0.18000000000000002,0.06280843913555145
1b9bfd25-c835-4165-998c-0cde69aa9354,0.03,0.23,0.06363816559314728
1b9bfd25-c835-4165-998c-0cde69aa9354,0.04,0.03,0.04696335643529892
1b9bfd25-c835-4165-998c-0cde69aa9354,0.04,0.08,0.05585204437375069
1b9bfd25-c835-4165-998c-0cde69aa9354,0.05,0.03,0.04669354856014252
1b9bfd25-c835-4165-998c-0cde69aa9354,0.05,0.08,0.055372681468725204
1b9bfd25-c835-4165-998c-0cde69aa9354,0.05,0.13,0.059551484882831573
1b9bfd25-c835-4165-998c-0cde69aa9354,0.05,0.18000000000000002,0.06113153696060181
1b9bfd25-c835-4165-998c-0cde69aa9354,0.05,0.23,0.06284753233194351
1b9bfd25-c835-4165-998c-0cde69aa9354,0.1,0.03,0.05156328156590462
1b9bfd25-c835-4165-998c-0cde69aa9354,0.1,0.08,0.05400485172867775
1b9bfd25-c835-4165-998c-0cde69aa9354,0.1,0.13,0.06896650046110153
1b9bfd25-c835-4165-998c-0cde69aa9354,0.1,0.18000000000000002,0.0684773176908493
1b9bfd25-c835-4165-998c-0cde69aa9354,0.1,0.23,0.07856040447950363
1b9bfd25-c835-4165-998c-0cde69aa9354,0.15000000000000002,0.03,0.054387714713811874
1b9bfd25-c835-4165-998c-0cde69aa9354,0.15000000000000002,0.08,0.062107015401124954
1b9bfd25-c835-4165-998c-0cde69aa9354,0.15000000000000002,0.13,0.06632064282894135
1b9bfd25-c835-4165-998c-0cde69aa9354,0.15000000000000002,0.18000000000000002,0.07642565667629242
1b9bfd25-c835-4165-998c-0cde69aa9354,0.15000000000000002,0.23,0.07840599119663239
1b9bfd25-c835-4165-998c-0cde69aa9354,0.2,0.03,0.044720832258462906
1b9bfd25-c835-4165-998c-0cde69aa9354,0.2,0.08,0.05556042864918709
1b9bfd25-c835-4165-998c-0cde69aa9354,0.2,0.13,0.07041759788990021
1b9bfd25-c835-4165-998c-0cde69aa9354,0.2,0.18000000000000002,0.0727308839559555
1b9bfd25-c835-4165-998c-0cde69aa9354,0.2,0.23,0.07430703192949295
1b9bfd25-c835-4165-998c-0cde69aa9354,0.25,0.03,0.0503353513777256
1b9bfd25-c835-4165-998c-0cde69aa9354,0.25,0.08,0.0688847079873085
1b9bfd25-c835-4165-998c-0cde69aa9354,0.25,0.13,0.07023142278194427
1b9bfd25-c835-4165-998c-0cde69aa9354,0.25,0.18000000000000002,0.06876349449157715
1b9bfd25-c835-4165-998c-0cde69aa9354,0.25,0.23,0.06823743879795074
1b9bfd25-c835-4165-998c-0cde69aa9354,0.30000000000000004,0.03,0.04929935932159424
1b9bfd25-c835-4165-998c-0cde69aa9354,0.30000000000000004,0.08,0.058573219925165176
1b9bfd25-c835-4165-998c-0cde69aa9354,0.30000000000000004,0.13,0.06738656759262085
1b9bfd25-c835-4165-998c-0cde69aa9354,0.30000000000000004,0.18000000000000002,0.06642881035804749
1b9bfd25-c835-4165-998c-0cde69aa9354,0.30000000000000004,0.23,0.07512369006872177
1c503743-358f-434b-bfa7-f14b99436ce1,0.0,0.03,0.04910797253251076
1c503743-358f-434b-bfa7-f14b99436ce1,0.0,0.08,0.056773655116558075
1c503743-358f-434b-bfa7-f14b99436ce1,0.0,0.13,0.06725101172924042
1c503743-358f-434b-bfa7-f14b99436ce1,0.0,0.18000000000000002,0.06248781830072403
1c503743-358f-434b-bfa7-f14b99436ce1,0.0,0.23,0.06330801546573639
1c503743-358f-434b-bfa7-f14b99436ce1,0.01,0.03,0.04683835804462433
1c503743-358f-434b-bfa7-f14b99436ce1,0.01,0.08,0.06194362789392471
1c503743-358f-434b-bfa7-f14b99436ce1,0.01,0.13,0.06512202322483063
1c503743-358f-434b-bfa7-f14b99436ce1,0.01,0.18000000000000002,0.06877575069665909
1c503743-358f-434b-bfa7-f14b99436ce1,0.01,0.23,0.0656171441078186
1c503743-358f-434b-bfa7-f14b99436ce1,0.02,0.03,0.050390537828207016
1c503743-358f-434b-bfa7-f14b99436ce1,0.02,0.08,0.06285710632801056
1c503743-358f-434b-bfa7-f14b99436ce1,0.02,0.13,0.06206425279378891
1c503743-358f-434b-bfa7-f14b99436ce1,0.02,0.18000000000000002,0.06682076305150986
1c503743-358f-434b-bfa7-f14b99436ce1,0.02,0.23,0.06429225951433182
1c503743-358f-434b-bfa7-f14b99436ce1,0.03,0.03,0.054250504821538925
1c503743-358f-434b-bfa7-f14b99436ce1,0.03,0.08,0.06423657387495041
1c503743-358f-434b-bfa7-f14b99436ce1,0.03,0.13,0.0641314908862114
1c503743-358f-434b-bfa7-f14b99436ce1,0.03,0.18000000000000002,0.06260950863361359
1c503743-358f-434b-bfa7-f14b99436ce1,0.03,0.23,0.06301635503768921
1c503743-358f-434b-bfa7-f14b99436ce1,0.04,0.03,0.05183178931474686
1c503743-358f-434b-bfa7-f14b99436ce1,0.04,0.08,0.06211668998003006
1c503743-358f-434b-bfa7-f14b99436ce1,0.05,0.03,0.048950616270303726
1c503743-358f-434b-bfa7-f14b99436ce1,0.05,0.08,0.06218304485082626
1c503743-358f-434b-bfa7-f14b99436ce1,0.05,0.13,0.057682037353515625
1c503743-358f-434b-bfa7-f14b99436ce1,0.05,0.18000000000000002,0.06251608580350876
1c503743-358f-434b-bfa7-f14b99436ce1,0.05,0.23,0.06407409906387329
1c503743-358f-434b-bfa7-f14b99436ce1,0.1,0.03,0.042849764227867126
1c503743-358f-434b-bfa7-f14b99436ce1,0.1,0.08,0.06094186753034592
1c503743-358f-434b-bfa7-f14b99436ce1,0.1,0.13,0.06773024797439575
1c503743-358f-434b-bfa7-f14b99436ce1,0.1,0.18000000000000002,0.06766904145479202
1c503743-358f-434b-bfa7-f14b99436ce1,0.1,0.23,0.06603748351335526
1c503743-358f-434b-bfa7-f14b99436ce1,0.15000000000000002,0.03,0.04673764109611511
1c503743-358f-434b-bfa7-f14b99436ce1,0.15000000000000002,0.08,0.061541277915239334
1c503743-358f-434b-bfa7-f14b99436ce1,0.15000000000000002,0.13,0.061448369175195694
1c503743-358f-434b-bfa7-f14b99436ce1,0.15000000000000002,0.18000000000000002,0.062372270971536636
1c503743-358f-434b-bfa7-f14b99436ce1,0.15000000000000002,0.23,0.06492765247821808
1c503743-358f-434b-bfa7-f14b99436ce1,0.2,0.03,0.05050944536924362
1c503743-358f-434b-bfa7-f14b99436ce1,0.2,0.08,0.056438058614730835
1c503743-358f-434b-bfa7-f14b99436ce1,0.2,0.13,0.06351763010025024
1c503743-358f-434b-bfa7-f14b99436ce1,0.2,0.18000000000000002,0.06661319732666016
1c503743-358f-434b-bfa7-f14b99436ce1,0.2,0.23,0.0681815892457962
1c503743-358f-434b-bfa7-f14b99436ce1,0.25,0.03,0.04456820711493492
1c503743-358f-434b-bfa7-f14b99436ce1,0.25,0.08,0.05544691160321236
1c503743-358f-434b-bfa7-f14b99436ce1,0.25,0.13,0.06488031148910522
1c503743-358f-434b-bfa7-f14b99436ce1,0.25,0.18000000000000002,0.06658274680376053
1c503743-358f-434b-bfa7-f14b99436ce1,0.25,0.23,0.07345765084028244
1c503743-358f-434b-bfa7-f14b99436ce1,0.30000000000000004,0.03,0.0516025610268116
1c503743-358f-434b-bfa7-f14b99436ce1,0.30000000000000004,0.08,0.05817685276269913
1c503743-358f-434b-bfa7-f14b99436ce1,0.30000000000000004,0.13,0.06257787346839905
1c503743-358f-434b-bfa7-f14b99436ce1,0.30000000000000004,0.18000000000000002,0.070686936378479
1c503743-358f-434b-bfa7-f14b99436ce1,0.30000000000000004,0.23,0.07094496488571167
1c991f17-1a66-4354-80a3-261adf6830af,0.0,0.03,0.04785952344536781
1c991f17-1a66-4354-80a3-261adf6830af,0.0,0.08,0.05380816012620926
1c991f17-1a66-4354-80a3-261adf6830af,0.0,0.13,0.06504353880882263
1c991f17-1a66-4354-80a3-261adf6830af,0.0,0.18000000000000002,0.06458389759063721
1c991f17-1a66-4354-80a3-261adf6830af,0.0,0.23,0.07247181981801987
1c991f17-1a66-4354-80a3-261adf6830af,0.01,0.03,0.053571056574583054
1c991f17-1a66-4354-80a3-261adf6830af,0.01,0.08,0.06326603144407272
1c991f17-1a66-4354-80a3-261adf6830af,0.01,0.13,0.06900577247142792
1c991f17-1a66-4354-80a3-261adf6830af,0.01,0.18000000000000002,0.06691398471593857
1c991f17-1a66-4354-80a3-261adf6830af,0.01,0.23,0.07304540276527405
1c991f17-1a66-4354-80a3-261adf6830af,0.02,0.03,0.04439368471503258
1c991f17-1a66-4354-80a3-261adf6830af,0.02,0.08,0.06210155412554741
1c991f17-1a66-4354-80a3-261adf6830af,0.02,0.13,0.0688353180885315
1c991f17-1a66-4354-80a3-261adf6830af,0.02,0.18000000000000002,0.07003282755613327
1c991f17-1a66-4354-80a3-261adf6830af,0.02,0.23,0.07125245779752731
1c991f17-1a66-4354-80a3-261adf6830af,0.03,0.03,0.051319658756256104
1c991f17-1a66-4354-80a3-261adf6830af,0.03,0.08,0.06849786639213562
1c991f17-1a66-4354-80a3-261adf6830af,0.03,0.13,0.07086566090583801
1c991f17-1a66-4354-80a3-261adf6830af,0.03,0.18000000000000002,0.07250621914863586
1c991f17-1a66-4354-80a3-261adf6830af,0.03,0.23,0.07226921617984772
1c991f17-1a66-4354-80a3-261adf6830af,0.04,0.03,0.04708576574921608
1c991f17-1a66-4354-80a3-261adf6830af,0.04,0.08,0.06803444772958755
1c991f17-1a66-4354-80a3-261adf6830af,0.05,0.03,0.05595545098185539
1c991f17-1a66-4354-80a3-261adf6830af,0.05,0.08,0.06812024116516113
1c991f17-1a66-4354-80a3-261adf6830af,0.05,0.13,0.0756579115986824
1c991f17-1a66-4354-80a3-261adf6830af,0.05,0.18000000000000002,0.06987418979406357
1c991f17-1a66-4354-80a3-261adf6830af,0.05,0.23,0.07054942101240158
1c991f17-1a66-4354-80a3-261adf6830af,0.1,0.03,0.06004304066300392
1c991f17-1a66-4354-80a3-261adf6830af,0.1,0.08,0.06511302292346954
1c991f17-1a66-4354-80a3-261adf6830af,0.1,0.13,0.06572609394788742
1c991f17-1a66-4354-80a3-261adf6830af,0.1,0.18000000000000002,0.0646158903837204
1c991f17-1a66-4354-80a3-261adf6830af,0.1,0.23,0.06819657236337662
1c991f17-1a66-4354-80a3-261adf6830af,0.15000000000000002,0.03,0.04656735062599182
1c991f17-1a66-4354-80a3-261adf6830af,0.15000000000000002,0.08,0.05466056242585182
1c991f17-1a66-4354-80a3-261adf6830af,0.15000000000000002,0.13,0.06256697326898575
1c991f17-1a66-4354-80a3-261adf6830af,0.15000000000000002,0.18000000000000002,0.06581515818834305
1c991f17-1a66-4354-80a3-261adf6830af,0.15000000000000002,0.23,0.06492111086845398
1c991f17-1a66-4354-80a3-261adf6830af,0.2,0.03,0.04811634495854378
1c991f17-1a66-4354-80a3-261adf6830af,0.2,0.08,0.059384506195783615
1c991f17-1a66-4354-80a3-261adf6830af,0.2,0.13,0.062454331666231155
1c991f17-1a66-4354-80a3-261adf6830af,0.2,0.18000000000000002,0.06413061916828156
1c991f17-1a66-4354-80a3-261adf6830af,0.2,0.23,0.0618763342499733
1c991f17-1a66-4354-80a3-261adf6830af,0.25,0.03,0.04257049411535263
1c991f17-1a66-4354-80a3-261adf6830af,0.25,0.08,0.05714835599064827
1c991f17-1a66-4354-80a3-261adf6830af,0.25,0.13,0.0624048113822937
1c991f17-1a66-4354-80a3-261adf6830af,0.25,0.18000000000000002,0.07116866856813431
1c991f17-1a66-4354-80a3-261adf6830af,0.25,0.23,0.07298573106527328
1c991f17-1a66-4354-80a3-261adf6830af,0.30000000000000004,0.03,0.04420146346092224
1c991f17-1a66-4354-80a3-261adf6830af,0.30000000000000004,0.08,0.05943012237548828
1c991f17-1a66-4354-80a3-261adf6830af,0.30000000000000004,0.13,0.07281482964754105
1c991f17-1a66-4354-80a3-261adf6830af,0.30000000000000004,0.18000000000000002,0.07100530713796616
1c991f17-1a66-4354-80a3-261adf6830af,0.30000000000000004,0.23,0.0650714784860611
1cac6b84-b147-43ab-b864-41beb6bfd5ea,0.0,0.03,0.06393159180879593
1cac6b84-b147-43ab-b864-41beb6bfd5ea,0.0,0.08,0.06538113951683044
1cac6b84-b147-43ab-b864-41beb6bfd5ea,0.0,0.13,0.08152181655168533
1cac6b84-b147-43ab-b864-41beb6bfd5ea,0.0,0.18000000000000002,0.0909707322716713
1cac6b84-b147-43ab-b864-41beb6bfd5ea,0.0,0.23,0.10456354916095734
1cac6b84-b147-43ab-b864-41beb6bfd5ea,0.01,0.03,0.058654285967350006
1cac6b84-b147-43ab-b864-41beb6bfd5ea,0.01,0.08,0.06920399516820908
1cac6b84-b147-43ab-b864-41beb6bfd5ea,0.01,0.13,0.07958482205867767
1cac6b84-b147-43ab-b864-41beb6bfd5ea,0.01,0.18000000000000002,0.08999703824520111
1cac6b84-b147-43ab-b864-41beb6bfd5ea,0.01,0.23,0.10057298839092255
1cac6b84-b147-43ab-b864-41beb6bfd5ea,0.02,0.03,0.05456661805510521
1cac6b84-b147-43ab-b864-41beb6bfd5ea,0.02,0.08,0.07517797499895096
1cac6b84-b147-43ab-b864-41beb6bfd5ea,0.02,0.13,0.08088596910238266
1cac6b84-b147-43ab-b864-41beb6bfd5ea,0.02,0.18000000000000002,0.09473783522844315
1cac6b84-b147-43ab-b864-41beb6bfd5ea,0.02,0.23,0.09992779791355133
1cac6b84-b147-43ab-b864-41beb6bfd5ea,0.03,0.03,0.05399618297815323
1cac6b84-b147-43ab-b864-41beb6bfd5ea,0.03,0.08,0.06911693513393402
1cac6b84-b147-43ab-b864-41beb6bfd5ea,0.03,0.13,0.07405997812747955
1cac6b84-b147-43ab-b864-41beb6bfd5ea,0.03,0.18000000000000002,0.08818473666906357
1cac6b84-b147-43ab-b864-41beb6bfd5ea,0.03,0.23,0.09320065379142761
1cac6b84-b147-43ab-b864-41beb6bfd5ea,0.04,0.03,0.05395039916038513
1cac6b84-b147-43ab-b864-41beb6bfd5ea,0.04,0.08,0.0726592168211937
1cac6b84-b147-43ab-b864-41beb6bfd5ea,0.05,0.03,0.06068112701177597
1cac6b84-b147-43ab-b864-41beb6bfd5ea,0.05,0.08,0.07627220451831818
1cac6b84-b147-43ab-b864-41beb6bfd5ea,0.05,0.13,0.07664608210325241
1cac6b84-b147-43ab-b864-41beb6bfd5ea,0.05,0.18000000000000002,0.09266816079616547
1cac6b84-b147-43ab-b864-41beb6bfd5ea,0.05,0.23,0.08892463147640228
1cac6b84-b147-43ab-b864-41beb6bfd5ea,0.1,0.03,0.06414245814085007
1cac6b84-b147-43ab-b864-41beb6bfd5ea,0.1,0.08,0.06209298595786095
1cac6b84-b147-43ab-b864-41beb6bfd5ea,0.1,0.13,0.08071278035640717
1cac6b84-b147-43ab-b864-41beb6bfd5ea,0.1,0.18000000000000002,0.07688736915588379
1cac6b84-b147-43ab-b864-41beb6bfd5ea,0.1,0.23,0.0715140551328659
1cac6b84-b147-43ab-b864-41beb6bfd5ea,0.15000000000000002,0.03,0.06804674863815308
1cac6b84-b147-43ab-b864-41beb6bfd5ea,0.15000000000000002,0.08,0.07380551099777222
1cac6b84-b147-43ab-b864-41beb6bfd5ea,0.15000000000000002,0.13,0.08486881107091904
1cac6b84-b147-43ab-b864-41beb6bfd5ea,0.15000000000000002,0.18000000000000002,0.06651929020881653
1cac6b84-b147-43ab-b864-41beb6bfd5ea,0.15000000000000002,0.23,0.06484386324882507
1cac6b84-b147-43ab-b864-41beb6bfd5ea,0.2,0.03,0.05768709257245064
1cac6b84-b147-43ab-b864-41beb6bfd5ea,0.2,0.08,0.06922703236341476
1cac6b84-b147-43ab-b864-41beb6bfd5ea,0.2,0.13,0.07359620183706284
1cac6b84-b147-43ab-b864-41beb6bfd5ea,0.2,0.18000000000000002,0.07049226760864258
1cac6b84-b147-43ab-b864-41beb6bfd5ea,0.2,0.23,0.06996551156044006
1cac6b84-b147-43ab-b864-41beb6bfd5ea,0.25,0.03,0.0648161917924881
1cac6b84-b147-43ab-b864-41beb6bfd5ea,0.25,0.08,0.06503310799598694
1cac6b84-b147-43ab-b864-41beb6bfd5ea,0.25,0.13,0.07009536027908325
1cac6b84-b147-43ab-b864-41beb6bfd5ea,0.25,0.18000000000000002,0.06921281665563583
1cac6b84-b147-43ab-b864-41beb6bfd5ea,0.25,0.23,0.0732305571436882
1cac6b84-b147-43ab-b864-41beb6bfd5ea,0.30000000000000004,0.03,0.057957831770181656
1cac6b84-b147-43ab-b864-41beb6bfd5ea,0.30000000000000004,0.08,0.06421167403459549
1cac6b84-b147-43ab-b864-41beb6bfd5ea,0.30000000000000004,0.13,0.0669284537434578
1cac6b84-b147-43ab-b864-41beb6bfd5ea,0.30000000000000004,0.18000000000000002,0.06908349692821503
1cac6b84-b147-43ab-b864-41beb6bfd5ea,0.30000000000000004,0.23,0.07182967662811279
1d239644-3af9-40d1-8104-57bf8be78881,0.0,0.03,0.09613916277885437
1d239644-3af9-40d1-8104-57bf8be78881,0.0,0.08,0.1366608589887619
1d239644-3af9-40d1-8104-57bf8be78881,0.0,0.13,0.10302700102329254
1d239644-3af9-40d1-8104-57bf8be78881,0.0,0.18000000000000002,0.07709292322397232
1d239644-3af9-40d1-8104-57bf8be78881,0.0,0.23,0.07299906015396118
1d239644-3af9-40d1-8104-57bf8be78881,0.01,0.03,0.10459990799427032
1d239644-3af9-40d1-8104-57bf8be78881,0.01,0.08,0.1346491128206253
1d239644-3af9-40d1-8104-57bf8be78881,0.01,0.13,0.09191767126321793
1d239644-3af9-40d1-8104-57bf8be78881,0.01,0.18000000000000002,0.07572471350431442
1d239644-3af9-40d1-8104-57bf8be78881,0.01,0.23,0.0709831565618515
1d239644-3af9-40d1-8104-57bf8be78881,0.02,0.03,0.11716803908348083
1d239644-3af9-40d1-8104-57bf8be78881,0.02,0.08,0.12028621137142181
1d239644-3af9-40d1-8104-57bf8be78881,0.02,0.13,0.085771843791008
1d239644-3af9-40d1-8104-57bf8be78881,0.02,0.18000000000000002,0.07624560594558716
1d239644-3af9-40d1-8104-57bf8be78881,0.02,0.23,0.07063644379377365
1d239644-3af9-40d1-8104-57bf8be78881,0.03,0.03,0.1113424152135849
1d239644-3af9-40d1-8104-57bf8be78881,0.03,0.08,0.1079581007361412
1d239644-3af9-40d1-8104-57bf8be78881,0.03,0.13,0.08494053035974503
1d239644-3af9-40d1-8104-57bf8be78881,0.03,0.18000000000000002,0.07363386452198029
1d239644-3af9-40d1-8104-57bf8be78881,0.03,0.23,0.07088810950517654
1d239644-3af9-40d1-8104-57bf8be78881,0.04,0.03,0.09976615756750107
1d239644-3af9-40d1-8104-57bf8be78881,0.04,0.08,0.09280894696712494
1d239644-3af9-40d1-8104-57bf8be78881,0.05,0.03,0.08710192888975143
1d239644-3af9-40d1-8104-57bf8be78881,0.05,0.08,0.08073423057794571
1d239644-3af9-40d1-8104-57bf8be78881,0.05,0.13,0.06912215054035187
1d239644-3af9-40d1-8104-57bf8be78881,0.05,0.18000000000000002,0.06930732727050781
1d239644-3af9-40d1-8104-57bf8be78881,0.05,0.23,0.06416673213243484
1d239644-3af9-40d1-8104-57bf8be78881,0.1,0.03,0.05816134065389633
1d239644-3af9-40d1-8104-57bf8be78881,0.1,0.08,0.07220644503831863
1d239644-3af9-40d1-8104-57bf8be78881,0.1,0.13,0.06829316914081573
1d239644-3af9-40d1-8104-57bf8be78881,0.1,0.18000000000000002,0.06608591973781586
1d239644-3af9-40d1-8104-57bf8be78881,0.1,0.23,0.06765522062778473
1d239644-3af9-40d1-8104-57bf8be78881,0.15000000000000002,0.03,0.05873381346464157
1d239644-3af9-40d1-8104-57bf8be78881,0.15000000000000002,0.08,0.06280068308115005
1d239644-3af9-40d1-8104-57bf8be78881,0.15000000000000002,0.13,0.06319840252399445
1d239644-3af9-40d1-8104-57bf8be78881,0.15000000000000002,0.18000000000000002,0.06819719076156616
1d239644-3af9-40d1-8104-57bf8be78881,0.15000000000000002,0.23,0.0674542710185051
1d239644-3af9-40d1-8104-57bf8be78881,0.2,0.03,0.04378609359264374
1d239644-3af9-40d1-8104-57bf8be78881,0.2,0.08,0.056358374655246735
1d239644-3af9-40d1-8104-57bf8be78881,0.2,0.13,0.06503228843212128
1d239644-3af9-40d1-8104-57bf8be78881,0.2,0.18000000000000002,0.06976113468408585
1d239644-3af9-40d1-8104-57bf8be78881,0.2,0.23,0.07545702159404755
1d239644-3af9-40d1-8104-57bf8be78881,0.25,0.03,0.04722658917307854
1d239644-3af9-40d1-8104-57bf8be78881,0.25,0.08,0.060156725347042084
1d239644-3af9-40d1-8104-57bf8be78881,0.25,0.13,0.07102170586585999
1d239644-3af9-40d1-8104-57bf8be78881,0.25,0.18000000000000002,0.0769084021449089
1d239644-3af9-40d1-8104-57bf8be78881,0.25,0.23,0.08204921334981918
1d239644-3af9-40d1-8104-57bf8be78881,0.30000000000000004,0.03,0.050640907138586044
1d239644-3af9-40d1-8104-57bf8be78881,0.30000000000000004,0.08,0.0715520977973938
1d239644-3af9-40d1-8104-57bf8be78881,0.30000000000000004,0.13,0.07804355025291443
1d239644-3af9-40d1-8104-57bf8be78881,0.30000000000000004,0.18000000000000002,0.08273166418075562
1d239644-3af9-40d1-8104-57bf8be78881,0.30000000000000004,0.23,0.08358967304229736
1d66cafa-5bc5-4269-807b-0316ed7c729b,0.0,0.03,0.057612109929323196
1d66cafa-5bc5-4269-807b-0316ed7c729b,0.0,0.08,0.05806397646665573
1d66cafa-5bc5-4269-807b-0316ed7c729b,0.0,0.13,0.05937225744128227
1d66cafa-5bc5-4269-807b-0316ed7c729b,0.0,0.18000000000000002,0.06381594389677048
1d66cafa-5bc5-4269-807b-0316ed7c729b,0.0,0.23,0.06862027943134308
1d66cafa-5bc5-4269-807b-0316ed7c729b,0.01,0.03,0.048185642808675766
1d66cafa-5bc5-4269-807b-0316ed7c729b,0.01,0.08,0.056566473096609116
1d66cafa-5bc5-4269-807b-0316ed7c729b,0.01,0.13,0.06091560795903206
1d66cafa-5bc5-4269-807b-0316ed7c729b,0.01,0.18000000000000002,0.06666101515293121
1d66cafa-5bc5-4269-807b-0316ed7c729b,0.01,0.23,0.07104377448558807
1d66cafa-5bc5-4269-807b-0316ed7c729b,0.02,0.03,0.04727029800415039
1d66cafa-5bc5-4269-807b-0316ed7c729b,0.02,0.08,0.05629599466919899
1d66cafa-5bc5-4269-807b-0316ed7c729b,0.02,0.13,0.06190863624215126
1d66cafa-5bc5-4269-807b-0316ed7c729b,0.02,0.18000000000000002,0.07132323086261749
1d66cafa-5bc5-4269-807b-0316ed7c729b,0.02,0.23,0.07091863453388214
1d66cafa-5bc5-4269-807b-0316ed7c729b,0.03,0.03,0.045323796570301056
1d66cafa-5bc5-4269-807b-0316ed7c729b,0.03,0.08,0.05142059177160263
1d66cafa-5bc5-4269-807b-0316ed7c729b,0.03,0.13,0.06427592784166336
1d66cafa-5bc5-4269-807b-0316ed7c729b,0.03,0.18000000000000002,0.07551543414592743
1d66cafa-5bc5-4269-807b-0316ed7c729b,0.03,0.23,0.06973566859960556
1d66cafa-5bc5-4269-807b-0316ed7c729b,0.04,0.03,0.05241869017481804
1d66cafa-5bc5-4269-807b-0316ed7c729b,0.04,0.08,0.057195864617824554
1d66cafa-5bc5-4269-807b-0316ed7c729b,0.05,0.03,0.04790331795811653
1d66cafa-5bc5-4269-807b-0316ed7c729b,0.05,0.08,0.05926654115319252
1d66cafa-5bc5-4269-807b-0316ed7c729b,0.05,0.13,0.07258164882659912
1d66cafa-5bc5-4269-807b-0316ed7c729b,0.05,0.18000000000000002,0.07954253256320953
1d66cafa-5bc5-4269-807b-0316ed7c729b,0.05,0.23,0.072477325797081
1d66cafa-5bc5-4269-807b-0316ed7c729b,0.1,0.03,0.04811831936240196
1d66cafa-5bc5-4269-807b-0316ed7c729b,0.1,0.08,0.07234116643667221
1d66cafa-5bc5-4269-807b-0316ed7c729b,0.1,0.13,0.080228790640831
1d66cafa-5bc5-4269-807b-0316ed7c729b,0.1,0.18000000000000002,0.07102353870868683
1d66cafa-5bc5-4269-807b-0316ed7c729b,0.1,0.23,0.07023695856332779
1d66cafa-5bc5-4269-807b-0316ed7c729b,0.15000000000000002,0.03,0.053612302988767624
1d66cafa-5bc5-4269-807b-0316ed7c729b,0.15000000000000002,0.08,0.06151445209980011
1d66cafa-5bc5-4269-807b-0316ed7c729b,0.15000000000000002,0.13,0.06481423228979111
1d66cafa-5bc5-4269-807b-0316ed7c729b,0.15000000000000002,0.18000000000000002,0.06505759805440903
1d66cafa-5bc5-4269-807b-0316ed7c729b,0.15000000000000002,0.23,0.05964271351695061
1d66cafa-5bc5-4269-807b-0316ed7c729b,0.2,0.03,0.04716695100069046
1d66cafa-5bc5-4269-807b-0316ed7c729b,0.2,0.08,0.057656072080135345
1d66cafa-5bc5-4269-807b-0316ed7c729b,0.2,0.13,0.06273949891328812
1d66cafa-5bc5-4269-807b-0316ed7c729b,0.2,0.18000000000000002,0.058410532772541046
1d66cafa-5bc5-4269-807b-0316ed7c729b,0.2,0.23,0.06552775949239731
1d66cafa-5bc5-4269-807b-0316ed7c729b,0.25,0.03,0.04870034381747246
1d66cafa-5bc5-4269-807b-0316ed7c729b,0.25,0.08,0.04860953986644745
1d66cafa-5bc5-4269-807b-0316ed7c729b,0.25,0.13,0.052577849477529526
1d66cafa-5bc5-4269-807b-0316ed7c729b,0.25,0.18000000000000002,0.062121689319610596
1d66cafa-5bc5-4269-807b-0316ed7c729b,0.25,0.23,0.07109354436397552
1d66cafa-5bc5-4269-807b-0316ed7c729b,0.30000000000000004,0.03,0.045464929193258286
1d66cafa-5bc5-4269-807b-0316ed7c729b,0.30000000000000004,0.08,0.06098324805498123
1d66cafa-5bc5-4269-807b-0316ed7c729b,0.30000000000000004,0.13,0.06940612941980362
1d66cafa-5bc5-4269-807b-0316ed7c729b,0.30000000000000004,0.18000000000000002,0.06685750186443329
1d66cafa-5bc5-4269-807b-0316ed7c729b,0.30000000000000004,0.23,0.07975538820028305
1d7794fd-1c14-413f-8edf-dd92e3f8014f,0.0,0.03,0.05350285768508911
1d7794fd-1c14-413f-8edf-dd92e3f8014f,0.0,0.08,0.05823417380452156
1d7794fd-1c14-413f-8edf-dd92e3f8014f,0.0,0.13,0.05982784554362297
1d7794fd-1c14-413f-8edf-dd92e3f8014f,0.0,0.18000000000000002,0.06309286504983902
1d7794fd-1c14-413f-8edf-dd92e3f8014f,0.0,0.23,0.0707320123910904
1d7794fd-1c14-413f-8edf-dd92e3f8014f,0.01,0.03,0.04824920371174812
1d7794fd-1c14-413f-8edf-dd92e3f8014f,0.01,0.08,0.05878385156393051
1d7794fd-1c14-413f-8edf-dd92e3f8014f,0.01,0.13,0.06251008808612823
1d7794fd-1c14-413f-8edf-dd92e3f8014f,0.01,0.18000000000000002,0.061014313250780106
1d7794fd-1c14-413f-8edf-dd92e3f8014f,0.01,0.23,0.07136919349431992
1d7794fd-1c14-413f-8edf-dd92e3f8014f,0.02,0.03,0.056037504225969315
1d7794fd-1c14-413f-8edf-dd92e3f8014f,0.02,0.08,0.06298957020044327
1d7794fd-1c14-413f-8edf-dd92e3f8014f,0.02,0.13,0.06521345674991608
1d7794fd-1c14-413f-8edf-dd92e3f8014f,0.02,0.18000000000000002,0.06394784897565842
1d7794fd-1c14-413f-8edf-dd92e3f8014f,0.02,0.23,0.07480961829423904
1d7794fd-1c14-413f-8edf-dd92e3f8014f,0.03,0.03,0.049528028815984726
1d7794fd-1c14-413f-8edf-dd92e3f8014f,0.03,0.08,0.05402328446507454
1d7794fd-1c14-413f-8edf-dd92e3f8014f,0.03,0.13,0.0597282312810421
1d7794fd-1c14-413f-8edf-dd92e3f8014f,0.03,0.18000000000000002,0.06661628931760788
1d7794fd-1c14-413f-8edf-dd92e3f8014f,0.03,0.23,0.07801534235477448
1d7794fd-1c14-413f-8edf-dd92e3f8014f,0.04,0.03,0.04544469341635704
1d7794fd-1c14-413f-8edf-dd92e3f8014f,0.04,0.08,0.05480174347758293
1d7794fd-1c14-413f-8edf-dd92e3f8014f,0.05,0.03,0.046261489391326904
1d7794fd-1c14-413f-8edf-dd92e3f8014f,0.05,0.08,0.05178162455558777
1d7794fd-1c14-413f-8edf-dd92e3f8014f,0.05,0.13,0.062490083277225494
1d7794fd-1c14-413f-8edf-dd92e3f8014f,0.05,0.18000000000000002,0.06212508678436279
1d7794fd-1c14-413f-8edf-dd92e3f8014f,0.05,0.23,0.061572104692459106
1d7794fd-1c14-413f-8edf-dd92e3f8014f,0.1,0.03,0.044609230011701584
1d7794fd-1c14-413f-8edf-dd92e3f8014f,0.1,0.08,0.06477959454059601
1d7794fd-1c14-413f-8edf-dd92e3f8014f,0.1,0.13,0.062242258340120316
1d7794fd-1c14-413f-8edf-dd92e3f8014f,0.1,0.18000000000000002,0.061009399592876434
1d7794fd-1c14-413f-8edf-dd92e3f8014f,0.1,0.23,0.060677800327539444
1d7794fd-1c14-413f-8edf-dd92e3f8014f,0.15000000000000002,0.03,0.047794800251722336
1d7794fd-1c14-413f-8edf-dd92e3f8014f,0.15000000000000002,0.08,0.054870523512363434
1d7794fd-1c14-413f-8edf-dd92e3f8014f,0.15000000000000002,0.13,0.05838443711400032
1d7794fd-1c14-413f-8edf-dd92e3f8014f,0.15000000000000002,0.18000000000000002,0.06509459763765335
1d7794fd-1c14-413f-8edf-dd92e3f8014f,0.15000000000000002,0.23,0.0657268613576889
1d7794fd-1c14-413f-8edf-dd92e3f8014f,0.2,0.03,0.04863745719194412
1d7794fd-1c14-413f-8edf-dd92e3f8014f,0.2,0.08,0.053255293518304825
1d7794fd-1c14-413f-8edf-dd92e3f8014f,0.2,0.13,0.06306111067533493
1d7794fd-1c14-413f-8edf-dd92e3f8014f,0.2,0.18000000000000002,0.06353998184204102
1d7794fd-1c14-413f-8edf-dd92e3f8014f,0.2,0.23,0.06523003429174423
1d7794fd-1c14-413f-8edf-dd92e3f8014f,0.25,0.03,0.041877321898937225
1d7794fd-1c14-413f-8edf-dd92e3f8014f,0.25,0.08,0.05853065103292465
1d7794fd-1c14-413f-8edf-dd92e3f8014f,0.25,0.13,0.0654769167304039
1d7794fd-1c14-413f-8edf-dd92e3f8014f,0.25,0.18000000000000002,0.0633590891957283
1d7794fd-1c14-413f-8edf-dd92e3f8014f,0.25,0.23,0.06502661108970642
1d7794fd-1c14-413f-8edf-dd92e3f8014f,0.30000000000000004,0.03,0.048859044909477234
1d7794fd-1c14-413f-8edf-dd92e3f8014f,0.30000000000000004,0.08,0.05572163313627243
1d7794fd-1c14-413f-8edf-dd92e3f8014f,0.30000000000000004,0.13,0.061695266515016556
1d7794fd-1c14-413f-8edf-dd92e3f8014f,0.30000000000000004,0.18000000000000002,0.06310830265283585
1d7794fd-1c14-413f-8edf-dd92e3f8014f,0.30000000000000004,0.23,0.0628943219780922
1defd40a-0421-43e2-b983-47f5cbc0d95c,0.0,0.03,0.047943051904439926
1defd40a-0421-43e2-b983-47f5cbc0d95c,0.0,0.08,0.06594781577587128
1defd40a-0421-43e2-b983-47f5cbc0d95c,0.0,0.13,0.07525519281625748
1defd40a-0421-43e2-b983-47f5cbc0d95c,0.0,0.18000000000000002,0.08293850719928741
1defd40a-0421-43e2-b983-47f5cbc0d95c,0.0,0.23,0.08848373591899872
1defd40a-0421-43e2-b983-47f5cbc0d95c,0.01,0.03,0.04412117600440979
1defd40a-0421-43e2-b983-47f5cbc0d95c,0.01,0.08,0.06504511833190918
1defd40a-0421-43e2-b983-47f5cbc0d95c,0.01,0.13,0.07533031702041626
1defd40a-0421-43e2-b983-47f5cbc0d95c,0.01,0.18000000000000002,0.08174305409193039
1defd40a-0421-43e2-b983-47f5cbc0d95c,0.01,0.23,0.08369080722332001
1defd40a-0421-43e2-b983-47f5cbc0d95c,0.02,0.03,0.050122130662202835
1defd40a-0421-43e2-b983-47f5cbc0d95c,0.02,0.08,0.060019854456186295
1defd40a-0421-43e2-b983-47f5cbc0d95c,0.02,0.13,0.0778716653585434
1defd40a-0421-43e2-b983-47f5cbc0d95c,0.02,0.18000000000000002,0.08175374567508698
1defd40a-0421-43e2-b983-47f5cbc0d95c,0.02,0.23,0.08137908577919006
1defd40a-0421-43e2-b983-47f5cbc0d95c,0.03,0.03,0.04536854475736618
1defd40a-0421-43e2-b983-47f5cbc0d95c,0.03,0.08,0.061027415096759796
1defd40a-0421-43e2-b983-47f5cbc0d95c,0.03,0.13,0.0750209391117096
1defd40a-0421-43e2-b983-47f5cbc0d95c,0.03,0.18000000000000002,0.07843553274869919
1defd40a-0421-43e2-b983-47f5cbc0d95c,0.03,0.23,0.0800769180059433
1defd40a-0421-43e2-b983-47f5cbc0d95c,0.04,0.03,0.04546503722667694
1defd40a-0421-43e2-b983-47f5cbc0d95c,0.04,0.08,0.06252196431159973
1defd40a-0421-43e2-b983-47f5cbc0d95c,0.05,0.03,0.04688241705298424
1defd40a-0421-43e2-b983-47f5cbc0d95c,0.05,0.08,0.06583607941865921
1defd40a-0421-43e2-b983-47f5cbc0d95c,0.05,0.13,0.07701066136360168
1defd40a-0421-43e2-b983-47f5cbc0d95c,0.05,0.18000000000000002,0.08459482342004776
1defd40a-0421-43e2-b983-47f5cbc0d95c,0.05,0.23,0.0851077064871788
1defd40a-0421-43e2-b983-47f5cbc0d95c,0.1,0.03,0.04838358610868454
1defd40a-0421-43e2-b983-47f5cbc0d95c,0.1,0.08,0.06239372491836548
1defd40a-0421-43e2-b983-47f5cbc0d95c,0.1,0.13,0.07572507113218307
1defd40a-0421-43e2-b983-47f5cbc0d95c,0.1,0.18000000000000002,0.07761726528406143
1defd40a-0421-43e2-b983-47f5cbc0d95c,0.1,0.23,0.07233384996652603
1defd40a-0421-43e2-b983-47f5cbc0d95c,0.15000000000000002,0.03,0.06045921891927719
1defd40a-0421-43e2-b983-47f5cbc0d95c,0.15000000000000002,0.08,0.060641948133707047
1defd40a-0421-43e2-b983-47f5cbc0d95c,0.15000000000000002,0.13,0.07145413011312485
1defd40a-0421-43e2-b983-47f5cbc0d95c,0.15000000000000002,0.18000000000000002,0.06845955550670624
1defd40a-0421-43e2-b983-47f5cbc0d95c,0.15000000000000002,0.23,0.07253360003232956
1defd40a-0421-43e2-b983-47f5cbc0d95c,0.2,0.03,0.052834492176771164
1defd40a-0421-43e2-b983-47f5cbc0d95c,0.2,0.08,0.07568107545375824
1defd40a-0421-43e2-b983-47f5cbc0d95c,0.2,0.13,0.06977959722280502
1defd40a-0421-43e2-b983-47f5cbc0d95c,0.2,0.18000000000000002,0.0739549919962883
1defd40a-0421-43e2-b983-47f5cbc0d95c,0.2,0.23,0.08069616556167603
1defd40a-0421-43e2-b983-47f5cbc0d95c,0.25,0.03,0.051172398030757904
1defd40a-0421-43e2-b983-47f5cbc0d95c,0.25,0.08,0.061345189809799194
1defd40a-0421-43e2-b983-47f5cbc0d95c,0.25,0.13,0.06847023963928223
1defd40a-0421-43e2-b983-47f5cbc0d95c,0.25,0.18000000000000002,0.0767233669757843
1defd40a-0421-43e2-b983-47f5cbc0d95c,0.25,0.23,0.07627899199724197
1defd40a-0421-43e2-b983-47f5cbc0d95c,0.30000000000000004,0.03,0.04843525588512421
1defd40a-0421-43e2-b983-47f5cbc0d95c,0.30000000000000004,0.08,0.06477618962526321
1defd40a-0421-43e2-b983-47f5cbc0d95c,0.30000000000000004,0.13,0.0714353621006012
1defd40a-0421-43e2-b983-47f5cbc0d95c,0.30000000000000004,0.18000000000000002,0.07034456729888916
1defd40a-0421-43e2-b983-47f5cbc0d95c,0.30000000000000004,0.23,0.0751042515039444
1e1a4742-8fbf-4dc3-b3d4-436fda37acce,0.0,0.03,0.10860355943441391
1e1a4742-8fbf-4dc3-b3d4-436fda37acce,0.0,0.08,0.11097387224435806
1e1a4742-8fbf-4dc3-b3d4-436fda37acce,0.0,0.13,0.09218793362379074
1e1a4742-8fbf-4dc3-b3d4-436fda37acce,0.0,0.18000000000000002,0.07819175720214844
1e1a4742-8fbf-4dc3-b3d4-436fda37acce,0.0,0.23,0.07806532829999924
1e1a4742-8fbf-4dc3-b3d4-436fda37acce,0.01,0.03,0.10495923459529877
1e1a4742-8fbf-4dc3-b3d4-436fda37acce,0.01,0.08,0.10597635805606842
1e1a4742-8fbf-4dc3-b3d4-436fda37acce,0.01,0.13,0.08233542740345001
1e1a4742-8fbf-4dc3-b3d4-436fda37acce,0.01,0.18000000000000002,0.07949133217334747
1e1a4742-8fbf-4dc3-b3d4-436fda37acce,0.01,0.23,0.08222676068544388
1e1a4742-8fbf-4dc3-b3d4-436fda37acce,0.02,0.03,0.09752214699983597
1e1a4742-8fbf-4dc3-b3d4-436fda37acce,0.02,0.08,0.0961398184299469
1e1a4742-8fbf-4dc3-b3d4-436fda37acce,0.02,0.13,0.08067219704389572
1e1a4742-8fbf-4dc3-b3d4-436fda37acce,0.02,0.18000000000000002,0.07853173464536667
1e1a4742-8fbf-4dc3-b3d4-436fda37acce,0.02,0.23,0.08259199559688568
1e1a4742-8fbf-4dc3-b3d4-436fda37acce,0.03,0.03,0.08853273093700409
1e1a4742-8fbf-4dc3-b3d4-436fda37acce,0.03,0.08,0.08120380342006683
1e1a4742-8fbf-4dc3-b3d4-436fda37acce,0.03,0.13,0.07787837088108063
1e1a4742-8fbf-4dc3-b3d4-436fda37acce,0.03,0.18000000000000002,0.07776296883821487
1e1a4742-8fbf-4dc3-b3d4-436fda37acce,0.03,0.23,0.08298493921756744
1e1a4742-8fbf-4dc3-b3d4-436fda37acce,0.04,0.03,0.07899689674377441
1e1a4742-8fbf-4dc3-b3d4-436fda37acce,0.04,0.08,0.07380361109972
1e1a4742-8fbf-4dc3-b3d4-436fda37acce,0.05,0.03,0.0746026337146759
1e1a4742-8fbf-4dc3-b3d4-436fda37acce,0.05,0.08,0.0800497904419899
1e1a4742-8fbf-4dc3-b3d4-436fda37acce,0.05,0.13,0.0731581598520279
1e1a4742-8fbf-4dc3-b3d4-436fda37acce,0.05,0.18000000000000002,0.0771775096654892
1e1a4742-8fbf-4dc3-b3d4-436fda37acce,0.05,0.23,0.08481753617525101
1e1a4742-8fbf-4dc3-b3d4-436fda37acce,0.1,0.03,0.06809527426958084
1e1a4742-8fbf-4dc3-b3d4-436fda37acce,0.1,0.08,0.08240386098623276
1e1a4742-8fbf-4dc3-b3d4-436fda37acce,0.1,0.13,0.10165369510650635
1e1a4742-8fbf-4dc3-b3d4-436fda37acce,0.1,0.18000000000000002,0.10449514538049698
1e1a4742-8fbf-4dc3-b3d4-436fda37acce,0.1,0.23,0.0954292044043541
1e1a4742-8fbf-4dc3-b3d4-436fda37acce,0.15000000000000002,0.03,0.07399006932973862
1e1a4742-8fbf-4dc3-b3d4-436fda37acce,0.15000000000000002,0.08,0.09774484485387802
1e1a4742-8fbf-4dc3-b3d4-436fda37acce,0.15000000000000002,0.13,0.09753686934709549
1e1a4742-8fbf-4dc3-b3d4-436fda37acce,0.15000000000000002,0.18000000000000002,0.0873396024107933
1e1a4742-8fbf-4dc3-b3d4-436fda37acce,0.15000000000000002,0.23,0.0888766273856163
1e1a4742-8fbf-4dc3-b3d4-436fda37acce,0.2,0.03,0.07856747508049011
1e1a4742-8fbf-4dc3-b3d4-436fda37acce,0.2,0.08,0.08762732148170471
1e1a4742-8fbf-4dc3-b3d4-436fda37acce,0.2,0.13,0.08660303801298141
1e1a4742-8fbf-4dc3-b3d4-436fda37acce,0.2,0.18000000000000002,0.08826928585767746
1e1a4742-8fbf-4dc3-b3d4-436fda37acce,0.2,0.23,0.08920513838529587
1e1a4742-8fbf-4dc3-b3d4-436fda37acce,0.25,0.03,0.0671067088842392
1e1a4742-8fbf-4dc3-b3d4-436fda37acce,0.25,0.08,0.07417856156826019
1e1a4742-8fbf-4dc3-b3d4-436fda37acce,0.25,0.13,0.0801018625497818
1e1a4742-8fbf-4dc3-b3d4-436fda37acce,0.25,0.18000000000000002,0.08230140060186386
1e1a4742-8fbf-4dc3-b3d4-436fda37acce,0.25,0.23,0.08151812106370926
1e1a4742-8fbf-4dc3-b3d4-436fda37acce,0.30000000000000004,0.03,0.05363896116614342
1e1a4742-8fbf-4dc3-b3d4-436fda37acce,0.30000000000000004,0.08,0.06803148984909058
1e1a4742-8fbf-4dc3-b3d4-436fda37acce,0.30000000000000004,0.13,0.07205512374639511
1e1a4742-8fbf-4dc3-b3d4-436fda37acce,0.30000000000000004,0.18000000000000002,0.07081937789916992
1e1a4742-8fbf-4dc3-b3d4-436fda37acce,0.30000000000000004,0.23,0.0663202702999115
1f1b115c-66d8-492d-907b-9062c88c37e3,0.0,0.03,0.07219067960977554
1f1b115c-66d8-492d-907b-9062c88c37e3,0.0,0.08,0.11274196952581406
1f1b115c-66d8-492d-907b-9062c88c37e3,0.0,0.13,0.11537665128707886
1f1b115c-66d8-492d-907b-9062c88c37e3,0.0,0.18000000000000002,0.09418763220310211
1f1b115c-66d8-492d-907b-9062c88c37e3,0.0,0.23,0.08900739252567291
1f1b115c-66d8-492d-907b-9062c88c37e3,0.01,0.03,0.08226409554481506
1f1b115c-66d8-492d-907b-9062c88c37e3,0.01,0.08,0.11852964013814926
1f1b115c-66d8-492d-907b-9062c88c37e3,0.01,0.13,0.12215595692396164
1f1b115c-66d8-492d-907b-9062c88c37e3,0.01,0.18000000000000002,0.10067322850227356
1f1b115c-66d8-492d-907b-9062c88c37e3,0.01,0.23,0.0886511504650116
1f1b115c-66d8-492d-907b-9062c88c37e3,0.02,0.03,0.09009535610675812
1f1b115c-66d8-492d-907b-9062c88c37e3,0.02,0.08,0.12649932503700256
1f1b115c-66d8-492d-907b-9062c88c37e3,0.02,0.13,0.11757297813892365
1f1b115c-66d8-492d-907b-9062c88c37e3,0.02,0.18000000000000002,0.09544802457094193
1f1b115c-66d8-492d-907b-9062c88c37e3,0.02,0.23,0.08998376876115799
1f1b115c-66d8-492d-907b-9062c88c37e3,0.03,0.03,0.08792266994714737
1f1b115c-66d8-492d-907b-9062c88c37e3,0.03,0.08,0.12160730361938477
1f1b115c-66d8-492d-907b-9062c88c37e3,0.03,0.13,0.10840833187103271
1f1b115c-66d8-492d-907b-9062c88c37e3,0.03,0.18000000000000002,0.08986908942461014
1f1b115c-66d8-492d-907b-9062c88c37e3,0.03,0.23,0.08994249254465103
1f1b115c-66d8-492d-907b-9062c88c37e3,0.04,0.03,0.09506769478321075
1f1b115c-66d8-492d-907b-9062c88c37e3,0.04,0.08,0.11505916714668274
1f1b115c-66d8-492d-907b-9062c88c37e3,0.05,0.03,0.0928611159324646
1f1b115c-66d8-492d-907b-9062c88c37e3,0.05,0.08,0.10465127229690552
1f1b115c-66d8-492d-907b-9062c88c37e3,0.05,0.13,0.08499065041542053
1f1b115c-66d8-492d-907b-9062c88c37e3,0.05,0.18000000000000002,0.08619368821382523
1f1b115c-66d8-492d-907b-9062c88c37e3,0.05,0.23,0.08367936313152313
1f1b115c-66d8-492d-907b-9062c88c37e3,0.1,0.03,0.06365734338760376
1f1b115c-66d8-492d-907b-9062c88c37e3,0.1,0.08,0.07127758115530014
1f1b115c-66d8-492d-907b-9062c88c37e3,0.1,0.13,0.07765010744333267
1f1b115c-66d8-492d-907b-9062c88c37e3,0.1,0.18000000000000002,0.07514326274394989
1f1b115c-66d8-492d-907b-9062c88c37e3,0.1,0.23,0.07232046872377396
1f1b115c-66d8-492d-907b-9062c88c37e3,0.15000000000000002,0.03,0.054206181317567825
1f1b115c-66d8-492d-907b-9062c88c37e3,0.15000000000000002,0.08,0.06842116266489029
1f1b115c-66d8-492d-907b-9062c88c37e3,0.15000000000000002,0.13,0.06763394922018051
1f1b115c-66d8-492d-907b-9062c88c37e3,0.15000000000000002,0.18000000000000002,0.06592778861522675
1f1b115c-66d8-492d-907b-9062c88c37e3,0.15000000000000002,0.23,0.06722225248813629
1f1b115c-66d8-492d-907b-9062c88c37e3,0.2,0.03,0.052673619240522385
1f1b115c-66d8-492d-907b-9062c88c37e3,0.2,0.08,0.058151960372924805
1f1b115c-66d8-492d-907b-9062c88c37e3,0.2,0.13,0.059653885662555695
1f1b115c-66d8-492d-907b-9062c88c37e3,0.2,0.18000000000000002,0.06675544381141663
1f1b115c-66d8-492d-907b-9062c88c37e3,0.2,0.23,0.0693189799785614
1f1b115c-66d8-492d-907b-9062c88c37e3,0.25,0.03,0.05251689255237579
1f1b115c-66d8-492d-907b-9062c88c37e3,0.25,0.08,0.05784553289413452
1f1b115c-66d8-492d-907b-9062c88c37e3,0.25,0.13,0.06832948327064514
1f1b115c-66d8-492d-907b-9062c88c37e3,0.25,0.18000000000000002,0.07272367924451828
1f1b115c-66d8-492d-907b-9062c88c37e3,0.25,0.23,0.06820712983608246
1f1b115c-66d8-492d-907b-9062c88c37e3,0.30000000000000004,0.03,0.05200781300663948
1f1b115c-66d8-492d-907b-9062c88c37e3,0.30000000000000004,0.08,0.06872910261154175
1f1b115c-66d8-492d-907b-9062c88c37e3,0.30000000000000004,0.13,0.07266903668642044
1f1b115c-66d8-492d-907b-9062c88c37e3,0.30000000000000004,0.18000000000000002,0.06886263191699982
1f1b115c-66d8-492d-907b-9062c88c37e3,0.30000000000000004,0.23,0.07246149331331253
1f35c5e4-c93b-40dd-90c6-2eeec6b06ab6,0.0,0.03,0.05032813921570778
1f35c5e4-c93b-40dd-90c6-2eeec6b06ab6,0.0,0.08,0.05637204647064209
1f35c5e4-c93b-40dd-90c6-2eeec6b06ab6,0.0,0.13,0.06331274658441544
1f35c5e4-c93b-40dd-90c6-2eeec6b06ab6,0.0,0.18000000000000002,0.06501797586679459
1f35c5e4-c93b-40dd-90c6-2eeec6b06ab6,0.0,0.23,0.06704491376876831
1f35c5e4-c93b-40dd-90c6-2eeec6b06ab6,0.01,0.03,0.04866282641887665
1f35c5e4-c93b-40dd-90c6-2eeec6b06ab6,0.01,0.08,0.054914895445108414
1f35c5e4-c93b-40dd-90c6-2eeec6b06ab6,0.01,0.13,0.06197313219308853
1f35c5e4-c93b-40dd-90c6-2eeec6b06ab6,0.01,0.18000000000000002,0.06269896775484085
1f35c5e4-c93b-40dd-90c6-2eeec6b06ab6,0.01,0.23,0.06430140137672424
1f35c5e4-c93b-40dd-90c6-2eeec6b06ab6,0.02,0.03,0.045711711049079895
1f35c5e4-c93b-40dd-90c6-2eeec6b06ab6,0.02,0.08,0.0576244480907917
1f35c5e4-c93b-40dd-90c6-2eeec6b06ab6,0.02,0.13,0.06306158006191254
1f35c5e4-c93b-40dd-90c6-2eeec6b06ab6,0.02,0.18000000000000002,0.06441749632358551
1f35c5e4-c93b-40dd-90c6-2eeec6b06ab6,0.02,0.23,0.06684395670890808
1f35c5e4-c93b-40dd-90c6-2eeec6b06ab6,0.03,0.03,0.050400931388139725
1f35c5e4-c93b-40dd-90c6-2eeec6b06ab6,0.03,0.08,0.05919158458709717
1f35c5e4-c93b-40dd-90c6-2eeec6b06ab6,0.03,0.13,0.06539148837327957
1f35c5e4-c93b-40dd-90c6-2eeec6b06ab6,0.03,0.18000000000000002,0.06346407532691956
1f35c5e4-c93b-40dd-90c6-2eeec6b06ab6,0.03,0.23,0.06547756493091583
1f35c5e4-c93b-40dd-90c6-2eeec6b06ab6,0.04,0.03,0.046263597905635834
1f35c5e4-c93b-40dd-90c6-2eeec6b06ab6,0.04,0.08,0.059903863817453384
1f35c5e4-c93b-40dd-90c6-2eeec6b06ab6,0.05,0.03,0.05366955325007439
1f35c5e4-c93b-40dd-90c6-2eeec6b06ab6,0.05,0.08,0.06260564923286438
1f35c5e4-c93b-40dd-90c6-2eeec6b06ab6,0.05,0.13,0.06537263095378876
1f35c5e4-c93b-40dd-90c6-2eeec6b06ab6,0.05,0.18000000000000002,0.06704117357730865
1f35c5e4-c93b-40dd-90c6-2eeec6b06ab6,0.05,0.23,0.06569415330886841
1f35c5e4-c93b-40dd-90c6-2eeec6b06ab6,0.1,0.03,0.04552914947271347
1f35c5e4-c93b-40dd-90c6-2eeec6b06ab6,0.1,0.08,0.054445069283246994
1f35c5e4-c93b-40dd-90c6-2eeec6b06ab6,0.1,0.13,0.06288072466850281
1f35c5e4-c93b-40dd-90c6-2eeec6b06ab6,0.1,0.18000000000000002,0.06558799743652344
1f35c5e4-c93b-40dd-90c6-2eeec6b06ab6,0.1,0.23,0.07040441781282425
1f35c5e4-c93b-40dd-90c6-2eeec6b06ab6,0.15000000000000002,0.03,0.04641692340373993
1f35c5e4-c93b-40dd-90c6-2eeec6b06ab6,0.15000000000000002,0.08,0.06498774886131287
1f35c5e4-c93b-40dd-90c6-2eeec6b06ab6,0.15000000000000002,0.13,0.06160610914230347
1f35c5e4-c93b-40dd-90c6-2eeec6b06ab6,0.15000000000000002,0.18000000000000002,0.06692646443843842
1f35c5e4-c93b-40dd-90c6-2eeec6b06ab6,0.15000000000000002,0.23,0.06601821631193161
1f35c5e4-c93b-40dd-90c6-2eeec6b06ab6,0.2,0.03,0.04671230539679527
1f35c5e4-c93b-40dd-90c6-2eeec6b06ab6,0.2,0.08,0.0611698217689991
1f35c5e4-c93b-40dd-90c6-2eeec6b06ab6,0.2,0.13,0.0656043216586113
1f35c5e4-c93b-40dd-90c6-2eeec6b06ab6,0.2,0.18000000000000002,0.07023393362760544
1f35c5e4-c93b-40dd-90c6-2eeec6b06ab6,0.2,0.23,0.06440193951129913
1f35c5e4-c93b-40dd-90c6-2eeec6b06ab6,0.25,0.03,0.046757932752370834
1f35c5e4-c93b-40dd-90c6-2eeec6b06ab6,0.25,0.08,0.05952324718236923
1f35c5e4-c93b-40dd-90c6-2eeec6b06ab6,0.25,0.13,0.05970624089241028
1f35c5e4-c93b-40dd-90c6-2eeec6b06ab6,0.25,0.18000000000000002,0.05635392293334007
1f35c5e4-c93b-40dd-90c6-2eeec6b06ab6,0.25,0.23,0.06057058647274971
1f35c5e4-c93b-40dd-90c6-2eeec6b06ab6,0.30000000000000004,0.03,0.049009550362825394
1f35c5e4-c93b-40dd-90c6-2eeec6b06ab6,0.30000000000000004,0.08,0.049603160470724106
1f35c5e4-c93b-40dd-90c6-2eeec6b06ab6,0.30000000000000004,0.13,0.056970469653606415
1f35c5e4-c93b-40dd-90c6-2eeec6b06ab6,0.30000000000000004,0.18000000000000002,0.06694205105304718
1f35c5e4-c93b-40dd-90c6-2eeec6b06ab6,0.30000000000000004,0.23,0.06152653694152832
1fcdd39f-9103-4bdf-b1cd-7ac425b60fa9,0.0,0.03,0.191165953874588
1fcdd39f-9103-4bdf-b1cd-7ac425b60fa9,0.0,0.08,0.26311010122299194
1fcdd39f-9103-4bdf-b1cd-7ac425b60fa9,0.0,0.13,0.22549687325954437
1fcdd39f-9103-4bdf-b1cd-7ac425b60fa9,0.0,0.18000000000000002,0.2137233465909958
1fcdd39f-9103-4bdf-b1cd-7ac425b60fa9,0.0,0.23,0.19363375008106232
1fcdd39f-9103-4bdf-b1cd-7ac425b60fa9,0.01,0.03,0.18358305096626282
1fcdd39f-9103-4bdf-b1cd-7ac425b60fa9,0.01,0.08,0.22103513777256012
1fcdd39f-9103-4bdf-b1cd-7ac425b60fa9,0.01,0.13,0.1900983601808548
1fcdd39f-9103-4bdf-b1cd-7ac425b60fa9,0.01,0.18000000000000002,0.1701381504535675
1fcdd39f-9103-4bdf-b1cd-7ac425b60fa9,0.01,0.23,0.15957282483577728
1fcdd39f-9103-4bdf-b1cd-7ac425b60fa9,0.02,0.03,0.19214531779289246
1fcdd39f-9103-4bdf-b1cd-7ac425b60fa9,0.02,0.08,0.1860668808221817
1fcdd39f-9103-4bdf-b1cd-7ac425b60fa9,0.02,0.13,0.17387665808200836
1fcdd39f-9103-4bdf-b1cd-7ac425b60fa9,0.02,0.18000000000000002,0.1524636298418045
1fcdd39f-9103-4bdf-b1cd-7ac425b60fa9,0.02,0.23,0.14511722326278687
1fcdd39f-9103-4bdf-b1cd-7ac425b60fa9,0.03,0.03,0.16088677942752838
1fcdd39f-9103-4bdf-b1cd-7ac425b60fa9,0.03,0.08,0.16377291083335876
1fcdd39f-9103-4bdf-b1cd-7ac425b60fa9,0.03,0.13,0.14315880835056305
1fcdd39f-9103-4bdf-b1cd-7ac425b60fa9,0.03,0.18000000000000002,0.13529089093208313
1fcdd39f-9103-4bdf-b1cd-7ac425b60fa9,0.03,0.23,0.12474533915519714
1fcdd39f-9103-4bdf-b1cd-7ac425b60fa9,0.04,0.03,0.12125398218631744
1fcdd39f-9103-4bdf-b1cd-7ac425b60fa9,0.04,0.08,0.14273670315742493
1fcdd39f-9103-4bdf-b1cd-7ac425b60fa9,0.05,0.03,0.12499826401472092
1fcdd39f-9103-4bdf-b1cd-7ac425b60fa9,0.05,0.08,0.11312216520309448
1fcdd39f-9103-4bdf-b1cd-7ac425b60fa9,0.05,0.13,0.11840524524450302
1fcdd39f-9103-4bdf-b1cd-7ac425b60fa9,0.05,0.18000000000000002,0.10988353937864304
1fcdd39f-9103-4bdf-b1cd-7ac425b60fa9,0.05,0.23,0.10088315606117249
1fcdd39f-9103-4bdf-b1cd-7ac425b60fa9,0.1,0.03,0.052867207676172256
1fcdd39f-9103-4bdf-b1cd-7ac425b60fa9,0.1,0.08,0.0744326189160347
1fcdd39f-9103-4bdf-b1cd-7ac425b60fa9,0.1,0.13,0.07113505154848099
1fcdd39f-9103-4bdf-b1cd-7ac425b60fa9,0.1,0.18000000000000002,0.0679749920964241
1fcdd39f-9103-4bdf-b1cd-7ac425b60fa9,0.1,0.23,0.06961733847856522
1fcdd39f-9103-4bdf-b1cd-7ac425b60fa9,0.15000000000000002,0.03,0.04825315624475479
1fcdd39f-9103-4bdf-b1cd-7ac425b60fa9,0.15000000000000002,0.08,0.058880362659692764
1fcdd39f-9103-4bdf-b1cd-7ac425b60fa9,0.15000000000000002,0.13,0.06652622669935226
1fcdd39f-9103-4bdf-b1cd-7ac425b60fa9,0.15000000000000002,0.18000000000000002,0.06534174084663391
1fcdd39f-9103-4bdf-b1cd-7ac425b60fa9,0.15000000000000002,0.23,0.06536143273115158
1fcdd39f-9103-4bdf-b1cd-7ac425b60fa9,0.2,0.03,0.04918307438492775
1fcdd39f-9103-4bdf-b1cd-7ac425b60fa9,0.2,0.08,0.05919691175222397
1fcdd39f-9103-4bdf-b1cd-7ac425b60fa9,0.2,0.13,0.06474713236093521
1fcdd39f-9103-4bdf-b1cd-7ac425b60fa9,0.2,0.18000000000000002,0.07758767902851105
1fcdd39f-9103-4bdf-b1cd-7ac425b60fa9,0.2,0.23,0.07173722982406616
1fcdd39f-9103-4bdf-b1cd-7ac425b60fa9,0.25,0.03,0.052467674016952515
1fcdd39f-9103-4bdf-b1cd-7ac425b60fa9,0.25,0.08,0.06838622689247131
1fcdd39f-9103-4bdf-b1cd-7ac425b60fa9,0.25,0.13,0.08120071142911911
1fcdd39f-9103-4bdf-b1cd-7ac425b60fa9,0.25,0.18000000000000002,0.07369522750377655
1fcdd39f-9103-4bdf-b1cd-7ac425b60fa9,0.25,0.23,0.06774168461561203
1fcdd39f-9103-4bdf-b1cd-7ac425b60fa9,0.30000000000000004,0.03,0.0486786887049675
1fcdd39f-9103-4bdf-b1cd-7ac425b60fa9,0.30000000000000004,0.08,0.06513965129852295
1fcdd39f-9103-4bdf-b1cd-7ac425b60fa9,0.30000000000000004,0.13,0.0637761652469635
1fcdd39f-9103-4bdf-b1cd-7ac425b60fa9,0.30000000000000004,0.18000000000000002,0.06925100088119507
1fcdd39f-9103-4bdf-b1cd-7ac425b60fa9,0.30000000000000004,0.23,0.06716708838939667
1fd89f0b-63e1-43aa-8583-4bdb79086bb7,0.0,0.03,0.04558401554822922
1fd89f0b-63e1-43aa-8583-4bdb79086bb7,0.0,0.08,0.05820987746119499
1fd89f0b-63e1-43aa-8583-4bdb79086bb7,0.0,0.13,0.06203065440058708
1fd89f0b-63e1-43aa-8583-4bdb79086bb7,0.0,0.18000000000000002,0.0741015300154686
1fd89f0b-63e1-43aa-8583-4bdb79086bb7,0.0,0.23,0.07941896468400955
1fd89f0b-63e1-43aa-8583-4bdb79086bb7,0.01,0.03,0.04633863642811775
1fd89f0b-63e1-43aa-8583-4bdb79086bb7,0.01,0.08,0.06371328979730606
1fd89f0b-63e1-43aa-8583-4bdb79086bb7,0.01,0.13,0.06177276372909546
1fd89f0b-63e1-43aa-8583-4bdb79086bb7,0.01,0.18000000000000002,0.07287225872278214
1fd89f0b-63e1-43aa-8583-4bdb79086bb7,0.01,0.23,0.07456008344888687
1fd89f0b-63e1-43aa-8583-4bdb79086bb7,0.02,0.03,0.04450178146362305
1fd89f0b-63e1-43aa-8583-4bdb79086bb7,0.02,0.08,0.06238284334540367
1fd89f0b-63e1-43aa-8583-4bdb79086bb7,0.02,0.13,0.06665921211242676
1fd89f0b-63e1-43aa-8583-4bdb79086bb7,0.02,0.18000000000000002,0.07274025678634644
1fd89f0b-63e1-43aa-8583-4bdb79086bb7,0.02,0.23,0.0749937891960144
1fd89f0b-63e1-43aa-8583-4bdb79086bb7,0.03,0.03,0.04724215716123581
1fd89f0b-63e1-43aa-8583-4bdb79086bb7,0.03,0.08,0.056541603058576584
1fd89f0b-63e1-43aa-8583-4bdb79086bb7,0.03,0.13,0.06432021409273148
1fd89f0b-63e1-43aa-8583-4bdb79086bb7,0.03,0.18000000000000002,0.07584451884031296
1fd89f0b-63e1-43aa-8583-4bdb79086bb7,0.03,0.23,0.07752183079719543
1fd89f0b-63e1-43aa-8583-4bdb79086bb7,0.04,0.03,0.053408145904541016
1fd89f0b-63e1-43aa-8583-4bdb79086bb7,0.04,0.08,0.054021429270505905
1fd89f0b-63e1-43aa-8583-4bdb79086bb7,0.05,0.03,0.050018489360809326
1fd89f0b-63e1-43aa-8583-4bdb79086bb7,0.05,0.08,0.05675086751580238
1fd89f0b-63e1-43aa-8583-4bdb79086bb7,0.05,0.13,0.0699240043759346
1fd89f0b-63e1-43aa-8583-4bdb79086bb7,0.05,0.18000000000000002,0.0766444206237793
1fd89f0b-63e1-43aa-8583-4bdb79086bb7,0.05,0.23,0.07240702211856842
1fd89f0b-63e1-43aa-8583-4bdb79086bb7,0.1,0.03,0.04714643210172653
1fd89f0b-63e1-43aa-8583-4bdb79086bb7,0.1,0.08,0.06947921216487885
1fd89f0b-63e1-43aa-8583-4bdb79086bb7,0.1,0.13,0.08305220305919647
1fd89f0b-63e1-43aa-8583-4bdb79086bb7,0.1,0.18000000000000002,0.07390178740024567
1fd89f0b-63e1-43aa-8583-4bdb79086bb7,0.1,0.23,0.06409604102373123
1fd89f0b-63e1-43aa-8583-4bdb79086bb7,0.15000000000000002,0.03,0.06085802614688873
1fd89f0b-63e1-43aa-8583-4bdb79086bb7,0.15000000000000002,0.08,0.07632683217525482
1fd89f0b-63e1-43aa-8583-4bdb79086bb7,0.15000000000000002,0.13,0.06481239199638367
1fd89f0b-63e1-43aa-8583-4bdb79086bb7,0.15000000000000002,0.18000000000000002,0.06611521542072296
1fd89f0b-63e1-43aa-8583-4bdb79086bb7,0.15000000000000002,0.23,0.07050610333681107
1fd89f0b-63e1-43aa-8583-4bdb79086bb7,0.2,0.03,0.0488402433693409
1fd89f0b-63e1-43aa-8583-4bdb79086bb7,0.2,0.08,0.059163209050893784
1fd89f0b-63e1-43aa-8583-4bdb79086bb7,0.2,0.13,0.06433624029159546
1fd89f0b-63e1-43aa-8583-4bdb79086bb7,0.2,0.18000000000000002,0.06842632591724396
1fd89f0b-63e1-43aa-8583-4bdb79086bb7,0.2,0.23,0.07626602798700333
1fd89f0b-63e1-43aa-8583-4bdb79086bb7,0.25,0.03,0.050452206283807755
1fd89f0b-63e1-43aa-8583-4bdb79086bb7,0.25,0.08,0.058683425188064575
1fd89f0b-63e1-43aa-8583-4bdb79086bb7,0.25,0.13,0.06821941584348679
1fd89f0b-63e1-43aa-8583-4bdb79086bb7,0.25,0.18000000000000002,0.0720081552863121
1fd89f0b-63e1-43aa-8583-4bdb79086bb7,0.25,0.23,0.06984483450651169
1fd89f0b-63e1-43aa-8583-4bdb79086bb7,0.30000000000000004,0.03,0.04876137524843216
1fd89f0b-63e1-43aa-8583-4bdb79086bb7,0.30000000000000004,0.08,0.05571533367037773
1fd89f0b-63e1-43aa-8583-4bdb79086bb7,0.30000000000000004,0.13,0.06862565129995346
1fd89f0b-63e1-43aa-8583-4bdb79086bb7,0.30000000000000004,0.18000000000000002,0.06309164315462112
1fd89f0b-63e1-43aa-8583-4bdb79086bb7,0.30000000000000004,0.23,0.059335365891456604
20213aea-4666-4f1c-9eeb-3aac4577bb78,0.0,0.03,0.05628775805234909
20213aea-4666-4f1c-9eeb-3aac4577bb78,0.0,0.08,0.06925269216299057
20213aea-4666-4f1c-9eeb-3aac4577bb78,0.0,0.13,0.0743684396147728
20213aea-4666-4f1c-9eeb-3aac4577bb78,0.0,0.18000000000000002,0.0720965713262558
20213aea-4666-4f1c-9eeb-3aac4577bb78,0.0,0.23,0.07284410297870636
20213aea-4666-4f1c-9eeb-3aac4577bb78,0.01,0.03,0.058130908757448196
20213aea-4666-4f1c-9eeb-3aac4577bb78,0.01,0.08,0.0674971267580986
20213aea-4666-4f1c-9eeb-3aac4577bb78,0.01,0.13,0.07114242762327194
20213aea-4666-4f1c-9eeb-3aac4577bb78,0.01,0.18000000000000002,0.06938088685274124
20213aea-4666-4f1c-9eeb-3aac4577bb78,0.01,0.23,0.07690350711345673
20213aea-4666-4f1c-9eeb-3aac4577bb78,0.02,0.03,0.05144025757908821
20213aea-4666-4f1c-9eeb-3aac4577bb78,0.02,0.08,0.0641661137342453
20213aea-4666-4f1c-9eeb-3aac4577bb78,0.02,0.13,0.07231609523296356
20213aea-4666-4f1c-9eeb-3aac4577bb78,0.02,0.18000000000000002,0.06881660223007202
20213aea-4666-4f1c-9eeb-3aac4577bb78,0.02,0.23,0.074927419424057
20213aea-4666-4f1c-9eeb-3aac4577bb78,0.03,0.03,0.051196400076150894
20213aea-4666-4f1c-9eeb-3aac4577bb78,0.03,0.08,0.06889410316944122
20213aea-4666-4f1c-9eeb-3aac4577bb78,0.03,0.13,0.07154855132102966
20213aea-4666-4f1c-9eeb-3aac4577bb78,0.03,0.18000000000000002,0.0693032294511795
20213aea-4666-4f1c-9eeb-3aac4577bb78,0.03,0.23,0.07817883789539337
20213aea-4666-4f1c-9eeb-3aac4577bb78,0.04,0.03,0.04806576296687126
20213aea-4666-4f1c-9eeb-3aac4577bb78,0.04,0.08,0.07165686786174774
20213aea-4666-4f1c-9eeb-3aac4577bb78,0.05,0.03,0.06352294236421585
20213aea-4666-4f1c-9eeb-3aac4577bb78,0.05,0.08,0.06478787213563919
20213aea-4666-4f1c-9eeb-3aac4577bb78,0.05,0.13,0.06675416231155396
20213aea-4666-4f1c-9eeb-3aac4577bb78,0.05,0.18000000000000002,0.07632420212030411
20213aea-4666-4f1c-9eeb-3aac4577bb78,0.05,0.23,0.08517284691333771
20213aea-4666-4f1c-9eeb-3aac4577bb78,0.1,0.03,0.05496048927307129
20213aea-4666-4f1c-9eeb-3aac4577bb78,0.1,0.08,0.06561718136072159
20213aea-4666-4f1c-9eeb-3aac4577bb78,0.1,0.13,0.07808005064725876
20213aea-4666-4f1c-9eeb-3aac4577bb78,0.1,0.18000000000000002,0.08311625570058823
20213aea-4666-4f1c-9eeb-3aac4577bb78,0.1,0.23,0.0999542847275734
20213aea-4666-4f1c-9eeb-3aac4577bb78,0.15000000000000002,0.03,0.048724833875894547
20213aea-4666-4f1c-9eeb-3aac4577bb78,0.15000000000000002,0.08,0.07778359204530716
20213aea-4666-4f1c-9eeb-3aac4577bb78,0.15000000000000002,0.13,0.08973460644483566
20213aea-4666-4f1c-9eeb-3aac4577bb78,0.15000000000000002,0.18000000000000002,0.097274549305439
20213aea-4666-4f1c-9eeb-3aac4577bb78,0.15000000000000002,0.23,0.10422299057245255
20213aea-4666-4f1c-9eeb-3aac4577bb78,0.2,0.03,0.060371045023202896
20213aea-4666-4f1c-9eeb-3aac4577bb78,0.2,0.08,0.0732654333114624
20213aea-4666-4f1c-9eeb-3aac4577bb78,0.2,0.13,0.08902908861637115
20213aea-4666-4f1c-9eeb-3aac4577bb78,0.2,0.18000000000000002,0.09597522020339966
20213aea-4666-4f1c-9eeb-3aac4577bb78,0.2,0.23,0.10172833502292633
20213aea-4666-4f1c-9eeb-3aac4577bb78,0.25,0.03,0.047819506376981735
20213aea-4666-4f1c-9eeb-3aac4577bb78,0.25,0.08,0.07102473825216293
20213aea-4666-4f1c-9eeb-3aac4577bb78,0.25,0.13,0.08131517469882965
20213aea-4666-4f1c-9eeb-3aac4577bb78,0.25,0.18000000000000002,0.08865351974964142
20213aea-4666-4f1c-9eeb-3aac4577bb78,0.25,0.23,0.08524294197559357
20213aea-4666-4f1c-9eeb-3aac4577bb78,0.30000000000000004,0.03,0.06161756440997124
20213aea-4666-4f1c-9eeb-3aac4577bb78,0.30000000000000004,0.08,0.06424777209758759
20213aea-4666-4f1c-9eeb-3aac4577bb78,0.30000000000000004,0.13,0.07528747618198395
20213aea-4666-4f1c-9eeb-3aac4577bb78,0.30000000000000004,0.18000000000000002,0.0741865336894989
20213aea-4666-4f1c-9eeb-3aac4577bb78,0.30000000000000004,0.23,0.0827946662902832
202b3543-1aee-4061-bf08-1674d757a721,0.0,0.03,0.08837945014238358
202b3543-1aee-4061-bf08-1674d757a721,0.0,0.08,0.12200718373060226
202b3543-1aee-4061-bf08-1674d757a721,0.0,0.13,0.12482617050409317
202b3543-1aee-4061-bf08-1674d757a721,0.0,0.18000000000000002,0.1169099286198616
202b3543-1aee-4061-bf08-1674d757a721,0.0,0.23,0.10924522578716278
202b3543-1aee-4061-bf08-1674d757a721,0.01,0.03,0.09428504854440689
202b3543-1aee-4061-bf08-1674d757a721,0.01,0.08,0.1294901818037033
202b3543-1aee-4061-bf08-1674d757a721,0.01,0.13,0.12726961076259613
202b3543-1aee-4061-bf08-1674d757a721,0.01,0.18000000000000002,0.11710231006145477
202b3543-1aee-4061-bf08-1674d757a721,0.01,0.23,0.10557205975055695
202b3543-1aee-4061-bf08-1674d757a721,0.02,0.03,0.1041836142539978
202b3543-1aee-4061-bf08-1674d757a721,0.02,0.08,0.13221333920955658
202b3543-1aee-4061-bf08-1674d757a721,0.02,0.13,0.12754301726818085
202b3543-1aee-4061-bf08-1674d757a721,0.02,0.18000000000000002,0.11564519256353378
202b3543-1aee-4061-bf08-1674d757a721,0.02,0.23,0.10460181534290314
202b3543-1aee-4061-bf08-1674d757a721,0.03,0.03,0.10898127406835556
202b3543-1aee-4061-bf08-1674d757a721,0.03,0.08,0.1337040364742279
202b3543-1aee-4061-bf08-1674d757a721,0.03,0.13,0.12494583427906036
202b3543-1aee-4061-bf08-1674d757a721,0.03,0.18000000000000002,0.11125751584768295
202b3543-1aee-4061-bf08-1674d757a721,0.03,0.23,0.10270017385482788
202b3543-1aee-4061-bf08-1674d757a721,0.04,0.03,0.10685381293296814
202b3543-1aee-4061-bf08-1674d757a721,0.04,0.08,0.1297055035829544
202b3543-1aee-4061-bf08-1674d757a721,0.05,0.03,0.11265578866004944
202b3543-1aee-4061-bf08-1674d757a721,0.05,0.08,0.12066058069467545
202b3543-1aee-4061-bf08-1674d757a721,0.05,0.13,0.11099579930305481
202b3543-1aee-4061-bf08-1674d757a721,0.05,0.18000000000000002,0.1030353531241417
202b3543-1aee-4061-bf08-1674d757a721,0.05,0.23,0.09329219162464142
202b3543-1aee-4061-bf08-1674d757a721,0.1,0.03,0.09353191405534744
202b3543-1aee-4061-bf08-1674d757a721,0.1,0.08,0.09565137326717377
202b3543-1aee-4061-bf08-1674d757a721,0.1,0.13,0.0934382900595665
202b3543-1aee-4061-bf08-1674d757a721,0.1,0.18000000000000002,0.08636262267827988
202b3543-1aee-4061-bf08-1674d757a721,0.1,0.23,0.08276543766260147
202b3543-1aee-4061-bf08-1674d757a721,0.15000000000000002,0.03,0.06806489080190659
202b3543-1aee-4061-bf08-1674d757a721,0.15000000000000002,0.08,0.0834885761141777
202b3543-1aee-4061-bf08-1674d757a721,0.15000000000000002,0.13,0.07625416666269302
202b3543-1aee-4061-bf08-1674d757a721,0.15000000000000002,0.18000000000000002,0.07665407657623291
202b3543-1aee-4061-bf08-1674d757a721,0.15000000000000002,0.23,0.08130863308906555
202b3543-1aee-4061-bf08-1674d757a721,0.2,0.03,0.06637555360794067
202b3543-1aee-4061-bf08-1674d757a721,0.2,0.08,0.0749928429722786
202b3543-1aee-4061-bf08-1674d757a721,0.2,0.13,0.07775817811489105
202b3543-1aee-4061-bf08-1674d757a721,0.2,0.18000000000000002,0.08051230013370514
202b3543-1aee-4061-bf08-1674d757a721,0.2,0.23,0.07825308293104172
202b3543-1aee-4061-bf08-1674d757a721,0.25,0.03,0.06247350946068764
202b3543-1aee-4061-bf08-1674d757a721,0.25,0.08,0.07532442361116409
202b3543-1aee-4061-bf08-1674d757a721,0.25,0.13,0.08152036368846893
202b3543-1aee-4061-bf08-1674d757a721,0.25,0.18000000000000002,0.07750149071216583
202b3543-1aee-4061-bf08-1674d757a721,0.25,0.23,0.07375133037567139
202b3543-1aee-4061-bf08-1674d757a721,0.30000000000000004,0.03,0.0593462809920311
202b3543-1aee-4061-bf08-1674d757a721,0.30000000000000004,0.08,0.07451069355010986
202b3543-1aee-4061-bf08-1674d757a721,0.30000000000000004,0.13,0.07282520085573196
202b3543-1aee-4061-bf08-1674d757a721,0.30000000000000004,0.18000000000000002,0.06805893778800964
202b3543-1aee-4061-bf08-1674d757a721,0.30000000000000004,0.23,0.06897709518671036
20430b20-30a9-49ed-8cad-bab3b25620b5,0.0,0.03,0.07331129163503647
20430b20-30a9-49ed-8cad-bab3b25620b5,0.0,0.08,0.10828956216573715
20430b20-30a9-49ed-8cad-bab3b25620b5,0.0,0.13,0.11482740938663483
20430b20-30a9-49ed-8cad-bab3b25620b5,0.0,0.18000000000000002,0.09316232055425644
20430b20-30a9-49ed-8cad-bab3b25620b5,0.0,0.23,0.0760941430926323
20430b20-30a9-49ed-8cad-bab3b25620b5,0.01,0.03,0.06885134428739548
20430b20-30a9-49ed-8cad-bab3b25620b5,0.01,0.08,0.09056608378887177
20430b20-30a9-49ed-8cad-bab3b25620b5,0.01,0.13,0.09513732045888901
20430b20-30a9-49ed-8cad-bab3b25620b5,0.01,0.18000000000000002,0.08453240990638733
20430b20-30a9-49ed-8cad-bab3b25620b5,0.01,0.23,0.07832072675228119
20430b20-30a9-49ed-8cad-bab3b25620b5,0.02,0.03,0.06420432776212692
20430b20-30a9-49ed-8cad-bab3b25620b5,0.02,0.08,0.09535487741231918
20430b20-30a9-49ed-8cad-bab3b25620b5,0.02,0.13,0.09754324704408646
20430b20-30a9-49ed-8cad-bab3b25620b5,0.02,0.18000000000000002,0.08168260008096695
20430b20-30a9-49ed-8cad-bab3b25620b5,0.02,0.23,0.07853861898183823
20430b20-30a9-49ed-8cad-bab3b25620b5,0.03,0.03,0.07188232988119125
20430b20-30a9-49ed-8cad-bab3b25620b5,0.03,0.08,0.10279211401939392
20430b20-30a9-49ed-8cad-bab3b25620b5,0.03,0.13,0.09363789111375809
20430b20-30a9-49ed-8cad-bab3b25620b5,0.03,0.18000000000000002,0.07850661128759384
20430b20-30a9-49ed-8cad-bab3b25620b5,0.03,0.23,0.07842746376991272
20430b20-30a9-49ed-8cad-bab3b25620b5,0.04,0.03,0.07145548611879349
20430b20-30a9-49ed-8cad-bab3b25620b5,0.04,0.08,0.10630208253860474
20430b20-30a9-49ed-8cad-bab3b25620b5,0.05,0.03,0.08659038692712784
20430b20-30a9-49ed-8cad-bab3b25620b5,0.05,0.08,0.09704165160655975
20430b20-30a9-49ed-8cad-bab3b25620b5,0.05,0.13,0.07463400810956955
20430b20-30a9-49ed-8cad-bab3b25620b5,0.05,0.18000000000000002,0.07334397733211517
20430b20-30a9-49ed-8cad-bab3b25620b5,0.05,0.23,0.07639016956090927
20430b20-30a9-49ed-8cad-bab3b25620b5,0.1,0.03,0.05395695939660072
20430b20-30a9-49ed-8cad-bab3b25620b5,0.1,0.08,0.062462218105793
20430b20-30a9-49ed-8cad-bab3b25620b5,0.1,0.13,0.0712432712316513
20430b20-30a9-49ed-8cad-bab3b25620b5,0.1,0.18000000000000002,0.06952497363090515
20430b20-30a9-49ed-8cad-bab3b25620b5,0.1,0.23,0.07247420400381088
20430b20-30a9-49ed-8cad-bab3b25620b5,0.15000000000000002,0.03,0.04977064207196236
20430b20-30a9-49ed-8cad-bab3b25620b5,0.15000000000000002,0.08,0.0635276734828949
20430b20-30a9-49ed-8cad-bab3b25620b5,0.15000000000000002,0.13,0.06698088347911835
20430b20-30a9-49ed-8cad-bab3b25620b5,0.15000000000000002,0.18000000000000002,0.06626292318105698
20430b20-30a9-49ed-8cad-bab3b25620b5,0.15000000000000002,0.23,0.06700946390628815
20430b20-30a9-49ed-8cad-bab3b25620b5,0.2,0.03,0.06028589606285095
20430b20-30a9-49ed-8cad-bab3b25620b5,0.2,0.08,0.06785771250724792
20430b20-30a9-49ed-8cad-bab3b25620b5,0.2,0.13,0.06381769478321075
20430b20-30a9-49ed-8cad-bab3b25620b5,0.2,0.18000000000000002,0.06406863033771515
20430b20-30a9-49ed-8cad-bab3b25620b5,0.2,0.23,0.06210223212838173
20430b20-30a9-49ed-8cad-bab3b25620b5,0.25,0.03,0.05306117236614227
20430b20-30a9-49ed-8cad-bab3b25620b5,0.25,0.08,0.05347336456179619
20430b20-30a9-49ed-8cad-bab3b25620b5,0.25,0.13,0.061557285487651825
20430b20-30a9-49ed-8cad-bab3b25620b5,0.25,0.18000000000000002,0.06789877265691757
20430b20-30a9-49ed-8cad-bab3b25620b5,0.25,0.23,0.0729484036564827
20430b20-30a9-49ed-8cad-bab3b25620b5,0.30000000000000004,0.03,0.05313504859805107
20430b20-30a9-49ed-8cad-bab3b25620b5,0.30000000000000004,0.08,0.06416485458612442
20430b20-30a9-49ed-8cad-bab3b25620b5,0.30000000000000004,0.13,0.0719318836927414
20430b20-30a9-49ed-8cad-bab3b25620b5,0.30000000000000004,0.18000000000000002,0.08452431112527847
20430b20-30a9-49ed-8cad-bab3b25620b5,0.30000000000000004,0.23,0.08172521740198135
20e388ff-051f-49e9-8da8-cb079afc44c4,0.0,0.03,0.058839939534664154
20e388ff-051f-49e9-8da8-cb079afc44c4,0.0,0.08,0.10859312862157822
20e388ff-051f-49e9-8da8-cb079afc44c4,0.0,0.13,0.11408643424510956
20e388ff-051f-49e9-8da8-cb079afc44c4,0.0,0.18000000000000002,0.10454391688108444
20e388ff-051f-49e9-8da8-cb079afc44c4,0.0,0.23,0.09225098043680191
20e388ff-051f-49e9-8da8-cb079afc44c4,0.01,0.03,0.0660870149731636
20e388ff-051f-49e9-8da8-cb079afc44c4,0.01,0.08,0.09225185960531235
20e388ff-051f-49e9-8da8-cb079afc44c4,0.01,0.13,0.0958019569516182
20e388ff-051f-49e9-8da8-cb079afc44c4,0.01,0.18000000000000002,0.09102024883031845
20e388ff-051f-49e9-8da8-cb079afc44c4,0.01,0.23,0.08015008270740509
20e388ff-051f-49e9-8da8-cb079afc44c4,0.02,0.03,0.06655993312597275
20e388ff-051f-49e9-8da8-cb079afc44c4,0.02,0.08,0.09773891419172287
20e388ff-051f-49e9-8da8-cb079afc44c4,0.02,0.13,0.09913663566112518
20e388ff-051f-49e9-8da8-cb079afc44c4,0.02,0.18000000000000002,0.08806291967630386
20e388ff-051f-49e9-8da8-cb079afc44c4,0.02,0.23,0.08031444996595383
20e388ff-051f-49e9-8da8-cb079afc44c4,0.03,0.03,0.06787022948265076
20e388ff-051f-49e9-8da8-cb079afc44c4,0.03,0.08,0.09708116948604584
20e388ff-051f-49e9-8da8-cb079afc44c4,0.03,0.13,0.09976887702941895
20e388ff-051f-49e9-8da8-cb079afc44c4,0.03,0.18000000000000002,0.08429159224033356
20e388ff-051f-49e9-8da8-cb079afc44c4,0.03,0.23,0.07909255474805832
20e388ff-051f-49e9-8da8-cb079afc44c4,0.04,0.03,0.06955058872699738
20e388ff-051f-49e9-8da8-cb079afc44c4,0.04,0.08,0.09584071487188339
20e388ff-051f-49e9-8da8-cb079afc44c4,0.05,0.03,0.07949881255626678
20e388ff-051f-49e9-8da8-cb079afc44c4,0.05,0.08,0.09820157289505005
20e388ff-051f-49e9-8da8-cb079afc44c4,0.05,0.13,0.09343675523996353
20e388ff-051f-49e9-8da8-cb079afc44c4,0.05,0.18000000000000002,0.07760848850011826
20e388ff-051f-49e9-8da8-cb079afc44c4,0.05,0.23,0.06968770176172256
20e388ff-051f-49e9-8da8-cb079afc44c4,0.1,0.03,0.06307154148817062
20e388ff-051f-49e9-8da8-cb079afc44c4,0.1,0.08,0.08044672012329102
20e388ff-051f-49e9-8da8-cb079afc44c4,0.1,0.13,0.08467645198106766
20e388ff-051f-49e9-8da8-cb079afc44c4,0.1,0.18000000000000002,0.07642396539449692
20e388ff-051f-49e9-8da8-cb079afc44c4,0.1,0.23,0.07385007292032242
20e388ff-051f-49e9-8da8-cb079afc44c4,0.15000000000000002,0.03,0.05033489689230919
20e388ff-051f-49e9-8da8-cb079afc44c4,0.15000000000000002,0.08,0.06873928755521774
20e388ff-051f-49e9-8da8-cb079afc44c4,0.15000000000000002,0.13,0.06554926931858063
20e388ff-051f-49e9-8da8-cb079afc44c4,0.15000000000000002,0.18000000000000002,0.06539759039878845
20e388ff-051f-49e9-8da8-cb079afc44c4,0.15000000000000002,0.23,0.06457995623350143
20e388ff-051f-49e9-8da8-cb079afc44c4,0.2,0.03,0.04904875531792641
20e388ff-051f-49e9-8da8-cb079afc44c4,0.2,0.08,0.06044270470738411
20e388ff-051f-49e9-8da8-cb079afc44c4,0.2,0.13,0.06404168903827667
20e388ff-051f-49e9-8da8-cb079afc44c4,0.2,0.18000000000000002,0.06245638057589531
20e388ff-051f-49e9-8da8-cb079afc44c4,0.2,0.23,0.06543724238872528
20e388ff-051f-49e9-8da8-cb079afc44c4,0.25,0.03,0.05150630697607994
20e388ff-051f-49e9-8da8-cb079afc44c4,0.25,0.08,0.06279990822076797
20e388ff-051f-49e9-8da8-cb079afc44c4,0.25,0.13,0.0573604591190815
20e388ff-051f-49e9-8da8-cb079afc44c4,0.25,0.18000000000000002,0.06135764345526695
20e388ff-051f-49e9-8da8-cb079afc44c4,0.25,0.23,0.060193415731191635
20e388ff-051f-49e9-8da8-cb079afc44c4,0.30000000000000004,0.03,0.04975687712430954
20e388ff-051f-49e9-8da8-cb079afc44c4,0.30000000000000004,0.08,0.053891997784376144
20e388ff-051f-49e9-8da8-cb079afc44c4,0.30000000000000004,0.13,0.05830523744225502
20e388ff-051f-49e9-8da8-cb079afc44c4,0.30000000000000004,0.18000000000000002,0.057398129254579544
20e388ff-051f-49e9-8da8-cb079afc44c4,0.30000000000000004,0.23,0.059397537261247635
210e792c-c7c4-4398-80f2-78c79ab05856,0.0,0.03,0.07176586985588074
210e792c-c7c4-4398-80f2-78c79ab05856,0.0,0.08,0.079098641872406
210e792c-c7c4-4398-80f2-78c79ab05856,0.0,0.13,0.08423034101724625
210e792c-c7c4-4398-80f2-78c79ab05856,0.0,0.18000000000000002,0.08589340001344681
210e792c-c7c4-4398-80f2-78c79ab05856,0.0,0.23,0.10114516317844391
210e792c-c7c4-4398-80f2-78c79ab05856,0.01,0.03,0.07118286937475204
210e792c-c7c4-4398-80f2-78c79ab05856,0.01,0.08,0.08320301026105881
210e792c-c7c4-4398-80f2-78c79ab05856,0.01,0.13,0.08677086979150772
210e792c-c7c4-4398-80f2-78c79ab05856,0.01,0.18000000000000002,0.09542833268642426
210e792c-c7c4-4398-80f2-78c79ab05856,0.01,0.23,0.10285068303346634
210e792c-c7c4-4398-80f2-78c79ab05856,0.02,0.03,0.08383694291114807
210e792c-c7c4-4398-80f2-78c79ab05856,0.02,0.08,0.07487253099679947
210e792c-c7c4-4398-80f2-78c79ab05856,0.02,0.13,0.0815962478518486
210e792c-c7c4-4398-80f2-78c79ab05856,0.02,0.18000000000000002,0.08847340196371078
210e792c-c7c4-4398-80f2-78c79ab05856,0.02,0.23,0.10632934421300888
210e792c-c7c4-4398-80f2-78c79ab05856,0.03,0.03,0.08383694291114807
210e792c-c7c4-4398-80f2-78c79ab05856,0.03,0.08,0.07487253099679947
210e792c-c7c4-4398-80f2-78c79ab05856,0.03,0.13,0.0815962478518486
210e792c-c7c4-4398-80f2-78c79ab05856,0.03,0.18000000000000002,0.08847340196371078
210e792c-c7c4-4398-80f2-78c79ab05856,0.03,0.23,0.10632934421300888
210e792c-c7c4-4398-80f2-78c79ab05856,0.04,0.03,0.08383694291114807
210e792c-c7c4-4398-80f2-78c79ab05856,0.04,0.08,0.07556897401809692
210e792c-c7c4-4398-80f2-78c79ab05856,0.05,0.03,0.0
210e792c-c7c4-4398-80f2-78c79ab05856,0.05,0.08,0.0798310711979866
210e792c-c7c4-4398-80f2-78c79ab05856,0.05,0.13,0.07989214360713959
210e792c-c7c4-4398-80f2-78c79ab05856,0.05,0.18000000000000002,0.10055742412805557
210e792c-c7c4-4398-80f2-78c79ab05856,0.05,0.23,0.10862787812948227
210e792c-c7c4-4398-80f2-78c79ab05856,0.1,0.03,0.06852475553750992
210e792c-c7c4-4398-80f2-78c79ab05856,0.1,0.08,0.07762908190488815
210e792c-c7c4-4398-80f2-78c79ab05856,0.1,0.13,0.09916417300701141
210e792c-c7c4-4398-80f2-78c79ab05856,0.1,0.18000000000000002,0.1075982004404068
210e792c-c7c4-4398-80f2-78c79ab05856,0.1,0.23,0.11467081308364868
210e792c-c7c4-4398-80f2-78c79ab05856,0.15000000000000002,0.03,0.0
210e792c-c7c4-4398-80f2-78c79ab05856,0.15000000000000002,0.08,0.07724510878324509
210e792c-c7c4-4398-80f2-78c79ab05856,0.15000000000000002,0.13,0.08318578451871872
210e792c-c7c4-4398-80f2-78c79ab05856,0.15000000000000002,0.18000000000000002,0.09850898385047913
210e792c-c7c4-4398-80f2-78c79ab05856,0.15000000000000002,0.23,0.09783298522233963
210e792c-c7c4-4398-80f2-78c79ab05856,0.2,0.03,0.06699983775615692
210e792c-c7c4-4398-80f2-78c79ab05856,0.2,0.08,0.06662425398826599
210e792c-c7c4-4398-80f2-78c79ab05856,0.2,0.13,0.09068613499403
210e792c-c7c4-4398-80f2-78c79ab05856,0.2,0.18000000000000002,0.09106922149658203
210e792c-c7c4-4398-80f2-78c79ab05856,0.2,0.23,0.09545690566301346
210e792c-c7c4-4398-80f2-78c79ab05856,0.25,0.03,0.0
210e792c-c7c4-4398-80f2-78c79ab05856,0.25,0.08,0.07106591761112213
210e792c-c7c4-4398-80f2-78c79ab05856,0.25,0.13,0.09076301008462906
210e792c-c7c4-4398-80f2-78c79ab05856,0.25,0.18000000000000002,0.09953334927558899
210e792c-c7c4-4398-80f2-78c79ab05856,0.25,0.23,0.09021719545125961
210e792c-c7c4-4398-80f2-78c79ab05856,0.30000000000000004,0.03,0.08559537678956985
210e792c-c7c4-4398-80f2-78c79ab05856,0.30000000000000004,0.08,0.09577005356550217
210e792c-c7c4-4398-80f2-78c79ab05856,0.30000000000000004,0.13,0.09329627454280853
210e792c-c7c4-4398-80f2-78c79ab05856,0.30000000000000004,0.18000000000000002,0.09079504758119583
210e792c-c7c4-4398-80f2-78c79ab05856,0.30000000000000004,0.23,0.1074681431055069
21169af6-960c-46b0-9079-7826fd55eec5,0.0,0.03,0.05797376483678818
21169af6-960c-46b0-9079-7826fd55eec5,0.0,0.08,0.08258716017007828
21169af6-960c-46b0-9079-7826fd55eec5,0.0,0.13,0.10609114170074463
21169af6-960c-46b0-9079-7826fd55eec5,0.0,0.18000000000000002,0.10465877503156662
21169af6-960c-46b0-9079-7826fd55eec5,0.0,0.23,0.09654609113931656
21169af6-960c-46b0-9079-7826fd55eec5,0.01,0.03,0.052134837955236435
21169af6-960c-46b0-9079-7826fd55eec5,0.01,0.08,0.07072555273771286
21169af6-960c-46b0-9079-7826fd55eec5,0.01,0.13,0.0940329059958458
21169af6-960c-46b0-9079-7826fd55eec5,0.01,0.18000000000000002,0.09266823530197144
21169af6-960c-46b0-9079-7826fd55eec5,0.01,0.23,0.08587148040533066
21169af6-960c-46b0-9079-7826fd55eec5,0.02,0.03,0.04964702948927879
21169af6-960c-46b0-9079-7826fd55eec5,0.02,0.08,0.07044357061386108
21169af6-960c-46b0-9079-7826fd55eec5,0.02,0.13,0.0994153693318367
21169af6-960c-46b0-9079-7826fd55eec5,0.02,0.18000000000000002,0.09446859359741211
21169af6-960c-46b0-9079-7826fd55eec5,0.02,0.23,0.08345483988523483
21169af6-960c-46b0-9079-7826fd55eec5,0.03,0.03,0.05135822668671608
21169af6-960c-46b0-9079-7826fd55eec5,0.03,0.08,0.08067309111356735
21169af6-960c-46b0-9079-7826fd55eec5,0.03,0.13,0.09820468723773956
21169af6-960c-46b0-9079-7826fd55eec5,0.03,0.18000000000000002,0.09232842177152634
21169af6-960c-46b0-9079-7826fd55eec5,0.03,0.23,0.08402428030967712
21169af6-960c-46b0-9079-7826fd55eec5,0.04,0.03,0.05146220698952675
21169af6-960c-46b0-9079-7826fd55eec5,0.04,0.08,0.09631963074207306
21169af6-960c-46b0-9079-7826fd55eec5,0.05,0.03,0.0658201053738594
21169af6-960c-46b0-9079-7826fd55eec5,0.05,0.08,0.10549123585224152
21169af6-960c-46b0-9079-7826fd55eec5,0.05,0.13,0.10404878854751587
21169af6-960c-46b0-9079-7826fd55eec5,0.05,0.18000000000000002,0.09317296743392944
21169af6-960c-46b0-9079-7826fd55eec5,0.05,0.23,0.08125382661819458
21169af6-960c-46b0-9079-7826fd55eec5,0.1,0.03,0.08625117689371109
21169af6-960c-46b0-9079-7826fd55eec5,0.1,0.08,0.08945049345493317
21169af6-960c-46b0-9079-7826fd55eec5,0.1,0.13,0.08330490440130234
21169af6-960c-46b0-9079-7826fd55eec5,0.1,0.18000000000000002,0.06677766889333725
21169af6-960c-46b0-9079-7826fd55eec5,0.1,0.23,0.06976807862520218
21169af6-960c-46b0-9079-7826fd55eec5,0.15000000000000002,0.03,0.04846753925085068
21169af6-960c-46b0-9079-7826fd55eec5,0.15000000000000002,0.08,0.060839422047138214
21169af6-960c-46b0-9079-7826fd55eec5,0.15000000000000002,0.13,0.061411451548337936
21169af6-960c-46b0-9079-7826fd55eec5,0.15000000000000002,0.18000000000000002,0.06396191567182541
21169af6-960c-46b0-9079-7826fd55eec5,0.15000000000000002,0.23,0.06533710658550262
21169af6-960c-46b0-9079-7826fd55eec5,0.2,0.03,0.04604952782392502
21169af6-960c-46b0-9079-7826fd55eec5,0.2,0.08,0.06306164711713791
21169af6-960c-46b0-9079-7826fd55eec5,0.2,0.13,0.0664023607969284
21169af6-960c-46b0-9079-7826fd55eec5,0.2,0.18000000000000002,0.06649523228406906
21169af6-960c-46b0-9079-7826fd55eec5,0.2,0.23,0.06561551988124847
21169af6-960c-46b0-9079-7826fd55eec5,0.25,0.03,0.05221099779009819
21169af6-960c-46b0-9079-7826fd55eec5,0.25,0.08,0.06470007449388504
21169af6-960c-46b0-9079-7826fd55eec5,0.25,0.13,0.07383489608764648
21169af6-960c-46b0-9079-7826fd55eec5,0.25,0.18000000000000002,0.07106149196624756
21169af6-960c-46b0-9079-7826fd55eec5,0.25,0.23,0.069182388484478
21169af6-960c-46b0-9079-7826fd55eec5,0.30000000000000004,0.03,0.05014824867248535
21169af6-960c-46b0-9079-7826fd55eec5,0.30000000000000004,0.08,0.07131229341030121
21169af6-960c-46b0-9079-7826fd55eec5,0.30000000000000004,0.13,0.06858425587415695
21169af6-960c-46b0-9079-7826fd55eec5,0.30000000000000004,0.18000000000000002,0.06951048970222473
21169af6-960c-46b0-9079-7826fd55eec5,0.30000000000000004,0.23,0.07327942550182343
2178464b-ebc1-4c71-b5d5-07e8f884ad93,0.0,0.03,0.05190182849764824
2178464b-ebc1-4c71-b5d5-07e8f884ad93,0.0,0.08,0.06612945348024368
2178464b-ebc1-4c71-b5d5-07e8f884ad93,0.0,0.13,0.06570605933666229
2178464b-ebc1-4c71-b5d5-07e8f884ad93,0.0,0.18000000000000002,0.06664538383483887
2178464b-ebc1-4c71-b5d5-07e8f884ad93,0.0,0.23,0.0658339112997055
2178464b-ebc1-4c71-b5d5-07e8f884ad93,0.01,0.03,0.04688507318496704
2178464b-ebc1-4c71-b5d5-07e8f884ad93,0.01,0.08,0.06420052796602249
2178464b-ebc1-4c71-b5d5-07e8f884ad93,0.01,0.13,0.06632811576128006
2178464b-ebc1-4c71-b5d5-07e8f884ad93,0.01,0.18000000000000002,0.06747256964445114
2178464b-ebc1-4c71-b5d5-07e8f884ad93,0.01,0.23,0.06578782200813293
2178464b-ebc1-4c71-b5d5-07e8f884ad93,0.02,0.03,0.0506022647023201
2178464b-ebc1-4c71-b5d5-07e8f884ad93,0.02,0.08,0.06744387745857239
2178464b-ebc1-4c71-b5d5-07e8f884ad93,0.02,0.13,0.06869236379861832
2178464b-ebc1-4c71-b5d5-07e8f884ad93,0.02,0.18000000000000002,0.06745044142007828
2178464b-ebc1-4c71-b5d5-07e8f884ad93,0.02,0.23,0.06642794609069824
2178464b-ebc1-4c71-b5d5-07e8f884ad93,0.03,0.03,0.04856330528855324
2178464b-ebc1-4c71-b5d5-07e8f884ad93,0.03,0.08,0.062062960118055344
2178464b-ebc1-4c71-b5d5-07e8f884ad93,0.03,0.13,0.06515113264322281
2178464b-ebc1-4c71-b5d5-07e8f884ad93,0.03,0.18000000000000002,0.06570293754339218
2178464b-ebc1-4c71-b5d5-07e8f884ad93,0.03,0.23,0.06965514272451401
2178464b-ebc1-4c71-b5d5-07e8f884ad93,0.04,0.03,0.04757106676697731
2178464b-ebc1-4c71-b5d5-07e8f884ad93,0.04,0.08,0.06188337132334709
2178464b-ebc1-4c71-b5d5-07e8f884ad93,0.05,0.03,0.05416339635848999
2178464b-ebc1-4c71-b5d5-07e8f884ad93,0.05,0.08,0.06137113645672798
2178464b-ebc1-4c71-b5d5-07e8f884ad93,0.05,0.13,0.06403663009405136
2178464b-ebc1-4c71-b5d5-07e8f884ad93,0.05,0.18000000000000002,0.06689243018627167
2178464b-ebc1-4c71-b5d5-07e8f884ad93,0.05,0.23,0.06771833449602127
2178464b-ebc1-4c71-b5d5-07e8f884ad93,0.1,0.03,0.050250161439180374
2178464b-ebc1-4c71-b5d5-07e8f884ad93,0.1,0.08,0.06112327426671982
2178464b-ebc1-4c71-b5d5-07e8f884ad93,0.1,0.13,0.069295234978199
2178464b-ebc1-4c71-b5d5-07e8f884ad93,0.1,0.18000000000000002,0.0725574865937233
2178464b-ebc1-4c71-b5d5-07e8f884ad93,0.1,0.23,0.06903665512800217
2178464b-ebc1-4c71-b5d5-07e8f884ad93,0.15000000000000002,0.03,0.05547880753874779
2178464b-ebc1-4c71-b5d5-07e8f884ad93,0.15000000000000002,0.08,0.06373164057731628
2178464b-ebc1-4c71-b5d5-07e8f884ad93,0.15000000000000002,0.13,0.07103228569030762
2178464b-ebc1-4c71-b5d5-07e8f884ad93,0.15000000000000002,0.18000000000000002,0.07540823519229889
2178464b-ebc1-4c71-b5d5-07e8f884ad93,0.15000000000000002,0.23,0.08214834332466125
2178464b-ebc1-4c71-b5d5-07e8f884ad93,0.2,0.03,0.04906773939728737
2178464b-ebc1-4c71-b5d5-07e8f884ad93,0.2,0.08,0.06826068460941315
2178464b-ebc1-4c71-b5d5-07e8f884ad93,0.2,0.13,0.0806693434715271
2178464b-ebc1-4c71-b5d5-07e8f884ad93,0.2,0.18000000000000002,0.08909925818443298
2178464b-ebc1-4c71-b5d5-07e8f884ad93,0.2,0.23,0.09374111890792847
2178464b-ebc1-4c71-b5d5-07e8f884ad93,0.25,0.03,0.047391798347234726
2178464b-ebc1-4c71-b5d5-07e8f884ad93,0.25,0.08,0.066531702876091
2178464b-ebc1-4c71-b5d5-07e8f884ad93,0.25,0.13,0.08179368078708649
2178464b-ebc1-4c71-b5d5-07e8f884ad93,0.25,0.18000000000000002,0.0914287120103836
2178464b-ebc1-4c71-b5d5-07e8f884ad93,0.25,0.23,0.09165246784687042
2178464b-ebc1-4c71-b5d5-07e8f884ad93,0.30000000000000004,0.03,0.05246714875102043
2178464b-ebc1-4c71-b5d5-07e8f884ad93,0.30000000000000004,0.08,0.07384562492370605
2178464b-ebc1-4c71-b5d5-07e8f884ad93,0.30000000000000004,0.13,0.08839137852191925
2178464b-ebc1-4c71-b5d5-07e8f884ad93,0.30000000000000004,0.18000000000000002,0.08813001215457916
2178464b-ebc1-4c71-b5d5-07e8f884ad93,0.30000000000000004,0.23,0.09775331616401672
21cba4cb-f790-48fc-9307-a1e387288d58,0.0,0.03,0.05651625245809555
21cba4cb-f790-48fc-9307-a1e387288d58,0.0,0.08,0.07602138817310333
21cba4cb-f790-48fc-9307-a1e387288d58,0.0,0.13,0.06857390701770782
21cba4cb-f790-48fc-9307-a1e387288d58,0.0,0.18000000000000002,0.07397837936878204
21cba4cb-f790-48fc-9307-a1e387288d58,0.0,0.23,0.07090631127357483
21cba4cb-f790-48fc-9307-a1e387288d58,0.01,0.03,0.05124823376536369
21cba4cb-f790-48fc-9307-a1e387288d58,0.01,0.08,0.06331245601177216
21cba4cb-f790-48fc-9307-a1e387288d58,0.01,0.13,0.0686497911810875
21cba4cb-f790-48fc-9307-a1e387288d58,0.01,0.18000000000000002,0.07077039033174515
21cba4cb-f790-48fc-9307-a1e387288d58,0.01,0.23,0.07242371141910553
21cba4cb-f790-48fc-9307-a1e387288d58,0.02,0.03,0.053109634667634964
21cba4cb-f790-48fc-9307-a1e387288d58,0.02,0.08,0.06553394347429276
21cba4cb-f790-48fc-9307-a1e387288d58,0.02,0.13,0.06807023286819458
21cba4cb-f790-48fc-9307-a1e387288d58,0.02,0.18000000000000002,0.0725216418504715
21cba4cb-f790-48fc-9307-a1e387288d58,0.02,0.23,0.07064715772867203
21cba4cb-f790-48fc-9307-a1e387288d58,0.03,0.03,0.05269210413098335
21cba4cb-f790-48fc-9307-a1e387288d58,0.03,0.08,0.06991750001907349
21cba4cb-f790-48fc-9307-a1e387288d58,0.03,0.13,0.06993939727544785
21cba4cb-f790-48fc-9307-a1e387288d58,0.03,0.18000000000000002,0.06778237223625183
21cba4cb-f790-48fc-9307-a1e387288d58,0.03,0.23,0.07543441653251648
21cba4cb-f790-48fc-9307-a1e387288d58,0.04,0.03,0.050473324954509735
21cba4cb-f790-48fc-9307-a1e387288d58,0.04,0.08,0.062314875423908234
21cba4cb-f790-48fc-9307-a1e387288d58,0.05,0.03,0.05192287266254425
21cba4cb-f790-48fc-9307-a1e387288d58,0.05,0.08,0.06522423028945923
21cba4cb-f790-48fc-9307-a1e387288d58,0.05,0.13,0.06434690207242966
21cba4cb-f790-48fc-9307-a1e387288d58,0.05,0.18000000000000002,0.06346136331558228
21cba4cb-f790-48fc-9307-a1e387288d58,0.05,0.23,0.06653700768947601
21cba4cb-f790-48fc-9307-a1e387288d58,0.1,0.03,0.04960910975933075
21cba4cb-f790-48fc-9307-a1e387288d58,0.1,0.08,0.06179310753941536
21cba4cb-f790-48fc-9307-a1e387288d58,0.1,0.13,0.061987798660993576
21cba4cb-f790-48fc-9307-a1e387288d58,0.1,0.18000000000000002,0.06164805591106415
21cba4cb-f790-48fc-9307-a1e387288d58,0.1,0.23,0.07084010541439056
21cba4cb-f790-48fc-9307-a1e387288d58,0.15000000000000002,0.03,0.050757136195898056
21cba4cb-f790-48fc-9307-a1e387288d58,0.15000000000000002,0.08,0.06338301301002502
21cba4cb-f790-48fc-9307-a1e387288d58,0.15000000000000002,0.13,0.0700087621808052
21cba4cb-f790-48fc-9307-a1e387288d58,0.15000000000000002,0.18000000000000002,0.07415991276502609
21cba4cb-f790-48fc-9307-a1e387288d58,0.15000000000000002,0.23,0.07251520454883575
21cba4cb-f790-48fc-9307-a1e387288d58,0.2,0.03,0.05149483308196068
21cba4cb-f790-48fc-9307-a1e387288d58,0.2,0.08,0.058592598885297775
21cba4cb-f790-48fc-9307-a1e387288d58,0.2,0.13,0.07257777452468872
21cba4cb-f790-48fc-9307-a1e387288d58,0.2,0.18000000000000002,0.0758984163403511
21cba4cb-f790-48fc-9307-a1e387288d58,0.2,0.23,0.07346231490373611
21cba4cb-f790-48fc-9307-a1e387288d58,0.25,0.03,0.05224401503801346
21cba4cb-f790-48fc-9307-a1e387288d58,0.25,0.08,0.06557408720254898
21cba4cb-f790-48fc-9307-a1e387288d58,0.25,0.13,0.06803902983665466
21cba4cb-f790-48fc-9307-a1e387288d58,0.25,0.18000000000000002,0.06604233384132385
21cba4cb-f790-48fc-9307-a1e387288d58,0.25,0.23,0.061726201325654984
21cba4cb-f790-48fc-9307-a1e387288d58,0.30000000000000004,0.03,0.05121324583888054
21cba4cb-f790-48fc-9307-a1e387288d58,0.30000000000000004,0.08,0.060380831360816956
21cba4cb-f790-48fc-9307-a1e387288d58,0.30000000000000004,0.13,0.0642840713262558
21cba4cb-f790-48fc-9307-a1e387288d58,0.30000000000000004,0.18000000000000002,0.057877130806446075
21cba4cb-f790-48fc-9307-a1e387288d58,0.30000000000000004,0.23,0.06420470774173737
2293755d-0bcf-495e-9f15-6172ae912677,0.0,0.03,0.05291902646422386
2293755d-0bcf-495e-9f15-6172ae912677,0.0,0.08,0.06442439556121826
2293755d-0bcf-495e-9f15-6172ae912677,0.0,0.13,0.06940415501594543
2293755d-0bcf-495e-9f15-6172ae912677,0.0,0.18000000000000002,0.08005329966545105
2293755d-0bcf-495e-9f15-6172ae912677,0.0,0.23,0.09363467246294022
2293755d-0bcf-495e-9f15-6172ae912677,0.01,0.03,0.04923028498888016
2293755d-0bcf-495e-9f15-6172ae912677,0.01,0.08,0.06382013112306595
2293755d-0bcf-495e-9f15-6172ae912677,0.01,0.13,0.06893099099397659
2293755d-0bcf-495e-9f15-6172ae912677,0.01,0.18000000000000002,0.08129031956195831
2293755d-0bcf-495e-9f15-6172ae912677,0.01,0.23,0.08665842562913895
2293755d-0bcf-495e-9f15-6172ae912677,0.02,0.03,0.05360119044780731
2293755d-0bcf-495e-9f15-6172ae912677,0.02,0.08,0.0585462749004364
2293755d-0bcf-495e-9f15-6172ae912677,0.02,0.13,0.06793178617954254
2293755d-0bcf-495e-9f15-6172ae912677,0.02,0.18000000000000002,0.0803007185459137
2293755d-0bcf-495e-9f15-6172ae912677,0.02,0.23,0.08809031546115875
2293755d-0bcf-495e-9f15-6172ae912677,0.03,0.03,0.04931606352329254
2293755d-0bcf-495e-9f15-6172ae912677,0.03,0.08,0.060273054987192154
2293755d-0bcf-495e-9f15-6172ae912677,0.03,0.13,0.07135583460330963
2293755d-0bcf-495e-9f15-6172ae912677,0.03,0.18000000000000002,0.08029325306415558
2293755d-0bcf-495e-9f15-6172ae912677,0.03,0.23,0.09060478210449219
2293755d-0bcf-495e-9f15-6172ae912677,0.04,0.03,0.05000782757997513
2293755d-0bcf-495e-9f15-6172ae912677,0.04,0.08,0.06685216724872589
2293755d-0bcf-495e-9f15-6172ae912677,0.05,0.03,0.05661359056830406
2293755d-0bcf-495e-9f15-6172ae912677,0.05,0.08,0.058707062155008316
2293755d-0bcf-495e-9f15-6172ae912677,0.05,0.13,0.07086960226297379
2293755d-0bcf-495e-9f15-6172ae912677,0.05,0.18000000000000002,0.08630001544952393
2293755d-0bcf-495e-9f15-6172ae912677,0.05,0.23,0.08866656571626663
2293755d-0bcf-495e-9f15-6172ae912677,0.1,0.03,0.05524849891662598
2293755d-0bcf-495e-9f15-6172ae912677,0.1,0.08,0.0646691769361496
2293755d-0bcf-495e-9f15-6172ae912677,0.1,0.13,0.08393249660730362
2293755d-0bcf-495e-9f15-6172ae912677,0.1,0.18000000000000002,0.084699846804142
2293755d-0bcf-495e-9f15-6172ae912677,0.1,0.23,0.10622924566268921
2293755d-0bcf-495e-9f15-6172ae912677,0.15000000000000002,0.03,0.06739097088575363
2293755d-0bcf-495e-9f15-6172ae912677,0.15000000000000002,0.08,0.08604928851127625
2293755d-0bcf-495e-9f15-6172ae912677,0.15000000000000002,0.13,0.08302608132362366
2293755d-0bcf-495e-9f15-6172ae912677,0.15000000000000002,0.18000000000000002,0.09161589294672012
2293755d-0bcf-495e-9f15-6172ae912677,0.15000000000000002,0.23,0.09720692783594131
2293755d-0bcf-495e-9f15-6172ae912677,0.2,0.03,0.05422312021255493
2293755d-0bcf-495e-9f15-6172ae912677,0.2,0.08,0.06373465806245804
2293755d-0bcf-495e-9f15-6172ae912677,0.2,0.13,0.08617154508829117
2293755d-0bcf-495e-9f15-6172ae912677,0.2,0.18000000000000002,0.08776620030403137
2293755d-0bcf-495e-9f15-6172ae912677,0.2,0.23,0.11803194880485535
2293755d-0bcf-495e-9f15-6172ae912677,0.25,0.03,0.05953839421272278
2293755d-0bcf-495e-9f15-6172ae912677,0.25,0.08,0.08455017954111099
2293755d-0bcf-495e-9f15-6172ae912677,0.25,0.13,0.0830482617020607
2293755d-0bcf-495e-9f15-6172ae912677,0.25,0.18000000000000002,0.11581768840551376
2293755d-0bcf-495e-9f15-6172ae912677,0.25,0.23,0.12518776953220367
2293755d-0bcf-495e-9f15-6172ae912677,0.30000000000000004,0.03,0.06538383662700653
2293755d-0bcf-495e-9f15-6172ae912677,0.30000000000000004,0.08,0.0745856836438179
2293755d-0bcf-495e-9f15-6172ae912677,0.30000000000000004,0.13,0.11778905987739563
2293755d-0bcf-495e-9f15-6172ae912677,0.30000000000000004,0.18000000000000002,0.12613674998283386
2293755d-0bcf-495e-9f15-6172ae912677,0.30000000000000004,0.23,0.13031725585460663
2314ea0a-2211-4dc7-80a9-4fb5ea9862d6,0.0,0.03,0.048926036804914474
2314ea0a-2211-4dc7-80a9-4fb5ea9862d6,0.0,0.08,0.0650755912065506
2314ea0a-2211-4dc7-80a9-4fb5ea9862d6,0.0,0.13,0.07750502973794937
2314ea0a-2211-4dc7-80a9-4fb5ea9862d6,0.0,0.18000000000000002,0.09098315238952637
2314ea0a-2211-4dc7-80a9-4fb5ea9862d6,0.0,0.23,0.0920536145567894
2314ea0a-2211-4dc7-80a9-4fb5ea9862d6,0.01,0.03,0.04980800300836563
2314ea0a-2211-4dc7-80a9-4fb5ea9862d6,0.01,0.08,0.06972636282444
2314ea0a-2211-4dc7-80a9-4fb5ea9862d6,0.01,0.13,0.08166802674531937
2314ea0a-2211-4dc7-80a9-4fb5ea9862d6,0.01,0.18000000000000002,0.08937035501003265
2314ea0a-2211-4dc7-80a9-4fb5ea9862d6,0.01,0.23,0.09069012850522995
2314ea0a-2211-4dc7-80a9-4fb5ea9862d6,0.02,0.03,0.04931114614009857
2314ea0a-2211-4dc7-80a9-4fb5ea9862d6,0.02,0.08,0.06926020234823227
2314ea0a-2211-4dc7-80a9-4fb5ea9862d6,0.02,0.13,0.08332281559705734
2314ea0a-2211-4dc7-80a9-4fb5ea9862d6,0.02,0.18000000000000002,0.09115296602249146
2314ea0a-2211-4dc7-80a9-4fb5ea9862d6,0.02,0.23,0.09279563277959824
2314ea0a-2211-4dc7-80a9-4fb5ea9862d6,0.03,0.03,0.05124204233288765
2314ea0a-2211-4dc7-80a9-4fb5ea9862d6,0.03,0.08,0.07082473486661911
2314ea0a-2211-4dc7-80a9-4fb5ea9862d6,0.03,0.13,0.08528060466051102
2314ea0a-2211-4dc7-80a9-4fb5ea9862d6,0.03,0.18000000000000002,0.09189619868993759
2314ea0a-2211-4dc7-80a9-4fb5ea9862d6,0.03,0.23,0.08877493441104889
2314ea0a-2211-4dc7-80a9-4fb5ea9862d6,0.04,0.03,0.05573809891939163
2314ea0a-2211-4dc7-80a9-4fb5ea9862d6,0.04,0.08,0.07489745318889618
2314ea0a-2211-4dc7-80a9-4fb5ea9862d6,0.05,0.03,0.05970420315861702
2314ea0a-2211-4dc7-80a9-4fb5ea9862d6,0.05,0.08,0.07745193690061569
2314ea0a-2211-4dc7-80a9-4fb5ea9862d6,0.05,0.13,0.08746307343244553
2314ea0a-2211-4dc7-80a9-4fb5ea9862d6,0.05,0.18000000000000002,0.08789189159870148
2314ea0a-2211-4dc7-80a9-4fb5ea9862d6,0.05,0.23,0.08609139174222946
2314ea0a-2211-4dc7-80a9-4fb5ea9862d6,0.1,0.03,0.05614190548658371
2314ea0a-2211-4dc7-80a9-4fb5ea9862d6,0.1,0.08,0.08522309362888336
2314ea0a-2211-4dc7-80a9-4fb5ea9862d6,0.1,0.13,0.08268580585718155
2314ea0a-2211-4dc7-80a9-4fb5ea9862d6,0.1,0.18000000000000002,0.07816454768180847
2314ea0a-2211-4dc7-80a9-4fb5ea9862d6,0.1,0.23,0.07569864392280579
2314ea0a-2211-4dc7-80a9-4fb5ea9862d6,0.15000000000000002,0.03,0.05758067965507507
2314ea0a-2211-4dc7-80a9-4fb5ea9862d6,0.15000000000000002,0.08,0.06368198990821838
2314ea0a-2211-4dc7-80a9-4fb5ea9862d6,0.15000000000000002,0.13,0.06376782804727554
2314ea0a-2211-4dc7-80a9-4fb5ea9862d6,0.15000000000000002,0.18000000000000002,0.06995148211717606
2314ea0a-2211-4dc7-80a9-4fb5ea9862d6,0.15000000000000002,0.23,0.07098551839590073
2314ea0a-2211-4dc7-80a9-4fb5ea9862d6,0.2,0.03,0.04823720082640648
2314ea0a-2211-4dc7-80a9-4fb5ea9862d6,0.2,0.08,0.05865000933408737
2314ea0a-2211-4dc7-80a9-4fb5ea9862d6,0.2,0.13,0.06738375127315521
2314ea0a-2211-4dc7-80a9-4fb5ea9862d6,0.2,0.18000000000000002,0.06924350559711456
2314ea0a-2211-4dc7-80a9-4fb5ea9862d6,0.2,0.23,0.06924621760845184
2314ea0a-2211-4dc7-80a9-4fb5ea9862d6,0.25,0.03,0.05134082958102226
2314ea0a-2211-4dc7-80a9-4fb5ea9862d6,0.25,0.08,0.06400678306818008
2314ea0a-2211-4dc7-80a9-4fb5ea9862d6,0.25,0.13,0.06490937620401382
2314ea0a-2211-4dc7-80a9-4fb5ea9862d6,0.25,0.18000000000000002,0.06392868608236313
2314ea0a-2211-4dc7-80a9-4fb5ea9862d6,0.25,0.23,0.0644644945859909
2314ea0a-2211-4dc7-80a9-4fb5ea9862d6,0.30000000000000004,0.03,0.048418331891298294
2314ea0a-2211-4dc7-80a9-4fb5ea9862d6,0.30000000000000004,0.08,0.06467974931001663
2314ea0a-2211-4dc7-80a9-4fb5ea9862d6,0.30000000000000004,0.13,0.06381522864103317
2314ea0a-2211-4dc7-80a9-4fb5ea9862d6,0.30000000000000004,0.18000000000000002,0.061405837535858154
2314ea0a-2211-4dc7-80a9-4fb5ea9862d6,0.30000000000000004,0.23,0.06124456599354744
23f64e91-d2a0-4774-97bf-7ae66dd5d6de,0.0,0.03,0.04649544134736061
23f64e91-d2a0-4774-97bf-7ae66dd5d6de,0.0,0.08,0.057256799191236496
23f64e91-d2a0-4774-97bf-7ae66dd5d6de,0.0,0.13,0.06442058086395264
23f64e91-d2a0-4774-97bf-7ae66dd5d6de,0.0,0.18000000000000002,0.07088877260684967
23f64e91-d2a0-4774-97bf-7ae66dd5d6de,0.0,0.23,0.06926783174276352
23f64e91-d2a0-4774-97bf-7ae66dd5d6de,0.01,0.03,0.05051641911268234
23f64e91-d2a0-4774-97bf-7ae66dd5d6de,0.01,0.08,0.060266412794589996
23f64e91-d2a0-4774-97bf-7ae66dd5d6de,0.01,0.13,0.0668322741985321
23f64e91-d2a0-4774-97bf-7ae66dd5d6de,0.01,0.18000000000000002,0.06777968257665634
23f64e91-d2a0-4774-97bf-7ae66dd5d6de,0.01,0.23,0.06628023087978363
23f64e91-d2a0-4774-97bf-7ae66dd5d6de,0.02,0.03,0.05309449881315231
23f64e91-d2a0-4774-97bf-7ae66dd5d6de,0.02,0.08,0.05965007096529007
23f64e91-d2a0-4774-97bf-7ae66dd5d6de,0.02,0.13,0.06625489890575409
23f64e91-d2a0-4774-97bf-7ae66dd5d6de,0.02,0.18000000000000002,0.06920240074396133
23f64e91-d2a0-4774-97bf-7ae66dd5d6de,0.02,0.23,0.06453265994787216
23f64e91-d2a0-4774-97bf-7ae66dd5d6de,0.03,0.03,0.04897983372211456
23f64e91-d2a0-4774-97bf-7ae66dd5d6de,0.03,0.08,0.056886158883571625
23f64e91-d2a0-4774-97bf-7ae66dd5d6de,0.03,0.13,0.06629209220409393
23f64e91-d2a0-4774-97bf-7ae66dd5d6de,0.03,0.18000000000000002,0.06473840028047562
23f64e91-d2a0-4774-97bf-7ae66dd5d6de,0.03,0.23,0.06365171819925308
23f64e91-d2a0-4774-97bf-7ae66dd5d6de,0.04,0.03,0.047598741948604584
23f64e91-d2a0-4774-97bf-7ae66dd5d6de,0.04,0.08,0.05362540856003761
23f64e91-d2a0-4774-97bf-7ae66dd5d6de,0.05,0.03,0.04760792478919029
23f64e91-d2a0-4774-97bf-7ae66dd5d6de,0.05,0.08,0.05694550648331642
23f64e91-d2a0-4774-97bf-7ae66dd5d6de,0.05,0.13,0.06757000088691711
23f64e91-d2a0-4774-97bf-7ae66dd5d6de,0.05,0.18000000000000002,0.0650370791554451
23f64e91-d2a0-4774-97bf-7ae66dd5d6de,0.05,0.23,0.06424837559461594
23f64e91-d2a0-4774-97bf-7ae66dd5d6de,0.1,0.03,0.04692286625504494
23f64e91-d2a0-4774-97bf-7ae66dd5d6de,0.1,0.08,0.05894769728183746
23f64e91-d2a0-4774-97bf-7ae66dd5d6de,0.1,0.13,0.06090506166219711
23f64e91-d2a0-4774-97bf-7ae66dd5d6de,0.1,0.18000000000000002,0.06772290170192719
23f64e91-d2a0-4774-97bf-7ae66dd5d6de,0.1,0.23,0.07700657099485397
23f64e91-d2a0-4774-97bf-7ae66dd5d6de,0.15000000000000002,0.03,0.04486599937081337
23f64e91-d2a0-4774-97bf-7ae66dd5d6de,0.15000000000000002,0.08,0.0624043308198452
23f64e91-d2a0-4774-97bf-7ae66dd5d6de,0.15000000000000002,0.13,0.06773878633975983
23f64e91-d2a0-4774-97bf-7ae66dd5d6de,0.15000000000000002,0.18000000000000002,0.07582894712686539
23f64e91-d2a0-4774-97bf-7ae66dd5d6de,0.15000000000000002,0.23,0.07648084312677383
23f64e91-d2a0-4774-97bf-7ae66dd5d6de,0.2,0.03,0.059118229895830154
23f64e91-d2a0-4774-97bf-7ae66dd5d6de,0.2,0.08,0.06199709698557854
23f64e91-d2a0-4774-97bf-7ae66dd5d6de,0.2,0.13,0.06496443599462509
23f64e91-d2a0-4774-97bf-7ae66dd5d6de,0.2,0.18000000000000002,0.06777874380350113
23f64e91-d2a0-4774-97bf-7ae66dd5d6de,0.2,0.23,0.06927722692489624
23f64e91-d2a0-4774-97bf-7ae66dd5d6de,0.25,0.03,0.04849373549222946
23f64e91-d2a0-4774-97bf-7ae66dd5d6de,0.25,0.08,0.07000739872455597
23f64e91-d2a0-4774-97bf-7ae66dd5d6de,0.25,0.13,0.07662174105644226
23f64e91-d2a0-4774-97bf-7ae66dd5d6de,0.25,0.18000000000000002,0.07390136271715164
23f64e91-d2a0-4774-97bf-7ae66dd5d6de,0.25,0.23,0.07174867391586304
23f64e91-d2a0-4774-97bf-7ae66dd5d6de,0.30000000000000004,0.03,0.05085287615656853
23f64e91-d2a0-4774-97bf-7ae66dd5d6de,0.30000000000000004,0.08,0.07755087316036224
23f64e91-d2a0-4774-97bf-7ae66dd5d6de,0.30000000000000004,0.13,0.07769617438316345
23f64e91-d2a0-4774-97bf-7ae66dd5d6de,0.30000000000000004,0.18000000000000002,0.06855663657188416
23f64e91-d2a0-4774-97bf-7ae66dd5d6de,0.30000000000000004,0.23,0.06218959763646126
248f534f-54e6-4d72-9cba-9e4ec9dfc721,0.0,0.03,0.10719287395477295
248f534f-54e6-4d72-9cba-9e4ec9dfc721,0.0,0.08,0.1489250659942627
248f534f-54e6-4d72-9cba-9e4ec9dfc721,0.0,0.13,0.17571379244327545
248f534f-54e6-4d72-9cba-9e4ec9dfc721,0.0,0.18000000000000002,0.1870666891336441
248f534f-54e6-4d72-9cba-9e4ec9dfc721,0.0,0.23,0.18688684701919556
248f534f-54e6-4d72-9cba-9e4ec9dfc721,0.01,0.03,0.09369935095310211
248f534f-54e6-4d72-9cba-9e4ec9dfc721,0.01,0.08,0.12102606147527695
248f534f-54e6-4d72-9cba-9e4ec9dfc721,0.01,0.13,0.1667919158935547
248f534f-54e6-4d72-9cba-9e4ec9dfc721,0.01,0.18000000000000002,0.17361247539520264
248f534f-54e6-4d72-9cba-9e4ec9dfc721,0.01,0.23,0.17862676084041595
248f534f-54e6-4d72-9cba-9e4ec9dfc721,0.02,0.03,0.10153010487556458
248f534f-54e6-4d72-9cba-9e4ec9dfc721,0.02,0.08,0.1499660760164261
248f534f-54e6-4d72-9cba-9e4ec9dfc721,0.02,0.13,0.16903385519981384
248f534f-54e6-4d72-9cba-9e4ec9dfc721,0.02,0.18000000000000002,0.18395692110061646
248f534f-54e6-4d72-9cba-9e4ec9dfc721,0.02,0.23,0.1800578385591507
248f534f-54e6-4d72-9cba-9e4ec9dfc721,0.03,0.03,0.10905346274375916
248f534f-54e6-4d72-9cba-9e4ec9dfc721,0.03,0.08,0.15001742541790009
248f534f-54e6-4d72-9cba-9e4ec9dfc721,0.03,0.13,0.16181068122386932
248f534f-54e6-4d72-9cba-9e4ec9dfc721,0.03,0.18000000000000002,0.17318537831306458
248f534f-54e6-4d72-9cba-9e4ec9dfc721,0.03,0.23,0.17297333478927612
248f534f-54e6-4d72-9cba-9e4ec9dfc721,0.04,0.03,0.05811510235071182
248f534f-54e6-4d72-9cba-9e4ec9dfc721,0.04,0.08,0.11728949099779129
248f534f-54e6-4d72-9cba-9e4ec9dfc721,0.05,0.03,0.09074129909276962
248f534f-54e6-4d72-9cba-9e4ec9dfc721,0.05,0.08,0.13305087387561798
248f534f-54e6-4d72-9cba-9e4ec9dfc721,0.05,0.13,0.15225562453269958
248f534f-54e6-4d72-9cba-9e4ec9dfc721,0.05,0.18000000000000002,0.16180546581745148
248f534f-54e6-4d72-9cba-9e4ec9dfc721,0.05,0.23,0.15980005264282227
248f534f-54e6-4d72-9cba-9e4ec9dfc721,0.1,0.03,0.08764838427305222
248f534f-54e6-4d72-9cba-9e4ec9dfc721,0.1,0.08,0.12170037627220154
248f534f-54e6-4d72-9cba-9e4ec9dfc721,0.1,0.13,0.13640379905700684
248f534f-54e6-4d72-9cba-9e4ec9dfc721,0.1,0.18000000000000002,0.135579913854599
248f534f-54e6-4d72-9cba-9e4ec9dfc721,0.1,0.23,0.13214528560638428
248f534f-54e6-4d72-9cba-9e4ec9dfc721,0.15000000000000002,0.03,0.07481180876493454
248f534f-54e6-4d72-9cba-9e4ec9dfc721,0.15000000000000002,0.08,0.09839117527008057
248f534f-54e6-4d72-9cba-9e4ec9dfc721,0.15000000000000002,0.13,0.10886470228433609
248f534f-54e6-4d72-9cba-9e4ec9dfc721,0.15000000000000002,0.18000000000000002,0.1066485047340393
248f534f-54e6-4d72-9cba-9e4ec9dfc721,0.15000000000000002,0.23,0.10287832468748093
248f534f-54e6-4d72-9cba-9e4ec9dfc721,0.2,0.03,0.06237781047821045
248f534f-54e6-4d72-9cba-9e4ec9dfc721,0.2,0.08,0.08277447521686554
248f534f-54e6-4d72-9cba-9e4ec9dfc721,0.2,0.13,0.09064742922782898
248f534f-54e6-4d72-9cba-9e4ec9dfc721,0.2,0.18000000000000002,0.10544178634881973
248f534f-54e6-4d72-9cba-9e4ec9dfc721,0.2,0.23,0.10764386504888535
248f534f-54e6-4d72-9cba-9e4ec9dfc721,0.25,0.03,0.05295601859688759
248f534f-54e6-4d72-9cba-9e4ec9dfc721,0.25,0.08,0.07346462458372116
248f534f-54e6-4d72-9cba-9e4ec9dfc721,0.25,0.13,0.08879827708005905
248f534f-54e6-4d72-9cba-9e4ec9dfc721,0.25,0.18000000000000002,0.0918756052851677
248f534f-54e6-4d72-9cba-9e4ec9dfc721,0.25,0.23,0.10440309345722198
248f534f-54e6-4d72-9cba-9e4ec9dfc721,0.30000000000000004,0.03,0.059200603514909744
248f534f-54e6-4d72-9cba-9e4ec9dfc721,0.30000000000000004,0.08,0.09242048859596252
248f534f-54e6-4d72-9cba-9e4ec9dfc721,0.30000000000000004,0.13,0.09083376079797745
248f534f-54e6-4d72-9cba-9e4ec9dfc721,0.30000000000000004,0.18000000000000002,0.10383404791355133
248f534f-54e6-4d72-9cba-9e4ec9dfc721,0.30000000000000004,0.23,0.09642300009727478
257a5bcb-66c0-4f75-9d11-34ce9a3512db,0.0,0.03,0.05155894532799721
257a5bcb-66c0-4f75-9d11-34ce9a3512db,0.0,0.08,0.08315353095531464
257a5bcb-66c0-4f75-9d11-34ce9a3512db,0.0,0.13,0.09525879472494125
257a5bcb-66c0-4f75-9d11-34ce9a3512db,0.0,0.18000000000000002,0.10299080610275269
257a5bcb-66c0-4f75-9d11-34ce9a3512db,0.0,0.23,0.09912161529064178
257a5bcb-66c0-4f75-9d11-34ce9a3512db,0.01,0.03,0.05197805538773537
257a5bcb-66c0-4f75-9d11-34ce9a3512db,0.01,0.08,0.08371922373771667
257a5bcb-66c0-4f75-9d11-34ce9a3512db,0.01,0.13,0.09434357285499573
257a5bcb-66c0-4f75-9d11-34ce9a3512db,0.01,0.18000000000000002,0.09182737022638321
257a5bcb-66c0-4f75-9d11-34ce9a3512db,0.01,0.23,0.09009318053722382
257a5bcb-66c0-4f75-9d11-34ce9a3512db,0.02,0.03,0.054359834641218185
257a5bcb-66c0-4f75-9d11-34ce9a3512db,0.02,0.08,0.0844149962067604
257a5bcb-66c0-4f75-9d11-34ce9a3512db,0.02,0.13,0.09579535573720932
257a5bcb-66c0-4f75-9d11-34ce9a3512db,0.02,0.18000000000000002,0.09539502114057541
257a5bcb-66c0-4f75-9d11-34ce9a3512db,0.02,0.23,0.09067201614379883
257a5bcb-66c0-4f75-9d11-34ce9a3512db,0.03,0.03,0.05874330550432205
257a5bcb-66c0-4f75-9d11-34ce9a3512db,0.03,0.08,0.0915561392903328
257a5bcb-66c0-4f75-9d11-34ce9a3512db,0.03,0.13,0.09384485334157944
257a5bcb-66c0-4f75-9d11-34ce9a3512db,0.03,0.18000000000000002,0.09533381462097168
257a5bcb-66c0-4f75-9d11-34ce9a3512db,0.03,0.23,0.08955046534538269
257a5bcb-66c0-4f75-9d11-34ce9a3512db,0.04,0.03,0.054670486599206924
257a5bcb-66c0-4f75-9d11-34ce9a3512db,0.04,0.08,0.08999421447515488
257a5bcb-66c0-4f75-9d11-34ce9a3512db,0.05,0.03,0.06291184574365616
257a5bcb-66c0-4f75-9d11-34ce9a3512db,0.05,0.08,0.0821688175201416
257a5bcb-66c0-4f75-9d11-34ce9a3512db,0.05,0.13,0.09109098464250565
257a5bcb-66c0-4f75-9d11-34ce9a3512db,0.05,0.18000000000000002,0.08876270800828934
257a5bcb-66c0-4f75-9d11-34ce9a3512db,0.05,0.23,0.08748330175876617
257a5bcb-66c0-4f75-9d11-34ce9a3512db,0.1,0.03,0.051965273916721344
257a5bcb-66c0-4f75-9d11-34ce9a3512db,0.1,0.08,0.07950285077095032
257a5bcb-66c0-4f75-9d11-34ce9a3512db,0.1,0.13,0.08811584860086441
257a5bcb-66c0-4f75-9d11-34ce9a3512db,0.1,0.18000000000000002,0.0850665345788002
257a5bcb-66c0-4f75-9d11-34ce9a3512db,0.1,0.23,0.08060593903064728
257a5bcb-66c0-4f75-9d11-34ce9a3512db,0.15000000000000002,0.03,0.05258290469646454
257a5bcb-66c0-4f75-9d11-34ce9a3512db,0.15000000000000002,0.08,0.06661553680896759
257a5bcb-66c0-4f75-9d11-34ce9a3512db,0.15000000000000002,0.13,0.07481062412261963
257a5bcb-66c0-4f75-9d11-34ce9a3512db,0.15000000000000002,0.18000000000000002,0.06801852583885193
257a5bcb-66c0-4f75-9d11-34ce9a3512db,0.15000000000000002,0.23,0.0661526471376419
257a5bcb-66c0-4f75-9d11-34ce9a3512db,0.2,0.03,0.05896083638072014
257a5bcb-66c0-4f75-9d11-34ce9a3512db,0.2,0.08,0.07086282223463058
257a5bcb-66c0-4f75-9d11-34ce9a3512db,0.2,0.13,0.06540923565626144
257a5bcb-66c0-4f75-9d11-34ce9a3512db,0.2,0.18000000000000002,0.0751190111041069
257a5bcb-66c0-4f75-9d11-34ce9a3512db,0.2,0.23,0.07657662034034729
257a5bcb-66c0-4f75-9d11-34ce9a3512db,0.25,0.03,0.04494659602642059
257a5bcb-66c0-4f75-9d11-34ce9a3512db,0.25,0.08,0.066140316426754
257a5bcb-66c0-4f75-9d11-34ce9a3512db,0.25,0.13,0.07135207206010818
257a5bcb-66c0-4f75-9d11-34ce9a3512db,0.25,0.18000000000000002,0.07201576232910156
257a5bcb-66c0-4f75-9d11-34ce9a3512db,0.25,0.23,0.07737618684768677
257a5bcb-66c0-4f75-9d11-34ce9a3512db,0.30000000000000004,0.03,0.058507177978754044
257a5bcb-66c0-4f75-9d11-34ce9a3512db,0.30000000000000004,0.08,0.0646081268787384
257a5bcb-66c0-4f75-9d11-34ce9a3512db,0.30000000000000004,0.13,0.06383581459522247
257a5bcb-66c0-4f75-9d11-34ce9a3512db,0.30000000000000004,0.18000000000000002,0.071825310587883
257a5bcb-66c0-4f75-9d11-34ce9a3512db,0.30000000000000004,0.23,0.07616031914949417
26e7180a-f65d-4f62-95f0-091fb4f6bf37,0.0,0.03,0.04715748503804207
26e7180a-f65d-4f62-95f0-091fb4f6bf37,0.0,0.08,0.055922552943229675
26e7180a-f65d-4f62-95f0-091fb4f6bf37,0.0,0.13,0.05987042561173439
26e7180a-f65d-4f62-95f0-091fb4f6bf37,0.0,0.18000000000000002,0.05946413427591324
26e7180a-f65d-4f62-95f0-091fb4f6bf37,0.0,0.23,0.06326597183942795
26e7180a-f65d-4f62-95f0-091fb4f6bf37,0.01,0.03,0.04763249680399895
26e7180a-f65d-4f62-95f0-091fb4f6bf37,0.01,0.08,0.05472492054104805
26e7180a-f65d-4f62-95f0-091fb4f6bf37,0.01,0.13,0.060309119522571564
26e7180a-f65d-4f62-95f0-091fb4f6bf37,0.01,0.18000000000000002,0.05757857486605644
26e7180a-f65d-4f62-95f0-091fb4f6bf37,0.01,0.23,0.05923742428421974
26e7180a-f65d-4f62-95f0-091fb4f6bf37,0.02,0.03,0.049068059772253036
26e7180a-f65d-4f62-95f0-091fb4f6bf37,0.02,0.08,0.05858094245195389
26e7180a-f65d-4f62-95f0-091fb4f6bf37,0.02,0.13,0.06036129593849182
26e7180a-f65d-4f62-95f0-091fb4f6bf37,0.02,0.18000000000000002,0.062308263033628464
26e7180a-f65d-4f62-95f0-091fb4f6bf37,0.02,0.23,0.059795547276735306
26e7180a-f65d-4f62-95f0-091fb4f6bf37,0.03,0.03,0.051261622458696365
26e7180a-f65d-4f62-95f0-091fb4f6bf37,0.03,0.08,0.061914749443531036
26e7180a-f65d-4f62-95f0-091fb4f6bf37,0.03,0.13,0.06090021878480911
26e7180a-f65d-4f62-95f0-091fb4f6bf37,0.03,0.18000000000000002,0.056782644242048264
26e7180a-f65d-4f62-95f0-091fb4f6bf37,0.03,0.23,0.06392675638198853
26e7180a-f65d-4f62-95f0-091fb4f6bf37,0.04,0.03,0.04564281553030014
26e7180a-f65d-4f62-95f0-091fb4f6bf37,0.04,0.08,0.054737403988838196
26e7180a-f65d-4f62-95f0-091fb4f6bf37,0.05,0.03,0.05668928846716881
26e7180a-f65d-4f62-95f0-091fb4f6bf37,0.05,0.08,0.0728951245546341
26e7180a-f65d-4f62-95f0-091fb4f6bf37,0.05,0.13,0.06250465661287308
26e7180a-f65d-4f62-95f0-091fb4f6bf37,0.05,0.18000000000000002,0.05913941562175751
26e7180a-f65d-4f62-95f0-091fb4f6bf37,0.05,0.23,0.06645819544792175
26e7180a-f65d-4f62-95f0-091fb4f6bf37,0.1,0.03,0.057378046214580536
26e7180a-f65d-4f62-95f0-091fb4f6bf37,0.1,0.08,0.05940303951501846
26e7180a-f65d-4f62-95f0-091fb4f6bf37,0.1,0.13,0.0599568635225296
26e7180a-f65d-4f62-95f0-091fb4f6bf37,0.1,0.18000000000000002,0.06411506980657578
26e7180a-f65d-4f62-95f0-091fb4f6bf37,0.1,0.23,0.06980670243501663
26e7180a-f65d-4f62-95f0-091fb4f6bf37,0.15000000000000002,0.03,0.04780331626534462
26e7180a-f65d-4f62-95f0-091fb4f6bf37,0.15000000000000002,0.08,0.054372258484363556
26e7180a-f65d-4f62-95f0-091fb4f6bf37,0.15000000000000002,0.13,0.059926584362983704
26e7180a-f65d-4f62-95f0-091fb4f6bf37,0.15000000000000002,0.18000000000000002,0.06607077270746231
26e7180a-f65d-4f62-95f0-091fb4f6bf37,0.15000000000000002,0.23,0.07319142669439316
26e7180a-f65d-4f62-95f0-091fb4f6bf37,0.2,0.03,0.052067846059799194
26e7180a-f65d-4f62-95f0-091fb4f6bf37,0.2,0.08,0.06293987482786179
26e7180a-f65d-4f62-95f0-091fb4f6bf37,0.2,0.13,0.06356872618198395
26e7180a-f65d-4f62-95f0-091fb4f6bf37,0.2,0.18000000000000002,0.07869461178779602
26e7180a-f65d-4f62-95f0-091fb4f6bf37,0.2,0.23,0.07242932170629501
26e7180a-f65d-4f62-95f0-091fb4f6bf37,0.25,0.03,0.04931705445051193
26e7180a-f65d-4f62-95f0-091fb4f6bf37,0.25,0.08,0.06320680677890778
26e7180a-f65d-4f62-95f0-091fb4f6bf37,0.25,0.13,0.074270099401474
26e7180a-f65d-4f62-95f0-091fb4f6bf37,0.25,0.18000000000000002,0.06558338552713394
26e7180a-f65d-4f62-95f0-091fb4f6bf37,0.25,0.23,0.05606828257441521
26e7180a-f65d-4f62-95f0-091fb4f6bf37,0.30000000000000004,0.03,0.05132943391799927
26e7180a-f65d-4f62-95f0-091fb4f6bf37,0.30000000000000004,0.08,0.059542253613471985
26e7180a-f65d-4f62-95f0-091fb4f6bf37,0.30000000000000004,0.13,0.06142367422580719
26e7180a-f65d-4f62-95f0-091fb4f6bf37,0.30000000000000004,0.18000000000000002,0.0700872465968132
26e7180a-f65d-4f62-95f0-091fb4f6bf37,0.30000000000000004,0.23,0.0643727108836174
28010807-faf3-4aa5-b5a5-6ee02bad7738,0.0,0.03,0.05209822580218315
28010807-faf3-4aa5-b5a5-6ee02bad7738,0.0,0.08,0.061113230884075165
28010807-faf3-4aa5-b5a5-6ee02bad7738,0.0,0.13,0.06346537172794342
28010807-faf3-4aa5-b5a5-6ee02bad7738,0.0,0.18000000000000002,0.07180094718933105
28010807-faf3-4aa5-b5a5-6ee02bad7738,0.0,0.23,0.07540805637836456
28010807-faf3-4aa5-b5a5-6ee02bad7738,0.01,0.03,0.04970463365316391
28010807-faf3-4aa5-b5a5-6ee02bad7738,0.01,0.08,0.07030366361141205
28010807-faf3-4aa5-b5a5-6ee02bad7738,0.01,0.13,0.06234529986977577
28010807-faf3-4aa5-b5a5-6ee02bad7738,0.01,0.18000000000000002,0.07149987667798996
28010807-faf3-4aa5-b5a5-6ee02bad7738,0.01,0.23,0.07260017096996307
28010807-faf3-4aa5-b5a5-6ee02bad7738,0.02,0.03,0.04598357900977135
28010807-faf3-4aa5-b5a5-6ee02bad7738,0.02,0.08,0.05976288765668869
28010807-faf3-4aa5-b5a5-6ee02bad7738,0.02,0.13,0.06308404356241226
28010807-faf3-4aa5-b5a5-6ee02bad7738,0.02,0.18000000000000002,0.07902800291776657
28010807-faf3-4aa5-b5a5-6ee02bad7738,0.02,0.23,0.07297749072313309
28010807-faf3-4aa5-b5a5-6ee02bad7738,0.03,0.03,0.04788047820329666
28010807-faf3-4aa5-b5a5-6ee02bad7738,0.03,0.08,0.05767788365483284
28010807-faf3-4aa5-b5a5-6ee02bad7738,0.03,0.13,0.06681647896766663
28010807-faf3-4aa5-b5a5-6ee02bad7738,0.03,0.18000000000000002,0.07981857657432556
28010807-faf3-4aa5-b5a5-6ee02bad7738,0.03,0.23,0.06803584843873978
28010807-faf3-4aa5-b5a5-6ee02bad7738,0.04,0.03,0.05322249233722687
28010807-faf3-4aa5-b5a5-6ee02bad7738,0.04,0.08,0.06643056869506836
28010807-faf3-4aa5-b5a5-6ee02bad7738,0.05,0.03,0.052696529775857925
28010807-faf3-4aa5-b5a5-6ee02bad7738,0.05,0.08,0.055008236318826675
28010807-faf3-4aa5-b5a5-6ee02bad7738,0.05,0.13,0.06835134327411652
28010807-faf3-4aa5-b5a5-6ee02bad7738,0.05,0.18000000000000002,0.07195878028869629
28010807-faf3-4aa5-b5a5-6ee02bad7738,0.05,0.23,0.07468298077583313
28010807-faf3-4aa5-b5a5-6ee02bad7738,0.1,0.03,0.045825570821762085
28010807-faf3-4aa5-b5a5-6ee02bad7738,0.1,0.08,0.06795797497034073
28010807-faf3-4aa5-b5a5-6ee02bad7738,0.1,0.13,0.07126484811306
28010807-faf3-4aa5-b5a5-6ee02bad7738,0.1,0.18000000000000002,0.07864197343587875
28010807-faf3-4aa5-b5a5-6ee02bad7738,0.1,0.23,0.08423522114753723
28010807-faf3-4aa5-b5a5-6ee02bad7738,0.15000000000000002,0.03,0.055064987391233444
28010807-faf3-4aa5-b5a5-6ee02bad7738,0.15000000000000002,0.08,0.06047818064689636
28010807-faf3-4aa5-b5a5-6ee02bad7738,0.15000000000000002,0.13,0.06922315061092377
28010807-faf3-4aa5-b5a5-6ee02bad7738,0.15000000000000002,0.18000000000000002,0.07545548677444458
28010807-faf3-4aa5-b5a5-6ee02bad7738,0.15000000000000002,0.23,0.06979910284280777
28010807-faf3-4aa5-b5a5-6ee02bad7738,0.2,0.03,0.04703620448708534
28010807-faf3-4aa5-b5a5-6ee02bad7738,0.2,0.08,0.05953191965818405
28010807-faf3-4aa5-b5a5-6ee02bad7738,0.2,0.13,0.06736500561237335
28010807-faf3-4aa5-b5a5-6ee02bad7738,0.2,0.18000000000000002,0.06496165692806244
28010807-faf3-4aa5-b5a5-6ee02bad7738,0.2,0.23,0.07042756676673889
28010807-faf3-4aa5-b5a5-6ee02bad7738,0.25,0.03,0.04877012223005295
28010807-faf3-4aa5-b5a5-6ee02bad7738,0.25,0.08,0.057570889592170715
28010807-faf3-4aa5-b5a5-6ee02bad7738,0.25,0.13,0.05986510589718819
28010807-faf3-4aa5-b5a5-6ee02bad7738,0.25,0.18000000000000002,0.06736499816179276
28010807-faf3-4aa5-b5a5-6ee02bad7738,0.25,0.23,0.06621024757623672
28010807-faf3-4aa5-b5a5-6ee02bad7738,0.30000000000000004,0.03,0.04569825157523155
28010807-faf3-4aa5-b5a5-6ee02bad7738,0.30000000000000004,0.08,0.056156985461711884
28010807-faf3-4aa5-b5a5-6ee02bad7738,0.30000000000000004,0.13,0.058249976485967636
28010807-faf3-4aa5-b5a5-6ee02bad7738,0.30000000000000004,0.18000000000000002,0.06462551653385162
28010807-faf3-4aa5-b5a5-6ee02bad7738,0.30000000000000004,0.23,0.07234426587820053
28a588b4-d8b7-4dbf-a94d-b98bd075d25a,0.0,0.03,0.06719260662794113
28a588b4-d8b7-4dbf-a94d-b98bd075d25a,0.0,0.08,0.10163731873035431
28a588b4-d8b7-4dbf-a94d-b98bd075d25a,0.0,0.13,0.12538208067417145
28a588b4-d8b7-4dbf-a94d-b98bd075d25a,0.0,0.18000000000000002,0.13518892228603363
28a588b4-d8b7-4dbf-a94d-b98bd075d25a,0.0,0.23,0.13032126426696777
28a588b4-d8b7-4dbf-a94d-b98bd075d25a,0.01,0.03,0.06910431385040283
28a588b4-d8b7-4dbf-a94d-b98bd075d25a,0.01,0.08,0.11608380824327469
28a588b4-d8b7-4dbf-a94d-b98bd075d25a,0.01,0.13,0.12447188794612885
28a588b4-d8b7-4dbf-a94d-b98bd075d25a,0.01,0.18000000000000002,0.11622343957424164
28a588b4-d8b7-4dbf-a94d-b98bd075d25a,0.01,0.23,0.10320158302783966
28a588b4-d8b7-4dbf-a94d-b98bd075d25a,0.02,0.03,0.07646560668945312
28a588b4-d8b7-4dbf-a94d-b98bd075d25a,0.02,0.08,0.10799045115709305
28a588b4-d8b7-4dbf-a94d-b98bd075d25a,0.02,0.13,0.12095968425273895
28a588b4-d8b7-4dbf-a94d-b98bd075d25a,0.02,0.18000000000000002,0.10478774458169937
28a588b4-d8b7-4dbf-a94d-b98bd075d25a,0.02,0.23,0.09912630915641785
28a588b4-d8b7-4dbf-a94d-b98bd075d25a,0.03,0.03,0.07781336456537247
28a588b4-d8b7-4dbf-a94d-b98bd075d25a,0.03,0.08,0.10873141884803772
28a588b4-d8b7-4dbf-a94d-b98bd075d25a,0.03,0.13,0.11366138607263565
28a588b4-d8b7-4dbf-a94d-b98bd075d25a,0.03,0.18000000000000002,0.10004779696464539
28a588b4-d8b7-4dbf-a94d-b98bd075d25a,0.03,0.23,0.09164024889469147
28a588b4-d8b7-4dbf-a94d-b98bd075d25a,0.04,0.03,0.0796399712562561
28a588b4-d8b7-4dbf-a94d-b98bd075d25a,0.04,0.08,0.1115318089723587
28a588b4-d8b7-4dbf-a94d-b98bd075d25a,0.05,0.03,0.06769175827503204
28a588b4-d8b7-4dbf-a94d-b98bd075d25a,0.05,0.08,0.09689515084028244
28a588b4-d8b7-4dbf-a94d-b98bd075d25a,0.05,0.13,0.10932248830795288
28a588b4-d8b7-4dbf-a94d-b98bd075d25a,0.05,0.18000000000000002,0.10594424605369568
28a588b4-d8b7-4dbf-a94d-b98bd075d25a,0.05,0.23,0.1025913804769516
28a588b4-d8b7-4dbf-a94d-b98bd075d25a,0.1,0.03,0.07028097659349442
28a588b4-d8b7-4dbf-a94d-b98bd075d25a,0.1,0.08,0.08901473134756088
28a588b4-d8b7-4dbf-a94d-b98bd075d25a,0.1,0.13,0.08451295644044876
28a588b4-d8b7-4dbf-a94d-b98bd075d25a,0.1,0.18000000000000002,0.08390967547893524
28a588b4-d8b7-4dbf-a94d-b98bd075d25a,0.1,0.23,0.07217506319284439
28a588b4-d8b7-4dbf-a94d-b98bd075d25a,0.15000000000000002,0.03,0.053082678467035294
28a588b4-d8b7-4dbf-a94d-b98bd075d25a,0.15000000000000002,0.08,0.06410261988639832
28a588b4-d8b7-4dbf-a94d-b98bd075d25a,0.15000000000000002,0.13,0.06652495265007019
28a588b4-d8b7-4dbf-a94d-b98bd075d25a,0.15000000000000002,0.18000000000000002,0.06211324408650398
28a588b4-d8b7-4dbf-a94d-b98bd075d25a,0.15000000000000002,0.23,0.061810728162527084
28a588b4-d8b7-4dbf-a94d-b98bd075d25a,0.2,0.03,0.047397416085004807
28a588b4-d8b7-4dbf-a94d-b98bd075d25a,0.2,0.08,0.05659407004714012
28a588b4-d8b7-4dbf-a94d-b98bd075d25a,0.2,0.13,0.06208408996462822
28a588b4-d8b7-4dbf-a94d-b98bd075d25a,0.2,0.18000000000000002,0.06270737200975418
28a588b4-d8b7-4dbf-a94d-b98bd075d25a,0.2,0.23,0.0661722868680954
28a588b4-d8b7-4dbf-a94d-b98bd075d25a,0.25,0.03,0.04921463504433632
28a588b4-d8b7-4dbf-a94d-b98bd075d25a,0.25,0.08,0.06402557343244553
28a588b4-d8b7-4dbf-a94d-b98bd075d25a,0.25,0.13,0.07039675861597061
28a588b4-d8b7-4dbf-a94d-b98bd075d25a,0.25,0.18000000000000002,0.07127857953310013
28a588b4-d8b7-4dbf-a94d-b98bd075d25a,0.25,0.23,0.08207286894321442
28a588b4-d8b7-4dbf-a94d-b98bd075d25a,0.30000000000000004,0.03,0.05442804843187332
28a588b4-d8b7-4dbf-a94d-b98bd075d25a,0.30000000000000004,0.08,0.06649401038885117
28a588b4-d8b7-4dbf-a94d-b98bd075d25a,0.30000000000000004,0.13,0.07029109448194504
28a588b4-d8b7-4dbf-a94d-b98bd075d25a,0.30000000000000004,0.18000000000000002,0.08205730468034744
28a588b4-d8b7-4dbf-a94d-b98bd075d25a,0.30000000000000004,0.23,0.08954933285713196
29318f66-0eff-4238-a2c2-5324ecc95e45,0.0,0.03,0.05200101435184479
29318f66-0eff-4238-a2c2-5324ecc95e45,0.0,0.08,0.060592953115701675
29318f66-0eff-4238-a2c2-5324ecc95e45,0.0,0.13,0.07102692872285843
29318f66-0eff-4238-a2c2-5324ecc95e45,0.0,0.18000000000000002,0.08050274848937988
29318f66-0eff-4238-a2c2-5324ecc95e45,0.0,0.23,0.07916587591171265
29318f66-0eff-4238-a2c2-5324ecc95e45,0.01,0.03,0.05084538087248802
29318f66-0eff-4238-a2c2-5324ecc95e45,0.01,0.08,0.06517574191093445
29318f66-0eff-4238-a2c2-5324ecc95e45,0.01,0.13,0.0745423287153244
29318f66-0eff-4238-a2c2-5324ecc95e45,0.01,0.18000000000000002,0.08168893307447433
29318f66-0eff-4238-a2c2-5324ecc95e45,0.01,0.23,0.0740785002708435
29318f66-0eff-4238-a2c2-5324ecc95e45,0.02,0.03,0.04952005669474602
29318f66-0eff-4238-a2c2-5324ecc95e45,0.02,0.08,0.06643808633089066
29318f66-0eff-4238-a2c2-5324ecc95e45,0.02,0.13,0.0748809278011322
29318f66-0eff-4238-a2c2-5324ecc95e45,0.02,0.18000000000000002,0.0804840624332428
29318f66-0eff-4238-a2c2-5324ecc95e45,0.02,0.23,0.07092078030109406
29318f66-0eff-4238-a2c2-5324ecc95e45,0.03,0.03,0.05576043576002121
29318f66-0eff-4238-a2c2-5324ecc95e45,0.03,0.08,0.06456585973501205
29318f66-0eff-4238-a2c2-5324ecc95e45,0.03,0.13,0.0681205466389656
29318f66-0eff-4238-a2c2-5324ecc95e45,0.03,0.18000000000000002,0.07613476365804672
29318f66-0eff-4238-a2c2-5324ecc95e45,0.03,0.23,0.06784458458423615
29318f66-0eff-4238-a2c2-5324ecc95e45,0.04,0.03,0.04637309908866882
29318f66-0eff-4238-a2c2-5324ecc95e45,0.04,0.08,0.06167235225439072
29318f66-0eff-4238-a2c2-5324ecc95e45,0.05,0.03,0.04662298038601875
29318f66-0eff-4238-a2c2-5324ecc95e45,0.05,0.08,0.06203019618988037
29318f66-0eff-4238-a2c2-5324ecc95e45,0.05,0.13,0.07303906977176666
29318f66-0eff-4238-a2c2-5324ecc95e45,0.05,0.18000000000000002,0.07300855964422226
29318f66-0eff-4238-a2c2-5324ecc95e45,0.05,0.23,0.06452134251594543
29318f66-0eff-4238-a2c2-5324ecc95e45,0.1,0.03,0.04801531881093979
29318f66-0eff-4238-a2c2-5324ecc95e45,0.1,0.08,0.06203969195485115
29318f66-0eff-4238-a2c2-5324ecc95e45,0.1,0.13,0.06275959312915802
29318f66-0eff-4238-a2c2-5324ecc95e45,0.1,0.18000000000000002,0.06103303283452988
29318f66-0eff-4238-a2c2-5324ecc95e45,0.1,0.23,0.05919649824500084
29318f66-0eff-4238-a2c2-5324ecc95e45,0.15000000000000002,0.03,0.0490039587020874
29318f66-0eff-4238-a2c2-5324ecc95e45,0.15000000000000002,0.08,0.06003889441490173
29318f66-0eff-4238-a2c2-5324ecc95e45,0.15000000000000002,0.13,0.057155054062604904
29318f66-0eff-4238-a2c2-5324ecc95e45,0.15000000000000002,0.18000000000000002,0.06047758832573891
29318f66-0eff-4238-a2c2-5324ecc95e45,0.15000000000000002,0.23,0.0578397661447525
29318f66-0eff-4238-a2c2-5324ecc95e45,0.2,0.03,0.04990675300359726
29318f66-0eff-4238-a2c2-5324ecc95e45,0.2,0.08,0.0557146854698658
29318f66-0eff-4238-a2c2-5324ecc95e45,0.2,0.13,0.06389283388853073
29318f66-0eff-4238-a2c2-5324ecc95e45,0.2,0.18000000000000002,0.05936800688505173
29318f66-0eff-4238-a2c2-5324ecc95e45,0.2,0.23,0.06967683136463165
29318f66-0eff-4238-a2c2-5324ecc95e45,0.25,0.03,0.047105398029088974
29318f66-0eff-4238-a2c2-5324ecc95e45,0.25,0.08,0.06450892239809036
29318f66-0eff-4238-a2c2-5324ecc95e45,0.25,0.13,0.059175729751586914
29318f66-0eff-4238-a2c2-5324ecc95e45,0.25,0.18000000000000002,0.06973765045404434
29318f66-0eff-4238-a2c2-5324ecc95e45,0.25,0.23,0.07408131659030914
29318f66-0eff-4238-a2c2-5324ecc95e45,0.30000000000000004,0.03,0.051730718463659286
29318f66-0eff-4238-a2c2-5324ecc95e45,0.30000000000000004,0.08,0.057940807193517685
29318f66-0eff-4238-a2c2-5324ecc95e45,0.30000000000000004,0.13,0.08015736192464828
29318f66-0eff-4238-a2c2-5324ecc95e45,0.30000000000000004,0.18000000000000002,0.08233494311571121
29318f66-0eff-4238-a2c2-5324ecc95e45,0.30000000000000004,0.23,0.08308285474777222
2931abb8-b1ac-4431-904e-9ae191e5aae5,0.0,0.03,0.10945018380880356
2931abb8-b1ac-4431-904e-9ae191e5aae5,0.0,0.08,0.17490200698375702
2931abb8-b1ac-4431-904e-9ae191e5aae5,0.0,0.13,0.15479375422000885
2931abb8-b1ac-4431-904e-9ae191e5aae5,0.0,0.18000000000000002,0.135227769613266
2931abb8-b1ac-4431-904e-9ae191e5aae5,0.0,0.23,0.12785013020038605
2931abb8-b1ac-4431-904e-9ae191e5aae5,0.01,0.03,0.12145129591226578
2931abb8-b1ac-4431-904e-9ae191e5aae5,0.01,0.08,0.14690092206001282
2931abb8-b1ac-4431-904e-9ae191e5aae5,0.01,0.13,0.11832410097122192
2931abb8-b1ac-4431-904e-9ae191e5aae5,0.01,0.18000000000000002,0.11372260004281998
2931abb8-b1ac-4431-904e-9ae191e5aae5,0.01,0.23,0.10784326493740082
2931abb8-b1ac-4431-904e-9ae191e5aae5,0.02,0.03,0.11336471885442734
2931abb8-b1ac-4431-904e-9ae191e5aae5,0.02,0.08,0.12741410732269287
2931abb8-b1ac-4431-904e-9ae191e5aae5,0.02,0.13,0.11254443973302841
2931abb8-b1ac-4431-904e-9ae191e5aae5,0.02,0.18000000000000002,0.10289736092090607
2931abb8-b1ac-4431-904e-9ae191e5aae5,0.02,0.23,0.10000123828649521
2931abb8-b1ac-4431-904e-9ae191e5aae5,0.03,0.03,0.10568442195653915
2931abb8-b1ac-4431-904e-9ae191e5aae5,0.03,0.08,0.1152411699295044
2931abb8-b1ac-4431-904e-9ae191e5aae5,0.03,0.13,0.09649648517370224
2931abb8-b1ac-4431-904e-9ae191e5aae5,0.03,0.18000000000000002,0.09604954719543457
2931abb8-b1ac-4431-904e-9ae191e5aae5,0.03,0.23,0.090599924325943
2931abb8-b1ac-4431-904e-9ae191e5aae5,0.04,0.03,0.08457807451486588
2931abb8-b1ac-4431-904e-9ae191e5aae5,0.04,0.08,0.09281449764966965
2931abb8-b1ac-4431-904e-9ae191e5aae5,0.05,0.03,0.09803974628448486
2931abb8-b1ac-4431-904e-9ae191e5aae5,0.05,0.08,0.087467260658741
2931abb8-b1ac-4431-904e-9ae191e5aae5,0.05,0.13,0.07588762044906616
2931abb8-b1ac-4431-904e-9ae191e5aae5,0.05,0.18000000000000002,0.07635383307933807
2931abb8-b1ac-4431-904e-9ae191e5aae5,0.05,0.23,0.08058900386095047
2931abb8-b1ac-4431-904e-9ae191e5aae5,0.1,0.03,0.04477796331048012
2931abb8-b1ac-4431-904e-9ae191e5aae5,0.1,0.08,0.05521007999777794
2931abb8-b1ac-4431-904e-9ae191e5aae5,0.1,0.13,0.07299471646547318
2931abb8-b1ac-4431-904e-9ae191e5aae5,0.1,0.18000000000000002,0.07708237320184708
2931abb8-b1ac-4431-904e-9ae191e5aae5,0.1,0.23,0.07609027624130249
2931abb8-b1ac-4431-904e-9ae191e5aae5,0.15000000000000002,0.03,0.04669872671365738
2931abb8-b1ac-4431-904e-9ae191e5aae5,0.15000000000000002,0.08,0.06563831120729446
2931abb8-b1ac-4431-904e-9ae191e5aae5,0.15000000000000002,0.13,0.07024254649877548
2931abb8-b1ac-4431-904e-9ae191e5aae5,0.15000000000000002,0.18000000000000002,0.07078906148672104
2931abb8-b1ac-4431-904e-9ae191e5aae5,0.15000000000000002,0.23,0.0758143737912178
2931abb8-b1ac-4431-904e-9ae191e5aae5,0.2,0.03,0.04724683612585068
2931abb8-b1ac-4431-904e-9ae191e5aae5,0.2,0.08,0.057878803461790085
2931abb8-b1ac-4431-904e-9ae191e5aae5,0.2,0.13,0.06350845098495483
2931abb8-b1ac-4431-904e-9ae191e5aae5,0.2,0.18000000000000002,0.07497386634349823
2931abb8-b1ac-4431-904e-9ae191e5aae5,0.2,0.23,0.06999045610427856
2931abb8-b1ac-4431-904e-9ae191e5aae5,0.25,0.03,0.04317137226462364
2931abb8-b1ac-4431-904e-9ae191e5aae5,0.25,0.08,0.06121411919593811
2931abb8-b1ac-4431-904e-9ae191e5aae5,0.25,0.13,0.06785270571708679
2931abb8-b1ac-4431-904e-9ae191e5aae5,0.25,0.18000000000000002,0.06484175473451614
2931abb8-b1ac-4431-904e-9ae191e5aae5,0.25,0.23,0.0651712492108345
2931abb8-b1ac-4431-904e-9ae191e5aae5,0.30000000000000004,0.03,0.048836592584848404
2931abb8-b1ac-4431-904e-9ae191e5aae5,0.30000000000000004,0.08,0.061000362038612366
2931abb8-b1ac-4431-904e-9ae191e5aae5,0.30000000000000004,0.13,0.06238696351647377
2931abb8-b1ac-4431-904e-9ae191e5aae5,0.30000000000000004,0.18000000000000002,0.06260867416858673
2931abb8-b1ac-4431-904e-9ae191e5aae5,0.30000000000000004,0.23,0.06634733825922012
2a663896-bc33-4811-be0c-117d55f45004,0.0,0.03,0.04676355794072151
2a663896-bc33-4811-be0c-117d55f45004,0.0,0.08,0.05408681929111481
2a663896-bc33-4811-be0c-117d55f45004,0.0,0.13,0.056581802666187286
2a663896-bc33-4811-be0c-117d55f45004,0.0,0.18000000000000002,0.06849919259548187
2a663896-bc33-4811-be0c-117d55f45004,0.0,0.23,0.0733523741364479
2a663896-bc33-4811-be0c-117d55f45004,0.01,0.03,0.04917379096150398
2a663896-bc33-4811-be0c-117d55f45004,0.01,0.08,0.05506046861410141
2a663896-bc33-4811-be0c-117d55f45004,0.01,0.13,0.05481599271297455
2a663896-bc33-4811-be0c-117d55f45004,0.01,0.18000000000000002,0.07287711650133133
2a663896-bc33-4811-be0c-117d55f45004,0.01,0.23,0.07488249242305756
2a663896-bc33-4811-be0c-117d55f45004,0.02,0.03,0.05047526955604553
2a663896-bc33-4811-be0c-117d55f45004,0.02,0.08,0.05678362399339676
2a663896-bc33-4811-be0c-117d55f45004,0.02,0.13,0.06014849245548248
2a663896-bc33-4811-be0c-117d55f45004,0.02,0.18000000000000002,0.07475918531417847
2a663896-bc33-4811-be0c-117d55f45004,0.02,0.23,0.07346983253955841
2a663896-bc33-4811-be0c-117d55f45004,0.03,0.03,0.048531338572502136
2a663896-bc33-4811-be0c-117d55f45004,0.03,0.08,0.05491873249411583
2a663896-bc33-4811-be0c-117d55f45004,0.03,0.13,0.06427896022796631
2a663896-bc33-4811-be0c-117d55f45004,0.03,0.18000000000000002,0.07239114493131638
2a663896-bc33-4811-be0c-117d55f45004,0.03,0.23,0.07204996049404144
2a663896-bc33-4811-be0c-117d55f45004,0.04,0.03,0.0465160496532917
2a663896-bc33-4811-be0c-117d55f45004,0.04,0.08,0.0542183481156826
2a663896-bc33-4811-be0c-117d55f45004,0.05,0.03,0.04897771030664444
2a663896-bc33-4811-be0c-117d55f45004,0.05,0.08,0.05068742483854294
2a663896-bc33-4811-be0c-117d55f45004,0.05,0.13,0.061778388917446136
2a663896-bc33-4811-be0c-117d55f45004,0.05,0.18000000000000002,0.06858612596988678
2a663896-bc33-4811-be0c-117d55f45004,0.05,0.23,0.06440940499305725
2a663896-bc33-4811-be0c-117d55f45004,0.1,0.03,0.04677684232592583
2a663896-bc33-4811-be0c-117d55f45004,0.1,0.08,0.05850156396627426
2a663896-bc33-4811-be0c-117d55f45004,0.1,0.13,0.06446067243814468
2a663896-bc33-4811-be0c-117d55f45004,0.1,0.18000000000000002,0.06310557574033737
2a663896-bc33-4811-be0c-117d55f45004,0.1,0.23,0.07086531817913055
2a663896-bc33-4811-be0c-117d55f45004,0.15000000000000002,0.03,0.045201949775218964
2a663896-bc33-4811-be0c-117d55f45004,0.15000000000000002,0.08,0.0573393777012825
2a663896-bc33-4811-be0c-117d55f45004,0.15000000000000002,0.13,0.06270719319581985
2a663896-bc33-4811-be0c-117d55f45004,0.15000000000000002,0.18000000000000002,0.07082203030586243
2a663896-bc33-4811-be0c-117d55f45004,0.15000000000000002,0.23,0.0656157061457634
2a663896-bc33-4811-be0c-117d55f45004,0.2,0.03,0.0468553751707077
2a663896-bc33-4811-be0c-117d55f45004,0.2,0.08,0.05895473062992096
2a663896-bc33-4811-be0c-117d55f45004,0.2,0.13,0.06637484580278397
2a663896-bc33-4811-be0c-117d55f45004,0.2,0.18000000000000002,0.060911960899829865
2a663896-bc33-4811-be0c-117d55f45004,0.2,0.23,0.06009408086538315
2a663896-bc33-4811-be0c-117d55f45004,0.25,0.03,0.049304619431495667
2a663896-bc33-4811-be0c-117d55f45004,0.25,0.08,0.059321604669094086
2a663896-bc33-4811-be0c-117d55f45004,0.25,0.13,0.05712362378835678
2a663896-bc33-4811-be0c-117d55f45004,0.25,0.18000000000000002,0.06595553457736969
2a663896-bc33-4811-be0c-117d55f45004,0.25,0.23,0.07248872518539429
2a663896-bc33-4811-be0c-117d55f45004,0.30000000000000004,0.03,0.0446271114051342
2a663896-bc33-4811-be0c-117d55f45004,0.30000000000000004,0.08,0.059492919594049454
2a663896-bc33-4811-be0c-117d55f45004,0.30000000000000004,0.13,0.06523501873016357
2a663896-bc33-4811-be0c-117d55f45004,0.30000000000000004,0.18000000000000002,0.07073700428009033
2a663896-bc33-4811-be0c-117d55f45004,0.30000000000000004,0.23,0.07616045325994492
2a7c30b0-0032-4f88-ae9e-d6b2a502d62f,0.0,0.03,0.04593152552843094
2a7c30b0-0032-4f88-ae9e-d6b2a502d62f,0.0,0.08,0.054601844400167465
2a7c30b0-0032-4f88-ae9e-d6b2a502d62f,0.0,0.13,0.07650066912174225
2a7c30b0-0032-4f88-ae9e-d6b2a502d62f,0.0,0.18000000000000002,0.0888097807765007
2a7c30b0-0032-4f88-ae9e-d6b2a502d62f,0.0,0.23,0.0920913815498352
2a7c30b0-0032-4f88-ae9e-d6b2a502d62f,0.01,0.03,0.04905166104435921
2a7c30b0-0032-4f88-ae9e-d6b2a502d62f,0.01,0.08,0.06091831624507904
2a7c30b0-0032-4f88-ae9e-d6b2a502d62f,0.01,0.13,0.08306221663951874
2a7c30b0-0032-4f88-ae9e-d6b2a502d62f,0.01,0.18000000000000002,0.08938343077898026
2a7c30b0-0032-4f88-ae9e-d6b2a502d62f,0.01,0.23,0.09157633036375046
2a7c30b0-0032-4f88-ae9e-d6b2a502d62f,0.02,0.03,0.04625555872917175
2a7c30b0-0032-4f88-ae9e-d6b2a502d62f,0.02,0.08,0.06350940465927124
2a7c30b0-0032-4f88-ae9e-d6b2a502d62f,0.02,0.13,0.08365431427955627
2a7c30b0-0032-4f88-ae9e-d6b2a502d62f,0.02,0.18000000000000002,0.08890311419963837
2a7c30b0-0032-4f88-ae9e-d6b2a502d62f,0.02,0.23,0.09162790328264236
2a7c30b0-0032-4f88-ae9e-d6b2a502d62f,0.03,0.03,0.044324569404125214
2a7c30b0-0032-4f88-ae9e-d6b2a502d62f,0.03,0.08,0.06533902883529663
2a7c30b0-0032-4f88-ae9e-d6b2a502d62f,0.03,0.13,0.08585333079099655
2a7c30b0-0032-4f88-ae9e-d6b2a502d62f,0.03,0.18000000000000002,0.08630315959453583
2a7c30b0-0032-4f88-ae9e-d6b2a502d62f,0.03,0.23,0.09172547608613968
2a7c30b0-0032-4f88-ae9e-d6b2a502d62f,0.04,0.03,0.047524262219667435
2a7c30b0-0032-4f88-ae9e-d6b2a502d62f,0.04,0.08,0.07182078808546066
2a7c30b0-0032-4f88-ae9e-d6b2a502d62f,0.05,0.03,0.05420544743537903
2a7c30b0-0032-4f88-ae9e-d6b2a502d62f,0.05,0.08,0.08228842914104462
2a7c30b0-0032-4f88-ae9e-d6b2a502d62f,0.05,0.13,0.09360756725072861
2a7c30b0-0032-4f88-ae9e-d6b2a502d62f,0.05,0.18000000000000002,0.093578040599823
2a7c30b0-0032-4f88-ae9e-d6b2a502d62f,0.05,0.23,0.09524664282798767
2a7c30b0-0032-4f88-ae9e-d6b2a502d62f,0.1,0.03,0.061082933098077774
2a7c30b0-0032-4f88-ae9e-d6b2a502d62f,0.1,0.08,0.0755908191204071
2a7c30b0-0032-4f88-ae9e-d6b2a502d62f,0.1,0.13,0.07614761590957642
2a7c30b0-0032-4f88-ae9e-d6b2a502d62f,0.1,0.18000000000000002,0.08023380488157272
2a7c30b0-0032-4f88-ae9e-d6b2a502d62f,0.1,0.23,0.07917909324169159
2a7c30b0-0032-4f88-ae9e-d6b2a502d62f,0.15000000000000002,0.03,0.04769255593419075
2a7c30b0-0032-4f88-ae9e-d6b2a502d62f,0.15000000000000002,0.08,0.05851765349507332
2a7c30b0-0032-4f88-ae9e-d6b2a502d62f,0.15000000000000002,0.13,0.06415295600891113
2a7c30b0-0032-4f88-ae9e-d6b2a502d62f,0.15000000000000002,0.18000000000000002,0.06688374280929565
2a7c30b0-0032-4f88-ae9e-d6b2a502d62f,0.15000000000000002,0.23,0.07153072208166122
2a7c30b0-0032-4f88-ae9e-d6b2a502d62f,0.2,0.03,0.04679397493600845
2a7c30b0-0032-4f88-ae9e-d6b2a502d62f,0.2,0.08,0.05689899995923042
2a7c30b0-0032-4f88-ae9e-d6b2a502d62f,0.2,0.13,0.06708037108182907
2a7c30b0-0032-4f88-ae9e-d6b2a502d62f,0.2,0.18000000000000002,0.06797879189252853
2a7c30b0-0032-4f88-ae9e-d6b2a502d62f,0.2,0.23,0.07026896625757217
2a7c30b0-0032-4f88-ae9e-d6b2a502d62f,0.25,0.03,0.045247845351696014
2a7c30b0-0032-4f88-ae9e-d6b2a502d62f,0.25,0.08,0.06620793044567108
2a7c30b0-0032-4f88-ae9e-d6b2a502d62f,0.25,0.13,0.0684790313243866
2a7c30b0-0032-4f88-ae9e-d6b2a502d62f,0.25,0.18000000000000002,0.0654706135392189
2a7c30b0-0032-4f88-ae9e-d6b2a502d62f,0.25,0.23,0.0690314844250679
2a7c30b0-0032-4f88-ae9e-d6b2a502d62f,0.30000000000000004,0.03,0.05538300424814224
2a7c30b0-0032-4f88-ae9e-d6b2a502d62f,0.30000000000000004,0.08,0.057848960161209106
2a7c30b0-0032-4f88-ae9e-d6b2a502d62f,0.30000000000000004,0.13,0.06703469157218933
2a7c30b0-0032-4f88-ae9e-d6b2a502d62f,0.30000000000000004,0.18000000000000002,0.06825729459524155
2a7c30b0-0032-4f88-ae9e-d6b2a502d62f,0.30000000000000004,0.23,0.06374688446521759
2b8be786-4041-49e4-a468-ed9ece85b4c9,0.0,0.03,0.08323893696069717
2b8be786-4041-49e4-a468-ed9ece85b4c9,0.0,0.08,0.13680261373519897
2b8be786-4041-49e4-a468-ed9ece85b4c9,0.0,0.13,0.12427104264497757
2b8be786-4041-49e4-a468-ed9ece85b4c9,0.0,0.18000000000000002,0.11232006549835205
2b8be786-4041-49e4-a468-ed9ece85b4c9,0.0,0.23,0.09654218703508377
2b8be786-4041-49e4-a468-ed9ece85b4c9,0.01,0.03,0.0846223458647728
2b8be786-4041-49e4-a468-ed9ece85b4c9,0.01,0.08,0.12748084962368011
2b8be786-4041-49e4-a468-ed9ece85b4c9,0.01,0.13,0.1184602901339531
2b8be786-4041-49e4-a468-ed9ece85b4c9,0.01,0.18000000000000002,0.10582028329372406
2b8be786-4041-49e4-a468-ed9ece85b4c9,0.01,0.23,0.09358594566583633
2b8be786-4041-49e4-a468-ed9ece85b4c9,0.02,0.03,0.0996648296713829
2b8be786-4041-49e4-a468-ed9ece85b4c9,0.02,0.08,0.13498865067958832
2b8be786-4041-49e4-a468-ed9ece85b4c9,0.02,0.13,0.11874312907457352
2b8be786-4041-49e4-a468-ed9ece85b4c9,0.02,0.18000000000000002,0.10843199491500854
2b8be786-4041-49e4-a468-ed9ece85b4c9,0.02,0.23,0.09287471324205399
2b8be786-4041-49e4-a468-ed9ece85b4c9,0.03,0.03,0.10310807079076767
2b8be786-4041-49e4-a468-ed9ece85b4c9,0.03,0.08,0.1251859962940216
2b8be786-4041-49e4-a468-ed9ece85b4c9,0.03,0.13,0.11723829805850983
2b8be786-4041-49e4-a468-ed9ece85b4c9,0.03,0.18000000000000002,0.10166296362876892
2b8be786-4041-49e4-a468-ed9ece85b4c9,0.03,0.23,0.09221060574054718
2b8be786-4041-49e4-a468-ed9ece85b4c9,0.04,0.03,0.09388093650341034
2b8be786-4041-49e4-a468-ed9ece85b4c9,0.04,0.08,0.1144360825419426
2b8be786-4041-49e4-a468-ed9ece85b4c9,0.05,0.03,0.08949083089828491
2b8be786-4041-49e4-a468-ed9ece85b4c9,0.05,0.08,0.11801459640264511
2b8be786-4041-49e4-a468-ed9ece85b4c9,0.05,0.13,0.11788052320480347
2b8be786-4041-49e4-a468-ed9ece85b4c9,0.05,0.18000000000000002,0.10152599960565567
2b8be786-4041-49e4-a468-ed9ece85b4c9,0.05,0.23,0.09649299830198288
2b8be786-4041-49e4-a468-ed9ece85b4c9,0.1,0.03,0.08649641275405884
2b8be786-4041-49e4-a468-ed9ece85b4c9,0.1,0.08,0.11533673107624054
2b8be786-4041-49e4-a468-ed9ece85b4c9,0.1,0.13,0.10339118540287018
2b8be786-4041-49e4-a468-ed9ece85b4c9,0.1,0.18000000000000002,0.10004505515098572
2b8be786-4041-49e4-a468-ed9ece85b4c9,0.1,0.23,0.10163228958845139
2b8be786-4041-49e4-a468-ed9ece85b4c9,0.15000000000000002,0.03,0.06960971653461456
2b8be786-4041-49e4-a468-ed9ece85b4c9,0.15000000000000002,0.08,0.08304114639759064
2b8be786-4041-49e4-a468-ed9ece85b4c9,0.15000000000000002,0.13,0.08417538553476334
2b8be786-4041-49e4-a468-ed9ece85b4c9,0.15000000000000002,0.18000000000000002,0.08540736883878708
2b8be786-4041-49e4-a468-ed9ece85b4c9,0.15000000000000002,0.23,0.08756371587514877
2b8be786-4041-49e4-a468-ed9ece85b4c9,0.2,0.03,0.05557148903608322
2b8be786-4041-49e4-a468-ed9ece85b4c9,0.2,0.08,0.0708175003528595
2b8be786-4041-49e4-a468-ed9ece85b4c9,0.2,0.13,0.07315924018621445
2b8be786-4041-49e4-a468-ed9ece85b4c9,0.2,0.18000000000000002,0.07774892449378967
2b8be786-4041-49e4-a468-ed9ece85b4c9,0.2,0.23,0.06616492569446564
2b8be786-4041-49e4-a468-ed9ece85b4c9,0.25,0.03,0.050259627401828766
2b8be786-4041-49e4-a468-ed9ece85b4c9,0.25,0.08,0.057063665241003036
2b8be786-4041-49e4-a468-ed9ece85b4c9,0.25,0.13,0.06133308261632919
2b8be786-4041-49e4-a468-ed9ece85b4c9,0.25,0.18000000000000002,0.06723089516162872
2b8be786-4041-49e4-a468-ed9ece85b4c9,0.25,0.23,0.06653482466936111
2b8be786-4041-49e4-a468-ed9ece85b4c9,0.30000000000000004,0.03,0.047332651913166046
2b8be786-4041-49e4-a468-ed9ece85b4c9,0.30000000000000004,0.08,0.06374907493591309
2b8be786-4041-49e4-a468-ed9ece85b4c9,0.30000000000000004,0.13,0.06681260466575623
2b8be786-4041-49e4-a468-ed9ece85b4c9,0.30000000000000004,0.18000000000000002,0.06475479155778885
2b8be786-4041-49e4-a468-ed9ece85b4c9,0.30000000000000004,0.23,0.06384231150150299
2bdfca0f-9471-4b56-82aa-bf3a8f017187,0.0,0.03,0.08196063339710236
2bdfca0f-9471-4b56-82aa-bf3a8f017187,0.0,0.08,0.14104115962982178
2bdfca0f-9471-4b56-82aa-bf3a8f017187,0.0,0.13,0.11785124987363815
2bdfca0f-9471-4b56-82aa-bf3a8f017187,0.0,0.18000000000000002,0.08680728822946548
2bdfca0f-9471-4b56-82aa-bf3a8f017187,0.0,0.23,0.08023302257061005
2bdfca0f-9471-4b56-82aa-bf3a8f017187,0.01,0.03,0.09368552267551422
2bdfca0f-9471-4b56-82aa-bf3a8f017187,0.01,0.08,0.134542316198349
2bdfca0f-9471-4b56-82aa-bf3a8f017187,0.01,0.13,0.1003037542104721
2bdfca0f-9471-4b56-82aa-bf3a8f017187,0.01,0.18000000000000002,0.0793154388666153
2bdfca0f-9471-4b56-82aa-bf3a8f017187,0.01,0.23,0.07704947143793106
2bdfca0f-9471-4b56-82aa-bf3a8f017187,0.02,0.03,0.1116081178188324
2bdfca0f-9471-4b56-82aa-bf3a8f017187,0.02,0.08,0.12412239611148834
2bdfca0f-9471-4b56-82aa-bf3a8f017187,0.02,0.13,0.08827702701091766
2bdfca0f-9471-4b56-82aa-bf3a8f017187,0.02,0.18000000000000002,0.07399764657020569
2bdfca0f-9471-4b56-82aa-bf3a8f017187,0.02,0.23,0.07499650120735168
2bdfca0f-9471-4b56-82aa-bf3a8f017187,0.03,0.03,0.10568544268608093
2bdfca0f-9471-4b56-82aa-bf3a8f017187,0.03,0.08,0.10666513442993164
2bdfca0f-9471-4b56-82aa-bf3a8f017187,0.03,0.13,0.08630754798650742
2bdfca0f-9471-4b56-82aa-bf3a8f017187,0.03,0.18000000000000002,0.07126123458147049
2bdfca0f-9471-4b56-82aa-bf3a8f017187,0.03,0.23,0.07460664957761765
2bdfca0f-9471-4b56-82aa-bf3a8f017187,0.04,0.03,0.09751437604427338
2bdfca0f-9471-4b56-82aa-bf3a8f017187,0.04,0.08,0.08547016233205795
2bdfca0f-9471-4b56-82aa-bf3a8f017187,0.05,0.03,0.06598381698131561
2bdfca0f-9471-4b56-82aa-bf3a8f017187,0.05,0.08,0.0735677108168602
2bdfca0f-9471-4b56-82aa-bf3a8f017187,0.05,0.13,0.07000771164894104
2bdfca0f-9471-4b56-82aa-bf3a8f017187,0.05,0.18000000000000002,0.06881090998649597
2bdfca0f-9471-4b56-82aa-bf3a8f017187,0.05,0.23,0.07576495409011841
2bdfca0f-9471-4b56-82aa-bf3a8f017187,0.1,0.03,0.04887012392282486
2bdfca0f-9471-4b56-82aa-bf3a8f017187,0.1,0.08,0.055950313806533813
2bdfca0f-9471-4b56-82aa-bf3a8f017187,0.1,0.13,0.06907698512077332
2bdfca0f-9471-4b56-82aa-bf3a8f017187,0.1,0.18000000000000002,0.07840222865343094
2bdfca0f-9471-4b56-82aa-bf3a8f017187,0.1,0.23,0.07274780422449112
2bdfca0f-9471-4b56-82aa-bf3a8f017187,0.15000000000000002,0.03,0.04370158165693283
2bdfca0f-9471-4b56-82aa-bf3a8f017187,0.15000000000000002,0.08,0.06123707443475723
2bdfca0f-9471-4b56-82aa-bf3a8f017187,0.15000000000000002,0.13,0.0722268745303154
2bdfca0f-9471-4b56-82aa-bf3a8f017187,0.15000000000000002,0.18000000000000002,0.0652216449379921
2bdfca0f-9471-4b56-82aa-bf3a8f017187,0.15000000000000002,0.23,0.0636080652475357
2bdfca0f-9471-4b56-82aa-bf3a8f017187,0.2,0.03,0.04603627696633339
2bdfca0f-9471-4b56-82aa-bf3a8f017187,0.2,0.08,0.05699163302779198
2bdfca0f-9471-4b56-82aa-bf3a8f017187,0.2,0.13,0.06257281452417374
2bdfca0f-9471-4b56-82aa-bf3a8f017187,0.2,0.18000000000000002,0.05975066497921944
2bdfca0f-9471-4b56-82aa-bf3a8f017187,0.2,0.23,0.06432568281888962
2bdfca0f-9471-4b56-82aa-bf3a8f017187,0.25,0.03,0.045597899705171585
2bdfca0f-9471-4b56-82aa-bf3a8f017187,0.25,0.08,0.06008472666144371
2bdfca0f-9471-4b56-82aa-bf3a8f017187,0.25,0.13,0.0663343071937561
2bdfca0f-9471-4b56-82aa-bf3a8f017187,0.25,0.18000000000000002,0.0620269849896431
2bdfca0f-9471-4b56-82aa-bf3a8f017187,0.25,0.23,0.06794970482587814
2bdfca0f-9471-4b56-82aa-bf3a8f017187,0.30000000000000004,0.03,0.05222873389720917
2bdfca0f-9471-4b56-82aa-bf3a8f017187,0.30000000000000004,0.08,0.06749744713306427
2bdfca0f-9471-4b56-82aa-bf3a8f017187,0.30000000000000004,0.13,0.06239001452922821
2bdfca0f-9471-4b56-82aa-bf3a8f017187,0.30000000000000004,0.18000000000000002,0.062069863080978394
2bdfca0f-9471-4b56-82aa-bf3a8f017187,0.30000000000000004,0.23,0.06421452760696411
2c444e8a-d89c-4f9c-90e4-d9dc1d53cbba,0.0,0.03,0.051196418702602386
2c444e8a-d89c-4f9c-90e4-d9dc1d53cbba,0.0,0.08,0.05490536615252495
2c444e8a-d89c-4f9c-90e4-d9dc1d53cbba,0.0,0.13,0.058914914727211
2c444e8a-d89c-4f9c-90e4-d9dc1d53cbba,0.0,0.18000000000000002,0.060759056359529495
2c444e8a-d89c-4f9c-90e4-d9dc1d53cbba,0.0,0.23,0.06385396420955658
2c444e8a-d89c-4f9c-90e4-d9dc1d53cbba,0.01,0.03,0.049516767263412476
2c444e8a-d89c-4f9c-90e4-d9dc1d53cbba,0.01,0.08,0.0560007281601429
2c444e8a-d89c-4f9c-90e4-d9dc1d53cbba,0.01,0.13,0.06363207846879959
2c444e8a-d89c-4f9c-90e4-d9dc1d53cbba,0.01,0.18000000000000002,0.06515905261039734
2c444e8a-d89c-4f9c-90e4-d9dc1d53cbba,0.01,0.23,0.06270560622215271
2c444e8a-d89c-4f9c-90e4-d9dc1d53cbba,0.02,0.03,0.04290188476443291
2c444e8a-d89c-4f9c-90e4-d9dc1d53cbba,0.02,0.08,0.060085613280534744
2c444e8a-d89c-4f9c-90e4-d9dc1d53cbba,0.02,0.13,0.06925537437200546
2c444e8a-d89c-4f9c-90e4-d9dc1d53cbba,0.02,0.18000000000000002,0.06069226562976837
2c444e8a-d89c-4f9c-90e4-d9dc1d53cbba,0.02,0.23,0.062155917286872864
2c444e8a-d89c-4f9c-90e4-d9dc1d53cbba,0.03,0.03,0.04748886078596115
2c444e8a-d89c-4f9c-90e4-d9dc1d53cbba,0.03,0.08,0.06583897769451141
2c444e8a-d89c-4f9c-90e4-d9dc1d53cbba,0.03,0.13,0.06967949867248535
2c444e8a-d89c-4f9c-90e4-d9dc1d53cbba,0.03,0.18000000000000002,0.059242963790893555
2c444e8a-d89c-4f9c-90e4-d9dc1d53cbba,0.03,0.23,0.06102604791522026
2c444e8a-d89c-4f9c-90e4-d9dc1d53cbba,0.04,0.03,0.04791083559393883
2c444e8a-d89c-4f9c-90e4-d9dc1d53cbba,0.04,0.08,0.05863603204488754
2c444e8a-d89c-4f9c-90e4-d9dc1d53cbba,0.05,0.03,0.05081722512841225
2c444e8a-d89c-4f9c-90e4-d9dc1d53cbba,0.05,0.08,0.05895863473415375
2c444e8a-d89c-4f9c-90e4-d9dc1d53cbba,0.05,0.13,0.05444330722093582
2c444e8a-d89c-4f9c-90e4-d9dc1d53cbba,0.05,0.18000000000000002,0.05790528655052185
2c444e8a-d89c-4f9c-90e4-d9dc1d53cbba,0.05,0.23,0.06316672265529633
2c444e8a-d89c-4f9c-90e4-d9dc1d53cbba,0.1,0.03,0.04669111967086792
2c444e8a-d89c-4f9c-90e4-d9dc1d53cbba,0.1,0.08,0.05503633990883827
2c444e8a-d89c-4f9c-90e4-d9dc1d53cbba,0.1,0.13,0.06280345469713211
2c444e8a-d89c-4f9c-90e4-d9dc1d53cbba,0.1,0.18000000000000002,0.066081702709198
2c444e8a-d89c-4f9c-90e4-d9dc1d53cbba,0.1,0.23,0.06622452288866043
2c444e8a-d89c-4f9c-90e4-d9dc1d53cbba,0.15000000000000002,0.03,0.04519007354974747
2c444e8a-d89c-4f9c-90e4-d9dc1d53cbba,0.15000000000000002,0.08,0.05621375888586044
2c444e8a-d89c-4f9c-90e4-d9dc1d53cbba,0.15000000000000002,0.13,0.06471918523311615
2c444e8a-d89c-4f9c-90e4-d9dc1d53cbba,0.15000000000000002,0.18000000000000002,0.06553599238395691
2c444e8a-d89c-4f9c-90e4-d9dc1d53cbba,0.15000000000000002,0.23,0.06727113574743271
2c444e8a-d89c-4f9c-90e4-d9dc1d53cbba,0.2,0.03,0.04584890231490135
2c444e8a-d89c-4f9c-90e4-d9dc1d53cbba,0.2,0.08,0.06062934547662735
2c444e8a-d89c-4f9c-90e4-d9dc1d53cbba,0.2,0.13,0.06654136627912521
2c444e8a-d89c-4f9c-90e4-d9dc1d53cbba,0.2,0.18000000000000002,0.06704534590244293
2c444e8a-d89c-4f9c-90e4-d9dc1d53cbba,0.2,0.23,0.07408864796161652
2c444e8a-d89c-4f9c-90e4-d9dc1d53cbba,0.25,0.03,0.050267111510038376
2c444e8a-d89c-4f9c-90e4-d9dc1d53cbba,0.25,0.08,0.0741003006696701
2c444e8a-d89c-4f9c-90e4-d9dc1d53cbba,0.25,0.13,0.06933528184890747
2c444e8a-d89c-4f9c-90e4-d9dc1d53cbba,0.25,0.18000000000000002,0.06952637434005737
2c444e8a-d89c-4f9c-90e4-d9dc1d53cbba,0.25,0.23,0.06292976438999176
2c444e8a-d89c-4f9c-90e4-d9dc1d53cbba,0.30000000000000004,0.03,0.055093515664339066
2c444e8a-d89c-4f9c-90e4-d9dc1d53cbba,0.30000000000000004,0.08,0.06075390800833702
2c444e8a-d89c-4f9c-90e4-d9dc1d53cbba,0.30000000000000004,0.13,0.07798965275287628
2c444e8a-d89c-4f9c-90e4-d9dc1d53cbba,0.30000000000000004,0.18000000000000002,0.06724429875612259
2c444e8a-d89c-4f9c-90e4-d9dc1d53cbba,0.30000000000000004,0.23,0.0643453598022461
2d6de7aa-2d2c-46b1-979b-bd74423f2291,0.0,0.03,0.05024769529700279
2d6de7aa-2d2c-46b1-979b-bd74423f2291,0.0,0.08,0.05731453374028206
2d6de7aa-2d2c-46b1-979b-bd74423f2291,0.0,0.13,0.06607010960578918
2d6de7aa-2d2c-46b1-979b-bd74423f2291,0.0,0.18000000000000002,0.06905259937047958
2d6de7aa-2d2c-46b1-979b-bd74423f2291,0.0,0.23,0.07445301860570908
2d6de7aa-2d2c-46b1-979b-bd74423f2291,0.01,0.03,0.04658719152212143
2d6de7aa-2d2c-46b1-979b-bd74423f2291,0.01,0.08,0.06069500744342804
2d6de7aa-2d2c-46b1-979b-bd74423f2291,0.01,0.13,0.07137760519981384
2d6de7aa-2d2c-46b1-979b-bd74423f2291,0.01,0.18000000000000002,0.07342555373907089
2d6de7aa-2d2c-46b1-979b-bd74423f2291,0.01,0.23,0.0746915340423584
2d6de7aa-2d2c-46b1-979b-bd74423f2291,0.02,0.03,0.05448397994041443
2d6de7aa-2d2c-46b1-979b-bd74423f2291,0.02,0.08,0.060546424239873886
2d6de7aa-2d2c-46b1-979b-bd74423f2291,0.02,0.13,0.07669580727815628
2d6de7aa-2d2c-46b1-979b-bd74423f2291,0.02,0.18000000000000002,0.07813134044408798
2d6de7aa-2d2c-46b1-979b-bd74423f2291,0.02,0.23,0.07744864374399185
2d6de7aa-2d2c-46b1-979b-bd74423f2291,0.03,0.03,0.04857426509261131
2d6de7aa-2d2c-46b1-979b-bd74423f2291,0.03,0.08,0.06838430464267731
2d6de7aa-2d2c-46b1-979b-bd74423f2291,0.03,0.13,0.07525576651096344
2d6de7aa-2d2c-46b1-979b-bd74423f2291,0.03,0.18000000000000002,0.07339087128639221
2d6de7aa-2d2c-46b1-979b-bd74423f2291,0.03,0.23,0.07335034757852554
2d6de7aa-2d2c-46b1-979b-bd74423f2291,0.04,0.03,0.054364703595638275
2d6de7aa-2d2c-46b1-979b-bd74423f2291,0.04,0.08,0.06717467308044434
2d6de7aa-2d2c-46b1-979b-bd74423f2291,0.05,0.03,0.05239986628293991
2d6de7aa-2d2c-46b1-979b-bd74423f2291,0.05,0.08,0.06238719820976257
2d6de7aa-2d2c-46b1-979b-bd74423f2291,0.05,0.13,0.07701204717159271
2d6de7aa-2d2c-46b1-979b-bd74423f2291,0.05,0.18000000000000002,0.07336968183517456
2d6de7aa-2d2c-46b1-979b-bd74423f2291,0.05,0.23,0.07085485756397247
2d6de7aa-2d2c-46b1-979b-bd74423f2291,0.1,0.03,0.05033837631344795
2d6de7aa-2d2c-46b1-979b-bd74423f2291,0.1,0.08,0.06546269357204437
2d6de7aa-2d2c-46b1-979b-bd74423f2291,0.1,0.13,0.06143776327371597
2d6de7aa-2d2c-46b1-979b-bd74423f2291,0.1,0.18000000000000002,0.06438279151916504
2d6de7aa-2d2c-46b1-979b-bd74423f2291,0.1,0.23,0.06116835027933121
2d6de7aa-2d2c-46b1-979b-bd74423f2291,0.15000000000000002,0.03,0.042260389775037766
2d6de7aa-2d2c-46b1-979b-bd74423f2291,0.15000000000000002,0.08,0.05497444421052933
2d6de7aa-2d2c-46b1-979b-bd74423f2291,0.15000000000000002,0.13,0.06028056517243385
2d6de7aa-2d2c-46b1-979b-bd74423f2291,0.15000000000000002,0.18000000000000002,0.057067856192588806
2d6de7aa-2d2c-46b1-979b-bd74423f2291,0.15000000000000002,0.23,0.05991373583674431
2d6de7aa-2d2c-46b1-979b-bd74423f2291,0.2,0.03,0.04656089097261429
2d6de7aa-2d2c-46b1-979b-bd74423f2291,0.2,0.08,0.05355820804834366
2d6de7aa-2d2c-46b1-979b-bd74423f2291,0.2,0.13,0.054884299635887146
2d6de7aa-2d2c-46b1-979b-bd74423f2291,0.2,0.18000000000000002,0.06108253449201584
2d6de7aa-2d2c-46b1-979b-bd74423f2291,0.2,0.23,0.06860575079917908
2d6de7aa-2d2c-46b1-979b-bd74423f2291,0.25,0.03,0.04562297835946083
2d6de7aa-2d2c-46b1-979b-bd74423f2291,0.25,0.08,0.053245432674884796
2d6de7aa-2d2c-46b1-979b-bd74423f2291,0.25,0.13,0.05708378925919533
2d6de7aa-2d2c-46b1-979b-bd74423f2291,0.25,0.18000000000000002,0.06663576513528824
2d6de7aa-2d2c-46b1-979b-bd74423f2291,0.25,0.23,0.06773535162210464
2d6de7aa-2d2c-46b1-979b-bd74423f2291,0.30000000000000004,0.03,0.047315020114183426
2d6de7aa-2d2c-46b1-979b-bd74423f2291,0.30000000000000004,0.08,0.05420740321278572
2d6de7aa-2d2c-46b1-979b-bd74423f2291,0.30000000000000004,0.13,0.06618434935808182
2d6de7aa-2d2c-46b1-979b-bd74423f2291,0.30000000000000004,0.18000000000000002,0.06325466930866241
2d6de7aa-2d2c-46b1-979b-bd74423f2291,0.30000000000000004,0.23,0.061733879148960114
2e24e6d2-007f-4b07-b17d-8a4fa9ee73a1,0.0,0.03,0.04662841185927391
2e24e6d2-007f-4b07-b17d-8a4fa9ee73a1,0.0,0.08,0.06392364203929901
2e24e6d2-007f-4b07-b17d-8a4fa9ee73a1,0.0,0.13,0.05821960046887398
2e24e6d2-007f-4b07-b17d-8a4fa9ee73a1,0.0,0.18000000000000002,0.059720758348703384
2e24e6d2-007f-4b07-b17d-8a4fa9ee73a1,0.0,0.23,0.05915967747569084
2e24e6d2-007f-4b07-b17d-8a4fa9ee73a1,0.01,0.03,0.05237088352441788
2e24e6d2-007f-4b07-b17d-8a4fa9ee73a1,0.01,0.08,0.0559275820851326
2e24e6d2-007f-4b07-b17d-8a4fa9ee73a1,0.01,0.13,0.05928585305809975
2e24e6d2-007f-4b07-b17d-8a4fa9ee73a1,0.01,0.18000000000000002,0.05864327773451805
2e24e6d2-007f-4b07-b17d-8a4fa9ee73a1,0.01,0.23,0.055817123502492905
2e24e6d2-007f-4b07-b17d-8a4fa9ee73a1,0.02,0.03,0.049870263785123825
2e24e6d2-007f-4b07-b17d-8a4fa9ee73a1,0.02,0.08,0.05504816025495529
2e24e6d2-007f-4b07-b17d-8a4fa9ee73a1,0.02,0.13,0.05667763575911522
2e24e6d2-007f-4b07-b17d-8a4fa9ee73a1,0.02,0.18000000000000002,0.05754498764872551
2e24e6d2-007f-4b07-b17d-8a4fa9ee73a1,0.02,0.23,0.058183684945106506
2e24e6d2-007f-4b07-b17d-8a4fa9ee73a1,0.03,0.03,0.046469226479530334
2e24e6d2-007f-4b07-b17d-8a4fa9ee73a1,0.03,0.08,0.0588274709880352
2e24e6d2-007f-4b07-b17d-8a4fa9ee73a1,0.03,0.13,0.060090549290180206
2e24e6d2-007f-4b07-b17d-8a4fa9ee73a1,0.03,0.18000000000000002,0.05859210714697838
2e24e6d2-007f-4b07-b17d-8a4fa9ee73a1,0.03,0.23,0.058526650071144104
2e24e6d2-007f-4b07-b17d-8a4fa9ee73a1,0.04,0.03,0.04843062907457352
2e24e6d2-007f-4b07-b17d-8a4fa9ee73a1,0.04,0.08,0.058938752859830856
2e24e6d2-007f-4b07-b17d-8a4fa9ee73a1,0.05,0.03,0.045308925211429596
2e24e6d2-007f-4b07-b17d-8a4fa9ee73a1,0.05,0.08,0.051778532564640045
2e24e6d2-007f-4b07-b17d-8a4fa9ee73a1,0.05,0.13,0.05721209943294525
2e24e6d2-007f-4b07-b17d-8a4fa9ee73a1,0.05,0.18000000000000002,0.0582076795399189
2e24e6d2-007f-4b07-b17d-8a4fa9ee73a1,0.05,0.23,0.06243795529007912
2e24e6d2-007f-4b07-b17d-8a4fa9ee73a1,0.1,0.03,0.04860617592930794
2e24e6d2-007f-4b07-b17d-8a4fa9ee73a1,0.1,0.08,0.061128854751586914
2e24e6d2-007f-4b07-b17d-8a4fa9ee73a1,0.1,0.13,0.06553301960229874
2e24e6d2-007f-4b07-b17d-8a4fa9ee73a1,0.1,0.18000000000000002,0.06885455548763275
2e24e6d2-007f-4b07-b17d-8a4fa9ee73a1,0.1,0.23,0.07349863648414612
2e24e6d2-007f-4b07-b17d-8a4fa9ee73a1,0.15000000000000002,0.03,0.049327969551086426
2e24e6d2-007f-4b07-b17d-8a4fa9ee73a1,0.15000000000000002,0.08,0.05953016132116318
2e24e6d2-007f-4b07-b17d-8a4fa9ee73a1,0.15000000000000002,0.13,0.067505843937397
2e24e6d2-007f-4b07-b17d-8a4fa9ee73a1,0.15000000000000002,0.18000000000000002,0.07541235536336899
2e24e6d2-007f-4b07-b17d-8a4fa9ee73a1,0.15000000000000002,0.23,0.07245183736085892
2e24e6d2-007f-4b07-b17d-8a4fa9ee73a1,0.2,0.03,0.04906373471021652
2e24e6d2-007f-4b07-b17d-8a4fa9ee73a1,0.2,0.08,0.05739372968673706
2e24e6d2-007f-4b07-b17d-8a4fa9ee73a1,0.2,0.13,0.07333792001008987
2e24e6d2-007f-4b07-b17d-8a4fa9ee73a1,0.2,0.18000000000000002,0.06830096989870071
2e24e6d2-007f-4b07-b17d-8a4fa9ee73a1,0.2,0.23,0.06551090627908707
2e24e6d2-007f-4b07-b17d-8a4fa9ee73a1,0.25,0.03,0.048796847462654114
2e24e6d2-007f-4b07-b17d-8a4fa9ee73a1,0.25,0.08,0.07092026621103287
2e24e6d2-007f-4b07-b17d-8a4fa9ee73a1,0.25,0.13,0.0664886012673378
2e24e6d2-007f-4b07-b17d-8a4fa9ee73a1,0.25,0.18000000000000002,0.06729529052972794
2e24e6d2-007f-4b07-b17d-8a4fa9ee73a1,0.25,0.23,0.06715473532676697
2e24e6d2-007f-4b07-b17d-8a4fa9ee73a1,0.30000000000000004,0.03,0.044379718601703644
2e24e6d2-007f-4b07-b17d-8a4fa9ee73a1,0.30000000000000004,0.08,0.06215578690171242
2e24e6d2-007f-4b07-b17d-8a4fa9ee73a1,0.30000000000000004,0.13,0.06490141898393631
2e24e6d2-007f-4b07-b17d-8a4fa9ee73a1,0.30000000000000004,0.18000000000000002,0.06855566054582596
2e24e6d2-007f-4b07-b17d-8a4fa9ee73a1,0.30000000000000004,0.23,0.07776064425706863
2e47f99b-7250-4001-90ab-c6968f6b5524,0.0,0.03,0.04944266006350517
2e47f99b-7250-4001-90ab-c6968f6b5524,0.0,0.08,0.059716153889894485
2e47f99b-7250-4001-90ab-c6968f6b5524,0.0,0.13,0.06762445718050003
2e47f99b-7250-4001-90ab-c6968f6b5524,0.0,0.18000000000000002,0.06365202367305756
2e47f99b-7250-4001-90ab-c6968f6b5524,0.0,0.23,0.06505048274993896
2e47f99b-7250-4001-90ab-c6968f6b5524,0.01,0.03,0.04439680278301239
2e47f99b-7250-4001-90ab-c6968f6b5524,0.01,0.08,0.059169795364141464
2e47f99b-7250-4001-90ab-c6968f6b5524,0.01,0.13,0.06152373179793358
2e47f99b-7250-4001-90ab-c6968f6b5524,0.01,0.18000000000000002,0.06489966064691544
2e47f99b-7250-4001-90ab-c6968f6b5524,0.01,0.23,0.06601532548666
2e47f99b-7250-4001-90ab-c6968f6b5524,0.02,0.03,0.05243219807744026
2e47f99b-7250-4001-90ab-c6968f6b5524,0.02,0.08,0.061956536024808884
2e47f99b-7250-4001-90ab-c6968f6b5524,0.02,0.13,0.061946481466293335
2e47f99b-7250-4001-90ab-c6968f6b5524,0.02,0.18000000000000002,0.06630914658308029
2e47f99b-7250-4001-90ab-c6968f6b5524,0.02,0.23,0.06661269068717957
2e47f99b-7250-4001-90ab-c6968f6b5524,0.03,0.03,0.04599697142839432
2e47f99b-7250-4001-90ab-c6968f6b5524,0.03,0.08,0.06626518070697784
2e47f99b-7250-4001-90ab-c6968f6b5524,0.03,0.13,0.06410729140043259
2e47f99b-7250-4001-90ab-c6968f6b5524,0.03,0.18000000000000002,0.0616445429623127
2e47f99b-7250-4001-90ab-c6968f6b5524,0.03,0.23,0.06585152447223663
2e47f99b-7250-4001-90ab-c6968f6b5524,0.04,0.03,0.0486966148018837
2e47f99b-7250-4001-90ab-c6968f6b5524,0.04,0.08,0.060676611959934235
2e47f99b-7250-4001-90ab-c6968f6b5524,0.05,0.03,0.04807596281170845
2e47f99b-7250-4001-90ab-c6968f6b5524,0.05,0.08,0.057425353676080704
2e47f99b-7250-4001-90ab-c6968f6b5524,0.05,0.13,0.05938541889190674
2e47f99b-7250-4001-90ab-c6968f6b5524,0.05,0.18000000000000002,0.05894561856985092
2e47f99b-7250-4001-90ab-c6968f6b5524,0.05,0.23,0.05926792696118355
2e47f99b-7250-4001-90ab-c6968f6b5524,0.1,0.03,0.0449489988386631
2e47f99b-7250-4001-90ab-c6968f6b5524,0.1,0.08,0.05796565115451813
2e47f99b-7250-4001-90ab-c6968f6b5524,0.1,0.13,0.05973989516496658
2e47f99b-7250-4001-90ab-c6968f6b5524,0.1,0.18000000000000002,0.06610756367444992
2e47f99b-7250-4001-90ab-c6968f6b5524,0.1,0.23,0.07122489809989929
2e47f99b-7250-4001-90ab-c6968f6b5524,0.15000000000000002,0.03,0.052387382835149765
2e47f99b-7250-4001-90ab-c6968f6b5524,0.15000000000000002,0.08,0.0578501932322979
2e47f99b-7250-4001-90ab-c6968f6b5524,0.15000000000000002,0.13,0.06836937367916107
2e47f99b-7250-4001-90ab-c6968f6b5524,0.15000000000000002,0.18000000000000002,0.07079662382602692
2e47f99b-7250-4001-90ab-c6968f6b5524,0.15000000000000002,0.23,0.06532210856676102
2e47f99b-7250-4001-90ab-c6968f6b5524,0.2,0.03,0.05198819935321808
2e47f99b-7250-4001-90ab-c6968f6b5524,0.2,0.08,0.05948905274271965
2e47f99b-7250-4001-90ab-c6968f6b5524,0.2,0.13,0.06053723022341728
2e47f99b-7250-4001-90ab-c6968f6b5524,0.2,0.18000000000000002,0.0596933476626873
2e47f99b-7250-4001-90ab-c6968f6b5524,0.2,0.23,0.06247199699282646
2e47f99b-7250-4001-90ab-c6968f6b5524,0.25,0.03,0.04717560112476349
2e47f99b-7250-4001-90ab-c6968f6b5524,0.25,0.08,0.06826350092887878
2e47f99b-7250-4001-90ab-c6968f6b5524,0.25,0.13,0.05501518398523331
2e47f99b-7250-4001-90ab-c6968f6b5524,0.25,0.18000000000000002,0.06207028031349182
2e47f99b-7250-4001-90ab-c6968f6b5524,0.25,0.23,0.07083908468484879
2e47f99b-7250-4001-90ab-c6968f6b5524,0.30000000000000004,0.03,0.0469079427421093
2e47f99b-7250-4001-90ab-c6968f6b5524,0.30000000000000004,0.08,0.05045950040221214
2e47f99b-7250-4001-90ab-c6968f6b5524,0.30000000000000004,0.13,0.06009639427065849
2e47f99b-7250-4001-90ab-c6968f6b5524,0.30000000000000004,0.18000000000000002,0.07172298431396484
2e47f99b-7250-4001-90ab-c6968f6b5524,0.30000000000000004,0.23,0.06372462213039398
2e5c8c03-2efa-4d52-98da-edc0537f6808,0.0,0.03,0.05144442617893219
2e5c8c03-2efa-4d52-98da-edc0537f6808,0.0,0.08,0.06520924717187881
2e5c8c03-2efa-4d52-98da-edc0537f6808,0.0,0.13,0.07580012828111649
2e5c8c03-2efa-4d52-98da-edc0537f6808,0.0,0.18000000000000002,0.07035481184720993
2e5c8c03-2efa-4d52-98da-edc0537f6808,0.0,0.23,0.07026226818561554
2e5c8c03-2efa-4d52-98da-edc0537f6808,0.01,0.03,0.05009454861283302
2e5c8c03-2efa-4d52-98da-edc0537f6808,0.01,0.08,0.07336840778589249
2e5c8c03-2efa-4d52-98da-edc0537f6808,0.01,0.13,0.07583789527416229
2e5c8c03-2efa-4d52-98da-edc0537f6808,0.01,0.18000000000000002,0.06763320416212082
2e5c8c03-2efa-4d52-98da-edc0537f6808,0.01,0.23,0.07255955785512924
2e5c8c03-2efa-4d52-98da-edc0537f6808,0.02,0.03,0.05395098030567169
2e5c8c03-2efa-4d52-98da-edc0537f6808,0.02,0.08,0.07466503977775574
2e5c8c03-2efa-4d52-98da-edc0537f6808,0.02,0.13,0.07244209200143814
2e5c8c03-2efa-4d52-98da-edc0537f6808,0.02,0.18000000000000002,0.07100826501846313
2e5c8c03-2efa-4d52-98da-edc0537f6808,0.02,0.23,0.07365331798791885
2e5c8c03-2efa-4d52-98da-edc0537f6808,0.03,0.03,0.05492667853832245
2e5c8c03-2efa-4d52-98da-edc0537f6808,0.03,0.08,0.07101956754922867
2e5c8c03-2efa-4d52-98da-edc0537f6808,0.03,0.13,0.06844747811555862
2e5c8c03-2efa-4d52-98da-edc0537f6808,0.03,0.18000000000000002,0.07353036850690842
2e5c8c03-2efa-4d52-98da-edc0537f6808,0.03,0.23,0.07259232550859451
2e5c8c03-2efa-4d52-98da-edc0537f6808,0.04,0.03,0.04835674539208412
2e5c8c03-2efa-4d52-98da-edc0537f6808,0.04,0.08,0.06599068641662598
2e5c8c03-2efa-4d52-98da-edc0537f6808,0.05,0.03,0.05350147560238838
2e5c8c03-2efa-4d52-98da-edc0537f6808,0.05,0.08,0.06675035506486893
2e5c8c03-2efa-4d52-98da-edc0537f6808,0.05,0.13,0.05821695551276207
2e5c8c03-2efa-4d52-98da-edc0537f6808,0.05,0.18000000000000002,0.06634338200092316
2e5c8c03-2efa-4d52-98da-edc0537f6808,0.05,0.23,0.07535741478204727
2e5c8c03-2efa-4d52-98da-edc0537f6808,0.1,0.03,0.048271533101797104
2e5c8c03-2efa-4d52-98da-edc0537f6808,0.1,0.08,0.05843627080321312
2e5c8c03-2efa-4d52-98da-edc0537f6808,0.1,0.13,0.06633088737726212
2e5c8c03-2efa-4d52-98da-edc0537f6808,0.1,0.18000000000000002,0.07387810200452805
2e5c8c03-2efa-4d52-98da-edc0537f6808,0.1,0.23,0.07655102014541626
2e5c8c03-2efa-4d52-98da-edc0537f6808,0.15000000000000002,0.03,0.049436166882514954
2e5c8c03-2efa-4d52-98da-edc0537f6808,0.15000000000000002,0.08,0.06024189665913582
2e5c8c03-2efa-4d52-98da-edc0537f6808,0.15000000000000002,0.13,0.07398652285337448
2e5c8c03-2efa-4d52-98da-edc0537f6808,0.15000000000000002,0.18000000000000002,0.07432938367128372
2e5c8c03-2efa-4d52-98da-edc0537f6808,0.15000000000000002,0.23,0.06627902388572693
2e5c8c03-2efa-4d52-98da-edc0537f6808,0.2,0.03,0.04438113421201706
2e5c8c03-2efa-4d52-98da-edc0537f6808,0.2,0.08,0.066355399787426
2e5c8c03-2efa-4d52-98da-edc0537f6808,0.2,0.13,0.06508569419384003
2e5c8c03-2efa-4d52-98da-edc0537f6808,0.2,0.18000000000000002,0.05785539746284485
2e5c8c03-2efa-4d52-98da-edc0537f6808,0.2,0.23,0.06305056810379028
2e5c8c03-2efa-4d52-98da-edc0537f6808,0.25,0.03,0.050724297761917114
2e5c8c03-2efa-4d52-98da-edc0537f6808,0.25,0.08,0.05651528015732765
2e5c8c03-2efa-4d52-98da-edc0537f6808,0.25,0.13,0.05575600638985634
2e5c8c03-2efa-4d52-98da-edc0537f6808,0.25,0.18000000000000002,0.05807941406965256
2e5c8c03-2efa-4d52-98da-edc0537f6808,0.25,0.23,0.06863664835691452
2e5c8c03-2efa-4d52-98da-edc0537f6808,0.30000000000000004,0.03,0.04730740934610367
2e5c8c03-2efa-4d52-98da-edc0537f6808,0.30000000000000004,0.08,0.05819488316774368
2e5c8c03-2efa-4d52-98da-edc0537f6808,0.30000000000000004,0.13,0.05856350436806679
2e5c8c03-2efa-4d52-98da-edc0537f6808,0.30000000000000004,0.18000000000000002,0.06448458880186081
2e5c8c03-2efa-4d52-98da-edc0537f6808,0.30000000000000004,0.23,0.07171700894832611
2eefcf35-c96a-43ea-abe2-af12ce95a21a,0.0,0.03,0.09006668627262115
2eefcf35-c96a-43ea-abe2-af12ce95a21a,0.0,0.08,0.13828469812870026
2eefcf35-c96a-43ea-abe2-af12ce95a21a,0.0,0.13,0.1343560516834259
2eefcf35-c96a-43ea-abe2-af12ce95a21a,0.0,0.18000000000000002,0.1322733759880066
2eefcf35-c96a-43ea-abe2-af12ce95a21a,0.0,0.23,0.13028718531131744
2eefcf35-c96a-43ea-abe2-af12ce95a21a,0.01,0.03,0.09452304244041443
2eefcf35-c96a-43ea-abe2-af12ce95a21a,0.01,0.08,0.1277167648077011
2eefcf35-c96a-43ea-abe2-af12ce95a21a,0.01,0.13,0.11788718402385712
2eefcf35-c96a-43ea-abe2-af12ce95a21a,0.01,0.18000000000000002,0.12382686138153076
2eefcf35-c96a-43ea-abe2-af12ce95a21a,0.01,0.23,0.1147485300898552
2eefcf35-c96a-43ea-abe2-af12ce95a21a,0.02,0.03,0.09490945190191269
2eefcf35-c96a-43ea-abe2-af12ce95a21a,0.02,0.08,0.11735821515321732
2eefcf35-c96a-43ea-abe2-af12ce95a21a,0.02,0.13,0.11810807883739471
2eefcf35-c96a-43ea-abe2-af12ce95a21a,0.02,0.18000000000000002,0.11656787246465683
2eefcf35-c96a-43ea-abe2-af12ce95a21a,0.02,0.23,0.11148284375667572
2eefcf35-c96a-43ea-abe2-af12ce95a21a,0.03,0.03,0.09025617688894272
2eefcf35-c96a-43ea-abe2-af12ce95a21a,0.03,0.08,0.1005827784538269
2eefcf35-c96a-43ea-abe2-af12ce95a21a,0.03,0.13,0.10389349609613419
2eefcf35-c96a-43ea-abe2-af12ce95a21a,0.03,0.18000000000000002,0.10590235143899918
2eefcf35-c96a-43ea-abe2-af12ce95a21a,0.03,0.23,0.10167846828699112
2eefcf35-c96a-43ea-abe2-af12ce95a21a,0.04,0.03,0.07969123125076294
2eefcf35-c96a-43ea-abe2-af12ce95a21a,0.04,0.08,0.09864948689937592
2eefcf35-c96a-43ea-abe2-af12ce95a21a,0.05,0.03,0.073580801486969
2eefcf35-c96a-43ea-abe2-af12ce95a21a,0.05,0.08,0.08878058195114136
2eefcf35-c96a-43ea-abe2-af12ce95a21a,0.05,0.13,0.09574973583221436
2eefcf35-c96a-43ea-abe2-af12ce95a21a,0.05,0.18000000000000002,0.09891491383314133
2eefcf35-c96a-43ea-abe2-af12ce95a21a,0.05,0.23,0.09974801540374756
2eefcf35-c96a-43ea-abe2-af12ce95a21a,0.1,0.03,0.0514519177377224
2eefcf35-c96a-43ea-abe2-af12ce95a21a,0.1,0.08,0.06388923525810242
2eefcf35-c96a-43ea-abe2-af12ce95a21a,0.1,0.13,0.07401377707719803
2eefcf35-c96a-43ea-abe2-af12ce95a21a,0.1,0.18000000000000002,0.07943081855773926
2eefcf35-c96a-43ea-abe2-af12ce95a21a,0.1,0.23,0.07329036295413971
2eefcf35-c96a-43ea-abe2-af12ce95a21a,0.15000000000000002,0.03,0.04989992454648018
2eefcf35-c96a-43ea-abe2-af12ce95a21a,0.15000000000000002,0.08,0.06111716106534004
2eefcf35-c96a-43ea-abe2-af12ce95a21a,0.15000000000000002,0.13,0.06693053990602493
2eefcf35-c96a-43ea-abe2-af12ce95a21a,0.15000000000000002,0.18000000000000002,0.0633356049656868
2eefcf35-c96a-43ea-abe2-af12ce95a21a,0.15000000000000002,0.23,0.06468881666660309
2eefcf35-c96a-43ea-abe2-af12ce95a21a,0.2,0.03,0.042721908539533615
2eefcf35-c96a-43ea-abe2-af12ce95a21a,0.2,0.08,0.05474427342414856
2eefcf35-c96a-43ea-abe2-af12ce95a21a,0.2,0.13,0.061303768306970596
2eefcf35-c96a-43ea-abe2-af12ce95a21a,0.2,0.18000000000000002,0.06006599962711334
2eefcf35-c96a-43ea-abe2-af12ce95a21a,0.2,0.23,0.06276470422744751
2eefcf35-c96a-43ea-abe2-af12ce95a21a,0.25,0.03,0.045043814927339554
2eefcf35-c96a-43ea-abe2-af12ce95a21a,0.25,0.08,0.0763496682047844
2eefcf35-c96a-43ea-abe2-af12ce95a21a,0.25,0.13,0.07250392436981201
2eefcf35-c96a-43ea-abe2-af12ce95a21a,0.25,0.18000000000000002,0.0581527054309845
2eefcf35-c96a-43ea-abe2-af12ce95a21a,0.25,0.23,0.058571528643369675
2eefcf35-c96a-43ea-abe2-af12ce95a21a,0.30000000000000004,0.03,0.05058644339442253
2eefcf35-c96a-43ea-abe2-af12ce95a21a,0.30000000000000004,0.08,0.057649265974760056
2eefcf35-c96a-43ea-abe2-af12ce95a21a,0.30000000000000004,0.13,0.056576669216156006
2eefcf35-c96a-43ea-abe2-af12ce95a21a,0.30000000000000004,0.18000000000000002,0.06192287802696228
2eefcf35-c96a-43ea-abe2-af12ce95a21a,0.30000000000000004,0.23,0.06883798539638519
2f3d03d6-28d7-45ea-b3d3-b5f6e5d0d74a,0.0,0.03,0.1221357136964798
2f3d03d6-28d7-45ea-b3d3-b5f6e5d0d74a,0.0,0.08,0.16211217641830444
2f3d03d6-28d7-45ea-b3d3-b5f6e5d0d74a,0.0,0.13,0.1487172394990921
2f3d03d6-28d7-45ea-b3d3-b5f6e5d0d74a,0.0,0.18000000000000002,0.13541461527347565
2f3d03d6-28d7-45ea-b3d3-b5f6e5d0d74a,0.0,0.23,0.12029171735048294
2f3d03d6-28d7-45ea-b3d3-b5f6e5d0d74a,0.01,0.03,0.1160041093826294
2f3d03d6-28d7-45ea-b3d3-b5f6e5d0d74a,0.01,0.08,0.1431882381439209
2f3d03d6-28d7-45ea-b3d3-b5f6e5d0d74a,0.01,0.13,0.1130138412117958
2f3d03d6-28d7-45ea-b3d3-b5f6e5d0d74a,0.01,0.18000000000000002,0.10598764568567276
2f3d03d6-28d7-45ea-b3d3-b5f6e5d0d74a,0.01,0.23,0.10299891978502274
2f3d03d6-28d7-45ea-b3d3-b5f6e5d0d74a,0.02,0.03,0.1207973062992096
2f3d03d6-28d7-45ea-b3d3-b5f6e5d0d74a,0.02,0.08,0.11232475936412811
2f3d03d6-28d7-45ea-b3d3-b5f6e5d0d74a,0.02,0.13,0.11019208282232285
2f3d03d6-28d7-45ea-b3d3-b5f6e5d0d74a,0.02,0.18000000000000002,0.09745103865861893
2f3d03d6-28d7-45ea-b3d3-b5f6e5d0d74a,0.02,0.23,0.0936819389462471
2f3d03d6-28d7-45ea-b3d3-b5f6e5d0d74a,0.03,0.03,0.10119501501321793
2f3d03d6-28d7-45ea-b3d3-b5f6e5d0d74a,0.03,0.08,0.0948491320014
2f3d03d6-28d7-45ea-b3d3-b5f6e5d0d74a,0.03,0.13,0.09351007640361786
2f3d03d6-28d7-45ea-b3d3-b5f6e5d0d74a,0.03,0.18000000000000002,0.09344504773616791
2f3d03d6-28d7-45ea-b3d3-b5f6e5d0d74a,0.03,0.23,0.09405502676963806
2f3d03d6-28d7-45ea-b3d3-b5f6e5d0d74a,0.04,0.03,0.0785912275314331
2f3d03d6-28d7-45ea-b3d3-b5f6e5d0d74a,0.04,0.08,0.08676326274871826
2f3d03d6-28d7-45ea-b3d3-b5f6e5d0d74a,0.05,0.03,0.07078588008880615
2f3d03d6-28d7-45ea-b3d3-b5f6e5d0d74a,0.05,0.08,0.07685830444097519
2f3d03d6-28d7-45ea-b3d3-b5f6e5d0d74a,0.05,0.13,0.09031407535076141
2f3d03d6-28d7-45ea-b3d3-b5f6e5d0d74a,0.05,0.18000000000000002,0.09328589588403702
2f3d03d6-28d7-45ea-b3d3-b5f6e5d0d74a,0.05,0.23,0.0907335951924324
2f3d03d6-28d7-45ea-b3d3-b5f6e5d0d74a,0.1,0.03,0.05444669350981712
2f3d03d6-28d7-45ea-b3d3-b5f6e5d0d74a,0.1,0.08,0.07638484239578247
2f3d03d6-28d7-45ea-b3d3-b5f6e5d0d74a,0.1,0.13,0.08131512999534607
2f3d03d6-28d7-45ea-b3d3-b5f6e5d0d74a,0.1,0.18000000000000002,0.08331909775733948
2f3d03d6-28d7-45ea-b3d3-b5f6e5d0d74a,0.1,0.23,0.08034637570381165
2f3d03d6-28d7-45ea-b3d3-b5f6e5d0d74a,0.15000000000000002,0.03,0.05674384534358978
2f3d03d6-28d7-45ea-b3d3-b5f6e5d0d74a,0.15000000000000002,0.08,0.0647059828042984
2f3d03d6-28d7-45ea-b3d3-b5f6e5d0d74a,0.15000000000000002,0.13,0.07015062123537064
2f3d03d6-28d7-45ea-b3d3-b5f6e5d0d74a,0.15000000000000002,0.18000000000000002,0.0719701424241066
2f3d03d6-28d7-45ea-b3d3-b5f6e5d0d74a,0.15000000000000002,0.23,0.07124198228120804
2f3d03d6-28d7-45ea-b3d3-b5f6e5d0d74a,0.2,0.03,0.053238753229379654
2f3d03d6-28d7-45ea-b3d3-b5f6e5d0d74a,0.2,0.08,0.0671762228012085
2f3d03d6-28d7-45ea-b3d3-b5f6e5d0d74a,0.2,0.13,0.06494341045618057
2f3d03d6-28d7-45ea-b3d3-b5f6e5d0d74a,0.2,0.18000000000000002,0.06702402234077454
2f3d03d6-28d7-45ea-b3d3-b5f6e5d0d74a,0.2,0.23,0.06748666614294052
2f3d03d6-28d7-45ea-b3d3-b5f6e5d0d74a,0.25,0.03,0.05234228074550629
2f3d03d6-28d7-45ea-b3d3-b5f6e5d0d74a,0.25,0.08,0.06370019912719727
2f3d03d6-28d7-45ea-b3d3-b5f6e5d0d74a,0.25,0.13,0.06629356741905212
2f3d03d6-28d7-45ea-b3d3-b5f6e5d0d74a,0.25,0.18000000000000002,0.0679708942770958
2f3d03d6-28d7-45ea-b3d3-b5f6e5d0d74a,0.25,0.23,0.06787499040365219
2f3d03d6-28d7-45ea-b3d3-b5f6e5d0d74a,0.30000000000000004,0.03,0.05394008755683899
2f3d03d6-28d7-45ea-b3d3-b5f6e5d0d74a,0.30000000000000004,0.08,0.05479251593351364
2f3d03d6-28d7-45ea-b3d3-b5f6e5d0d74a,0.30000000000000004,0.13,0.061335545033216476
2f3d03d6-28d7-45ea-b3d3-b5f6e5d0d74a,0.30000000000000004,0.18000000000000002,0.06301908940076828
2f3d03d6-28d7-45ea-b3d3-b5f6e5d0d74a,0.30000000000000004,0.23,0.06469626724720001
2fb29049-74b2-46a4-90ef-6b02e0f67d92,0.0,0.03,0.04659407585859299
2fb29049-74b2-46a4-90ef-6b02e0f67d92,0.0,0.08,0.05094476044178009
2fb29049-74b2-46a4-90ef-6b02e0f67d92,0.0,0.13,0.059757232666015625
2fb29049-74b2-46a4-90ef-6b02e0f67d92,0.0,0.18000000000000002,0.06924374401569366
2fb29049-74b2-46a4-90ef-6b02e0f67d92,0.0,0.23,0.0703723132610321
2fb29049-74b2-46a4-90ef-6b02e0f67d92,0.01,0.03,0.05140838399529457
2fb29049-74b2-46a4-90ef-6b02e0f67d92,0.01,0.08,0.061027977615594864
2fb29049-74b2-46a4-90ef-6b02e0f67d92,0.01,0.13,0.05982717499136925
2fb29049-74b2-46a4-90ef-6b02e0f67d92,0.01,0.18000000000000002,0.07238995283842087
2fb29049-74b2-46a4-90ef-6b02e0f67d92,0.01,0.23,0.06983364373445511
2fb29049-74b2-46a4-90ef-6b02e0f67d92,0.02,0.03,0.04474954307079315
2fb29049-74b2-46a4-90ef-6b02e0f67d92,0.02,0.08,0.06005645915865898
2fb29049-74b2-46a4-90ef-6b02e0f67d92,0.02,0.13,0.06303784996271133
2fb29049-74b2-46a4-90ef-6b02e0f67d92,0.02,0.18000000000000002,0.07055289298295975
2fb29049-74b2-46a4-90ef-6b02e0f67d92,0.02,0.23,0.06981070339679718
2fb29049-74b2-46a4-90ef-6b02e0f67d92,0.03,0.03,0.05246822535991669
2fb29049-74b2-46a4-90ef-6b02e0f67d92,0.03,0.08,0.056974027305841446
2fb29049-74b2-46a4-90ef-6b02e0f67d92,0.03,0.13,0.0642031878232956
2fb29049-74b2-46a4-90ef-6b02e0f67d92,0.03,0.18000000000000002,0.07601508498191833
2fb29049-74b2-46a4-90ef-6b02e0f67d92,0.03,0.23,0.06877132505178452
2fb29049-74b2-46a4-90ef-6b02e0f67d92,0.04,0.03,0.04746204987168312
2fb29049-74b2-46a4-90ef-6b02e0f67d92,0.04,0.08,0.0556844063103199
2fb29049-74b2-46a4-90ef-6b02e0f67d92,0.05,0.03,0.046470027416944504
2fb29049-74b2-46a4-90ef-6b02e0f67d92,0.05,0.08,0.05963904783129692
2fb29049-74b2-46a4-90ef-6b02e0f67d92,0.05,0.13,0.06441173702478409
2fb29049-74b2-46a4-90ef-6b02e0f67d92,0.05,0.18000000000000002,0.06958342343568802
2fb29049-74b2-46a4-90ef-6b02e0f67d92,0.05,0.23,0.06865455955266953
2fb29049-74b2-46a4-90ef-6b02e0f67d92,0.1,0.03,0.04746435955166817
2fb29049-74b2-46a4-90ef-6b02e0f67d92,0.1,0.08,0.06389452517032623
2fb29049-74b2-46a4-90ef-6b02e0f67d92,0.1,0.13,0.07147375494241714
2fb29049-74b2-46a4-90ef-6b02e0f67d92,0.1,0.18000000000000002,0.0692833811044693
2fb29049-74b2-46a4-90ef-6b02e0f67d92,0.1,0.23,0.07451336830854416
2fb29049-74b2-46a4-90ef-6b02e0f67d92,0.15000000000000002,0.03,0.04662482813000679
2fb29049-74b2-46a4-90ef-6b02e0f67d92,0.15000000000000002,0.08,0.058373816311359406
2fb29049-74b2-46a4-90ef-6b02e0f67d92,0.15000000000000002,0.13,0.0702831894159317
2fb29049-74b2-46a4-90ef-6b02e0f67d92,0.15000000000000002,0.18000000000000002,0.07956527173519135
2fb29049-74b2-46a4-90ef-6b02e0f67d92,0.15000000000000002,0.23,0.07701867073774338
2fb29049-74b2-46a4-90ef-6b02e0f67d92,0.2,0.03,0.05582275614142418
2fb29049-74b2-46a4-90ef-6b02e0f67d92,0.2,0.08,0.07050979882478714
2fb29049-74b2-46a4-90ef-6b02e0f67d92,0.2,0.13,0.07772114127874374
2fb29049-74b2-46a4-90ef-6b02e0f67d92,0.2,0.18000000000000002,0.0759262889623642
2fb29049-74b2-46a4-90ef-6b02e0f67d92,0.2,0.23,0.07518183439970016
2fb29049-74b2-46a4-90ef-6b02e0f67d92,0.25,0.03,0.05104716867208481
2fb29049-74b2-46a4-90ef-6b02e0f67d92,0.25,0.08,0.05742083489894867
2fb29049-74b2-46a4-90ef-6b02e0f67d92,0.25,0.13,0.0639834925532341
2fb29049-74b2-46a4-90ef-6b02e0f67d92,0.25,0.18000000000000002,0.06407541781663895
2fb29049-74b2-46a4-90ef-6b02e0f67d92,0.25,0.23,0.0641423761844635
2fb29049-74b2-46a4-90ef-6b02e0f67d92,0.30000000000000004,0.03,0.04673962667584419
2fb29049-74b2-46a4-90ef-6b02e0f67d92,0.30000000000000004,0.08,0.05243586376309395
2fb29049-74b2-46a4-90ef-6b02e0f67d92,0.30000000000000004,0.13,0.057307399809360504
2fb29049-74b2-46a4-90ef-6b02e0f67d92,0.30000000000000004,0.18000000000000002,0.06014541536569595
2fb29049-74b2-46a4-90ef-6b02e0f67d92,0.30000000000000004,0.23,0.061272017657756805
3092cab3-1529-4aa3-ba48-144dcb176307,0.0,0.03,0.05153769627213478
3092cab3-1529-4aa3-ba48-144dcb176307,0.0,0.08,0.07225693762302399
3092cab3-1529-4aa3-ba48-144dcb176307,0.0,0.13,0.0749061331152916
3092cab3-1529-4aa3-ba48-144dcb176307,0.0,0.18000000000000002,0.07165373116731644
3092cab3-1529-4aa3-ba48-144dcb176307,0.0,0.23,0.06979921460151672
3092cab3-1529-4aa3-ba48-144dcb176307,0.01,0.03,0.051968201994895935
3092cab3-1529-4aa3-ba48-144dcb176307,0.01,0.08,0.06735140830278397
3092cab3-1529-4aa3-ba48-144dcb176307,0.01,0.13,0.07197961956262589
3092cab3-1529-4aa3-ba48-144dcb176307,0.01,0.18000000000000002,0.0689421147108078
3092cab3-1529-4aa3-ba48-144dcb176307,0.01,0.23,0.06991735845804214
3092cab3-1529-4aa3-ba48-144dcb176307,0.02,0.03,0.049513790756464005
3092cab3-1529-4aa3-ba48-144dcb176307,0.02,0.08,0.06561589986085892
3092cab3-1529-4aa3-ba48-144dcb176307,0.02,0.13,0.07481416314840317
3092cab3-1529-4aa3-ba48-144dcb176307,0.02,0.18000000000000002,0.0707717016339302
3092cab3-1529-4aa3-ba48-144dcb176307,0.02,0.23,0.06807192414999008
3092cab3-1529-4aa3-ba48-144dcb176307,0.03,0.03,0.05790331959724426
3092cab3-1529-4aa3-ba48-144dcb176307,0.03,0.08,0.06792367994785309
3092cab3-1529-4aa3-ba48-144dcb176307,0.03,0.13,0.07384184747934341
3092cab3-1529-4aa3-ba48-144dcb176307,0.03,0.18000000000000002,0.0690494030714035
3092cab3-1529-4aa3-ba48-144dcb176307,0.03,0.23,0.07247847318649292
3092cab3-1529-4aa3-ba48-144dcb176307,0.04,0.03,0.05643788352608681
3092cab3-1529-4aa3-ba48-144dcb176307,0.04,0.08,0.07142824679613113
3092cab3-1529-4aa3-ba48-144dcb176307,0.05,0.03,0.052713558077812195
3092cab3-1529-4aa3-ba48-144dcb176307,0.05,0.08,0.07793876528739929
3092cab3-1529-4aa3-ba48-144dcb176307,0.05,0.13,0.07855375856161118
3092cab3-1529-4aa3-ba48-144dcb176307,0.05,0.18000000000000002,0.07547932118177414
3092cab3-1529-4aa3-ba48-144dcb176307,0.05,0.23,0.07248742878437042
3092cab3-1529-4aa3-ba48-144dcb176307,0.1,0.03,0.05671640485525131
3092cab3-1529-4aa3-ba48-144dcb176307,0.1,0.08,0.07229705154895782
3092cab3-1529-4aa3-ba48-144dcb176307,0.1,0.13,0.07670741528272629
3092cab3-1529-4aa3-ba48-144dcb176307,0.1,0.18000000000000002,0.07839008420705795
3092cab3-1529-4aa3-ba48-144dcb176307,0.1,0.23,0.08078703284263611
3092cab3-1529-4aa3-ba48-144dcb176307,0.15000000000000002,0.03,0.05557439848780632
3092cab3-1529-4aa3-ba48-144dcb176307,0.15000000000000002,0.08,0.07011819630861282
3092cab3-1529-4aa3-ba48-144dcb176307,0.15000000000000002,0.13,0.07020502537488937
3092cab3-1529-4aa3-ba48-144dcb176307,0.15000000000000002,0.18000000000000002,0.07570547610521317
3092cab3-1529-4aa3-ba48-144dcb176307,0.15000000000000002,0.23,0.075613833963871
3092cab3-1529-4aa3-ba48-144dcb176307,0.2,0.03,0.05310153588652611
3092cab3-1529-4aa3-ba48-144dcb176307,0.2,0.08,0.06272587925195694
3092cab3-1529-4aa3-ba48-144dcb176307,0.2,0.13,0.06597595661878586
3092cab3-1529-4aa3-ba48-144dcb176307,0.2,0.18000000000000002,0.07113894820213318
3092cab3-1529-4aa3-ba48-144dcb176307,0.2,0.23,0.07382404059171677
3092cab3-1529-4aa3-ba48-144dcb176307,0.25,0.03,0.048659034073352814
3092cab3-1529-4aa3-ba48-144dcb176307,0.25,0.08,0.06483576446771622
3092cab3-1529-4aa3-ba48-144dcb176307,0.25,0.13,0.062111545354127884
3092cab3-1529-4aa3-ba48-144dcb176307,0.25,0.18000000000000002,0.0687464252114296
3092cab3-1529-4aa3-ba48-144dcb176307,0.25,0.23,0.07532379776239395
3092cab3-1529-4aa3-ba48-144dcb176307,0.30000000000000004,0.03,0.05076528340578079
3092cab3-1529-4aa3-ba48-144dcb176307,0.30000000000000004,0.08,0.0627351850271225
3092cab3-1529-4aa3-ba48-144dcb176307,0.30000000000000004,0.13,0.066367506980896
3092cab3-1529-4aa3-ba48-144dcb176307,0.30000000000000004,0.18000000000000002,0.06961900740861893
3092cab3-1529-4aa3-ba48-144dcb176307,0.30000000000000004,0.23,0.07759140431880951
30c28f8a-d30d-4476-bf48-604bfcc0675d,0.0,0.03,0.0
30c28f8a-d30d-4476-bf48-604bfcc0675d,0.0,0.08,0.0
30c28f8a-d30d-4476-bf48-604bfcc0675d,0.0,0.13,0.0
30c28f8a-d30d-4476-bf48-604bfcc0675d,0.0,0.18000000000000002,0.0
30c28f8a-d30d-4476-bf48-604bfcc0675d,0.0,0.23,0.0
30c28f8a-d30d-4476-bf48-604bfcc0675d,0.01,0.03,0.0
30c28f8a-d30d-4476-bf48-604bfcc0675d,0.01,0.08,0.0
30c28f8a-d30d-4476-bf48-604bfcc0675d,0.01,0.13,0.0
30c28f8a-d30d-4476-bf48-604bfcc0675d,0.01,0.18000000000000002,0.0
30c28f8a-d30d-4476-bf48-604bfcc0675d,0.01,0.23,0.0
30c28f8a-d30d-4476-bf48-604bfcc0675d,0.02,0.03,0.0
30c28f8a-d30d-4476-bf48-604bfcc0675d,0.02,0.08,0.0
30c28f8a-d30d-4476-bf48-604bfcc0675d,0.02,0.13,0.0
30c28f8a-d30d-4476-bf48-604bfcc0675d,0.02,0.18000000000000002,0.0
30c28f8a-d30d-4476-bf48-604bfcc0675d,0.02,0.23,0.0
30c28f8a-d30d-4476-bf48-604bfcc0675d,0.03,0.03,0.0
30c28f8a-d30d-4476-bf48-604bfcc0675d,0.03,0.08,0.0
30c28f8a-d30d-4476-bf48-604bfcc0675d,0.03,0.13,0.0
30c28f8a-d30d-4476-bf48-604bfcc0675d,0.03,0.18000000000000002,0.0
30c28f8a-d30d-4476-bf48-604bfcc0675d,0.03,0.23,0.0
30c28f8a-d30d-4476-bf48-604bfcc0675d,0.04,0.03,0.0
30c28f8a-d30d-4476-bf48-604bfcc0675d,0.04,0.08,0.0
30c28f8a-d30d-4476-bf48-604bfcc0675d,0.05,0.03,0.0
30c28f8a-d30d-4476-bf48-604bfcc0675d,0.05,0.08,0.0
30c28f8a-d30d-4476-bf48-604bfcc0675d,0.05,0.13,0.0
30c28f8a-d30d-4476-bf48-604bfcc0675d,0.05,0.18000000000000002,0.0
30c28f8a-d30d-4476-bf48-604bfcc0675d,0.05,0.23,0.0
30c28f8a-d30d-4476-bf48-604bfcc0675d,0.1,0.03,0.0
30c28f8a-d30d-4476-bf48-604bfcc0675d,0.1,0.08,0.0
30c28f8a-d30d-4476-bf48-604bfcc0675d,0.1,0.13,0.0
30c28f8a-d30d-4476-bf48-604bfcc0675d,0.1,0.18000000000000002,0.0
30c28f8a-d30d-4476-bf48-604bfcc0675d,0.1,0.23,0.0
30c28f8a-d30d-4476-bf48-604bfcc0675d,0.15000000000000002,0.03,0.0
30c28f8a-d30d-4476-bf48-604bfcc0675d,0.15000000000000002,0.08,0.0
30c28f8a-d30d-4476-bf48-604bfcc0675d,0.15000000000000002,0.13,0.0
30c28f8a-d30d-4476-bf48-604bfcc0675d,0.15000000000000002,0.18000000000000002,0.0
30c28f8a-d30d-4476-bf48-604bfcc0675d,0.15000000000000002,0.23,0.0
30c28f8a-d30d-4476-bf48-604bfcc0675d,0.2,0.03,0.0
30c28f8a-d30d-4476-bf48-604bfcc0675d,0.2,0.08,0.0
30c28f8a-d30d-4476-bf48-604bfcc0675d,0.2,0.13,0.0
30c28f8a-d30d-4476-bf48-604bfcc0675d,0.2,0.18000000000000002,0.0
30c28f8a-d30d-4476-bf48-604bfcc0675d,0.2,0.23,0.0
30c28f8a-d30d-4476-bf48-604bfcc0675d,0.25,0.03,0.0
30c28f8a-d30d-4476-bf48-604bfcc0675d,0.25,0.08,0.0
30c28f8a-d30d-4476-bf48-604bfcc0675d,0.25,0.13,0.0
30c28f8a-d30d-4476-bf48-604bfcc0675d,0.25,0.18000000000000002,0.0
30c28f8a-d30d-4476-bf48-604bfcc0675d,0.25,0.23,0.0
30c28f8a-d30d-4476-bf48-604bfcc0675d,0.30000000000000004,0.03,0.0
30c28f8a-d30d-4476-bf48-604bfcc0675d,0.30000000000000004,0.08,0.0
30c28f8a-d30d-4476-bf48-604bfcc0675d,0.30000000000000004,0.13,0.0
30c28f8a-d30d-4476-bf48-604bfcc0675d,0.30000000000000004,0.18000000000000002,0.0
30c28f8a-d30d-4476-bf48-604bfcc0675d,0.30000000000000004,0.23,0.0
30dec01d-2187-4196-92be-d3d989d22fbd,0.0,0.03,0.05292721465229988
30dec01d-2187-4196-92be-d3d989d22fbd,0.0,0.08,0.056178510189056396
30dec01d-2187-4196-92be-d3d989d22fbd,0.0,0.13,0.06098783388733864
30dec01d-2187-4196-92be-d3d989d22fbd,0.0,0.18000000000000002,0.06828849017620087
30dec01d-2187-4196-92be-d3d989d22fbd,0.0,0.23,0.06642567366361618
30dec01d-2187-4196-92be-d3d989d22fbd,0.01,0.03,0.046567101031541824
30dec01d-2187-4196-92be-d3d989d22fbd,0.01,0.08,0.05463973060250282
30dec01d-2187-4196-92be-d3d989d22fbd,0.01,0.13,0.06467150896787643
30dec01d-2187-4196-92be-d3d989d22fbd,0.01,0.18000000000000002,0.06409405916929245
30dec01d-2187-4196-92be-d3d989d22fbd,0.01,0.23,0.06357172131538391
30dec01d-2187-4196-92be-d3d989d22fbd,0.02,0.03,0.05136027932167053
30dec01d-2187-4196-92be-d3d989d22fbd,0.02,0.08,0.05646781995892525
30dec01d-2187-4196-92be-d3d989d22fbd,0.02,0.13,0.06285454332828522
30dec01d-2187-4196-92be-d3d989d22fbd,0.02,0.18000000000000002,0.0643823966383934
30dec01d-2187-4196-92be-d3d989d22fbd,0.02,0.23,0.06016552075743675
30dec01d-2187-4196-92be-d3d989d22fbd,0.03,0.03,0.04736025631427765
30dec01d-2187-4196-92be-d3d989d22fbd,0.03,0.08,0.056807324290275574
30dec01d-2187-4196-92be-d3d989d22fbd,0.03,0.13,0.06409123539924622
30dec01d-2187-4196-92be-d3d989d22fbd,0.03,0.18000000000000002,0.06467226892709732
30dec01d-2187-4196-92be-d3d989d22fbd,0.03,0.23,0.06108995899558067
30dec01d-2187-4196-92be-d3d989d22fbd,0.04,0.03,0.043359071016311646
30dec01d-2187-4196-92be-d3d989d22fbd,0.04,0.08,0.05669039115309715
30dec01d-2187-4196-92be-d3d989d22fbd,0.05,0.03,0.04652397334575653
30dec01d-2187-4196-92be-d3d989d22fbd,0.05,0.08,0.05496472492814064
30dec01d-2187-4196-92be-d3d989d22fbd,0.05,0.13,0.06335954368114471
30dec01d-2187-4196-92be-d3d989d22fbd,0.05,0.18000000000000002,0.06433019787073135
30dec01d-2187-4196-92be-d3d989d22fbd,0.05,0.23,0.05451011285185814
30dec01d-2187-4196-92be-d3d989d22fbd,0.1,0.03,0.047843098640441895
30dec01d-2187-4196-92be-d3d989d22fbd,0.1,0.08,0.057823095470666885
30dec01d-2187-4196-92be-d3d989d22fbd,0.1,0.13,0.05532266944646835
30dec01d-2187-4196-92be-d3d989d22fbd,0.1,0.18000000000000002,0.05447344481945038
30dec01d-2187-4196-92be-d3d989d22fbd,0.1,0.23,0.05826956778764725
30dec01d-2187-4196-92be-d3d989d22fbd,0.15000000000000002,0.03,0.04532947018742561
30dec01d-2187-4196-92be-d3d989d22fbd,0.15000000000000002,0.08,0.053424276411533356
30dec01d-2187-4196-92be-d3d989d22fbd,0.15000000000000002,0.13,0.05771534517407417
30dec01d-2187-4196-92be-d3d989d22fbd,0.15000000000000002,0.18000000000000002,0.05395674705505371
30dec01d-2187-4196-92be-d3d989d22fbd,0.15000000000000002,0.23,0.06415141373872757
30dec01d-2187-4196-92be-d3d989d22fbd,0.2,0.03,0.04997033253312111
30dec01d-2187-4196-92be-d3d989d22fbd,0.2,0.08,0.052467383444309235
30dec01d-2187-4196-92be-d3d989d22fbd,0.2,0.13,0.0608709454536438
30dec01d-2187-4196-92be-d3d989d22fbd,0.2,0.18000000000000002,0.06477655470371246
30dec01d-2187-4196-92be-d3d989d22fbd,0.2,0.23,0.06119438633322716
30dec01d-2187-4196-92be-d3d989d22fbd,0.25,0.03,0.04818218573927879
30dec01d-2187-4196-92be-d3d989d22fbd,0.25,0.08,0.06118829548358917
30dec01d-2187-4196-92be-d3d989d22fbd,0.25,0.13,0.061496686190366745
30dec01d-2187-4196-92be-d3d989d22fbd,0.25,0.18000000000000002,0.060537658631801605
30dec01d-2187-4196-92be-d3d989d22fbd,0.25,0.23,0.06259738653898239
30dec01d-2187-4196-92be-d3d989d22fbd,0.30000000000000004,0.03,0.05404127761721611
30dec01d-2187-4196-92be-d3d989d22fbd,0.30000000000000004,0.08,0.06503374874591827
30dec01d-2187-4196-92be-d3d989d22fbd,0.30000000000000004,0.13,0.06963234394788742
30dec01d-2187-4196-92be-d3d989d22fbd,0.30000000000000004,0.18000000000000002,0.06333345174789429
30dec01d-2187-4196-92be-d3d989d22fbd,0.30000000000000004,0.23,0.06614590436220169
31cd775b-7991-4806-9088-e50f72910123,0.0,0.03,0.04906792938709259
31cd775b-7991-4806-9088-e50f72910123,0.0,0.08,0.056153178215026855
31cd775b-7991-4806-9088-e50f72910123,0.0,0.13,0.06622496247291565
31cd775b-7991-4806-9088-e50f72910123,0.0,0.18000000000000002,0.06361260265111923
31cd775b-7991-4806-9088-e50f72910123,0.0,0.23,0.06437986344099045
31cd775b-7991-4806-9088-e50f72910123,0.01,0.03,0.04655473679304123
31cd775b-7991-4806-9088-e50f72910123,0.01,0.08,0.053302474319934845
31cd775b-7991-4806-9088-e50f72910123,0.01,0.13,0.06799204647541046
31cd775b-7991-4806-9088-e50f72910123,0.01,0.18000000000000002,0.06785427778959274
31cd775b-7991-4806-9088-e50f72910123,0.01,0.23,0.06375870108604431
31cd775b-7991-4806-9088-e50f72910123,0.02,0.03,0.04783080890774727
31cd775b-7991-4806-9088-e50f72910123,0.02,0.08,0.0550336092710495
31cd775b-7991-4806-9088-e50f72910123,0.02,0.13,0.06864549964666367
31cd775b-7991-4806-9088-e50f72910123,0.02,0.18000000000000002,0.06663210690021515
31cd775b-7991-4806-9088-e50f72910123,0.02,0.23,0.06515082716941833
31cd775b-7991-4806-9088-e50f72910123,0.03,0.03,0.04791418835520744
31cd775b-7991-4806-9088-e50f72910123,0.03,0.08,0.05375317484140396
31cd775b-7991-4806-9088-e50f72910123,0.03,0.13,0.06713983416557312
31cd775b-7991-4806-9088-e50f72910123,0.03,0.18000000000000002,0.06623466312885284
31cd775b-7991-4806-9088-e50f72910123,0.03,0.23,0.06627347320318222
31cd775b-7991-4806-9088-e50f72910123,0.04,0.03,0.044153448194265366
31cd775b-7991-4806-9088-e50f72910123,0.04,0.08,0.0560436025261879
31cd775b-7991-4806-9088-e50f72910123,0.05,0.03,0.04466748982667923
31cd775b-7991-4806-9088-e50f72910123,0.05,0.08,0.060457680374383926
31cd775b-7991-4806-9088-e50f72910123,0.05,0.13,0.06830982118844986
31cd775b-7991-4806-9088-e50f72910123,0.05,0.18000000000000002,0.06612425297498703
31cd775b-7991-4806-9088-e50f72910123,0.05,0.23,0.06463132053613663
31cd775b-7991-4806-9088-e50f72910123,0.1,0.03,0.04850538820028305
31cd775b-7991-4806-9088-e50f72910123,0.1,0.08,0.05942390486598015
31cd775b-7991-4806-9088-e50f72910123,0.1,0.13,0.06333360075950623
31cd775b-7991-4806-9088-e50f72910123,0.1,0.18000000000000002,0.06390618532896042
31cd775b-7991-4806-9088-e50f72910123,0.1,0.23,0.07035482674837112
31cd775b-7991-4806-9088-e50f72910123,0.15000000000000002,0.03,0.044296491891145706
31cd775b-7991-4806-9088-e50f72910123,0.15000000000000002,0.08,0.05055560916662216
31cd775b-7991-4806-9088-e50f72910123,0.15000000000000002,0.13,0.06130092963576317
31cd775b-7991-4806-9088-e50f72910123,0.15000000000000002,0.18000000000000002,0.06630153954029083
31cd775b-7991-4806-9088-e50f72910123,0.15000000000000002,0.23,0.06749936193227768
31cd775b-7991-4806-9088-e50f72910123,0.2,0.03,0.04873051866889
31cd775b-7991-4806-9088-e50f72910123,0.2,0.08,0.055756039917469025
31cd775b-7991-4806-9088-e50f72910123,0.2,0.13,0.061603643000125885
31cd775b-7991-4806-9088-e50f72910123,0.2,0.18000000000000002,0.07089883834123611
31cd775b-7991-4806-9088-e50f72910123,0.2,0.23,0.06811600178480148
31cd775b-7991-4806-9088-e50f72910123,0.25,0.03,0.0464198961853981
31cd775b-7991-4806-9088-e50f72910123,0.25,0.08,0.05954232066869736
31cd775b-7991-4806-9088-e50f72910123,0.25,0.13,0.07875563204288483
31cd775b-7991-4806-9088-e50f72910123,0.25,0.18000000000000002,0.07121986895799637
31cd775b-7991-4806-9088-e50f72910123,0.25,0.23,0.07214637100696564
31cd775b-7991-4806-9088-e50f72910123,0.30000000000000004,0.03,0.05308353155851364
31cd775b-7991-4806-9088-e50f72910123,0.30000000000000004,0.08,0.07357028871774673
31cd775b-7991-4806-9088-e50f72910123,0.30000000000000004,0.13,0.07048402726650238
31cd775b-7991-4806-9088-e50f72910123,0.30000000000000004,0.18000000000000002,0.07307951897382736
31cd775b-7991-4806-9088-e50f72910123,0.30000000000000004,0.23,0.06661389768123627
335da11c-c0b6-45c9-8701-a73309109ad2,0.0,0.03,0.0985465720295906
335da11c-c0b6-45c9-8701-a73309109ad2,0.0,0.08,0.13507498800754547
335da11c-c0b6-45c9-8701-a73309109ad2,0.0,0.13,0.13049441576004028
335da11c-c0b6-45c9-8701-a73309109ad2,0.0,0.18000000000000002,0.11714146286249161
335da11c-c0b6-45c9-8701-a73309109ad2,0.0,0.23,0.10841623693704605
335da11c-c0b6-45c9-8701-a73309109ad2,0.01,0.03,0.10092996060848236
335da11c-c0b6-45c9-8701-a73309109ad2,0.01,0.08,0.13399840891361237
335da11c-c0b6-45c9-8701-a73309109ad2,0.01,0.13,0.12534035742282867
335da11c-c0b6-45c9-8701-a73309109ad2,0.01,0.18000000000000002,0.1166350319981575
335da11c-c0b6-45c9-8701-a73309109ad2,0.01,0.23,0.10518759489059448
335da11c-c0b6-45c9-8701-a73309109ad2,0.02,0.03,0.09526713192462921
335da11c-c0b6-45c9-8701-a73309109ad2,0.02,0.08,0.12917475402355194
335da11c-c0b6-45c9-8701-a73309109ad2,0.02,0.13,0.11967644840478897
335da11c-c0b6-45c9-8701-a73309109ad2,0.02,0.18000000000000002,0.10596995800733566
335da11c-c0b6-45c9-8701-a73309109ad2,0.02,0.23,0.10236575454473495
335da11c-c0b6-45c9-8701-a73309109ad2,0.03,0.03,0.09673422574996948
335da11c-c0b6-45c9-8701-a73309109ad2,0.03,0.08,0.12026556581258774
335da11c-c0b6-45c9-8701-a73309109ad2,0.03,0.13,0.10946500301361084
335da11c-c0b6-45c9-8701-a73309109ad2,0.03,0.18000000000000002,0.09913575649261475
335da11c-c0b6-45c9-8701-a73309109ad2,0.03,0.23,0.09740938991308212
335da11c-c0b6-45c9-8701-a73309109ad2,0.04,0.03,0.10168131440877914
335da11c-c0b6-45c9-8701-a73309109ad2,0.04,0.08,0.11181427538394928
335da11c-c0b6-45c9-8701-a73309109ad2,0.05,0.03,0.10184658318758011
335da11c-c0b6-45c9-8701-a73309109ad2,0.05,0.08,0.10294260829687119
335da11c-c0b6-45c9-8701-a73309109ad2,0.05,0.13,0.10398106276988983
335da11c-c0b6-45c9-8701-a73309109ad2,0.05,0.18000000000000002,0.10139273852109909
335da11c-c0b6-45c9-8701-a73309109ad2,0.05,0.23,0.09451670944690704
335da11c-c0b6-45c9-8701-a73309109ad2,0.1,0.03,0.067784383893013
335da11c-c0b6-45c9-8701-a73309109ad2,0.1,0.08,0.09045061469078064
335da11c-c0b6-45c9-8701-a73309109ad2,0.1,0.13,0.09110166132450104
335da11c-c0b6-45c9-8701-a73309109ad2,0.1,0.18000000000000002,0.08222600817680359
335da11c-c0b6-45c9-8701-a73309109ad2,0.1,0.23,0.07082691788673401
335da11c-c0b6-45c9-8701-a73309109ad2,0.15000000000000002,0.03,0.05404987931251526
335da11c-c0b6-45c9-8701-a73309109ad2,0.15000000000000002,0.08,0.06723776459693909
335da11c-c0b6-45c9-8701-a73309109ad2,0.15000000000000002,0.13,0.06716738641262054
335da11c-c0b6-45c9-8701-a73309109ad2,0.15000000000000002,0.18000000000000002,0.06929876655340195
335da11c-c0b6-45c9-8701-a73309109ad2,0.15000000000000002,0.23,0.07106955349445343
335da11c-c0b6-45c9-8701-a73309109ad2,0.2,0.03,0.05016713589429855
335da11c-c0b6-45c9-8701-a73309109ad2,0.2,0.08,0.06999237090349197
335da11c-c0b6-45c9-8701-a73309109ad2,0.2,0.13,0.06869413703680038
335da11c-c0b6-45c9-8701-a73309109ad2,0.2,0.18000000000000002,0.06669148802757263
335da11c-c0b6-45c9-8701-a73309109ad2,0.2,0.23,0.06820710748434067
335da11c-c0b6-45c9-8701-a73309109ad2,0.25,0.03,0.05663533881306648
335da11c-c0b6-45c9-8701-a73309109ad2,0.25,0.08,0.061385978013277054
335da11c-c0b6-45c9-8701-a73309109ad2,0.25,0.13,0.07133955508470535
335da11c-c0b6-45c9-8701-a73309109ad2,0.25,0.18000000000000002,0.06557613611221313
335da11c-c0b6-45c9-8701-a73309109ad2,0.25,0.23,0.06656359136104584
335da11c-c0b6-45c9-8701-a73309109ad2,0.30000000000000004,0.03,0.05022984370589256
335da11c-c0b6-45c9-8701-a73309109ad2,0.30000000000000004,0.08,0.06611928343772888
335da11c-c0b6-45c9-8701-a73309109ad2,0.30000000000000004,0.13,0.06438334286212921
335da11c-c0b6-45c9-8701-a73309109ad2,0.30000000000000004,0.18000000000000002,0.06632282584905624
335da11c-c0b6-45c9-8701-a73309109ad2,0.30000000000000004,0.23,0.07476817071437836
33993939-a4a1-4e05-aa41-d56a8dfe489a,0.0,0.03,0.31125953793525696
33993939-a4a1-4e05-aa41-d56a8dfe489a,0.0,0.08,0.36466184258461
33993939-a4a1-4e05-aa41-d56a8dfe489a,0.0,0.13,0.23630444705486298
33993939-a4a1-4e05-aa41-d56a8dfe489a,0.0,0.18000000000000002,0.16312676668167114
33993939-a4a1-4e05-aa41-d56a8dfe489a,0.0,0.23,0.13658283650875092
33993939-a4a1-4e05-aa41-d56a8dfe489a,0.01,0.03,0.31817248463630676
33993939-a4a1-4e05-aa41-d56a8dfe489a,0.01,0.08,0.31198981404304504
33993939-a4a1-4e05-aa41-d56a8dfe489a,0.01,0.13,0.18509040772914886
33993939-a4a1-4e05-aa41-d56a8dfe489a,0.01,0.18000000000000002,0.13568276166915894
33993939-a4a1-4e05-aa41-d56a8dfe489a,0.01,0.23,0.10554295033216476
33993939-a4a1-4e05-aa41-d56a8dfe489a,0.02,0.03,0.2997656762599945
33993939-a4a1-4e05-aa41-d56a8dfe489a,0.02,0.08,0.24938365817070007
33993939-a4a1-4e05-aa41-d56a8dfe489a,0.02,0.13,0.13751505315303802
33993939-a4a1-4e05-aa41-d56a8dfe489a,0.02,0.18000000000000002,0.11043547093868256
33993939-a4a1-4e05-aa41-d56a8dfe489a,0.02,0.23,0.07768765091896057
33993939-a4a1-4e05-aa41-d56a8dfe489a,0.03,0.03,0.2831090986728668
33993939-a4a1-4e05-aa41-d56a8dfe489a,0.03,0.08,0.1817719042301178
33993939-a4a1-4e05-aa41-d56a8dfe489a,0.03,0.13,0.11097201704978943
33993939-a4a1-4e05-aa41-d56a8dfe489a,0.03,0.18000000000000002,0.0870446190237999
33993939-a4a1-4e05-aa41-d56a8dfe489a,0.03,0.23,0.0750264897942543
33993939-a4a1-4e05-aa41-d56a8dfe489a,0.04,0.03,0.23855870962142944
33993939-a4a1-4e05-aa41-d56a8dfe489a,0.04,0.08,0.13748465478420258
33993939-a4a1-4e05-aa41-d56a8dfe489a,0.05,0.03,0.17333869636058807
33993939-a4a1-4e05-aa41-d56a8dfe489a,0.05,0.08,0.09832148253917694
33993939-a4a1-4e05-aa41-d56a8dfe489a,0.05,0.13,0.08638174831867218
33993939-a4a1-4e05-aa41-d56a8dfe489a,0.05,0.18000000000000002,0.07542319595813751
33993939-a4a1-4e05-aa41-d56a8dfe489a,0.05,0.23,0.07216785848140717
33993939-a4a1-4e05-aa41-d56a8dfe489a,0.1,0.03,0.12453918159008026
33993939-a4a1-4e05-aa41-d56a8dfe489a,0.1,0.08,0.13601557910442352
33993939-a4a1-4e05-aa41-d56a8dfe489a,0.1,0.13,0.11018017679452896
33993939-a4a1-4e05-aa41-d56a8dfe489a,0.1,0.18000000000000002,0.10073349624872208
33993939-a4a1-4e05-aa41-d56a8dfe489a,0.1,0.23,0.10074500739574432
33993939-a4a1-4e05-aa41-d56a8dfe489a,0.15000000000000002,0.03,0.06962137669324875
33993939-a4a1-4e05-aa41-d56a8dfe489a,0.15000000000000002,0.08,0.06502985954284668
33993939-a4a1-4e05-aa41-d56a8dfe489a,0.15000000000000002,0.13,0.06875082105398178
33993939-a4a1-4e05-aa41-d56a8dfe489a,0.15000000000000002,0.18000000000000002,0.07186399400234222
33993939-a4a1-4e05-aa41-d56a8dfe489a,0.15000000000000002,0.23,0.07629302889108658
33993939-a4a1-4e05-aa41-d56a8dfe489a,0.2,0.03,0.051702722907066345
33993939-a4a1-4e05-aa41-d56a8dfe489a,0.2,0.08,0.06844448298215866
33993939-a4a1-4e05-aa41-d56a8dfe489a,0.2,0.13,0.07363331317901611
33993939-a4a1-4e05-aa41-d56a8dfe489a,0.2,0.18000000000000002,0.07516730576753616
33993939-a4a1-4e05-aa41-d56a8dfe489a,0.2,0.23,0.06976616382598877
33993939-a4a1-4e05-aa41-d56a8dfe489a,0.25,0.03,0.04918482154607773
33993939-a4a1-4e05-aa41-d56a8dfe489a,0.25,0.08,0.059737976640462875
33993939-a4a1-4e05-aa41-d56a8dfe489a,0.25,0.13,0.06880965083837509
33993939-a4a1-4e05-aa41-d56a8dfe489a,0.25,0.18000000000000002,0.0760754644870758
33993939-a4a1-4e05-aa41-d56a8dfe489a,0.25,0.23,0.07374878972768784
33993939-a4a1-4e05-aa41-d56a8dfe489a,0.30000000000000004,0.03,0.05746288597583771
33993939-a4a1-4e05-aa41-d56a8dfe489a,0.30000000000000004,0.08,0.06664436310529709
33993939-a4a1-4e05-aa41-d56a8dfe489a,0.30000000000000004,0.13,0.07126755267381668
33993939-a4a1-4e05-aa41-d56a8dfe489a,0.30000000000000004,0.18000000000000002,0.07000385224819183
33993939-a4a1-4e05-aa41-d56a8dfe489a,0.30000000000000004,0.23,0.07439972460269928
34158c5e-2d57-451e-8148-1563e983e056,0.0,0.03,0.3362148404121399
34158c5e-2d57-451e-8148-1563e983e056,0.0,0.08,0.4616873562335968
34158c5e-2d57-451e-8148-1563e983e056,0.0,0.13,0.4244594871997833
34158c5e-2d57-451e-8148-1563e983e056,0.0,0.18000000000000002,0.36849281191825867
34158c5e-2d57-451e-8148-1563e983e056,0.0,0.23,0.32120996713638306
34158c5e-2d57-451e-8148-1563e983e056,0.01,0.03,0.3056904077529907
34158c5e-2d57-451e-8148-1563e983e056,0.01,0.08,0.37026262283325195
34158c5e-2d57-451e-8148-1563e983e056,0.01,0.13,0.31773945689201355
34158c5e-2d57-451e-8148-1563e983e056,0.01,0.18000000000000002,0.27650925517082214
34158c5e-2d57-451e-8148-1563e983e056,0.01,0.23,0.24356184899806976
34158c5e-2d57-451e-8148-1563e983e056,0.02,0.03,0.3268393874168396
34158c5e-2d57-451e-8148-1563e983e056,0.02,0.08,0.3499923348426819
34158c5e-2d57-451e-8148-1563e983e056,0.02,0.13,0.30844825506210327
34158c5e-2d57-451e-8148-1563e983e056,0.02,0.18000000000000002,0.258487731218338
34158c5e-2d57-451e-8148-1563e983e056,0.02,0.23,0.22719760239124298
34158c5e-2d57-451e-8148-1563e983e056,0.03,0.03,0.32840394973754883
34158c5e-2d57-451e-8148-1563e983e056,0.03,0.08,0.3283790647983551
34158c5e-2d57-451e-8148-1563e983e056,0.03,0.13,0.27945899963378906
34158c5e-2d57-451e-8148-1563e983e056,0.03,0.18000000000000002,0.23774972558021545
34158c5e-2d57-451e-8148-1563e983e056,0.03,0.23,0.20718832314014435
34158c5e-2d57-451e-8148-1563e983e056,0.04,0.03,0.2897011637687683
34158c5e-2d57-451e-8148-1563e983e056,0.04,0.08,0.30201607942581177
34158c5e-2d57-451e-8148-1563e983e056,0.05,0.03,0.340080201625824
34158c5e-2d57-451e-8148-1563e983e056,0.05,0.08,0.31848493218421936
34158c5e-2d57-451e-8148-1563e983e056,0.05,0.13,0.26593902707099915
34158c5e-2d57-451e-8148-1563e983e056,0.05,0.18000000000000002,0.22642895579338074
34158c5e-2d57-451e-8148-1563e983e056,0.05,0.23,0.20153982937335968
34158c5e-2d57-451e-8148-1563e983e056,0.1,0.03,0.16922202706336975
34158c5e-2d57-451e-8148-1563e983e056,0.1,0.08,0.14922717213630676
34158c5e-2d57-451e-8148-1563e983e056,0.1,0.13,0.1282743662595749
34158c5e-2d57-451e-8148-1563e983e056,0.1,0.18000000000000002,0.11508088558912277
34158c5e-2d57-451e-8148-1563e983e056,0.1,0.23,0.10481102764606476
34158c5e-2d57-451e-8148-1563e983e056,0.15000000000000002,0.03,0.07160843163728714
34158c5e-2d57-451e-8148-1563e983e056,0.15000000000000002,0.08,0.07435164600610733
34158c5e-2d57-451e-8148-1563e983e056,0.15000000000000002,0.13,0.07578079402446747
34158c5e-2d57-451e-8148-1563e983e056,0.15000000000000002,0.18000000000000002,0.07443267852067947
34158c5e-2d57-451e-8148-1563e983e056,0.15000000000000002,0.23,0.07083383947610855
34158c5e-2d57-451e-8148-1563e983e056,0.2,0.03,0.05913063883781433
34158c5e-2d57-451e-8148-1563e983e056,0.2,0.08,0.06619706749916077
34158c5e-2d57-451e-8148-1563e983e056,0.2,0.13,0.06502512842416763
34158c5e-2d57-451e-8148-1563e983e056,0.2,0.18000000000000002,0.06309538334608078
34158c5e-2d57-451e-8148-1563e983e056,0.2,0.23,0.06584937870502472
34158c5e-2d57-451e-8148-1563e983e056,0.25,0.03,0.0592782087624073
34158c5e-2d57-451e-8148-1563e983e056,0.25,0.08,0.05899886414408684
34158c5e-2d57-451e-8148-1563e983e056,0.25,0.13,0.05968951806426048
34158c5e-2d57-451e-8148-1563e983e056,0.25,0.18000000000000002,0.06349341571331024
34158c5e-2d57-451e-8148-1563e983e056,0.25,0.23,0.06250535696744919
34158c5e-2d57-451e-8148-1563e983e056,0.30000000000000004,0.03,0.051657602190971375
34158c5e-2d57-451e-8148-1563e983e056,0.30000000000000004,0.08,0.0626172125339508
34158c5e-2d57-451e-8148-1563e983e056,0.30000000000000004,0.13,0.06547319144010544
34158c5e-2d57-451e-8148-1563e983e056,0.30000000000000004,0.18000000000000002,0.0637391209602356
34158c5e-2d57-451e-8148-1563e983e056,0.30000000000000004,0.23,0.05942787602543831
34751e01-8ae8-4f1f-a081-f5ccab702b2e,0.0,0.03,0.11075262725353241
34751e01-8ae8-4f1f-a081-f5ccab702b2e,0.0,0.08,0.1433882713317871
34751e01-8ae8-4f1f-a081-f5ccab702b2e,0.0,0.13,0.1421276032924652
34751e01-8ae8-4f1f-a081-f5ccab702b2e,0.0,0.18000000000000002,0.1318518966436386
34751e01-8ae8-4f1f-a081-f5ccab702b2e,0.0,0.23,0.12491095066070557
34751e01-8ae8-4f1f-a081-f5ccab702b2e,0.01,0.03,0.1049734577536583
34751e01-8ae8-4f1f-a081-f5ccab702b2e,0.01,0.08,0.14929720759391785
34751e01-8ae8-4f1f-a081-f5ccab702b2e,0.01,0.13,0.1455352008342743
34751e01-8ae8-4f1f-a081-f5ccab702b2e,0.01,0.18000000000000002,0.11847621947526932
34751e01-8ae8-4f1f-a081-f5ccab702b2e,0.01,0.23,0.10025162249803543
34751e01-8ae8-4f1f-a081-f5ccab702b2e,0.02,0.03,0.11624646931886673
34751e01-8ae8-4f1f-a081-f5ccab702b2e,0.02,0.08,0.15418590605258942
34751e01-8ae8-4f1f-a081-f5ccab702b2e,0.02,0.13,0.13770365715026855
34751e01-8ae8-4f1f-a081-f5ccab702b2e,0.02,0.18000000000000002,0.1118684709072113
34751e01-8ae8-4f1f-a081-f5ccab702b2e,0.02,0.23,0.09581615775823593
34751e01-8ae8-4f1f-a081-f5ccab702b2e,0.03,0.03,0.11771681159734726
34751e01-8ae8-4f1f-a081-f5ccab702b2e,0.03,0.08,0.14666104316711426
34751e01-8ae8-4f1f-a081-f5ccab702b2e,0.03,0.13,0.12771070003509521
34751e01-8ae8-4f1f-a081-f5ccab702b2e,0.03,0.18000000000000002,0.10018537938594818
34751e01-8ae8-4f1f-a081-f5ccab702b2e,0.03,0.23,0.09317409247159958
34751e01-8ae8-4f1f-a081-f5ccab702b2e,0.04,0.03,0.12282024323940277
34751e01-8ae8-4f1f-a081-f5ccab702b2e,0.04,0.08,0.14235886931419373
34751e01-8ae8-4f1f-a081-f5ccab702b2e,0.05,0.03,0.11127679795026779
34751e01-8ae8-4f1f-a081-f5ccab702b2e,0.05,0.08,0.12462837249040604
34751e01-8ae8-4f1f-a081-f5ccab702b2e,0.05,0.13,0.11439386755228043
34751e01-8ae8-4f1f-a081-f5ccab702b2e,0.05,0.18000000000000002,0.10892221331596375
34751e01-8ae8-4f1f-a081-f5ccab702b2e,0.05,0.23,0.10686791688203812
34751e01-8ae8-4f1f-a081-f5ccab702b2e,0.1,0.03,0.07446037977933884
34751e01-8ae8-4f1f-a081-f5ccab702b2e,0.1,0.08,0.08313498646020889
34751e01-8ae8-4f1f-a081-f5ccab702b2e,0.1,0.13,0.08340539038181305
34751e01-8ae8-4f1f-a081-f5ccab702b2e,0.1,0.18000000000000002,0.08476585149765015
34751e01-8ae8-4f1f-a081-f5ccab702b2e,0.1,0.23,0.07701407372951508
34751e01-8ae8-4f1f-a081-f5ccab702b2e,0.15000000000000002,0.03,0.06439436227083206
34751e01-8ae8-4f1f-a081-f5ccab702b2e,0.15000000000000002,0.08,0.0727611854672432
34751e01-8ae8-4f1f-a081-f5ccab702b2e,0.15000000000000002,0.13,0.07722306996583939
34751e01-8ae8-4f1f-a081-f5ccab702b2e,0.15000000000000002,0.18000000000000002,0.07793283462524414
34751e01-8ae8-4f1f-a081-f5ccab702b2e,0.15000000000000002,0.23,0.0774696096777916
34751e01-8ae8-4f1f-a081-f5ccab702b2e,0.2,0.03,0.057979073375463486
34751e01-8ae8-4f1f-a081-f5ccab702b2e,0.2,0.08,0.0693272277712822
34751e01-8ae8-4f1f-a081-f5ccab702b2e,0.2,0.13,0.07474378496408463
34751e01-8ae8-4f1f-a081-f5ccab702b2e,0.2,0.18000000000000002,0.07647886127233505
34751e01-8ae8-4f1f-a081-f5ccab702b2e,0.2,0.23,0.08298392593860626
34751e01-8ae8-4f1f-a081-f5ccab702b2e,0.25,0.03,0.05555940419435501
34751e01-8ae8-4f1f-a081-f5ccab702b2e,0.25,0.08,0.0702478289604187
34751e01-8ae8-4f1f-a081-f5ccab702b2e,0.25,0.13,0.07889402657747269
34751e01-8ae8-4f1f-a081-f5ccab702b2e,0.25,0.18000000000000002,0.08595294505357742
34751e01-8ae8-4f1f-a081-f5ccab702b2e,0.25,0.23,0.0918624997138977
34751e01-8ae8-4f1f-a081-f5ccab702b2e,0.30000000000000004,0.03,0.054105307906866074
34751e01-8ae8-4f1f-a081-f5ccab702b2e,0.30000000000000004,0.08,0.0789778083562851
34751e01-8ae8-4f1f-a081-f5ccab702b2e,0.30000000000000004,0.13,0.08604709804058075
34751e01-8ae8-4f1f-a081-f5ccab702b2e,0.30000000000000004,0.18000000000000002,0.09178682416677475
34751e01-8ae8-4f1f-a081-f5ccab702b2e,0.30000000000000004,0.23,0.09894707053899765
34c3e350-9314-4bb2-88f5-16b760c2eeaf,0.0,0.03,0.05623076483607292
34c3e350-9314-4bb2-88f5-16b760c2eeaf,0.0,0.08,0.06778297573328018
34c3e350-9314-4bb2-88f5-16b760c2eeaf,0.0,0.13,0.07036931812763214
34c3e350-9314-4bb2-88f5-16b760c2eeaf,0.0,0.18000000000000002,0.05802515521645546
34c3e350-9314-4bb2-88f5-16b760c2eeaf,0.0,0.23,0.05810249224305153
34c3e350-9314-4bb2-88f5-16b760c2eeaf,0.01,0.03,0.05121435225009918
34c3e350-9314-4bb2-88f5-16b760c2eeaf,0.01,0.08,0.07223532348871231
34c3e350-9314-4bb2-88f5-16b760c2eeaf,0.01,0.13,0.06957899779081345
34c3e350-9314-4bb2-88f5-16b760c2eeaf,0.01,0.18000000000000002,0.060314107686281204
34c3e350-9314-4bb2-88f5-16b760c2eeaf,0.01,0.23,0.05860031023621559
34c3e350-9314-4bb2-88f5-16b760c2eeaf,0.02,0.03,0.05630527436733246
34c3e350-9314-4bb2-88f5-16b760c2eeaf,0.02,0.08,0.07479145377874374
34c3e350-9314-4bb2-88f5-16b760c2eeaf,0.02,0.13,0.0627569779753685
34c3e350-9314-4bb2-88f5-16b760c2eeaf,0.02,0.18000000000000002,0.061305925250053406
34c3e350-9314-4bb2-88f5-16b760c2eeaf,0.02,0.23,0.05801142379641533
34c3e350-9314-4bb2-88f5-16b760c2eeaf,0.03,0.03,0.05848480015993118
34c3e350-9314-4bb2-88f5-16b760c2eeaf,0.03,0.08,0.072273850440979
34c3e350-9314-4bb2-88f5-16b760c2eeaf,0.03,0.13,0.06212291866540909
34c3e350-9314-4bb2-88f5-16b760c2eeaf,0.03,0.18000000000000002,0.06160292029380798
34c3e350-9314-4bb2-88f5-16b760c2eeaf,0.03,0.23,0.05913640558719635
34c3e350-9314-4bb2-88f5-16b760c2eeaf,0.04,0.03,0.06681812554597855
34c3e350-9314-4bb2-88f5-16b760c2eeaf,0.04,0.08,0.06794813275337219
34c3e350-9314-4bb2-88f5-16b760c2eeaf,0.05,0.03,0.0633823350071907
34c3e350-9314-4bb2-88f5-16b760c2eeaf,0.05,0.08,0.06638261675834656
34c3e350-9314-4bb2-88f5-16b760c2eeaf,0.05,0.13,0.06245170161128044
34c3e350-9314-4bb2-88f5-16b760c2eeaf,0.05,0.18000000000000002,0.060107987374067307
34c3e350-9314-4bb2-88f5-16b760c2eeaf,0.05,0.23,0.061157356947660446
34c3e350-9314-4bb2-88f5-16b760c2eeaf,0.1,0.03,0.05262922868132591
34c3e350-9314-4bb2-88f5-16b760c2eeaf,0.1,0.08,0.061371155083179474
34c3e350-9314-4bb2-88f5-16b760c2eeaf,0.1,0.13,0.059352725744247437
34c3e350-9314-4bb2-88f5-16b760c2eeaf,0.1,0.18000000000000002,0.06170579046010971
34c3e350-9314-4bb2-88f5-16b760c2eeaf,0.1,0.23,0.06391270458698273
34c3e350-9314-4bb2-88f5-16b760c2eeaf,0.15000000000000002,0.03,0.0530354343354702
34c3e350-9314-4bb2-88f5-16b760c2eeaf,0.15000000000000002,0.08,0.06027281656861305
34c3e350-9314-4bb2-88f5-16b760c2eeaf,0.15000000000000002,0.13,0.06485278159379959
34c3e350-9314-4bb2-88f5-16b760c2eeaf,0.15000000000000002,0.18000000000000002,0.0656571313738823
34c3e350-9314-4bb2-88f5-16b760c2eeaf,0.15000000000000002,0.23,0.06118802726268768
34c3e350-9314-4bb2-88f5-16b760c2eeaf,0.2,0.03,0.05412339046597481
34c3e350-9314-4bb2-88f5-16b760c2eeaf,0.2,0.08,0.05562480911612511
34c3e350-9314-4bb2-88f5-16b760c2eeaf,0.2,0.13,0.05990464240312576
34c3e350-9314-4bb2-88f5-16b760c2eeaf,0.2,0.18000000000000002,0.056116655468940735
34c3e350-9314-4bb2-88f5-16b760c2eeaf,0.2,0.23,0.055477727204561234
34c3e350-9314-4bb2-88f5-16b760c2eeaf,0.25,0.03,0.04735463485121727
34c3e350-9314-4bb2-88f5-16b760c2eeaf,0.25,0.08,0.06336300820112228
34c3e350-9314-4bb2-88f5-16b760c2eeaf,0.25,0.13,0.06353556364774704
34c3e350-9314-4bb2-88f5-16b760c2eeaf,0.25,0.18000000000000002,0.058617882430553436
34c3e350-9314-4bb2-88f5-16b760c2eeaf,0.25,0.23,0.06098542362451553
34c3e350-9314-4bb2-88f5-16b760c2eeaf,0.30000000000000004,0.03,0.054492395371198654
34c3e350-9314-4bb2-88f5-16b760c2eeaf,0.30000000000000004,0.08,0.06325692683458328
34c3e350-9314-4bb2-88f5-16b760c2eeaf,0.30000000000000004,0.13,0.06624051928520203
34c3e350-9314-4bb2-88f5-16b760c2eeaf,0.30000000000000004,0.18000000000000002,0.07254237681627274
34c3e350-9314-4bb2-88f5-16b760c2eeaf,0.30000000000000004,0.23,0.07004883140325546
34ec9103-6a72-4f53-9f9a-03f2a9ae1517,0.0,0.03,0.11793385446071625
34ec9103-6a72-4f53-9f9a-03f2a9ae1517,0.0,0.08,0.1580924391746521
34ec9103-6a72-4f53-9f9a-03f2a9ae1517,0.0,0.13,0.11466319859027863
34ec9103-6a72-4f53-9f9a-03f2a9ae1517,0.0,0.18000000000000002,0.0795331746339798
34ec9103-6a72-4f53-9f9a-03f2a9ae1517,0.0,0.23,0.07892947643995285
34ec9103-6a72-4f53-9f9a-03f2a9ae1517,0.01,0.03,0.1077205240726471
34ec9103-6a72-4f53-9f9a-03f2a9ae1517,0.01,0.08,0.129273921251297
34ec9103-6a72-4f53-9f9a-03f2a9ae1517,0.01,0.13,0.0936768501996994
34ec9103-6a72-4f53-9f9a-03f2a9ae1517,0.01,0.18000000000000002,0.07747955620288849
34ec9103-6a72-4f53-9f9a-03f2a9ae1517,0.01,0.23,0.07991831749677658
34ec9103-6a72-4f53-9f9a-03f2a9ae1517,0.02,0.03,0.10323095321655273
34ec9103-6a72-4f53-9f9a-03f2a9ae1517,0.02,0.08,0.11440059542655945
34ec9103-6a72-4f53-9f9a-03f2a9ae1517,0.02,0.13,0.07372096180915833
34ec9103-6a72-4f53-9f9a-03f2a9ae1517,0.02,0.18000000000000002,0.07743487507104874
34ec9103-6a72-4f53-9f9a-03f2a9ae1517,0.02,0.23,0.08065725117921829
34ec9103-6a72-4f53-9f9a-03f2a9ae1517,0.03,0.03,0.1044851541519165
34ec9103-6a72-4f53-9f9a-03f2a9ae1517,0.03,0.08,0.09811306744813919
34ec9103-6a72-4f53-9f9a-03f2a9ae1517,0.03,0.13,0.07235750555992126
34ec9103-6a72-4f53-9f9a-03f2a9ae1517,0.03,0.18000000000000002,0.0761382058262825
34ec9103-6a72-4f53-9f9a-03f2a9ae1517,0.03,0.23,0.07606595009565353
34ec9103-6a72-4f53-9f9a-03f2a9ae1517,0.04,0.03,0.09999833256006241
34ec9103-6a72-4f53-9f9a-03f2a9ae1517,0.04,0.08,0.08652149140834808
34ec9103-6a72-4f53-9f9a-03f2a9ae1517,0.05,0.03,0.07563729584217072
34ec9103-6a72-4f53-9f9a-03f2a9ae1517,0.05,0.08,0.077432781457901
34ec9103-6a72-4f53-9f9a-03f2a9ae1517,0.05,0.13,0.09296943247318268
34ec9103-6a72-4f53-9f9a-03f2a9ae1517,0.05,0.18000000000000002,0.09214784950017929
34ec9103-6a72-4f53-9f9a-03f2a9ae1517,0.05,0.23,0.09122224897146225
34ec9103-6a72-4f53-9f9a-03f2a9ae1517,0.1,0.03,0.05876314640045166
34ec9103-6a72-4f53-9f9a-03f2a9ae1517,0.1,0.08,0.11290851980447769
34ec9103-6a72-4f53-9f9a-03f2a9ae1517,0.1,0.13,0.10904000699520111
34ec9103-6a72-4f53-9f9a-03f2a9ae1517,0.1,0.18000000000000002,0.10567721724510193
34ec9103-6a72-4f53-9f9a-03f2a9ae1517,0.1,0.23,0.09445782005786896
34ec9103-6a72-4f53-9f9a-03f2a9ae1517,0.15000000000000002,0.03,0.07561615854501724
34ec9103-6a72-4f53-9f9a-03f2a9ae1517,0.15000000000000002,0.08,0.07461345195770264
34ec9103-6a72-4f53-9f9a-03f2a9ae1517,0.15000000000000002,0.13,0.07699558883905411
34ec9103-6a72-4f53-9f9a-03f2a9ae1517,0.15000000000000002,0.18000000000000002,0.0680273100733757
34ec9103-6a72-4f53-9f9a-03f2a9ae1517,0.15000000000000002,0.23,0.07942664623260498
34ec9103-6a72-4f53-9f9a-03f2a9ae1517,0.2,0.03,0.05147295072674751
34ec9103-6a72-4f53-9f9a-03f2a9ae1517,0.2,0.08,0.055989984422922134
34ec9103-6a72-4f53-9f9a-03f2a9ae1517,0.2,0.13,0.062093086540699005
34ec9103-6a72-4f53-9f9a-03f2a9ae1517,0.2,0.18000000000000002,0.07098373025655746
34ec9103-6a72-4f53-9f9a-03f2a9ae1517,0.2,0.23,0.06942154467105865
34ec9103-6a72-4f53-9f9a-03f2a9ae1517,0.25,0.03,0.044961247593164444
34ec9103-6a72-4f53-9f9a-03f2a9ae1517,0.25,0.08,0.05564636364579201
34ec9103-6a72-4f53-9f9a-03f2a9ae1517,0.25,0.13,0.06522710621356964
34ec9103-6a72-4f53-9f9a-03f2a9ae1517,0.25,0.18000000000000002,0.0678795874118805
34ec9103-6a72-4f53-9f9a-03f2a9ae1517,0.25,0.23,0.08030613511800766
34ec9103-6a72-4f53-9f9a-03f2a9ae1517,0.30000000000000004,0.03,0.06037288159132004
34ec9103-6a72-4f53-9f9a-03f2a9ae1517,0.30000000000000004,0.08,0.061114534735679626
34ec9103-6a72-4f53-9f9a-03f2a9ae1517,0.30000000000000004,0.13,0.07196783274412155
34ec9103-6a72-4f53-9f9a-03f2a9ae1517,0.30000000000000004,0.18000000000000002,0.08519747853279114
34ec9103-6a72-4f53-9f9a-03f2a9ae1517,0.30000000000000004,0.23,0.08760979026556015
36fd843b-903a-4800-9ea4-62fe0b86fd3d,0.0,0.03,0.0
36fd843b-903a-4800-9ea4-62fe0b86fd3d,0.0,0.08,0.0
36fd843b-903a-4800-9ea4-62fe0b86fd3d,0.0,0.13,0.0
36fd843b-903a-4800-9ea4-62fe0b86fd3d,0.0,0.18000000000000002,0.0
36fd843b-903a-4800-9ea4-62fe0b86fd3d,0.0,0.23,0.0
36fd843b-903a-4800-9ea4-62fe0b86fd3d,0.01,0.03,0.0
36fd843b-903a-4800-9ea4-62fe0b86fd3d,0.01,0.08,0.0
36fd843b-903a-4800-9ea4-62fe0b86fd3d,0.01,0.13,0.0
36fd843b-903a-4800-9ea4-62fe0b86fd3d,0.01,0.18000000000000002,0.0
36fd843b-903a-4800-9ea4-62fe0b86fd3d,0.01,0.23,0.0
36fd843b-903a-4800-9ea4-62fe0b86fd3d,0.02,0.03,0.0
36fd843b-903a-4800-9ea4-62fe0b86fd3d,0.02,0.08,0.0
36fd843b-903a-4800-9ea4-62fe0b86fd3d,0.02,0.13,0.0
36fd843b-903a-4800-9ea4-62fe0b86fd3d,0.02,0.18000000000000002,0.0
36fd843b-903a-4800-9ea4-62fe0b86fd3d,0.02,0.23,0.0
36fd843b-903a-4800-9ea4-62fe0b86fd3d,0.03,0.03,0.0
36fd843b-903a-4800-9ea4-62fe0b86fd3d,0.03,0.08,0.0
36fd843b-903a-4800-9ea4-62fe0b86fd3d,0.03,0.13,0.0
36fd843b-903a-4800-9ea4-62fe0b86fd3d,0.03,0.18000000000000002,0.0
36fd843b-903a-4800-9ea4-62fe0b86fd3d,0.03,0.23,0.0
36fd843b-903a-4800-9ea4-62fe0b86fd3d,0.04,0.03,0.0
36fd843b-903a-4800-9ea4-62fe0b86fd3d,0.04,0.08,0.0
36fd843b-903a-4800-9ea4-62fe0b86fd3d,0.05,0.03,0.0
36fd843b-903a-4800-9ea4-62fe0b86fd3d,0.05,0.08,0.0
36fd843b-903a-4800-9ea4-62fe0b86fd3d,0.05,0.13,0.0
36fd843b-903a-4800-9ea4-62fe0b86fd3d,0.05,0.18000000000000002,0.0
36fd843b-903a-4800-9ea4-62fe0b86fd3d,0.05,0.23,0.0
36fd843b-903a-4800-9ea4-62fe0b86fd3d,0.1,0.03,0.0
36fd843b-903a-4800-9ea4-62fe0b86fd3d,0.1,0.08,0.0
36fd843b-903a-4800-9ea4-62fe0b86fd3d,0.1,0.13,0.0
36fd843b-903a-4800-9ea4-62fe0b86fd3d,0.1,0.18000000000000002,0.0
36fd843b-903a-4800-9ea4-62fe0b86fd3d,0.1,0.23,0.0
36fd843b-903a-4800-9ea4-62fe0b86fd3d,0.15000000000000002,0.03,0.0
36fd843b-903a-4800-9ea4-62fe0b86fd3d,0.15000000000000002,0.08,0.0
36fd843b-903a-4800-9ea4-62fe0b86fd3d,0.15000000000000002,0.13,0.0
36fd843b-903a-4800-9ea4-62fe0b86fd3d,0.15000000000000002,0.18000000000000002,0.0
36fd843b-903a-4800-9ea4-62fe0b86fd3d,0.15000000000000002,0.23,0.0
36fd843b-903a-4800-9ea4-62fe0b86fd3d,0.2,0.03,0.0
36fd843b-903a-4800-9ea4-62fe0b86fd3d,0.2,0.08,0.0
36fd843b-903a-4800-9ea4-62fe0b86fd3d,0.2,0.13,0.0
36fd843b-903a-4800-9ea4-62fe0b86fd3d,0.2,0.18000000000000002,0.0
36fd843b-903a-4800-9ea4-62fe0b86fd3d,0.2,0.23,0.0
36fd843b-903a-4800-9ea4-62fe0b86fd3d,0.25,0.03,0.0
36fd843b-903a-4800-9ea4-62fe0b86fd3d,0.25,0.08,0.0
36fd843b-903a-4800-9ea4-62fe0b86fd3d,0.25,0.13,0.0
36fd843b-903a-4800-9ea4-62fe0b86fd3d,0.25,0.18000000000000002,0.0
36fd843b-903a-4800-9ea4-62fe0b86fd3d,0.25,0.23,0.0
36fd843b-903a-4800-9ea4-62fe0b86fd3d,0.30000000000000004,0.03,0.0
36fd843b-903a-4800-9ea4-62fe0b86fd3d,0.30000000000000004,0.08,0.0
36fd843b-903a-4800-9ea4-62fe0b86fd3d,0.30000000000000004,0.13,0.0
36fd843b-903a-4800-9ea4-62fe0b86fd3d,0.30000000000000004,0.18000000000000002,0.0
36fd843b-903a-4800-9ea4-62fe0b86fd3d,0.30000000000000004,0.23,0.0
379f2a80-cc15-4830-8cb5-7df7d43d46af,0.0,0.03,0.08011607080698013
379f2a80-cc15-4830-8cb5-7df7d43d46af,0.0,0.08,0.12590359151363373
379f2a80-cc15-4830-8cb5-7df7d43d46af,0.0,0.13,0.12827438116073608
379f2a80-cc15-4830-8cb5-7df7d43d46af,0.0,0.18000000000000002,0.12870389223098755
379f2a80-cc15-4830-8cb5-7df7d43d46af,0.0,0.23,0.12707678973674774
379f2a80-cc15-4830-8cb5-7df7d43d46af,0.01,0.03,0.07893787324428558
379f2a80-cc15-4830-8cb5-7df7d43d46af,0.01,0.08,0.10937054455280304
379f2a80-cc15-4830-8cb5-7df7d43d46af,0.01,0.13,0.12147964537143707
379f2a80-cc15-4830-8cb5-7df7d43d46af,0.01,0.18000000000000002,0.12146994471549988
379f2a80-cc15-4830-8cb5-7df7d43d46af,0.01,0.23,0.12418676167726517
379f2a80-cc15-4830-8cb5-7df7d43d46af,0.02,0.03,0.09270983934402466
379f2a80-cc15-4830-8cb5-7df7d43d46af,0.02,0.08,0.10321240872144699
379f2a80-cc15-4830-8cb5-7df7d43d46af,0.02,0.13,0.12067782133817673
379f2a80-cc15-4830-8cb5-7df7d43d46af,0.02,0.18000000000000002,0.12306564301252365
379f2a80-cc15-4830-8cb5-7df7d43d46af,0.02,0.23,0.1238148882985115
379f2a80-cc15-4830-8cb5-7df7d43d46af,0.03,0.03,0.08279671519994736
379f2a80-cc15-4830-8cb5-7df7d43d46af,0.03,0.08,0.10984380543231964
379f2a80-cc15-4830-8cb5-7df7d43d46af,0.03,0.13,0.11713407933712006
379f2a80-cc15-4830-8cb5-7df7d43d46af,0.03,0.18000000000000002,0.1257379949092865
379f2a80-cc15-4830-8cb5-7df7d43d46af,0.03,0.23,0.12241015583276749
379f2a80-cc15-4830-8cb5-7df7d43d46af,0.04,0.03,0.07518936693668365
379f2a80-cc15-4830-8cb5-7df7d43d46af,0.04,0.08,0.1096780002117157
379f2a80-cc15-4830-8cb5-7df7d43d46af,0.05,0.03,0.08376818895339966
379f2a80-cc15-4830-8cb5-7df7d43d46af,0.05,0.08,0.10361285507678986
379f2a80-cc15-4830-8cb5-7df7d43d46af,0.05,0.13,0.11829535663127899
379f2a80-cc15-4830-8cb5-7df7d43d46af,0.05,0.18000000000000002,0.12685829401016235
379f2a80-cc15-4830-8cb5-7df7d43d46af,0.05,0.23,0.1298367977142334
379f2a80-cc15-4830-8cb5-7df7d43d46af,0.1,0.03,0.08475185185670853
379f2a80-cc15-4830-8cb5-7df7d43d46af,0.1,0.08,0.11747190356254578
379f2a80-cc15-4830-8cb5-7df7d43d46af,0.1,0.13,0.12966704368591309
379f2a80-cc15-4830-8cb5-7df7d43d46af,0.1,0.18000000000000002,0.1307842880487442
379f2a80-cc15-4830-8cb5-7df7d43d46af,0.1,0.23,0.12804122269153595
379f2a80-cc15-4830-8cb5-7df7d43d46af,0.15000000000000002,0.03,0.06724372506141663
379f2a80-cc15-4830-8cb5-7df7d43d46af,0.15000000000000002,0.08,0.0903780609369278
379f2a80-cc15-4830-8cb5-7df7d43d46af,0.15000000000000002,0.13,0.10750182718038559
379f2a80-cc15-4830-8cb5-7df7d43d46af,0.15000000000000002,0.18000000000000002,0.12282070517539978
379f2a80-cc15-4830-8cb5-7df7d43d46af,0.15000000000000002,0.23,0.14675717055797577
379f2a80-cc15-4830-8cb5-7df7d43d46af,0.2,0.03,0.06779548525810242
379f2a80-cc15-4830-8cb5-7df7d43d46af,0.2,0.08,0.11269897222518921
379f2a80-cc15-4830-8cb5-7df7d43d46af,0.2,0.13,0.13913731276988983
379f2a80-cc15-4830-8cb5-7df7d43d46af,0.2,0.18000000000000002,0.160932257771492
379f2a80-cc15-4830-8cb5-7df7d43d46af,0.2,0.23,0.15619657933712006
379f2a80-cc15-4830-8cb5-7df7d43d46af,0.25,0.03,0.09127043187618256
379f2a80-cc15-4830-8cb5-7df7d43d46af,0.25,0.08,0.12204442918300629
379f2a80-cc15-4830-8cb5-7df7d43d46af,0.25,0.13,0.1496676504611969
379f2a80-cc15-4830-8cb5-7df7d43d46af,0.25,0.18000000000000002,0.14279034733772278
379f2a80-cc15-4830-8cb5-7df7d43d46af,0.25,0.23,0.13266178965568542
379f2a80-cc15-4830-8cb5-7df7d43d46af,0.30000000000000004,0.03,0.08988337963819504
379f2a80-cc15-4830-8cb5-7df7d43d46af,0.30000000000000004,0.08,0.1248641163110733
379f2a80-cc15-4830-8cb5-7df7d43d46af,0.30000000000000004,0.13,0.12540270388126373
379f2a80-cc15-4830-8cb5-7df7d43d46af,0.30000000000000004,0.18000000000000002,0.12747283279895782
379f2a80-cc15-4830-8cb5-7df7d43d46af,0.30000000000000004,0.23,0.12259602546691895
37b03ceb-4e36-49fc-a3dd-f3e465bea8ca,0.0,0.03,0.04713369905948639
37b03ceb-4e36-49fc-a3dd-f3e465bea8ca,0.0,0.08,0.054884009063243866
37b03ceb-4e36-49fc-a3dd-f3e465bea8ca,0.0,0.13,0.06941282004117966
37b03ceb-4e36-49fc-a3dd-f3e465bea8ca,0.0,0.18000000000000002,0.0749875009059906
37b03ceb-4e36-49fc-a3dd-f3e465bea8ca,0.0,0.23,0.08589731901884079
37b03ceb-4e36-49fc-a3dd-f3e465bea8ca,0.01,0.03,0.04729538410902023
37b03ceb-4e36-49fc-a3dd-f3e465bea8ca,0.01,0.08,0.05823372304439545
37b03ceb-4e36-49fc-a3dd-f3e465bea8ca,0.01,0.13,0.06814024597406387
37b03ceb-4e36-49fc-a3dd-f3e465bea8ca,0.01,0.18000000000000002,0.07460781931877136
37b03ceb-4e36-49fc-a3dd-f3e465bea8ca,0.01,0.23,0.08214279264211655
37b03ceb-4e36-49fc-a3dd-f3e465bea8ca,0.02,0.03,0.045956261456012726
37b03ceb-4e36-49fc-a3dd-f3e465bea8ca,0.02,0.08,0.06278938800096512
37b03ceb-4e36-49fc-a3dd-f3e465bea8ca,0.02,0.13,0.07241851091384888
37b03ceb-4e36-49fc-a3dd-f3e465bea8ca,0.02,0.18000000000000002,0.07286150008440018
37b03ceb-4e36-49fc-a3dd-f3e465bea8ca,0.02,0.23,0.08240164816379547
37b03ceb-4e36-49fc-a3dd-f3e465bea8ca,0.03,0.03,0.048392925411462784
37b03ceb-4e36-49fc-a3dd-f3e465bea8ca,0.03,0.08,0.06162025034427643
37b03ceb-4e36-49fc-a3dd-f3e465bea8ca,0.03,0.13,0.07212934643030167
37b03ceb-4e36-49fc-a3dd-f3e465bea8ca,0.03,0.18000000000000002,0.07547159492969513
37b03ceb-4e36-49fc-a3dd-f3e465bea8ca,0.03,0.23,0.08393999934196472
37b03ceb-4e36-49fc-a3dd-f3e465bea8ca,0.04,0.03,0.04986352100968361
37b03ceb-4e36-49fc-a3dd-f3e465bea8ca,0.04,0.08,0.06341922283172607
37b03ceb-4e36-49fc-a3dd-f3e465bea8ca,0.05,0.03,0.04724791273474693
37b03ceb-4e36-49fc-a3dd-f3e465bea8ca,0.05,0.08,0.06689667701721191
37b03ceb-4e36-49fc-a3dd-f3e465bea8ca,0.05,0.13,0.07134400308132172
37b03ceb-4e36-49fc-a3dd-f3e465bea8ca,0.05,0.18000000000000002,0.07817452400922775
37b03ceb-4e36-49fc-a3dd-f3e465bea8ca,0.05,0.23,0.08252344280481339
37b03ceb-4e36-49fc-a3dd-f3e465bea8ca,0.1,0.03,0.04954056069254875
37b03ceb-4e36-49fc-a3dd-f3e465bea8ca,0.1,0.08,0.059830669313669205
37b03ceb-4e36-49fc-a3dd-f3e465bea8ca,0.1,0.13,0.07540328055620193
37b03ceb-4e36-49fc-a3dd-f3e465bea8ca,0.1,0.18000000000000002,0.07736317068338394
37b03ceb-4e36-49fc-a3dd-f3e465bea8ca,0.1,0.23,0.07391201704740524
37b03ceb-4e36-49fc-a3dd-f3e465bea8ca,0.15000000000000002,0.03,0.04609188809990883
37b03ceb-4e36-49fc-a3dd-f3e465bea8ca,0.15000000000000002,0.08,0.06558948755264282
37b03ceb-4e36-49fc-a3dd-f3e465bea8ca,0.15000000000000002,0.13,0.07554791122674942
37b03ceb-4e36-49fc-a3dd-f3e465bea8ca,0.15000000000000002,0.18000000000000002,0.07021352648735046
37b03ceb-4e36-49fc-a3dd-f3e465bea8ca,0.15000000000000002,0.23,0.07266159355640411
37b03ceb-4e36-49fc-a3dd-f3e465bea8ca,0.2,0.03,0.05125418305397034
37b03ceb-4e36-49fc-a3dd-f3e465bea8ca,0.2,0.08,0.06740760058164597
37b03ceb-4e36-49fc-a3dd-f3e465bea8ca,0.2,0.13,0.06681087613105774
37b03ceb-4e36-49fc-a3dd-f3e465bea8ca,0.2,0.18000000000000002,0.0681154653429985
37b03ceb-4e36-49fc-a3dd-f3e465bea8ca,0.2,0.23,0.06700136512517929
37b03ceb-4e36-49fc-a3dd-f3e465bea8ca,0.25,0.03,0.046624671667814255
37b03ceb-4e36-49fc-a3dd-f3e465bea8ca,0.25,0.08,0.06009526923298836
37b03ceb-4e36-49fc-a3dd-f3e465bea8ca,0.25,0.13,0.06890176981687546
37b03ceb-4e36-49fc-a3dd-f3e465bea8ca,0.25,0.18000000000000002,0.067296102643013
37b03ceb-4e36-49fc-a3dd-f3e465bea8ca,0.25,0.23,0.06303350627422333
37b03ceb-4e36-49fc-a3dd-f3e465bea8ca,0.30000000000000004,0.03,0.04779501631855965
37b03ceb-4e36-49fc-a3dd-f3e465bea8ca,0.30000000000000004,0.08,0.0647476390004158
37b03ceb-4e36-49fc-a3dd-f3e465bea8ca,0.30000000000000004,0.13,0.06430920213460922
37b03ceb-4e36-49fc-a3dd-f3e465bea8ca,0.30000000000000004,0.18000000000000002,0.06483698636293411
37b03ceb-4e36-49fc-a3dd-f3e465bea8ca,0.30000000000000004,0.23,0.06486234068870544
382251d9-9dc1-4b89-b5e2-d7ebb5286410,0.0,0.03,0.08196291327476501
382251d9-9dc1-4b89-b5e2-d7ebb5286410,0.0,0.08,0.1320725977420807
382251d9-9dc1-4b89-b5e2-d7ebb5286410,0.0,0.13,0.1129399836063385
382251d9-9dc1-4b89-b5e2-d7ebb5286410,0.0,0.18000000000000002,0.10613097995519638
382251d9-9dc1-4b89-b5e2-d7ebb5286410,0.0,0.23,0.08996123820543289
382251d9-9dc1-4b89-b5e2-d7ebb5286410,0.01,0.03,0.08526123315095901
382251d9-9dc1-4b89-b5e2-d7ebb5286410,0.01,0.08,0.11639151722192764
382251d9-9dc1-4b89-b5e2-d7ebb5286410,0.01,0.13,0.10392310470342636
382251d9-9dc1-4b89-b5e2-d7ebb5286410,0.01,0.18000000000000002,0.09625022858381271
382251d9-9dc1-4b89-b5e2-d7ebb5286410,0.01,0.23,0.08574104309082031
382251d9-9dc1-4b89-b5e2-d7ebb5286410,0.02,0.03,0.09731045365333557
382251d9-9dc1-4b89-b5e2-d7ebb5286410,0.02,0.08,0.10579380393028259
382251d9-9dc1-4b89-b5e2-d7ebb5286410,0.02,0.13,0.10420077294111252
382251d9-9dc1-4b89-b5e2-d7ebb5286410,0.02,0.18000000000000002,0.09209661930799484
382251d9-9dc1-4b89-b5e2-d7ebb5286410,0.02,0.23,0.08156250417232513
382251d9-9dc1-4b89-b5e2-d7ebb5286410,0.03,0.03,0.08697760850191116
382251d9-9dc1-4b89-b5e2-d7ebb5286410,0.03,0.08,0.09872247278690338
382251d9-9dc1-4b89-b5e2-d7ebb5286410,0.03,0.13,0.08822626620531082
382251d9-9dc1-4b89-b5e2-d7ebb5286410,0.03,0.18000000000000002,0.0790327787399292
382251d9-9dc1-4b89-b5e2-d7ebb5286410,0.03,0.23,0.07173766195774078
382251d9-9dc1-4b89-b5e2-d7ebb5286410,0.04,0.03,0.0631183609366417
382251d9-9dc1-4b89-b5e2-d7ebb5286410,0.04,0.08,0.07995171844959259
382251d9-9dc1-4b89-b5e2-d7ebb5286410,0.05,0.03,0.06866471469402313
382251d9-9dc1-4b89-b5e2-d7ebb5286410,0.05,0.08,0.06660079956054688
382251d9-9dc1-4b89-b5e2-d7ebb5286410,0.05,0.13,0.06694021075963974
382251d9-9dc1-4b89-b5e2-d7ebb5286410,0.05,0.18000000000000002,0.06100255250930786
382251d9-9dc1-4b89-b5e2-d7ebb5286410,0.05,0.23,0.06707549095153809
382251d9-9dc1-4b89-b5e2-d7ebb5286410,0.1,0.03,0.04429870471358299
382251d9-9dc1-4b89-b5e2-d7ebb5286410,0.1,0.08,0.05538138002157211
382251d9-9dc1-4b89-b5e2-d7ebb5286410,0.1,0.13,0.0640866756439209
382251d9-9dc1-4b89-b5e2-d7ebb5286410,0.1,0.18000000000000002,0.07197737693786621
382251d9-9dc1-4b89-b5e2-d7ebb5286410,0.1,0.23,0.06736957281827927
382251d9-9dc1-4b89-b5e2-d7ebb5286410,0.15000000000000002,0.03,0.048755280673503876
382251d9-9dc1-4b89-b5e2-d7ebb5286410,0.15000000000000002,0.08,0.06384817510843277
382251d9-9dc1-4b89-b5e2-d7ebb5286410,0.15000000000000002,0.13,0.07475278526544571
382251d9-9dc1-4b89-b5e2-d7ebb5286410,0.15000000000000002,0.18000000000000002,0.06758184731006622
382251d9-9dc1-4b89-b5e2-d7ebb5286410,0.15000000000000002,0.23,0.06423580646514893
382251d9-9dc1-4b89-b5e2-d7ebb5286410,0.2,0.03,0.049534767866134644
382251d9-9dc1-4b89-b5e2-d7ebb5286410,0.2,0.08,0.06397181749343872
382251d9-9dc1-4b89-b5e2-d7ebb5286410,0.2,0.13,0.06060241907835007
382251d9-9dc1-4b89-b5e2-d7ebb5286410,0.2,0.18000000000000002,0.06486166268587112
382251d9-9dc1-4b89-b5e2-d7ebb5286410,0.2,0.23,0.06720202416181564
382251d9-9dc1-4b89-b5e2-d7ebb5286410,0.25,0.03,0.042985700070858
382251d9-9dc1-4b89-b5e2-d7ebb5286410,0.25,0.08,0.05533571168780327
382251d9-9dc1-4b89-b5e2-d7ebb5286410,0.25,0.13,0.06163737550377846
382251d9-9dc1-4b89-b5e2-d7ebb5286410,0.25,0.18000000000000002,0.06429996341466904
382251d9-9dc1-4b89-b5e2-d7ebb5286410,0.25,0.23,0.062499187886714935
382251d9-9dc1-4b89-b5e2-d7ebb5286410,0.30000000000000004,0.03,0.04630042985081673
382251d9-9dc1-4b89-b5e2-d7ebb5286410,0.30000000000000004,0.08,0.05704936757683754
382251d9-9dc1-4b89-b5e2-d7ebb5286410,0.30000000000000004,0.13,0.05964325740933418
382251d9-9dc1-4b89-b5e2-d7ebb5286410,0.30000000000000004,0.18000000000000002,0.05825577303767204
382251d9-9dc1-4b89-b5e2-d7ebb5286410,0.30000000000000004,0.23,0.05705612525343895
3830c968-fc0d-4280-a861-089611d5a062,0.0,0.03,0.04646417498588562
3830c968-fc0d-4280-a861-089611d5a062,0.0,0.08,0.05022044852375984
3830c968-fc0d-4280-a861-089611d5a062,0.0,0.13,0.05385948717594147
3830c968-fc0d-4280-a861-089611d5a062,0.0,0.18000000000000002,0.0631483644247055
3830c968-fc0d-4280-a861-089611d5a062,0.0,0.23,0.05458078160881996
3830c968-fc0d-4280-a861-089611d5a062,0.01,0.03,0.045672446489334106
3830c968-fc0d-4280-a861-089611d5a062,0.01,0.08,0.0484444722533226
3830c968-fc0d-4280-a861-089611d5a062,0.01,0.13,0.056853849440813065
3830c968-fc0d-4280-a861-089611d5a062,0.01,0.18000000000000002,0.06534722447395325
3830c968-fc0d-4280-a861-089611d5a062,0.01,0.23,0.059563957154750824
3830c968-fc0d-4280-a861-089611d5a062,0.02,0.03,0.046726129949092865
3830c968-fc0d-4280-a861-089611d5a062,0.02,0.08,0.05016107112169266
3830c968-fc0d-4280-a861-089611d5a062,0.02,0.13,0.06076982244849205
3830c968-fc0d-4280-a861-089611d5a062,0.02,0.18000000000000002,0.06553203612565994
3830c968-fc0d-4280-a861-089611d5a062,0.02,0.23,0.05675412341952324
3830c968-fc0d-4280-a861-089611d5a062,0.03,0.03,0.05302402004599571
3830c968-fc0d-4280-a861-089611d5a062,0.03,0.08,0.049353960901498795
3830c968-fc0d-4280-a861-089611d5a062,0.03,0.13,0.06192045286297798
3830c968-fc0d-4280-a861-089611d5a062,0.03,0.18000000000000002,0.06311975419521332
3830c968-fc0d-4280-a861-089611d5a062,0.03,0.23,0.05555110052227974
3830c968-fc0d-4280-a861-089611d5a062,0.04,0.03,0.053109060972929
3830c968-fc0d-4280-a861-089611d5a062,0.04,0.08,0.05195028707385063
3830c968-fc0d-4280-a861-089611d5a062,0.05,0.03,0.04506976529955864
3830c968-fc0d-4280-a861-089611d5a062,0.05,0.08,0.0509585402905941
3830c968-fc0d-4280-a861-089611d5a062,0.05,0.13,0.056657202541828156
3830c968-fc0d-4280-a861-089611d5a062,0.05,0.18000000000000002,0.059460729360580444
3830c968-fc0d-4280-a861-089611d5a062,0.05,0.23,0.054069481790065765
3830c968-fc0d-4280-a861-089611d5a062,0.1,0.03,0.04871588945388794
3830c968-fc0d-4280-a861-089611d5a062,0.1,0.08,0.0555114708840847
3830c968-fc0d-4280-a861-089611d5a062,0.1,0.13,0.050700005143880844
3830c968-fc0d-4280-a861-089611d5a062,0.1,0.18000000000000002,0.052775729447603226
3830c968-fc0d-4280-a861-089611d5a062,0.1,0.23,0.056988172233104706
3830c968-fc0d-4280-a861-089611d5a062,0.15000000000000002,0.03,0.05075247958302498
3830c968-fc0d-4280-a861-089611d5a062,0.15000000000000002,0.08,0.05179589241743088
3830c968-fc0d-4280-a861-089611d5a062,0.15000000000000002,0.13,0.05707785114645958
3830c968-fc0d-4280-a861-089611d5a062,0.15000000000000002,0.18000000000000002,0.055175378918647766
3830c968-fc0d-4280-a861-089611d5a062,0.15000000000000002,0.23,0.05870523303747177
3830c968-fc0d-4280-a861-089611d5a062,0.2,0.03,0.051263228058815
3830c968-fc0d-4280-a861-089611d5a062,0.2,0.08,0.05675652250647545
3830c968-fc0d-4280-a861-089611d5a062,0.2,0.13,0.056876081973314285
3830c968-fc0d-4280-a861-089611d5a062,0.2,0.18000000000000002,0.0588943250477314
3830c968-fc0d-4280-a861-089611d5a062,0.2,0.23,0.06265074759721756
3830c968-fc0d-4280-a861-089611d5a062,0.25,0.03,0.04582216218113899
3830c968-fc0d-4280-a861-089611d5a062,0.25,0.08,0.061275023967027664
3830c968-fc0d-4280-a861-089611d5a062,0.25,0.13,0.05584385246038437
3830c968-fc0d-4280-a861-089611d5a062,0.25,0.18000000000000002,0.0670493021607399
3830c968-fc0d-4280-a861-089611d5a062,0.25,0.23,0.06794168800115585
3830c968-fc0d-4280-a861-089611d5a062,0.30000000000000004,0.03,0.051371049135923386
3830c968-fc0d-4280-a861-089611d5a062,0.30000000000000004,0.08,0.0687675029039383
3830c968-fc0d-4280-a861-089611d5a062,0.30000000000000004,0.13,0.08089791238307953
3830c968-fc0d-4280-a861-089611d5a062,0.30000000000000004,0.18000000000000002,0.07986589521169662
3830c968-fc0d-4280-a861-089611d5a062,0.30000000000000004,0.23,0.07304856926202774
383f2d70-43e6-49d9-b6bb-2bc8f4c215ed,0.0,0.03,0.0
383f2d70-43e6-49d9-b6bb-2bc8f4c215ed,0.0,0.08,0.0
383f2d70-43e6-49d9-b6bb-2bc8f4c215ed,0.0,0.13,0.0
383f2d70-43e6-49d9-b6bb-2bc8f4c215ed,0.0,0.18000000000000002,0.0
383f2d70-43e6-49d9-b6bb-2bc8f4c215ed,0.0,0.23,0.0
383f2d70-43e6-49d9-b6bb-2bc8f4c215ed,0.01,0.03,0.0
383f2d70-43e6-49d9-b6bb-2bc8f4c215ed,0.01,0.08,0.0
383f2d70-43e6-49d9-b6bb-2bc8f4c215ed,0.01,0.13,0.0
383f2d70-43e6-49d9-b6bb-2bc8f4c215ed,0.01,0.18000000000000002,0.0
383f2d70-43e6-49d9-b6bb-2bc8f4c215ed,0.01,0.23,0.0
383f2d70-43e6-49d9-b6bb-2bc8f4c215ed,0.02,0.03,0.0
383f2d70-43e6-49d9-b6bb-2bc8f4c215ed,0.02,0.08,0.0
383f2d70-43e6-49d9-b6bb-2bc8f4c215ed,0.02,0.13,0.0
383f2d70-43e6-49d9-b6bb-2bc8f4c215ed,0.02,0.18000000000000002,0.0
383f2d70-43e6-49d9-b6bb-2bc8f4c215ed,0.02,0.23,0.0
383f2d70-43e6-49d9-b6bb-2bc8f4c215ed,0.03,0.03,0.0
383f2d70-43e6-49d9-b6bb-2bc8f4c215ed,0.03,0.08,0.0
383f2d70-43e6-49d9-b6bb-2bc8f4c215ed,0.03,0.13,0.0
383f2d70-43e6-49d9-b6bb-2bc8f4c215ed,0.03,0.18000000000000002,0.0
383f2d70-43e6-49d9-b6bb-2bc8f4c215ed,0.03,0.23,0.0
383f2d70-43e6-49d9-b6bb-2bc8f4c215ed,0.04,0.03,0.0
383f2d70-43e6-49d9-b6bb-2bc8f4c215ed,0.04,0.08,0.0
383f2d70-43e6-49d9-b6bb-2bc8f4c215ed,0.05,0.03,0.0
383f2d70-43e6-49d9-b6bb-2bc8f4c215ed,0.05,0.08,0.0
383f2d70-43e6-49d9-b6bb-2bc8f4c215ed,0.05,0.13,0.0
383f2d70-43e6-49d9-b6bb-2bc8f4c215ed,0.05,0.18000000000000002,0.0
383f2d70-43e6-49d9-b6bb-2bc8f4c215ed,0.05,0.23,0.0
383f2d70-43e6-49d9-b6bb-2bc8f4c215ed,0.1,0.03,0.0
383f2d70-43e6-49d9-b6bb-2bc8f4c215ed,0.1,0.08,0.0
383f2d70-43e6-49d9-b6bb-2bc8f4c215ed,0.1,0.13,0.0
383f2d70-43e6-49d9-b6bb-2bc8f4c215ed,0.1,0.18000000000000002,0.0
383f2d70-43e6-49d9-b6bb-2bc8f4c215ed,0.1,0.23,0.0
383f2d70-43e6-49d9-b6bb-2bc8f4c215ed,0.15000000000000002,0.03,0.0
383f2d70-43e6-49d9-b6bb-2bc8f4c215ed,0.15000000000000002,0.08,0.0
383f2d70-43e6-49d9-b6bb-2bc8f4c215ed,0.15000000000000002,0.13,0.0
383f2d70-43e6-49d9-b6bb-2bc8f4c215ed,0.15000000000000002,0.18000000000000002,0.0
383f2d70-43e6-49d9-b6bb-2bc8f4c215ed,0.15000000000000002,0.23,0.0
383f2d70-43e6-49d9-b6bb-2bc8f4c215ed,0.2,0.03,0.0
383f2d70-43e6-49d9-b6bb-2bc8f4c215ed,0.2,0.08,0.0
383f2d70-43e6-49d9-b6bb-2bc8f4c215ed,0.2,0.13,0.0
383f2d70-43e6-49d9-b6bb-2bc8f4c215ed,0.2,0.18000000000000002,0.0
383f2d70-43e6-49d9-b6bb-2bc8f4c215ed,0.2,0.23,0.0
383f2d70-43e6-49d9-b6bb-2bc8f4c215ed,0.25,0.03,0.0
383f2d70-43e6-49d9-b6bb-2bc8f4c215ed,0.25,0.08,0.0
383f2d70-43e6-49d9-b6bb-2bc8f4c215ed,0.25,0.13,0.0
383f2d70-43e6-49d9-b6bb-2bc8f4c215ed,0.25,0.18000000000000002,0.0
383f2d70-43e6-49d9-b6bb-2bc8f4c215ed,0.25,0.23,0.0
383f2d70-43e6-49d9-b6bb-2bc8f4c215ed,0.30000000000000004,0.03,0.0
383f2d70-43e6-49d9-b6bb-2bc8f4c215ed,0.30000000000000004,0.08,0.0
383f2d70-43e6-49d9-b6bb-2bc8f4c215ed,0.30000000000000004,0.13,0.0
383f2d70-43e6-49d9-b6bb-2bc8f4c215ed,0.30000000000000004,0.18000000000000002,0.0
383f2d70-43e6-49d9-b6bb-2bc8f4c215ed,0.30000000000000004,0.23,0.0
39498eff-7763-41ec-a014-b81aed372ee0,0.0,0.03,0.07072878628969193
39498eff-7763-41ec-a014-b81aed372ee0,0.0,0.08,0.07813116163015366
39498eff-7763-41ec-a014-b81aed372ee0,0.0,0.13,0.09392846375703812
39498eff-7763-41ec-a014-b81aed372ee0,0.0,0.18000000000000002,0.09160073101520538
39498eff-7763-41ec-a014-b81aed372ee0,0.0,0.23,0.08302301913499832
39498eff-7763-41ec-a014-b81aed372ee0,0.01,0.03,0.06613471359014511
39498eff-7763-41ec-a014-b81aed372ee0,0.01,0.08,0.08501843363046646
39498eff-7763-41ec-a014-b81aed372ee0,0.01,0.13,0.0902395248413086
39498eff-7763-41ec-a014-b81aed372ee0,0.01,0.18000000000000002,0.08649654686450958
39498eff-7763-41ec-a014-b81aed372ee0,0.01,0.23,0.08185083419084549
39498eff-7763-41ec-a014-b81aed372ee0,0.02,0.03,0.05558242276310921
39498eff-7763-41ec-a014-b81aed372ee0,0.02,0.08,0.07636191695928574
39498eff-7763-41ec-a014-b81aed372ee0,0.02,0.13,0.0812864676117897
39498eff-7763-41ec-a014-b81aed372ee0,0.02,0.18000000000000002,0.07768134027719498
39498eff-7763-41ec-a014-b81aed372ee0,0.02,0.23,0.07582992315292358
39498eff-7763-41ec-a014-b81aed372ee0,0.03,0.03,0.04482632130384445
39498eff-7763-41ec-a014-b81aed372ee0,0.03,0.08,0.06533296406269073
39498eff-7763-41ec-a014-b81aed372ee0,0.03,0.13,0.07590772211551666
39498eff-7763-41ec-a014-b81aed372ee0,0.03,0.18000000000000002,0.0690954253077507
39498eff-7763-41ec-a014-b81aed372ee0,0.03,0.23,0.0731671079993248
39498eff-7763-41ec-a014-b81aed372ee0,0.04,0.03,0.04940526559948921
39498eff-7763-41ec-a014-b81aed372ee0,0.04,0.08,0.0708712711930275
39498eff-7763-41ec-a014-b81aed372ee0,0.05,0.03,0.04368814080953598
39498eff-7763-41ec-a014-b81aed372ee0,0.05,0.08,0.06509370356798172
39498eff-7763-41ec-a014-b81aed372ee0,0.05,0.13,0.07139421999454498
39498eff-7763-41ec-a014-b81aed372ee0,0.05,0.18000000000000002,0.07730557769536972
39498eff-7763-41ec-a014-b81aed372ee0,0.05,0.23,0.08530039340257645
39498eff-7763-41ec-a014-b81aed372ee0,0.1,0.03,0.05001445114612579
39498eff-7763-41ec-a014-b81aed372ee0,0.1,0.08,0.06704690307378769
39498eff-7763-41ec-a014-b81aed372ee0,0.1,0.13,0.0759982168674469
39498eff-7763-41ec-a014-b81aed372ee0,0.1,0.18000000000000002,0.08206196129322052
39498eff-7763-41ec-a014-b81aed372ee0,0.1,0.23,0.075490802526474
39498eff-7763-41ec-a014-b81aed372ee0,0.15000000000000002,0.03,0.047856010496616364
39498eff-7763-41ec-a014-b81aed372ee0,0.15000000000000002,0.08,0.06101411581039429
39498eff-7763-41ec-a014-b81aed372ee0,0.15000000000000002,0.13,0.07012457400560379
39498eff-7763-41ec-a014-b81aed372ee0,0.15000000000000002,0.18000000000000002,0.06368560343980789
39498eff-7763-41ec-a014-b81aed372ee0,0.15000000000000002,0.23,0.062402937561273575
39498eff-7763-41ec-a014-b81aed372ee0,0.2,0.03,0.04551902040839195
39498eff-7763-41ec-a014-b81aed372ee0,0.2,0.08,0.06315738707780838
39498eff-7763-41ec-a014-b81aed372ee0,0.2,0.13,0.058649808168411255
39498eff-7763-41ec-a014-b81aed372ee0,0.2,0.18000000000000002,0.059924982488155365
39498eff-7763-41ec-a014-b81aed372ee0,0.2,0.23,0.0690050795674324
39498eff-7763-41ec-a014-b81aed372ee0,0.25,0.03,0.04691367223858833
39498eff-7763-41ec-a014-b81aed372ee0,0.25,0.08,0.06261792033910751
39498eff-7763-41ec-a014-b81aed372ee0,0.25,0.13,0.06215810775756836
39498eff-7763-41ec-a014-b81aed372ee0,0.25,0.18000000000000002,0.07230297476053238
39498eff-7763-41ec-a014-b81aed372ee0,0.25,0.23,0.08148669451475143
39498eff-7763-41ec-a014-b81aed372ee0,0.30000000000000004,0.03,0.05113633722066879
39498eff-7763-41ec-a014-b81aed372ee0,0.30000000000000004,0.08,0.06740196794271469
39498eff-7763-41ec-a014-b81aed372ee0,0.30000000000000004,0.13,0.06724128127098083
39498eff-7763-41ec-a014-b81aed372ee0,0.30000000000000004,0.18000000000000002,0.0770714059472084
39498eff-7763-41ec-a014-b81aed372ee0,0.30000000000000004,0.23,0.06944990903139114
39b86c87-c41a-4c24-922e-0122c0085b54,0.0,0.03,0.050629351288080215
39b86c87-c41a-4c24-922e-0122c0085b54,0.0,0.08,0.058041080832481384
39b86c87-c41a-4c24-922e-0122c0085b54,0.0,0.13,0.05844835564494133
39b86c87-c41a-4c24-922e-0122c0085b54,0.0,0.18000000000000002,0.06608051061630249
39b86c87-c41a-4c24-922e-0122c0085b54,0.0,0.23,0.0675838440656662
39b86c87-c41a-4c24-922e-0122c0085b54,0.01,0.03,0.04400100186467171
39b86c87-c41a-4c24-922e-0122c0085b54,0.01,0.08,0.05802905187010765
39b86c87-c41a-4c24-922e-0122c0085b54,0.01,0.13,0.060764797031879425
39b86c87-c41a-4c24-922e-0122c0085b54,0.01,0.18000000000000002,0.06542787700891495
39b86c87-c41a-4c24-922e-0122c0085b54,0.01,0.23,0.06363240629434586
39b86c87-c41a-4c24-922e-0122c0085b54,0.02,0.03,0.046269774436950684
39b86c87-c41a-4c24-922e-0122c0085b54,0.02,0.08,0.052482180297374725
39b86c87-c41a-4c24-922e-0122c0085b54,0.02,0.13,0.057582613080739975
39b86c87-c41a-4c24-922e-0122c0085b54,0.02,0.18000000000000002,0.06419499218463898
39b86c87-c41a-4c24-922e-0122c0085b54,0.02,0.23,0.06177360564470291
39b86c87-c41a-4c24-922e-0122c0085b54,0.03,0.03,0.04709915444254875
39b86c87-c41a-4c24-922e-0122c0085b54,0.03,0.08,0.060840439051389694
39b86c87-c41a-4c24-922e-0122c0085b54,0.03,0.13,0.05608130246400833
39b86c87-c41a-4c24-922e-0122c0085b54,0.03,0.18000000000000002,0.0625014677643776
39b86c87-c41a-4c24-922e-0122c0085b54,0.03,0.23,0.06476832926273346
39b86c87-c41a-4c24-922e-0122c0085b54,0.04,0.03,0.05586045980453491
39b86c87-c41a-4c24-922e-0122c0085b54,0.04,0.08,0.05914168059825897
39b86c87-c41a-4c24-922e-0122c0085b54,0.05,0.03,0.044945068657398224
39b86c87-c41a-4c24-922e-0122c0085b54,0.05,0.08,0.057402122765779495
39b86c87-c41a-4c24-922e-0122c0085b54,0.05,0.13,0.059976380318403244
39b86c87-c41a-4c24-922e-0122c0085b54,0.05,0.18000000000000002,0.06360939145088196
39b86c87-c41a-4c24-922e-0122c0085b54,0.05,0.23,0.06304718554019928
39b86c87-c41a-4c24-922e-0122c0085b54,0.1,0.03,0.05091571807861328
39b86c87-c41a-4c24-922e-0122c0085b54,0.1,0.08,0.06293292343616486
39b86c87-c41a-4c24-922e-0122c0085b54,0.1,0.13,0.06968578696250916
39b86c87-c41a-4c24-922e-0122c0085b54,0.1,0.18000000000000002,0.07090280950069427
39b86c87-c41a-4c24-922e-0122c0085b54,0.1,0.23,0.07273007929325104
39b86c87-c41a-4c24-922e-0122c0085b54,0.15000000000000002,0.03,0.04990177974104881
39b86c87-c41a-4c24-922e-0122c0085b54,0.15000000000000002,0.08,0.06007891893386841
39b86c87-c41a-4c24-922e-0122c0085b54,0.15000000000000002,0.13,0.06699375063180923
39b86c87-c41a-4c24-922e-0122c0085b54,0.15000000000000002,0.18000000000000002,0.07284490764141083
39b86c87-c41a-4c24-922e-0122c0085b54,0.15000000000000002,0.23,0.07627861946821213
39b86c87-c41a-4c24-922e-0122c0085b54,0.2,0.03,0.04801016300916672
39b86c87-c41a-4c24-922e-0122c0085b54,0.2,0.08,0.05520344898104668
39b86c87-c41a-4c24-922e-0122c0085b54,0.2,0.13,0.061838820576667786
39b86c87-c41a-4c24-922e-0122c0085b54,0.2,0.18000000000000002,0.06859508901834488
39b86c87-c41a-4c24-922e-0122c0085b54,0.2,0.23,0.06620395183563232
39b86c87-c41a-4c24-922e-0122c0085b54,0.25,0.03,0.043454598635435104
39b86c87-c41a-4c24-922e-0122c0085b54,0.25,0.08,0.05729057267308235
39b86c87-c41a-4c24-922e-0122c0085b54,0.25,0.13,0.06288394331932068
39b86c87-c41a-4c24-922e-0122c0085b54,0.25,0.18000000000000002,0.06890038400888443
39b86c87-c41a-4c24-922e-0122c0085b54,0.25,0.23,0.06701411306858063
39b86c87-c41a-4c24-922e-0122c0085b54,0.30000000000000004,0.03,0.0426853746175766
39b86c87-c41a-4c24-922e-0122c0085b54,0.30000000000000004,0.08,0.06561768054962158
39b86c87-c41a-4c24-922e-0122c0085b54,0.30000000000000004,0.13,0.07194343954324722
39b86c87-c41a-4c24-922e-0122c0085b54,0.30000000000000004,0.18000000000000002,0.07462846487760544
39b86c87-c41a-4c24-922e-0122c0085b54,0.30000000000000004,0.23,0.07308587431907654
3b57f4f9-2117-464b-a3b7-f256ebd46ec7,0.0,0.03,0.046314168721437454
3b57f4f9-2117-464b-a3b7-f256ebd46ec7,0.0,0.08,0.050781868398189545
3b57f4f9-2117-464b-a3b7-f256ebd46ec7,0.0,0.13,0.06263728439807892
3b57f4f9-2117-464b-a3b7-f256ebd46ec7,0.0,0.18000000000000002,0.07238782197237015
3b57f4f9-2117-464b-a3b7-f256ebd46ec7,0.0,0.23,0.06362153589725494
3b57f4f9-2117-464b-a3b7-f256ebd46ec7,0.01,0.03,0.04645635932683945
3b57f4f9-2117-464b-a3b7-f256ebd46ec7,0.01,0.08,0.05674249306321144
3b57f4f9-2117-464b-a3b7-f256ebd46ec7,0.01,0.13,0.06544916331768036
3b57f4f9-2117-464b-a3b7-f256ebd46ec7,0.01,0.18000000000000002,0.07121702283620834
3b57f4f9-2117-464b-a3b7-f256ebd46ec7,0.01,0.23,0.060566481202840805
3b57f4f9-2117-464b-a3b7-f256ebd46ec7,0.02,0.03,0.045644260942935944
3b57f4f9-2117-464b-a3b7-f256ebd46ec7,0.02,0.08,0.05573131889104843
3b57f4f9-2117-464b-a3b7-f256ebd46ec7,0.02,0.13,0.06814171373844147
3b57f4f9-2117-464b-a3b7-f256ebd46ec7,0.02,0.18000000000000002,0.06774910539388657
3b57f4f9-2117-464b-a3b7-f256ebd46ec7,0.02,0.23,0.05896339565515518
3b57f4f9-2117-464b-a3b7-f256ebd46ec7,0.03,0.03,0.04570162668824196
3b57f4f9-2117-464b-a3b7-f256ebd46ec7,0.03,0.08,0.05290751904249191
3b57f4f9-2117-464b-a3b7-f256ebd46ec7,0.03,0.13,0.06684951484203339
3b57f4f9-2117-464b-a3b7-f256ebd46ec7,0.03,0.18000000000000002,0.06337268650531769
3b57f4f9-2117-464b-a3b7-f256ebd46ec7,0.03,0.23,0.06075305491685867
3b57f4f9-2117-464b-a3b7-f256ebd46ec7,0.04,0.03,0.04661822319030762
3b57f4f9-2117-464b-a3b7-f256ebd46ec7,0.04,0.08,0.053478583693504333
3b57f4f9-2117-464b-a3b7-f256ebd46ec7,0.05,0.03,0.05282878503203392
3b57f4f9-2117-464b-a3b7-f256ebd46ec7,0.05,0.08,0.057930152863264084
3b57f4f9-2117-464b-a3b7-f256ebd46ec7,0.05,0.13,0.06645521521568298
3b57f4f9-2117-464b-a3b7-f256ebd46ec7,0.05,0.18000000000000002,0.06378867477178574
3b57f4f9-2117-464b-a3b7-f256ebd46ec7,0.05,0.23,0.06384281069040298
3b57f4f9-2117-464b-a3b7-f256ebd46ec7,0.1,0.03,0.04980980604887009
3b57f4f9-2117-464b-a3b7-f256ebd46ec7,0.1,0.08,0.06173210218548775
3b57f4f9-2117-464b-a3b7-f256ebd46ec7,0.1,0.13,0.062400687485933304
3b57f4f9-2117-464b-a3b7-f256ebd46ec7,0.1,0.18000000000000002,0.06702829152345657
3b57f4f9-2117-464b-a3b7-f256ebd46ec7,0.1,0.23,0.06360246986150742
3b57f4f9-2117-464b-a3b7-f256ebd46ec7,0.15000000000000002,0.03,0.04552559182047844
3b57f4f9-2117-464b-a3b7-f256ebd46ec7,0.15000000000000002,0.08,0.06166465952992439
3b57f4f9-2117-464b-a3b7-f256ebd46ec7,0.15000000000000002,0.13,0.0640093982219696
3b57f4f9-2117-464b-a3b7-f256ebd46ec7,0.15000000000000002,0.18000000000000002,0.06533141434192657
3b57f4f9-2117-464b-a3b7-f256ebd46ec7,0.15000000000000002,0.23,0.061501044780015945
3b57f4f9-2117-464b-a3b7-f256ebd46ec7,0.2,0.03,0.04989750683307648
3b57f4f9-2117-464b-a3b7-f256ebd46ec7,0.2,0.08,0.059409625828266144
3b57f4f9-2117-464b-a3b7-f256ebd46ec7,0.2,0.13,0.06445235013961792
3b57f4f9-2117-464b-a3b7-f256ebd46ec7,0.2,0.18000000000000002,0.06545724719762802
3b57f4f9-2117-464b-a3b7-f256ebd46ec7,0.2,0.23,0.06999298185110092
3b57f4f9-2117-464b-a3b7-f256ebd46ec7,0.25,0.03,0.04741566628217697
3b57f4f9-2117-464b-a3b7-f256ebd46ec7,0.25,0.08,0.05830958113074303
3b57f4f9-2117-464b-a3b7-f256ebd46ec7,0.25,0.13,0.06272458285093307
3b57f4f9-2117-464b-a3b7-f256ebd46ec7,0.25,0.18000000000000002,0.06842020899057388
3b57f4f9-2117-464b-a3b7-f256ebd46ec7,0.25,0.23,0.06722024083137512
3b57f4f9-2117-464b-a3b7-f256ebd46ec7,0.30000000000000004,0.03,0.04863486811518669
3b57f4f9-2117-464b-a3b7-f256ebd46ec7,0.30000000000000004,0.08,0.06456742435693741
3b57f4f9-2117-464b-a3b7-f256ebd46ec7,0.30000000000000004,0.13,0.061831600964069366
3b57f4f9-2117-464b-a3b7-f256ebd46ec7,0.30000000000000004,0.18000000000000002,0.06317019462585449
3b57f4f9-2117-464b-a3b7-f256ebd46ec7,0.30000000000000004,0.23,0.06824442744255066
3b844a80-09ea-44a2-be5d-dc46db27afe3,0.0,0.03,0.10569094121456146
3b844a80-09ea-44a2-be5d-dc46db27afe3,0.0,0.08,0.11570820212364197
3b844a80-09ea-44a2-be5d-dc46db27afe3,0.0,0.13,0.10894215106964111
3b844a80-09ea-44a2-be5d-dc46db27afe3,0.0,0.18000000000000002,0.10174204409122467
3b844a80-09ea-44a2-be5d-dc46db27afe3,0.0,0.23,0.09103087335824966
3b844a80-09ea-44a2-be5d-dc46db27afe3,0.01,0.03,0.08883686363697052
3b844a80-09ea-44a2-be5d-dc46db27afe3,0.01,0.08,0.12050323933362961
3b844a80-09ea-44a2-be5d-dc46db27afe3,0.01,0.13,0.11407480388879776
3b844a80-09ea-44a2-be5d-dc46db27afe3,0.01,0.18000000000000002,0.09556824713945389
3b844a80-09ea-44a2-be5d-dc46db27afe3,0.01,0.23,0.08867228776216507
3b844a80-09ea-44a2-be5d-dc46db27afe3,0.02,0.03,0.08536113053560257
3b844a80-09ea-44a2-be5d-dc46db27afe3,0.02,0.08,0.11235211789608002
3b844a80-09ea-44a2-be5d-dc46db27afe3,0.02,0.13,0.10845929384231567
3b844a80-09ea-44a2-be5d-dc46db27afe3,0.02,0.18000000000000002,0.09861442446708679
3b844a80-09ea-44a2-be5d-dc46db27afe3,0.02,0.23,0.09332232922315598
3b844a80-09ea-44a2-be5d-dc46db27afe3,0.03,0.03,0.10167088359594345
3b844a80-09ea-44a2-be5d-dc46db27afe3,0.03,0.08,0.11294429004192352
3b844a80-09ea-44a2-be5d-dc46db27afe3,0.03,0.13,0.11066189408302307
3b844a80-09ea-44a2-be5d-dc46db27afe3,0.03,0.18000000000000002,0.10734298080205917
3b844a80-09ea-44a2-be5d-dc46db27afe3,0.03,0.23,0.10088582336902618
3b844a80-09ea-44a2-be5d-dc46db27afe3,0.04,0.03,0.0850452110171318
3b844a80-09ea-44a2-be5d-dc46db27afe3,0.04,0.08,0.11481142789125443
3b844a80-09ea-44a2-be5d-dc46db27afe3,0.05,0.03,0.08627358824014664
3b844a80-09ea-44a2-be5d-dc46db27afe3,0.05,0.08,0.13014182448387146
3b844a80-09ea-44a2-be5d-dc46db27afe3,0.05,0.13,0.147237166762352
3b844a80-09ea-44a2-be5d-dc46db27afe3,0.05,0.18000000000000002,0.1331131011247635
3b844a80-09ea-44a2-be5d-dc46db27afe3,0.05,0.23,0.1205446869134903
3b844a80-09ea-44a2-be5d-dc46db27afe3,0.1,0.03,0.11028113216161728
3b844a80-09ea-44a2-be5d-dc46db27afe3,0.1,0.08,0.14534781873226166
3b844a80-09ea-44a2-be5d-dc46db27afe3,0.1,0.13,0.12774765491485596
3b844a80-09ea-44a2-be5d-dc46db27afe3,0.1,0.18000000000000002,0.11398674547672272
3b844a80-09ea-44a2-be5d-dc46db27afe3,0.1,0.23,0.10746467113494873
3b844a80-09ea-44a2-be5d-dc46db27afe3,0.15000000000000002,0.03,0.06910301744937897
3b844a80-09ea-44a2-be5d-dc46db27afe3,0.15000000000000002,0.08,0.06898732483386993
3b844a80-09ea-44a2-be5d-dc46db27afe3,0.15000000000000002,0.13,0.06839636713266373
3b844a80-09ea-44a2-be5d-dc46db27afe3,0.15000000000000002,0.18000000000000002,0.0663537010550499
3b844a80-09ea-44a2-be5d-dc46db27afe3,0.15000000000000002,0.23,0.06751545518636703
3b844a80-09ea-44a2-be5d-dc46db27afe3,0.2,0.03,0.04821490868926048
3b844a80-09ea-44a2-be5d-dc46db27afe3,0.2,0.08,0.06143677979707718
3b844a80-09ea-44a2-be5d-dc46db27afe3,0.2,0.13,0.0601249597966671
3b844a80-09ea-44a2-be5d-dc46db27afe3,0.2,0.18000000000000002,0.057139355689287186
3b844a80-09ea-44a2-be5d-dc46db27afe3,0.2,0.23,0.05669200047850609
3b844a80-09ea-44a2-be5d-dc46db27afe3,0.25,0.03,0.04683885723352432
3b844a80-09ea-44a2-be5d-dc46db27afe3,0.25,0.08,0.057579152286052704
3b844a80-09ea-44a2-be5d-dc46db27afe3,0.25,0.13,0.06074511632323265
3b844a80-09ea-44a2-be5d-dc46db27afe3,0.25,0.18000000000000002,0.06096947565674782
3b844a80-09ea-44a2-be5d-dc46db27afe3,0.25,0.23,0.06262370944023132
3b844a80-09ea-44a2-be5d-dc46db27afe3,0.30000000000000004,0.03,0.05596461892127991
3b844a80-09ea-44a2-be5d-dc46db27afe3,0.30000000000000004,0.08,0.058378566056489944
3b844a80-09ea-44a2-be5d-dc46db27afe3,0.30000000000000004,0.13,0.06570274382829666
3b844a80-09ea-44a2-be5d-dc46db27afe3,0.30000000000000004,0.18000000000000002,0.06967200338840485
3b844a80-09ea-44a2-be5d-dc46db27afe3,0.30000000000000004,0.23,0.07486744225025177
3c722bba-c919-4d2a-a310-f212cd63f81e,0.0,0.03,0.08460023999214172
3c722bba-c919-4d2a-a310-f212cd63f81e,0.0,0.08,0.1644401252269745
3c722bba-c919-4d2a-a310-f212cd63f81e,0.0,0.13,0.19015978276729584
3c722bba-c919-4d2a-a310-f212cd63f81e,0.0,0.18000000000000002,0.1767853945493698
3c722bba-c919-4d2a-a310-f212cd63f81e,0.0,0.23,0.1580619066953659
3c722bba-c919-4d2a-a310-f212cd63f81e,0.01,0.03,0.09938346594572067
3c722bba-c919-4d2a-a310-f212cd63f81e,0.01,0.08,0.18504144251346588
3c722bba-c919-4d2a-a310-f212cd63f81e,0.01,0.13,0.1971709281206131
3c722bba-c919-4d2a-a310-f212cd63f81e,0.01,0.18000000000000002,0.17244036495685577
3c722bba-c919-4d2a-a310-f212cd63f81e,0.01,0.23,0.15642252564430237
3c722bba-c919-4d2a-a310-f212cd63f81e,0.02,0.03,0.12697847187519073
3c722bba-c919-4d2a-a310-f212cd63f81e,0.02,0.08,0.20597334206104279
3c722bba-c919-4d2a-a310-f212cd63f81e,0.02,0.13,0.19961845874786377
3c722bba-c919-4d2a-a310-f212cd63f81e,0.02,0.18000000000000002,0.16897569596767426
3c722bba-c919-4d2a-a310-f212cd63f81e,0.02,0.23,0.15485277771949768
3c722bba-c919-4d2a-a310-f212cd63f81e,0.03,0.03,0.16017113626003265
3c722bba-c919-4d2a-a310-f212cd63f81e,0.03,0.08,0.21097970008850098
3c722bba-c919-4d2a-a310-f212cd63f81e,0.03,0.13,0.19095741212368011
3c722bba-c919-4d2a-a310-f212cd63f81e,0.03,0.18000000000000002,0.16486549377441406
3c722bba-c919-4d2a-a310-f212cd63f81e,0.03,0.23,0.1498929113149643
3c722bba-c919-4d2a-a310-f212cd63f81e,0.04,0.03,0.17697104811668396
3c722bba-c919-4d2a-a310-f212cd63f81e,0.04,0.08,0.2048282027244568
3c722bba-c919-4d2a-a310-f212cd63f81e,0.05,0.03,0.1820201873779297
3c722bba-c919-4d2a-a310-f212cd63f81e,0.05,0.08,0.19937534630298615
3c722bba-c919-4d2a-a310-f212cd63f81e,0.05,0.13,0.1741768717765808
3c722bba-c919-4d2a-a310-f212cd63f81e,0.05,0.18000000000000002,0.1502285748720169
3c722bba-c919-4d2a-a310-f212cd63f81e,0.05,0.23,0.13529172539710999
3c722bba-c919-4d2a-a310-f212cd63f81e,0.1,0.03,0.11513645201921463
3c722bba-c919-4d2a-a310-f212cd63f81e,0.1,0.08,0.1096184179186821
3c722bba-c919-4d2a-a310-f212cd63f81e,0.1,0.13,0.09579948335886002
3c722bba-c919-4d2a-a310-f212cd63f81e,0.1,0.18000000000000002,0.08827707916498184
3c722bba-c919-4d2a-a310-f212cd63f81e,0.1,0.23,0.0797697976231575
3c722bba-c919-4d2a-a310-f212cd63f81e,0.15000000000000002,0.03,0.06272845715284348
3c722bba-c919-4d2a-a310-f212cd63f81e,0.15000000000000002,0.08,0.0666380450129509
3c722bba-c919-4d2a-a310-f212cd63f81e,0.15000000000000002,0.13,0.06723329424858093
3c722bba-c919-4d2a-a310-f212cd63f81e,0.15000000000000002,0.18000000000000002,0.0712970644235611
3c722bba-c919-4d2a-a310-f212cd63f81e,0.15000000000000002,0.23,0.0722014307975769
3c722bba-c919-4d2a-a310-f212cd63f81e,0.2,0.03,0.05333228036761284
3c722bba-c919-4d2a-a310-f212cd63f81e,0.2,0.08,0.06484412401914597
3c722bba-c919-4d2a-a310-f212cd63f81e,0.2,0.13,0.06649389117956161
3c722bba-c919-4d2a-a310-f212cd63f81e,0.2,0.18000000000000002,0.0663549154996872
3c722bba-c919-4d2a-a310-f212cd63f81e,0.2,0.23,0.06467461585998535
3c722bba-c919-4d2a-a310-f212cd63f81e,0.25,0.03,0.052036967128515244
3c722bba-c919-4d2a-a310-f212cd63f81e,0.25,0.08,0.054173797369003296
3c722bba-c919-4d2a-a310-f212cd63f81e,0.25,0.13,0.060304876416921616
3c722bba-c919-4d2a-a310-f212cd63f81e,0.25,0.18000000000000002,0.06397777050733566
3c722bba-c919-4d2a-a310-f212cd63f81e,0.25,0.23,0.05965069308876991
3c722bba-c919-4d2a-a310-f212cd63f81e,0.30000000000000004,0.03,0.0540088452398777
3c722bba-c919-4d2a-a310-f212cd63f81e,0.30000000000000004,0.08,0.05603903532028198
3c722bba-c919-4d2a-a310-f212cd63f81e,0.30000000000000004,0.13,0.058196522295475006
3c722bba-c919-4d2a-a310-f212cd63f81e,0.30000000000000004,0.18000000000000002,0.061493877321481705
3c722bba-c919-4d2a-a310-f212cd63f81e,0.30000000000000004,0.23,0.05951765179634094
3c844cb3-dacf-4dae-9975-8e5cfa142e45,0.0,0.03,0.045603081583976746
3c844cb3-dacf-4dae-9975-8e5cfa142e45,0.0,0.08,0.05539652332663536
3c844cb3-dacf-4dae-9975-8e5cfa142e45,0.0,0.13,0.06549800932407379
3c844cb3-dacf-4dae-9975-8e5cfa142e45,0.0,0.18000000000000002,0.0658494234085083
3c844cb3-dacf-4dae-9975-8e5cfa142e45,0.0,0.23,0.06706270575523376
3c844cb3-dacf-4dae-9975-8e5cfa142e45,0.01,0.03,0.04768577218055725
3c844cb3-dacf-4dae-9975-8e5cfa142e45,0.01,0.08,0.05323335900902748
3c844cb3-dacf-4dae-9975-8e5cfa142e45,0.01,0.13,0.060829129070043564
3c844cb3-dacf-4dae-9975-8e5cfa142e45,0.01,0.18000000000000002,0.05923706293106079
3c844cb3-dacf-4dae-9975-8e5cfa142e45,0.01,0.23,0.06675383448600769
3c844cb3-dacf-4dae-9975-8e5cfa142e45,0.02,0.03,0.04255688190460205
3c844cb3-dacf-4dae-9975-8e5cfa142e45,0.02,0.08,0.05466325953602791
3c844cb3-dacf-4dae-9975-8e5cfa142e45,0.02,0.13,0.05935262516140938
3c844cb3-dacf-4dae-9975-8e5cfa142e45,0.02,0.18000000000000002,0.06488719582557678
3c844cb3-dacf-4dae-9975-8e5cfa142e45,0.02,0.23,0.06573528796434402
3c844cb3-dacf-4dae-9975-8e5cfa142e45,0.03,0.03,0.04495750740170479
3c844cb3-dacf-4dae-9975-8e5cfa142e45,0.03,0.08,0.05824820324778557
3c844cb3-dacf-4dae-9975-8e5cfa142e45,0.03,0.13,0.060943055897951126
3c844cb3-dacf-4dae-9975-8e5cfa142e45,0.03,0.18000000000000002,0.06215697154402733
3c844cb3-dacf-4dae-9975-8e5cfa142e45,0.03,0.23,0.06375864893198013
3c844cb3-dacf-4dae-9975-8e5cfa142e45,0.04,0.03,0.04398048669099808
3c844cb3-dacf-4dae-9975-8e5cfa142e45,0.04,0.08,0.05520082637667656
3c844cb3-dacf-4dae-9975-8e5cfa142e45,0.05,0.03,0.04609009250998497
3c844cb3-dacf-4dae-9975-8e5cfa142e45,0.05,0.08,0.064734548330307
3c844cb3-dacf-4dae-9975-8e5cfa142e45,0.05,0.13,0.06511591374874115
3c844cb3-dacf-4dae-9975-8e5cfa142e45,0.05,0.18000000000000002,0.06229130178689957
3c844cb3-dacf-4dae-9975-8e5cfa142e45,0.05,0.23,0.0665462389588356
3c844cb3-dacf-4dae-9975-8e5cfa142e45,0.1,0.03,0.05133598670363426
3c844cb3-dacf-4dae-9975-8e5cfa142e45,0.1,0.08,0.05877508223056793
3c844cb3-dacf-4dae-9975-8e5cfa142e45,0.1,0.13,0.060332562774419785
3c844cb3-dacf-4dae-9975-8e5cfa142e45,0.1,0.18000000000000002,0.06708138436079025
3c844cb3-dacf-4dae-9975-8e5cfa142e45,0.1,0.23,0.0725918635725975
3c844cb3-dacf-4dae-9975-8e5cfa142e45,0.15000000000000002,0.03,0.04823197051882744
3c844cb3-dacf-4dae-9975-8e5cfa142e45,0.15000000000000002,0.08,0.06376487016677856
3c844cb3-dacf-4dae-9975-8e5cfa142e45,0.15000000000000002,0.13,0.06764893978834152
3c844cb3-dacf-4dae-9975-8e5cfa142e45,0.15000000000000002,0.18000000000000002,0.08229415863752365
3c844cb3-dacf-4dae-9975-8e5cfa142e45,0.15000000000000002,0.23,0.0903187096118927
3c844cb3-dacf-4dae-9975-8e5cfa142e45,0.2,0.03,0.05715356022119522
3c844cb3-dacf-4dae-9975-8e5cfa142e45,0.2,0.08,0.06645479053258896
3c844cb3-dacf-4dae-9975-8e5cfa142e45,0.2,0.13,0.08371470868587494
3c844cb3-dacf-4dae-9975-8e5cfa142e45,0.2,0.18000000000000002,0.08898703753948212
3c844cb3-dacf-4dae-9975-8e5cfa142e45,0.2,0.23,0.08595998585224152
3c844cb3-dacf-4dae-9975-8e5cfa142e45,0.25,0.03,0.05561818554997444
3c844cb3-dacf-4dae-9975-8e5cfa142e45,0.25,0.08,0.08037320524454117
3c844cb3-dacf-4dae-9975-8e5cfa142e45,0.25,0.13,0.08392487466335297
3c844cb3-dacf-4dae-9975-8e5cfa142e45,0.25,0.18000000000000002,0.08041636645793915
3c844cb3-dacf-4dae-9975-8e5cfa142e45,0.25,0.23,0.07990144193172455
3c844cb3-dacf-4dae-9975-8e5cfa142e45,0.30000000000000004,0.03,0.046040330082178116
3c844cb3-dacf-4dae-9975-8e5cfa142e45,0.30000000000000004,0.08,0.06538528949022293
3c844cb3-dacf-4dae-9975-8e5cfa142e45,0.30000000000000004,0.13,0.0711170956492424
3c844cb3-dacf-4dae-9975-8e5cfa142e45,0.30000000000000004,0.18000000000000002,0.07716534286737442
3c844cb3-dacf-4dae-9975-8e5cfa142e45,0.30000000000000004,0.23,0.0658184289932251
3ce15351-ae5a-40da-9f5b-86ef3a58018f,0.0,0.03,0.10645092278718948
3ce15351-ae5a-40da-9f5b-86ef3a58018f,0.0,0.08,0.21889133751392365
3ce15351-ae5a-40da-9f5b-86ef3a58018f,0.0,0.13,0.18866531550884247
3ce15351-ae5a-40da-9f5b-86ef3a58018f,0.0,0.18000000000000002,0.11244945228099823
3ce15351-ae5a-40da-9f5b-86ef3a58018f,0.0,0.23,0.08319025486707687
3ce15351-ae5a-40da-9f5b-86ef3a58018f,0.01,0.03,0.1300853043794632
3ce15351-ae5a-40da-9f5b-86ef3a58018f,0.01,0.08,0.21643036603927612
3ce15351-ae5a-40da-9f5b-86ef3a58018f,0.01,0.13,0.16236962378025055
3ce15351-ae5a-40da-9f5b-86ef3a58018f,0.01,0.18000000000000002,0.09510662406682968
3ce15351-ae5a-40da-9f5b-86ef3a58018f,0.01,0.23,0.07835069298744202
3ce15351-ae5a-40da-9f5b-86ef3a58018f,0.02,0.03,0.15118436515331268
3ce15351-ae5a-40da-9f5b-86ef3a58018f,0.02,0.08,0.20734494924545288
3ce15351-ae5a-40da-9f5b-86ef3a58018f,0.02,0.13,0.13859404623508453
3ce15351-ae5a-40da-9f5b-86ef3a58018f,0.02,0.18000000000000002,0.0785602480173111
3ce15351-ae5a-40da-9f5b-86ef3a58018f,0.02,0.23,0.07337787002325058
3ce15351-ae5a-40da-9f5b-86ef3a58018f,0.03,0.03,0.16096171736717224
3ce15351-ae5a-40da-9f5b-86ef3a58018f,0.03,0.08,0.1899392008781433
3ce15351-ae5a-40da-9f5b-86ef3a58018f,0.03,0.13,0.11183837801218033
3ce15351-ae5a-40da-9f5b-86ef3a58018f,0.03,0.18000000000000002,0.07108621299266815
3ce15351-ae5a-40da-9f5b-86ef3a58018f,0.03,0.23,0.06517394632101059
3ce15351-ae5a-40da-9f5b-86ef3a58018f,0.04,0.03,0.16281472146511078
3ce15351-ae5a-40da-9f5b-86ef3a58018f,0.04,0.08,0.1595238894224167
3ce15351-ae5a-40da-9f5b-86ef3a58018f,0.05,0.03,0.16234852373600006
3ce15351-ae5a-40da-9f5b-86ef3a58018f,0.05,0.08,0.12375881522893906
3ce15351-ae5a-40da-9f5b-86ef3a58018f,0.05,0.13,0.07096629589796066
3ce15351-ae5a-40da-9f5b-86ef3a58018f,0.05,0.18000000000000002,0.0671524703502655
3ce15351-ae5a-40da-9f5b-86ef3a58018f,0.05,0.23,0.06729442626237869
3ce15351-ae5a-40da-9f5b-86ef3a58018f,0.1,0.03,0.053313009440898895
3ce15351-ae5a-40da-9f5b-86ef3a58018f,0.1,0.08,0.07943358272314072
3ce15351-ae5a-40da-9f5b-86ef3a58018f,0.1,0.13,0.09308423101902008
3ce15351-ae5a-40da-9f5b-86ef3a58018f,0.1,0.18000000000000002,0.08010371774435043
3ce15351-ae5a-40da-9f5b-86ef3a58018f,0.1,0.23,0.07518057525157928
3ce15351-ae5a-40da-9f5b-86ef3a58018f,0.15000000000000002,0.03,0.077379509806633
3ce15351-ae5a-40da-9f5b-86ef3a58018f,0.15000000000000002,0.08,0.08689742535352707
3ce15351-ae5a-40da-9f5b-86ef3a58018f,0.15000000000000002,0.13,0.0693523958325386
3ce15351-ae5a-40da-9f5b-86ef3a58018f,0.15000000000000002,0.18000000000000002,0.06532303243875504
3ce15351-ae5a-40da-9f5b-86ef3a58018f,0.15000000000000002,0.23,0.06717779487371445
3ce15351-ae5a-40da-9f5b-86ef3a58018f,0.2,0.03,0.046133607625961304
3ce15351-ae5a-40da-9f5b-86ef3a58018f,0.2,0.08,0.06193504109978676
3ce15351-ae5a-40da-9f5b-86ef3a58018f,0.2,0.13,0.06794774532318115
3ce15351-ae5a-40da-9f5b-86ef3a58018f,0.2,0.18000000000000002,0.06888869404792786
3ce15351-ae5a-40da-9f5b-86ef3a58018f,0.2,0.23,0.06904934346675873
3ce15351-ae5a-40da-9f5b-86ef3a58018f,0.25,0.03,0.04633239284157753
3ce15351-ae5a-40da-9f5b-86ef3a58018f,0.25,0.08,0.06287455558776855
3ce15351-ae5a-40da-9f5b-86ef3a58018f,0.25,0.13,0.06670233607292175
3ce15351-ae5a-40da-9f5b-86ef3a58018f,0.25,0.18000000000000002,0.07002254575490952
3ce15351-ae5a-40da-9f5b-86ef3a58018f,0.25,0.23,0.07023772597312927
3ce15351-ae5a-40da-9f5b-86ef3a58018f,0.30000000000000004,0.03,0.04915402829647064
3ce15351-ae5a-40da-9f5b-86ef3a58018f,0.30000000000000004,0.08,0.058917272835969925
3ce15351-ae5a-40da-9f5b-86ef3a58018f,0.30000000000000004,0.13,0.06258518993854523
3ce15351-ae5a-40da-9f5b-86ef3a58018f,0.30000000000000004,0.18000000000000002,0.06704208999872208
3ce15351-ae5a-40da-9f5b-86ef3a58018f,0.30000000000000004,0.23,0.0712200328707695
3d73aabe-21bf-40b0-9424-d83566df3f1d,0.0,0.03,0.05296037346124649
3d73aabe-21bf-40b0-9424-d83566df3f1d,0.0,0.08,0.06575008481740952
3d73aabe-21bf-40b0-9424-d83566df3f1d,0.0,0.13,0.06572986394166946
3d73aabe-21bf-40b0-9424-d83566df3f1d,0.0,0.18000000000000002,0.06146755442023277
3d73aabe-21bf-40b0-9424-d83566df3f1d,0.0,0.23,0.05782300978899002
3d73aabe-21bf-40b0-9424-d83566df3f1d,0.01,0.03,0.05097445100545883
3d73aabe-21bf-40b0-9424-d83566df3f1d,0.01,0.08,0.060861289501190186
3d73aabe-21bf-40b0-9424-d83566df3f1d,0.01,0.13,0.05660621449351311
3d73aabe-21bf-40b0-9424-d83566df3f1d,0.01,0.18000000000000002,0.06419523805379868
3d73aabe-21bf-40b0-9424-d83566df3f1d,0.01,0.23,0.06077248975634575
3d73aabe-21bf-40b0-9424-d83566df3f1d,0.02,0.03,0.047788918018341064
3d73aabe-21bf-40b0-9424-d83566df3f1d,0.02,0.08,0.05612022802233696
3d73aabe-21bf-40b0-9424-d83566df3f1d,0.02,0.13,0.05769045650959015
3d73aabe-21bf-40b0-9424-d83566df3f1d,0.02,0.18000000000000002,0.062331609427928925
3d73aabe-21bf-40b0-9424-d83566df3f1d,0.02,0.23,0.0662037581205368
3d73aabe-21bf-40b0-9424-d83566df3f1d,0.03,0.03,0.049191053956747055
3d73aabe-21bf-40b0-9424-d83566df3f1d,0.03,0.08,0.05268185958266258
3d73aabe-21bf-40b0-9424-d83566df3f1d,0.03,0.13,0.05992034822702408
3d73aabe-21bf-40b0-9424-d83566df3f1d,0.03,0.18000000000000002,0.06603461503982544
3d73aabe-21bf-40b0-9424-d83566df3f1d,0.03,0.23,0.06335153430700302
3d73aabe-21bf-40b0-9424-d83566df3f1d,0.04,0.03,0.048693206161260605
3d73aabe-21bf-40b0-9424-d83566df3f1d,0.04,0.08,0.05470138415694237
3d73aabe-21bf-40b0-9424-d83566df3f1d,0.05,0.03,0.046239908784627914
3d73aabe-21bf-40b0-9424-d83566df3f1d,0.05,0.08,0.054353609681129456
3d73aabe-21bf-40b0-9424-d83566df3f1d,0.05,0.13,0.06417708843946457
3d73aabe-21bf-40b0-9424-d83566df3f1d,0.05,0.18000000000000002,0.06436270475387573
3d73aabe-21bf-40b0-9424-d83566df3f1d,0.05,0.23,0.064180389046669
3d73aabe-21bf-40b0-9424-d83566df3f1d,0.1,0.03,0.046559181064367294
3d73aabe-21bf-40b0-9424-d83566df3f1d,0.1,0.08,0.06055217981338501
3d73aabe-21bf-40b0-9424-d83566df3f1d,0.1,0.13,0.05895346403121948
3d73aabe-21bf-40b0-9424-d83566df3f1d,0.1,0.18000000000000002,0.06264250725507736
3d73aabe-21bf-40b0-9424-d83566df3f1d,0.1,0.23,0.0708673894405365
3d73aabe-21bf-40b0-9424-d83566df3f1d,0.15000000000000002,0.03,0.04841296374797821
3d73aabe-21bf-40b0-9424-d83566df3f1d,0.15000000000000002,0.08,0.04825732484459877
3d73aabe-21bf-40b0-9424-d83566df3f1d,0.15000000000000002,0.13,0.05438319966197014
3d73aabe-21bf-40b0-9424-d83566df3f1d,0.15000000000000002,0.18000000000000002,0.06514982134103775
3d73aabe-21bf-40b0-9424-d83566df3f1d,0.15000000000000002,0.23,0.0628436729311943
3d73aabe-21bf-40b0-9424-d83566df3f1d,0.2,0.03,0.05197251960635185
3d73aabe-21bf-40b0-9424-d83566df3f1d,0.2,0.08,0.05733562260866165
3d73aabe-21bf-40b0-9424-d83566df3f1d,0.2,0.13,0.06071145832538605
3d73aabe-21bf-40b0-9424-d83566df3f1d,0.2,0.18000000000000002,0.06054583564400673
3d73aabe-21bf-40b0-9424-d83566df3f1d,0.2,0.23,0.0672859400510788
3d73aabe-21bf-40b0-9424-d83566df3f1d,0.25,0.03,0.047901444137096405
3d73aabe-21bf-40b0-9424-d83566df3f1d,0.25,0.08,0.05479401350021362
3d73aabe-21bf-40b0-9424-d83566df3f1d,0.25,0.13,0.06283706426620483
3d73aabe-21bf-40b0-9424-d83566df3f1d,0.25,0.18000000000000002,0.07122094929218292
3d73aabe-21bf-40b0-9424-d83566df3f1d,0.25,0.23,0.06578114628791809
3d73aabe-21bf-40b0-9424-d83566df3f1d,0.30000000000000004,0.03,0.050648875534534454
3d73aabe-21bf-40b0-9424-d83566df3f1d,0.30000000000000004,0.08,0.0625942274928093
3d73aabe-21bf-40b0-9424-d83566df3f1d,0.30000000000000004,0.13,0.07799984514713287
3d73aabe-21bf-40b0-9424-d83566df3f1d,0.30000000000000004,0.18000000000000002,0.07233020663261414
3d73aabe-21bf-40b0-9424-d83566df3f1d,0.30000000000000004,0.23,0.06595253199338913
3d8ce5db-18e7-4993-8998-bd3234527f70,0.0,0.03,0.3605136573314667
3d8ce5db-18e7-4993-8998-bd3234527f70,0.0,0.08,0.4704526960849762
3d8ce5db-18e7-4993-8998-bd3234527f70,0.0,0.13,0.37719088792800903
3d8ce5db-18e7-4993-8998-bd3234527f70,0.0,0.18000000000000002,0.2945680618286133
3d8ce5db-18e7-4993-8998-bd3234527f70,0.0,0.23,0.2553074359893799
3d8ce5db-18e7-4993-8998-bd3234527f70,0.01,0.03,0.3262295424938202
3d8ce5db-18e7-4993-8998-bd3234527f70,0.01,0.08,0.34771859645843506
3d8ce5db-18e7-4993-8998-bd3234527f70,0.01,0.13,0.25377827882766724
3d8ce5db-18e7-4993-8998-bd3234527f70,0.01,0.18000000000000002,0.20735281705856323
3d8ce5db-18e7-4993-8998-bd3234527f70,0.01,0.23,0.1744413822889328
3d8ce5db-18e7-4993-8998-bd3234527f70,0.02,0.03,0.3458932936191559
3d8ce5db-18e7-4993-8998-bd3234527f70,0.02,0.08,0.32164961099624634
3d8ce5db-18e7-4993-8998-bd3234527f70,0.02,0.13,0.2269735187292099
3d8ce5db-18e7-4993-8998-bd3234527f70,0.02,0.18000000000000002,0.18322721123695374
3d8ce5db-18e7-4993-8998-bd3234527f70,0.02,0.23,0.15608716011047363
3d8ce5db-18e7-4993-8998-bd3234527f70,0.03,0.03,0.3288451135158539
3d8ce5db-18e7-4993-8998-bd3234527f70,0.03,0.08,0.27092188596725464
3d8ce5db-18e7-4993-8998-bd3234527f70,0.03,0.13,0.19931259751319885
3d8ce5db-18e7-4993-8998-bd3234527f70,0.03,0.18000000000000002,0.15879395604133606
3d8ce5db-18e7-4993-8998-bd3234527f70,0.03,0.23,0.13730168342590332
3d8ce5db-18e7-4993-8998-bd3234527f70,0.04,0.03,0.2632615268230438
3d8ce5db-18e7-4993-8998-bd3234527f70,0.04,0.08,0.19838757812976837
3d8ce5db-18e7-4993-8998-bd3234527f70,0.05,0.03,0.25800973176956177
3d8ce5db-18e7-4993-8998-bd3234527f70,0.05,0.08,0.18768203258514404
3d8ce5db-18e7-4993-8998-bd3234527f70,0.05,0.13,0.12341271340847015
3d8ce5db-18e7-4993-8998-bd3234527f70,0.05,0.18000000000000002,0.10445618629455566
3d8ce5db-18e7-4993-8998-bd3234527f70,0.05,0.23,0.08777383714914322
3d8ce5db-18e7-4993-8998-bd3234527f70,0.1,0.03,0.049045685678720474
3d8ce5db-18e7-4993-8998-bd3234527f70,0.1,0.08,0.060914959758520126
3d8ce5db-18e7-4993-8998-bd3234527f70,0.1,0.13,0.06566251069307327
3d8ce5db-18e7-4993-8998-bd3234527f70,0.1,0.18000000000000002,0.06640823185443878
3d8ce5db-18e7-4993-8998-bd3234527f70,0.1,0.23,0.06920000910758972
3d8ce5db-18e7-4993-8998-bd3234527f70,0.15000000000000002,0.03,0.050894785672426224
3d8ce5db-18e7-4993-8998-bd3234527f70,0.15000000000000002,0.08,0.0683097243309021
3d8ce5db-18e7-4993-8998-bd3234527f70,0.15000000000000002,0.13,0.07495211064815521
3d8ce5db-18e7-4993-8998-bd3234527f70,0.15000000000000002,0.18000000000000002,0.07423882186412811
3d8ce5db-18e7-4993-8998-bd3234527f70,0.15000000000000002,0.23,0.061453189700841904
3d8ce5db-18e7-4993-8998-bd3234527f70,0.2,0.03,0.05937356874346733
3d8ce5db-18e7-4993-8998-bd3234527f70,0.2,0.08,0.07459749281406403
3d8ce5db-18e7-4993-8998-bd3234527f70,0.2,0.13,0.07308484613895416
3d8ce5db-18e7-4993-8998-bd3234527f70,0.2,0.18000000000000002,0.059944238513708115
3d8ce5db-18e7-4993-8998-bd3234527f70,0.2,0.23,0.0615253783762455
3d8ce5db-18e7-4993-8998-bd3234527f70,0.25,0.03,0.05128959193825722
3d8ce5db-18e7-4993-8998-bd3234527f70,0.25,0.08,0.05895986035466194
3d8ce5db-18e7-4993-8998-bd3234527f70,0.25,0.13,0.05751759186387062
3d8ce5db-18e7-4993-8998-bd3234527f70,0.25,0.18000000000000002,0.06043415516614914
3d8ce5db-18e7-4993-8998-bd3234527f70,0.25,0.23,0.062172286212444305
3d8ce5db-18e7-4993-8998-bd3234527f70,0.30000000000000004,0.03,0.0474666953086853
3d8ce5db-18e7-4993-8998-bd3234527f70,0.30000000000000004,0.08,0.06059373542666435
3d8ce5db-18e7-4993-8998-bd3234527f70,0.30000000000000004,0.13,0.06111457571387291
3d8ce5db-18e7-4993-8998-bd3234527f70,0.30000000000000004,0.18000000000000002,0.06686621904373169
3d8ce5db-18e7-4993-8998-bd3234527f70,0.30000000000000004,0.23,0.06683650612831116
3d9b0b37-6e7a-4c7a-920d-31b146048aa7,0.0,0.03,0.0450902096927166
3d9b0b37-6e7a-4c7a-920d-31b146048aa7,0.0,0.08,0.07003036886453629
3d9b0b37-6e7a-4c7a-920d-31b146048aa7,0.0,0.13,0.08791456371545792
3d9b0b37-6e7a-4c7a-920d-31b146048aa7,0.0,0.18000000000000002,0.08506812155246735
3d9b0b37-6e7a-4c7a-920d-31b146048aa7,0.0,0.23,0.08448173850774765
3d9b0b37-6e7a-4c7a-920d-31b146048aa7,0.01,0.03,0.05382724478840828
3d9b0b37-6e7a-4c7a-920d-31b146048aa7,0.01,0.08,0.07950122654438019
3d9b0b37-6e7a-4c7a-920d-31b146048aa7,0.01,0.13,0.09543668478727341
3d9b0b37-6e7a-4c7a-920d-31b146048aa7,0.01,0.18000000000000002,0.08974399417638779
3d9b0b37-6e7a-4c7a-920d-31b146048aa7,0.01,0.23,0.0852435752749443
3d9b0b37-6e7a-4c7a-920d-31b146048aa7,0.02,0.03,0.04965211823582649
3d9b0b37-6e7a-4c7a-920d-31b146048aa7,0.02,0.08,0.08328106999397278
3d9b0b37-6e7a-4c7a-920d-31b146048aa7,0.02,0.13,0.08934196829795837
3d9b0b37-6e7a-4c7a-920d-31b146048aa7,0.02,0.18000000000000002,0.08955235034227371
3d9b0b37-6e7a-4c7a-920d-31b146048aa7,0.02,0.23,0.08122609555721283
3d9b0b37-6e7a-4c7a-920d-31b146048aa7,0.03,0.03,0.05197671428322792
3d9b0b37-6e7a-4c7a-920d-31b146048aa7,0.03,0.08,0.08661213517189026
3d9b0b37-6e7a-4c7a-920d-31b146048aa7,0.03,0.13,0.08911661058664322
3d9b0b37-6e7a-4c7a-920d-31b146048aa7,0.03,0.18000000000000002,0.08898817002773285
3d9b0b37-6e7a-4c7a-920d-31b146048aa7,0.03,0.23,0.07848328351974487
3d9b0b37-6e7a-4c7a-920d-31b146048aa7,0.04,0.03,0.05714701861143112
3d9b0b37-6e7a-4c7a-920d-31b146048aa7,0.04,0.08,0.0890050083398819
3d9b0b37-6e7a-4c7a-920d-31b146048aa7,0.05,0.03,0.06311625242233276
3d9b0b37-6e7a-4c7a-920d-31b146048aa7,0.05,0.08,0.0805579423904419
3d9b0b37-6e7a-4c7a-920d-31b146048aa7,0.05,0.13,0.07591267675161362
3d9b0b37-6e7a-4c7a-920d-31b146048aa7,0.05,0.18000000000000002,0.07760549336671829
3d9b0b37-6e7a-4c7a-920d-31b146048aa7,0.05,0.23,0.06697211414575577
3d9b0b37-6e7a-4c7a-920d-31b146048aa7,0.1,0.03,0.05223314091563225
3d9b0b37-6e7a-4c7a-920d-31b146048aa7,0.1,0.08,0.06287045776844025
3d9b0b37-6e7a-4c7a-920d-31b146048aa7,0.1,0.13,0.06835853308439255
3d9b0b37-6e7a-4c7a-920d-31b146048aa7,0.1,0.18000000000000002,0.06440742313861847
3d9b0b37-6e7a-4c7a-920d-31b146048aa7,0.1,0.23,0.06515856087207794
3d9b0b37-6e7a-4c7a-920d-31b146048aa7,0.15000000000000002,0.03,0.04220974072813988
3d9b0b37-6e7a-4c7a-920d-31b146048aa7,0.15000000000000002,0.08,0.05834610387682915
3d9b0b37-6e7a-4c7a-920d-31b146048aa7,0.15000000000000002,0.13,0.06478565186262131
3d9b0b37-6e7a-4c7a-920d-31b146048aa7,0.15000000000000002,0.18000000000000002,0.06959664076566696
3d9b0b37-6e7a-4c7a-920d-31b146048aa7,0.15000000000000002,0.23,0.07667037099599838
3d9b0b37-6e7a-4c7a-920d-31b146048aa7,0.2,0.03,0.04848022758960724
3d9b0b37-6e7a-4c7a-920d-31b146048aa7,0.2,0.08,0.057023707777261734
3d9b0b37-6e7a-4c7a-920d-31b146048aa7,0.2,0.13,0.06342737376689911
3d9b0b37-6e7a-4c7a-920d-31b146048aa7,0.2,0.18000000000000002,0.07492521405220032
3d9b0b37-6e7a-4c7a-920d-31b146048aa7,0.2,0.23,0.0822557806968689
3d9b0b37-6e7a-4c7a-920d-31b146048aa7,0.25,0.03,0.05240478739142418
3d9b0b37-6e7a-4c7a-920d-31b146048aa7,0.25,0.08,0.055390965193510056
3d9b0b37-6e7a-4c7a-920d-31b146048aa7,0.25,0.13,0.06970487534999847
3d9b0b37-6e7a-4c7a-920d-31b146048aa7,0.25,0.18000000000000002,0.07782278209924698
3d9b0b37-6e7a-4c7a-920d-31b146048aa7,0.25,0.23,0.06881901621818542
3d9b0b37-6e7a-4c7a-920d-31b146048aa7,0.30000000000000004,0.03,0.046006523072719574
3d9b0b37-6e7a-4c7a-920d-31b146048aa7,0.30000000000000004,0.08,0.06517940014600754
3d9b0b37-6e7a-4c7a-920d-31b146048aa7,0.30000000000000004,0.13,0.06788616627454758
3d9b0b37-6e7a-4c7a-920d-31b146048aa7,0.30000000000000004,0.18000000000000002,0.06101704761385918
3d9b0b37-6e7a-4c7a-920d-31b146048aa7,0.30000000000000004,0.23,0.06696438789367676
3e06b2a7-cd7e-4991-92d7-4d773617f753,0.0,0.03,0.04977966472506523
3e06b2a7-cd7e-4991-92d7-4d773617f753,0.0,0.08,0.0687699019908905
3e06b2a7-cd7e-4991-92d7-4d773617f753,0.0,0.13,0.06917621195316315
3e06b2a7-cd7e-4991-92d7-4d773617f753,0.0,0.18000000000000002,0.06472813338041306
3e06b2a7-cd7e-4991-92d7-4d773617f753,0.0,0.23,0.07415574789047241
3e06b2a7-cd7e-4991-92d7-4d773617f753,0.01,0.03,0.05231599509716034
3e06b2a7-cd7e-4991-92d7-4d773617f753,0.01,0.08,0.06794869899749756
3e06b2a7-cd7e-4991-92d7-4d773617f753,0.01,0.13,0.057021066546440125
3e06b2a7-cd7e-4991-92d7-4d773617f753,0.01,0.18000000000000002,0.06549842655658722
3e06b2a7-cd7e-4991-92d7-4d773617f753,0.01,0.23,0.07097042351961136
3e06b2a7-cd7e-4991-92d7-4d773617f753,0.02,0.03,0.05100797861814499
3e06b2a7-cd7e-4991-92d7-4d773617f753,0.02,0.08,0.06639523804187775
3e06b2a7-cd7e-4991-92d7-4d773617f753,0.02,0.13,0.0558149479329586
3e06b2a7-cd7e-4991-92d7-4d773617f753,0.02,0.18000000000000002,0.0673697218298912
3e06b2a7-cd7e-4991-92d7-4d773617f753,0.02,0.23,0.07001327723264694
3e06b2a7-cd7e-4991-92d7-4d773617f753,0.03,0.03,0.04821131378412247
3e06b2a7-cd7e-4991-92d7-4d773617f753,0.03,0.08,0.054555460810661316
3e06b2a7-cd7e-4991-92d7-4d773617f753,0.03,0.13,0.0573437362909317
3e06b2a7-cd7e-4991-92d7-4d773617f753,0.03,0.18000000000000002,0.06622739881277084
3e06b2a7-cd7e-4991-92d7-4d773617f753,0.03,0.23,0.06880418211221695
3e06b2a7-cd7e-4991-92d7-4d773617f753,0.04,0.03,0.0456065759062767
3e06b2a7-cd7e-4991-92d7-4d773617f753,0.04,0.08,0.051102906465530396
3e06b2a7-cd7e-4991-92d7-4d773617f753,0.05,0.03,0.050626132637262344
3e06b2a7-cd7e-4991-92d7-4d773617f753,0.05,0.08,0.053236763924360275
3e06b2a7-cd7e-4991-92d7-4d773617f753,0.05,0.13,0.05753350630402565
3e06b2a7-cd7e-4991-92d7-4d773617f753,0.05,0.18000000000000002,0.06116112321615219
3e06b2a7-cd7e-4991-92d7-4d773617f753,0.05,0.23,0.06471076607704163
3e06b2a7-cd7e-4991-92d7-4d773617f753,0.1,0.03,0.05251725763082504
3e06b2a7-cd7e-4991-92d7-4d773617f753,0.1,0.08,0.05046824365854263
3e06b2a7-cd7e-4991-92d7-4d773617f753,0.1,0.13,0.06504801660776138
3e06b2a7-cd7e-4991-92d7-4d773617f753,0.1,0.18000000000000002,0.0662211999297142
3e06b2a7-cd7e-4991-92d7-4d773617f753,0.1,0.23,0.07132269442081451
3e06b2a7-cd7e-4991-92d7-4d773617f753,0.15000000000000002,0.03,0.04360327124595642
3e06b2a7-cd7e-4991-92d7-4d773617f753,0.15000000000000002,0.08,0.05746467784047127
3e06b2a7-cd7e-4991-92d7-4d773617f753,0.15000000000000002,0.13,0.0627002939581871
3e06b2a7-cd7e-4991-92d7-4d773617f753,0.15000000000000002,0.18000000000000002,0.07033349573612213
3e06b2a7-cd7e-4991-92d7-4d773617f753,0.15000000000000002,0.23,0.06086261197924614
3e06b2a7-cd7e-4991-92d7-4d773617f753,0.2,0.03,0.04569690302014351
3e06b2a7-cd7e-4991-92d7-4d773617f753,0.2,0.08,0.05797255411744118
3e06b2a7-cd7e-4991-92d7-4d773617f753,0.2,0.13,0.06811107695102692
3e06b2a7-cd7e-4991-92d7-4d773617f753,0.2,0.18000000000000002,0.060488637536764145
3e06b2a7-cd7e-4991-92d7-4d773617f753,0.2,0.23,0.05965358391404152
3e06b2a7-cd7e-4991-92d7-4d773617f753,0.25,0.03,0.051460739225149155
3e06b2a7-cd7e-4991-92d7-4d773617f753,0.25,0.08,0.05951842665672302
3e06b2a7-cd7e-4991-92d7-4d773617f753,0.25,0.13,0.06296615302562714
3e06b2a7-cd7e-4991-92d7-4d773617f753,0.25,0.18000000000000002,0.07024192065000534
3e06b2a7-cd7e-4991-92d7-4d773617f753,0.25,0.23,0.06940062344074249
3e06b2a7-cd7e-4991-92d7-4d773617f753,0.30000000000000004,0.03,0.05069754645228386
3e06b2a7-cd7e-4991-92d7-4d773617f753,0.30000000000000004,0.08,0.05838599428534508
3e06b2a7-cd7e-4991-92d7-4d773617f753,0.30000000000000004,0.13,0.07576419413089752
3e06b2a7-cd7e-4991-92d7-4d773617f753,0.30000000000000004,0.18000000000000002,0.07120249420404434
3e06b2a7-cd7e-4991-92d7-4d773617f753,0.30000000000000004,0.23,0.06850054115056992
3e444b2b-09db-449b-ba5b-daf467160217,0.0,0.03,0.04576411470770836
3e444b2b-09db-449b-ba5b-daf467160217,0.0,0.08,0.0626392737030983
3e444b2b-09db-449b-ba5b-daf467160217,0.0,0.13,0.0726594552397728
3e444b2b-09db-449b-ba5b-daf467160217,0.0,0.18000000000000002,0.07022582739591599
3e444b2b-09db-449b-ba5b-daf467160217,0.0,0.23,0.06754980236291885
3e444b2b-09db-449b-ba5b-daf467160217,0.01,0.03,0.04912380129098892
3e444b2b-09db-449b-ba5b-daf467160217,0.01,0.08,0.06573446094989777
3e444b2b-09db-449b-ba5b-daf467160217,0.01,0.13,0.07319950312376022
3e444b2b-09db-449b-ba5b-daf467160217,0.01,0.18000000000000002,0.06947322934865952
3e444b2b-09db-449b-ba5b-daf467160217,0.01,0.23,0.06977193802595139
3e444b2b-09db-449b-ba5b-daf467160217,0.02,0.03,0.05179021880030632
3e444b2b-09db-449b-ba5b-daf467160217,0.02,0.08,0.06896666437387466
3e444b2b-09db-449b-ba5b-daf467160217,0.02,0.13,0.06673328578472137
3e444b2b-09db-449b-ba5b-daf467160217,0.02,0.18000000000000002,0.06821638345718384
3e444b2b-09db-449b-ba5b-daf467160217,0.02,0.23,0.0749460831284523
3e444b2b-09db-449b-ba5b-daf467160217,0.03,0.03,0.04872850328683853
3e444b2b-09db-449b-ba5b-daf467160217,0.03,0.08,0.05815615504980087
3e444b2b-09db-449b-ba5b-daf467160217,0.03,0.13,0.0640968456864357
3e444b2b-09db-449b-ba5b-daf467160217,0.03,0.18000000000000002,0.06685265898704529
3e444b2b-09db-449b-ba5b-daf467160217,0.03,0.23,0.07441932708024979
3e444b2b-09db-449b-ba5b-daf467160217,0.04,0.03,0.05405044928193092
3e444b2b-09db-449b-ba5b-daf467160217,0.04,0.08,0.0611504390835762
3e444b2b-09db-449b-ba5b-daf467160217,0.05,0.03,0.0584443062543869
3e444b2b-09db-449b-ba5b-daf467160217,0.05,0.08,0.06726716458797455
3e444b2b-09db-449b-ba5b-daf467160217,0.05,0.13,0.06409639120101929
3e444b2b-09db-449b-ba5b-daf467160217,0.05,0.18000000000000002,0.06522171944379807
3e444b2b-09db-449b-ba5b-daf467160217,0.05,0.23,0.07512174546718597
3e444b2b-09db-449b-ba5b-daf467160217,0.1,0.03,0.04828885197639465
3e444b2b-09db-449b-ba5b-daf467160217,0.1,0.08,0.05867316946387291
3e444b2b-09db-449b-ba5b-daf467160217,0.1,0.13,0.0641951933503151
3e444b2b-09db-449b-ba5b-daf467160217,0.1,0.18000000000000002,0.07529870420694351
3e444b2b-09db-449b-ba5b-daf467160217,0.1,0.23,0.07915190607309341
3e444b2b-09db-449b-ba5b-daf467160217,0.15000000000000002,0.03,0.050821878015995026
3e444b2b-09db-449b-ba5b-daf467160217,0.15000000000000002,0.08,0.05908498913049698
3e444b2b-09db-449b-ba5b-daf467160217,0.15000000000000002,0.13,0.07165586948394775
3e444b2b-09db-449b-ba5b-daf467160217,0.15000000000000002,0.18000000000000002,0.07721586525440216
3e444b2b-09db-449b-ba5b-daf467160217,0.15000000000000002,0.23,0.0956624299287796
3e444b2b-09db-449b-ba5b-daf467160217,0.2,0.03,0.053050920367240906
3e444b2b-09db-449b-ba5b-daf467160217,0.2,0.08,0.06521432101726532
3e444b2b-09db-449b-ba5b-daf467160217,0.2,0.13,0.07316241413354874
3e444b2b-09db-449b-ba5b-daf467160217,0.2,0.18000000000000002,0.09332576394081116
3e444b2b-09db-449b-ba5b-daf467160217,0.2,0.23,0.09684018045663834
3e444b2b-09db-449b-ba5b-daf467160217,0.25,0.03,0.04464448243379593
3e444b2b-09db-449b-ba5b-daf467160217,0.25,0.08,0.05879975110292435
3e444b2b-09db-449b-ba5b-daf467160217,0.25,0.13,0.08587752282619476
3e444b2b-09db-449b-ba5b-daf467160217,0.25,0.18000000000000002,0.08989871293306351
3e444b2b-09db-449b-ba5b-daf467160217,0.25,0.23,0.10143236070871353
3e444b2b-09db-449b-ba5b-daf467160217,0.30000000000000004,0.03,0.050276979804039
3e444b2b-09db-449b-ba5b-daf467160217,0.30000000000000004,0.08,0.08335733413696289
3e444b2b-09db-449b-ba5b-daf467160217,0.30000000000000004,0.13,0.08521071821451187
3e444b2b-09db-449b-ba5b-daf467160217,0.30000000000000004,0.18000000000000002,0.09664835780858994
3e444b2b-09db-449b-ba5b-daf467160217,0.30000000000000004,0.23,0.09640302509069443
3e719d01-63a9-4121-8276-69afdc219b09,0.0,0.03,0.06966496258974075
3e719d01-63a9-4121-8276-69afdc219b09,0.0,0.08,0.10091150552034378
3e719d01-63a9-4121-8276-69afdc219b09,0.0,0.13,0.11908607929944992
3e719d01-63a9-4121-8276-69afdc219b09,0.0,0.18000000000000002,0.12952999770641327
3e719d01-63a9-4121-8276-69afdc219b09,0.0,0.23,0.12492135167121887
3e719d01-63a9-4121-8276-69afdc219b09,0.01,0.03,0.0816783756017685
3e719d01-63a9-4121-8276-69afdc219b09,0.01,0.08,0.10569008439779282
3e719d01-63a9-4121-8276-69afdc219b09,0.01,0.13,0.12458471208810806
3e719d01-63a9-4121-8276-69afdc219b09,0.01,0.18000000000000002,0.12569139897823334
3e719d01-63a9-4121-8276-69afdc219b09,0.01,0.23,0.11730001121759415
3e719d01-63a9-4121-8276-69afdc219b09,0.02,0.03,0.08799510449171066
3e719d01-63a9-4121-8276-69afdc219b09,0.02,0.08,0.11520816385746002
3e719d01-63a9-4121-8276-69afdc219b09,0.02,0.13,0.12121426314115524
3e719d01-63a9-4121-8276-69afdc219b09,0.02,0.18000000000000002,0.1256333440542221
3e719d01-63a9-4121-8276-69afdc219b09,0.02,0.23,0.11448462307453156
3e719d01-63a9-4121-8276-69afdc219b09,0.03,0.03,0.08106216043233871
3e719d01-63a9-4121-8276-69afdc219b09,0.03,0.08,0.1133391335606575
3e719d01-63a9-4121-8276-69afdc219b09,0.03,0.13,0.12088663876056671
3e719d01-63a9-4121-8276-69afdc219b09,0.03,0.18000000000000002,0.11942682415246964
3e719d01-63a9-4121-8276-69afdc219b09,0.03,0.23,0.1086338609457016
3e719d01-63a9-4121-8276-69afdc219b09,0.04,0.03,0.08612246066331863
3e719d01-63a9-4121-8276-69afdc219b09,0.04,0.08,0.10276218503713608
3e719d01-63a9-4121-8276-69afdc219b09,0.05,0.03,0.0861840769648552
3e719d01-63a9-4121-8276-69afdc219b09,0.05,0.08,0.11270281672477722
3e719d01-63a9-4121-8276-69afdc219b09,0.05,0.13,0.12261819839477539
3e719d01-63a9-4121-8276-69afdc219b09,0.05,0.18000000000000002,0.11531493067741394
3e719d01-63a9-4121-8276-69afdc219b09,0.05,0.23,0.09951486438512802
3e719d01-63a9-4121-8276-69afdc219b09,0.1,0.03,0.0783013328909874
3e719d01-63a9-4121-8276-69afdc219b09,0.1,0.08,0.09631683677434921
3e719d01-63a9-4121-8276-69afdc219b09,0.1,0.13,0.09002276510000229
3e719d01-63a9-4121-8276-69afdc219b09,0.1,0.18000000000000002,0.08971312642097473
3e719d01-63a9-4121-8276-69afdc219b09,0.1,0.23,0.09202161431312561
3e719d01-63a9-4121-8276-69afdc219b09,0.15000000000000002,0.03,0.06652173399925232
3e719d01-63a9-4121-8276-69afdc219b09,0.15000000000000002,0.08,0.08043205738067627
3e719d01-63a9-4121-8276-69afdc219b09,0.15000000000000002,0.13,0.08897963166236877
3e719d01-63a9-4121-8276-69afdc219b09,0.15000000000000002,0.18000000000000002,0.0916927307844162
3e719d01-63a9-4121-8276-69afdc219b09,0.15000000000000002,0.23,0.09548507630825043
3e719d01-63a9-4121-8276-69afdc219b09,0.2,0.03,0.07055554538965225
3e719d01-63a9-4121-8276-69afdc219b09,0.2,0.08,0.07762619107961655
3e719d01-63a9-4121-8276-69afdc219b09,0.2,0.13,0.08326109498739243
3e719d01-63a9-4121-8276-69afdc219b09,0.2,0.18000000000000002,0.09612268954515457
3e719d01-63a9-4121-8276-69afdc219b09,0.2,0.23,0.09731323271989822
3e719d01-63a9-4121-8276-69afdc219b09,0.25,0.03,0.06769593060016632
3e719d01-63a9-4121-8276-69afdc219b09,0.25,0.08,0.07470161467790604
3e719d01-63a9-4121-8276-69afdc219b09,0.25,0.13,0.09051605314016342
3e719d01-63a9-4121-8276-69afdc219b09,0.25,0.18000000000000002,0.08901197463274002
3e719d01-63a9-4121-8276-69afdc219b09,0.25,0.23,0.08639002591371536
3e719d01-63a9-4121-8276-69afdc219b09,0.30000000000000004,0.03,0.07302404940128326
3e719d01-63a9-4121-8276-69afdc219b09,0.30000000000000004,0.08,0.0955488383769989
3e719d01-63a9-4121-8276-69afdc219b09,0.30000000000000004,0.13,0.08190757036209106
3e719d01-63a9-4121-8276-69afdc219b09,0.30000000000000004,0.18000000000000002,0.08094294369220734
3e719d01-63a9-4121-8276-69afdc219b09,0.30000000000000004,0.23,0.08212960511445999
3eac05fa-3ac9-4d5d-84f4-e769eb863d9a,0.0,0.03,0.04414680600166321
3eac05fa-3ac9-4d5d-84f4-e769eb863d9a,0.0,0.08,0.059128668159246445
3eac05fa-3ac9-4d5d-84f4-e769eb863d9a,0.0,0.13,0.0640057846903801
3eac05fa-3ac9-4d5d-84f4-e769eb863d9a,0.0,0.18000000000000002,0.05844200402498245
3eac05fa-3ac9-4d5d-84f4-e769eb863d9a,0.0,0.23,0.06371680647134781
3eac05fa-3ac9-4d5d-84f4-e769eb863d9a,0.01,0.03,0.046178512275218964
3eac05fa-3ac9-4d5d-84f4-e769eb863d9a,0.01,0.08,0.0617670863866806
3eac05fa-3ac9-4d5d-84f4-e769eb863d9a,0.01,0.13,0.06414681673049927
3eac05fa-3ac9-4d5d-84f4-e769eb863d9a,0.01,0.18000000000000002,0.05875355377793312
3eac05fa-3ac9-4d5d-84f4-e769eb863d9a,0.01,0.23,0.06548291444778442
3eac05fa-3ac9-4d5d-84f4-e769eb863d9a,0.02,0.03,0.04582732543349266
3eac05fa-3ac9-4d5d-84f4-e769eb863d9a,0.02,0.08,0.0604817271232605
3eac05fa-3ac9-4d5d-84f4-e769eb863d9a,0.02,0.13,0.06168024614453316
3eac05fa-3ac9-4d5d-84f4-e769eb863d9a,0.02,0.18000000000000002,0.06064308062195778
3eac05fa-3ac9-4d5d-84f4-e769eb863d9a,0.02,0.23,0.0615401454269886
3eac05fa-3ac9-4d5d-84f4-e769eb863d9a,0.03,0.03,0.04826567322015762
3eac05fa-3ac9-4d5d-84f4-e769eb863d9a,0.03,0.08,0.059505801647901535
3eac05fa-3ac9-4d5d-84f4-e769eb863d9a,0.03,0.13,0.05988254398107529
3eac05fa-3ac9-4d5d-84f4-e769eb863d9a,0.03,0.18000000000000002,0.06225360929965973
3eac05fa-3ac9-4d5d-84f4-e769eb863d9a,0.03,0.23,0.06292074918746948
3eac05fa-3ac9-4d5d-84f4-e769eb863d9a,0.04,0.03,0.0466492660343647
3eac05fa-3ac9-4d5d-84f4-e769eb863d9a,0.04,0.08,0.05292316526174545
3eac05fa-3ac9-4d5d-84f4-e769eb863d9a,0.05,0.03,0.05030810832977295
3eac05fa-3ac9-4d5d-84f4-e769eb863d9a,0.05,0.08,0.05777696892619133
3eac05fa-3ac9-4d5d-84f4-e769eb863d9a,0.05,0.13,0.06133469194173813
3eac05fa-3ac9-4d5d-84f4-e769eb863d9a,0.05,0.18000000000000002,0.06529109925031662
3eac05fa-3ac9-4d5d-84f4-e769eb863d9a,0.05,0.23,0.06466170400381088
3eac05fa-3ac9-4d5d-84f4-e769eb863d9a,0.1,0.03,0.05119592323899269
3eac05fa-3ac9-4d5d-84f4-e769eb863d9a,0.1,0.08,0.05590139701962471
3eac05fa-3ac9-4d5d-84f4-e769eb863d9a,0.1,0.13,0.05766286700963974
3eac05fa-3ac9-4d5d-84f4-e769eb863d9a,0.1,0.18000000000000002,0.06464466452598572
3eac05fa-3ac9-4d5d-84f4-e769eb863d9a,0.1,0.23,0.07337115705013275
3eac05fa-3ac9-4d5d-84f4-e769eb863d9a,0.15000000000000002,0.03,0.051054079085588455
3eac05fa-3ac9-4d5d-84f4-e769eb863d9a,0.15000000000000002,0.08,0.052455607801675797
3eac05fa-3ac9-4d5d-84f4-e769eb863d9a,0.15000000000000002,0.13,0.06637738645076752
3eac05fa-3ac9-4d5d-84f4-e769eb863d9a,0.15000000000000002,0.18000000000000002,0.07602273672819138
3eac05fa-3ac9-4d5d-84f4-e769eb863d9a,0.15000000000000002,0.23,0.06619170308113098
3eac05fa-3ac9-4d5d-84f4-e769eb863d9a,0.2,0.03,0.04833321273326874
3eac05fa-3ac9-4d5d-84f4-e769eb863d9a,0.2,0.08,0.05879621207714081
3eac05fa-3ac9-4d5d-84f4-e769eb863d9a,0.2,0.13,0.07103569805622101
3eac05fa-3ac9-4d5d-84f4-e769eb863d9a,0.2,0.18000000000000002,0.06526879221200943
3eac05fa-3ac9-4d5d-84f4-e769eb863d9a,0.2,0.23,0.0625687763094902
3eac05fa-3ac9-4d5d-84f4-e769eb863d9a,0.25,0.03,0.05217874050140381
3eac05fa-3ac9-4d5d-84f4-e769eb863d9a,0.25,0.08,0.06172127276659012
3eac05fa-3ac9-4d5d-84f4-e769eb863d9a,0.25,0.13,0.06913965195417404
3eac05fa-3ac9-4d5d-84f4-e769eb863d9a,0.25,0.18000000000000002,0.06903720647096634
3eac05fa-3ac9-4d5d-84f4-e769eb863d9a,0.25,0.23,0.06603935360908508
3eac05fa-3ac9-4d5d-84f4-e769eb863d9a,0.30000000000000004,0.03,0.04649057984352112
3eac05fa-3ac9-4d5d-84f4-e769eb863d9a,0.30000000000000004,0.08,0.059084534645080566
3eac05fa-3ac9-4d5d-84f4-e769eb863d9a,0.30000000000000004,0.13,0.06404007226228714
3eac05fa-3ac9-4d5d-84f4-e769eb863d9a,0.30000000000000004,0.18000000000000002,0.060935523360967636
3eac05fa-3ac9-4d5d-84f4-e769eb863d9a,0.30000000000000004,0.23,0.06395262479782104
3ead59f3-52ff-49e7-8dc9-801c446104fa,0.0,0.03,0.04809939116239548
3ead59f3-52ff-49e7-8dc9-801c446104fa,0.0,0.08,0.0629180446267128
3ead59f3-52ff-49e7-8dc9-801c446104fa,0.0,0.13,0.07908675074577332
3ead59f3-52ff-49e7-8dc9-801c446104fa,0.0,0.18000000000000002,0.08647492527961731
3ead59f3-52ff-49e7-8dc9-801c446104fa,0.0,0.23,0.08331228047609329
3ead59f3-52ff-49e7-8dc9-801c446104fa,0.01,0.03,0.0467345230281353
3ead59f3-52ff-49e7-8dc9-801c446104fa,0.01,0.08,0.06368885189294815
3ead59f3-52ff-49e7-8dc9-801c446104fa,0.01,0.13,0.07978636771440506
3ead59f3-52ff-49e7-8dc9-801c446104fa,0.01,0.18000000000000002,0.0850217416882515
3ead59f3-52ff-49e7-8dc9-801c446104fa,0.01,0.23,0.07871835678815842
3ead59f3-52ff-49e7-8dc9-801c446104fa,0.02,0.03,0.04872777312994003
3ead59f3-52ff-49e7-8dc9-801c446104fa,0.02,0.08,0.06294971704483032
3ead59f3-52ff-49e7-8dc9-801c446104fa,0.02,0.13,0.07626548409461975
3ead59f3-52ff-49e7-8dc9-801c446104fa,0.02,0.18000000000000002,0.081114761531353
3ead59f3-52ff-49e7-8dc9-801c446104fa,0.02,0.23,0.07879827171564102
3ead59f3-52ff-49e7-8dc9-801c446104fa,0.03,0.03,0.049908772110939026
3ead59f3-52ff-49e7-8dc9-801c446104fa,0.03,0.08,0.06499797105789185
3ead59f3-52ff-49e7-8dc9-801c446104fa,0.03,0.13,0.07529345899820328
3ead59f3-52ff-49e7-8dc9-801c446104fa,0.03,0.18000000000000002,0.0783582329750061
3ead59f3-52ff-49e7-8dc9-801c446104fa,0.03,0.23,0.07347092032432556
3ead59f3-52ff-49e7-8dc9-801c446104fa,0.04,0.03,0.053499724715948105
3ead59f3-52ff-49e7-8dc9-801c446104fa,0.04,0.08,0.06665926426649094
3ead59f3-52ff-49e7-8dc9-801c446104fa,0.05,0.03,0.04855619743466377
3ead59f3-52ff-49e7-8dc9-801c446104fa,0.05,0.08,0.06757090985774994
3ead59f3-52ff-49e7-8dc9-801c446104fa,0.05,0.13,0.08244267106056213
3ead59f3-52ff-49e7-8dc9-801c446104fa,0.05,0.18000000000000002,0.07760114967823029
3ead59f3-52ff-49e7-8dc9-801c446104fa,0.05,0.23,0.07129254192113876
3ead59f3-52ff-49e7-8dc9-801c446104fa,0.1,0.03,0.05130886286497116
3ead59f3-52ff-49e7-8dc9-801c446104fa,0.1,0.08,0.06366018205881119
3ead59f3-52ff-49e7-8dc9-801c446104fa,0.1,0.13,0.06294915080070496
3ead59f3-52ff-49e7-8dc9-801c446104fa,0.1,0.18000000000000002,0.06392108649015427
3ead59f3-52ff-49e7-8dc9-801c446104fa,0.1,0.23,0.07013193517923355
3ead59f3-52ff-49e7-8dc9-801c446104fa,0.15000000000000002,0.03,0.05114796757698059
3ead59f3-52ff-49e7-8dc9-801c446104fa,0.15000000000000002,0.08,0.06237034872174263
3ead59f3-52ff-49e7-8dc9-801c446104fa,0.15000000000000002,0.13,0.07473718374967575
3ead59f3-52ff-49e7-8dc9-801c446104fa,0.15000000000000002,0.18000000000000002,0.07950296252965927
3ead59f3-52ff-49e7-8dc9-801c446104fa,0.15000000000000002,0.23,0.08248456567525864
3ead59f3-52ff-49e7-8dc9-801c446104fa,0.2,0.03,0.04661620035767555
3ead59f3-52ff-49e7-8dc9-801c446104fa,0.2,0.08,0.06439551711082458
3ead59f3-52ff-49e7-8dc9-801c446104fa,0.2,0.13,0.07062789052724838
3ead59f3-52ff-49e7-8dc9-801c446104fa,0.2,0.18000000000000002,0.07370074838399887
3ead59f3-52ff-49e7-8dc9-801c446104fa,0.2,0.23,0.07554705440998077
3ead59f3-52ff-49e7-8dc9-801c446104fa,0.25,0.03,0.050088249146938324
3ead59f3-52ff-49e7-8dc9-801c446104fa,0.25,0.08,0.06331252306699753
3ead59f3-52ff-49e7-8dc9-801c446104fa,0.25,0.13,0.06487405300140381
3ead59f3-52ff-49e7-8dc9-801c446104fa,0.25,0.18000000000000002,0.07120466232299805
3ead59f3-52ff-49e7-8dc9-801c446104fa,0.25,0.23,0.0738496258854866
3ead59f3-52ff-49e7-8dc9-801c446104fa,0.30000000000000004,0.03,0.05202978849411011
3ead59f3-52ff-49e7-8dc9-801c446104fa,0.30000000000000004,0.08,0.05853188782930374
3ead59f3-52ff-49e7-8dc9-801c446104fa,0.30000000000000004,0.13,0.06734127551317215
3ead59f3-52ff-49e7-8dc9-801c446104fa,0.30000000000000004,0.18000000000000002,0.06956110149621964
3ead59f3-52ff-49e7-8dc9-801c446104fa,0.30000000000000004,0.23,0.06952150166034698
3ef03f94-aa9c-4143-9963-e2071328dc84,0.0,0.03,0.07176586985588074
3ef03f94-aa9c-4143-9963-e2071328dc84,0.0,0.08,0.079098641872406
3ef03f94-aa9c-4143-9963-e2071328dc84,0.0,0.13,0.08423034101724625
3ef03f94-aa9c-4143-9963-e2071328dc84,0.0,0.18000000000000002,0.08589340001344681
3ef03f94-aa9c-4143-9963-e2071328dc84,0.0,0.23,0.10114516317844391
3ef03f94-aa9c-4143-9963-e2071328dc84,0.01,0.03,0.07118286937475204
3ef03f94-aa9c-4143-9963-e2071328dc84,0.01,0.08,0.08320301026105881
3ef03f94-aa9c-4143-9963-e2071328dc84,0.01,0.13,0.08677086979150772
3ef03f94-aa9c-4143-9963-e2071328dc84,0.01,0.18000000000000002,0.09542833268642426
3ef03f94-aa9c-4143-9963-e2071328dc84,0.01,0.23,0.10285068303346634
3ef03f94-aa9c-4143-9963-e2071328dc84,0.02,0.03,0.08383694291114807
3ef03f94-aa9c-4143-9963-e2071328dc84,0.02,0.08,0.07487253099679947
3ef03f94-aa9c-4143-9963-e2071328dc84,0.02,0.13,0.0815962478518486
3ef03f94-aa9c-4143-9963-e2071328dc84,0.02,0.18000000000000002,0.08847340196371078
3ef03f94-aa9c-4143-9963-e2071328dc84,0.02,0.23,0.10632934421300888
3ef03f94-aa9c-4143-9963-e2071328dc84,0.03,0.03,0.08383694291114807
3ef03f94-aa9c-4143-9963-e2071328dc84,0.03,0.08,0.07487253099679947
3ef03f94-aa9c-4143-9963-e2071328dc84,0.03,0.13,0.0815962478518486
3ef03f94-aa9c-4143-9963-e2071328dc84,0.03,0.18000000000000002,0.08847340196371078
3ef03f94-aa9c-4143-9963-e2071328dc84,0.03,0.23,0.10632934421300888
3ef03f94-aa9c-4143-9963-e2071328dc84,0.04,0.03,0.08383694291114807
3ef03f94-aa9c-4143-9963-e2071328dc84,0.04,0.08,0.07556897401809692
3ef03f94-aa9c-4143-9963-e2071328dc84,0.05,0.03,0.0
3ef03f94-aa9c-4143-9963-e2071328dc84,0.05,0.08,0.0798310711979866
3ef03f94-aa9c-4143-9963-e2071328dc84,0.05,0.13,0.07989214360713959
3ef03f94-aa9c-4143-9963-e2071328dc84,0.05,0.18000000000000002,0.10055742412805557
3ef03f94-aa9c-4143-9963-e2071328dc84,0.05,0.23,0.10862787812948227
3ef03f94-aa9c-4143-9963-e2071328dc84,0.1,0.03,0.06852475553750992
3ef03f94-aa9c-4143-9963-e2071328dc84,0.1,0.08,0.07762908190488815
3ef03f94-aa9c-4143-9963-e2071328dc84,0.1,0.13,0.09916417300701141
3ef03f94-aa9c-4143-9963-e2071328dc84,0.1,0.18000000000000002,0.1075982004404068
3ef03f94-aa9c-4143-9963-e2071328dc84,0.1,0.23,0.11467081308364868
3ef03f94-aa9c-4143-9963-e2071328dc84,0.15000000000000002,0.03,0.0
3ef03f94-aa9c-4143-9963-e2071328dc84,0.15000000000000002,0.08,0.07724510878324509
3ef03f94-aa9c-4143-9963-e2071328dc84,0.15000000000000002,0.13,0.08318578451871872
3ef03f94-aa9c-4143-9963-e2071328dc84,0.15000000000000002,0.18000000000000002,0.09850898385047913
3ef03f94-aa9c-4143-9963-e2071328dc84,0.15000000000000002,0.23,0.09783298522233963
3ef03f94-aa9c-4143-9963-e2071328dc84,0.2,0.03,0.06699983775615692
3ef03f94-aa9c-4143-9963-e2071328dc84,0.2,0.08,0.06662425398826599
3ef03f94-aa9c-4143-9963-e2071328dc84,0.2,0.13,0.09068613499403
3ef03f94-aa9c-4143-9963-e2071328dc84,0.2,0.18000000000000002,0.09106922149658203
3ef03f94-aa9c-4143-9963-e2071328dc84,0.2,0.23,0.09545690566301346
3ef03f94-aa9c-4143-9963-e2071328dc84,0.25,0.03,0.0
3ef03f94-aa9c-4143-9963-e2071328dc84,0.25,0.08,0.07106591761112213
3ef03f94-aa9c-4143-9963-e2071328dc84,0.25,0.13,0.09076301008462906
3ef03f94-aa9c-4143-9963-e2071328dc84,0.25,0.18000000000000002,0.09953334927558899
3ef03f94-aa9c-4143-9963-e2071328dc84,0.25,0.23,0.09021719545125961
3ef03f94-aa9c-4143-9963-e2071328dc84,0.30000000000000004,0.03,0.08559537678956985
3ef03f94-aa9c-4143-9963-e2071328dc84,0.30000000000000004,0.08,0.09577005356550217
3ef03f94-aa9c-4143-9963-e2071328dc84,0.30000000000000004,0.13,0.09329627454280853
3ef03f94-aa9c-4143-9963-e2071328dc84,0.30000000000000004,0.18000000000000002,0.09079504758119583
3ef03f94-aa9c-4143-9963-e2071328dc84,0.30000000000000004,0.23,0.1074681431055069
3f4bf817-849d-46aa-b0f0-90c4e6052653,0.0,0.03,0.04730578884482384
3f4bf817-849d-46aa-b0f0-90c4e6052653,0.0,0.08,0.053532715886831284
3f4bf817-849d-46aa-b0f0-90c4e6052653,0.0,0.13,0.06699144095182419
3f4bf817-849d-46aa-b0f0-90c4e6052653,0.0,0.18000000000000002,0.06460236757993698
3f4bf817-849d-46aa-b0f0-90c4e6052653,0.0,0.23,0.06674929708242416
3f4bf817-849d-46aa-b0f0-90c4e6052653,0.01,0.03,0.05224980041384697
3f4bf817-849d-46aa-b0f0-90c4e6052653,0.01,0.08,0.05712500959634781
3f4bf817-849d-46aa-b0f0-90c4e6052653,0.01,0.13,0.06353416293859482
3f4bf817-849d-46aa-b0f0-90c4e6052653,0.01,0.18000000000000002,0.06333624571561813
3f4bf817-849d-46aa-b0f0-90c4e6052653,0.01,0.23,0.0674654096364975
3f4bf817-849d-46aa-b0f0-90c4e6052653,0.02,0.03,0.046083658933639526
3f4bf817-849d-46aa-b0f0-90c4e6052653,0.02,0.08,0.05595420300960541
3f4bf817-849d-46aa-b0f0-90c4e6052653,0.02,0.13,0.06309225410223007
3f4bf817-849d-46aa-b0f0-90c4e6052653,0.02,0.18000000000000002,0.06439892202615738
3f4bf817-849d-46aa-b0f0-90c4e6052653,0.02,0.23,0.0681266337633133
3f4bf817-849d-46aa-b0f0-90c4e6052653,0.03,0.03,0.05084303393959999
3f4bf817-849d-46aa-b0f0-90c4e6052653,0.03,0.08,0.05746451020240784
3f4bf817-849d-46aa-b0f0-90c4e6052653,0.03,0.13,0.06440772861242294
3f4bf817-849d-46aa-b0f0-90c4e6052653,0.03,0.18000000000000002,0.06785295158624649
3f4bf817-849d-46aa-b0f0-90c4e6052653,0.03,0.23,0.06670306622982025
3f4bf817-849d-46aa-b0f0-90c4e6052653,0.04,0.03,0.04785049706697464
3f4bf817-849d-46aa-b0f0-90c4e6052653,0.04,0.08,0.05896208435297012
3f4bf817-849d-46aa-b0f0-90c4e6052653,0.05,0.03,0.04853741452097893
3f4bf817-849d-46aa-b0f0-90c4e6052653,0.05,0.08,0.06053804233670235
3f4bf817-849d-46aa-b0f0-90c4e6052653,0.05,0.13,0.06281091272830963
3f4bf817-849d-46aa-b0f0-90c4e6052653,0.05,0.18000000000000002,0.06693356484174728
3f4bf817-849d-46aa-b0f0-90c4e6052653,0.05,0.23,0.06833142042160034
3f4bf817-849d-46aa-b0f0-90c4e6052653,0.1,0.03,0.04988354817032814
3f4bf817-849d-46aa-b0f0-90c4e6052653,0.1,0.08,0.06015605106949806
3f4bf817-849d-46aa-b0f0-90c4e6052653,0.1,0.13,0.06484882533550262
3f4bf817-849d-46aa-b0f0-90c4e6052653,0.1,0.18000000000000002,0.06446106731891632
3f4bf817-849d-46aa-b0f0-90c4e6052653,0.1,0.23,0.06826998293399811
3f4bf817-849d-46aa-b0f0-90c4e6052653,0.15000000000000002,0.03,0.04703974351286888
3f4bf817-849d-46aa-b0f0-90c4e6052653,0.15000000000000002,0.08,0.0617189034819603
3f4bf817-849d-46aa-b0f0-90c4e6052653,0.15000000000000002,0.13,0.06220757216215134
3f4bf817-849d-46aa-b0f0-90c4e6052653,0.15000000000000002,0.18000000000000002,0.06870889663696289
3f4bf817-849d-46aa-b0f0-90c4e6052653,0.15000000000000002,0.23,0.07513508200645447
3f4bf817-849d-46aa-b0f0-90c4e6052653,0.2,0.03,0.051221273839473724
3f4bf817-849d-46aa-b0f0-90c4e6052653,0.2,0.08,0.05189548805356026
3f4bf817-849d-46aa-b0f0-90c4e6052653,0.2,0.13,0.05886237695813179
3f4bf817-849d-46aa-b0f0-90c4e6052653,0.2,0.18000000000000002,0.06784389913082123
3f4bf817-849d-46aa-b0f0-90c4e6052653,0.2,0.23,0.07612365484237671
3f4bf817-849d-46aa-b0f0-90c4e6052653,0.25,0.03,0.0453600212931633
3f4bf817-849d-46aa-b0f0-90c4e6052653,0.25,0.08,0.057235535234212875
3f4bf817-849d-46aa-b0f0-90c4e6052653,0.25,0.13,0.06172461435198784
3f4bf817-849d-46aa-b0f0-90c4e6052653,0.25,0.18000000000000002,0.07976333796977997
3f4bf817-849d-46aa-b0f0-90c4e6052653,0.25,0.23,0.08289892971515656
3f4bf817-849d-46aa-b0f0-90c4e6052653,0.30000000000000004,0.03,0.04861844331026077
3f4bf817-849d-46aa-b0f0-90c4e6052653,0.30000000000000004,0.08,0.060604918748140335
3f4bf817-849d-46aa-b0f0-90c4e6052653,0.30000000000000004,0.13,0.08194303512573242
3f4bf817-849d-46aa-b0f0-90c4e6052653,0.30000000000000004,0.18000000000000002,0.08378344774246216
3f4bf817-849d-46aa-b0f0-90c4e6052653,0.30000000000000004,0.23,0.08390074968338013
3f9a3843-6a82-47d1-b5a4-659bfd31e3d8,0.0,0.03,0.04815750941634178
3f9a3843-6a82-47d1-b5a4-659bfd31e3d8,0.0,0.08,0.06836383044719696
3f9a3843-6a82-47d1-b5a4-659bfd31e3d8,0.0,0.13,0.08194801211357117
3f9a3843-6a82-47d1-b5a4-659bfd31e3d8,0.0,0.18000000000000002,0.08237671107053757
3f9a3843-6a82-47d1-b5a4-659bfd31e3d8,0.0,0.23,0.07818079739809036
3f9a3843-6a82-47d1-b5a4-659bfd31e3d8,0.01,0.03,0.04604083299636841
3f9a3843-6a82-47d1-b5a4-659bfd31e3d8,0.01,0.08,0.06652194261550903
3f9a3843-6a82-47d1-b5a4-659bfd31e3d8,0.01,0.13,0.07870807498693466
3f9a3843-6a82-47d1-b5a4-659bfd31e3d8,0.01,0.18000000000000002,0.08024659752845764
3f9a3843-6a82-47d1-b5a4-659bfd31e3d8,0.01,0.23,0.07805533707141876
3f9a3843-6a82-47d1-b5a4-659bfd31e3d8,0.02,0.03,0.04908231645822525
3f9a3843-6a82-47d1-b5a4-659bfd31e3d8,0.02,0.08,0.07559258490800858
3f9a3843-6a82-47d1-b5a4-659bfd31e3d8,0.02,0.13,0.07863789796829224
3f9a3843-6a82-47d1-b5a4-659bfd31e3d8,0.02,0.18000000000000002,0.07991700619459152
3f9a3843-6a82-47d1-b5a4-659bfd31e3d8,0.02,0.23,0.07785847038030624
3f9a3843-6a82-47d1-b5a4-659bfd31e3d8,0.03,0.03,0.05375757813453674
3f9a3843-6a82-47d1-b5a4-659bfd31e3d8,0.03,0.08,0.07512356340885162
3f9a3843-6a82-47d1-b5a4-659bfd31e3d8,0.03,0.13,0.07889458537101746
3f9a3843-6a82-47d1-b5a4-659bfd31e3d8,0.03,0.18000000000000002,0.07809607684612274
3f9a3843-6a82-47d1-b5a4-659bfd31e3d8,0.03,0.23,0.08288460969924927
3f9a3843-6a82-47d1-b5a4-659bfd31e3d8,0.04,0.03,0.04758945107460022
3f9a3843-6a82-47d1-b5a4-659bfd31e3d8,0.04,0.08,0.06892464309930801
3f9a3843-6a82-47d1-b5a4-659bfd31e3d8,0.05,0.03,0.05529579892754555
3f9a3843-6a82-47d1-b5a4-659bfd31e3d8,0.05,0.08,0.07539353519678116
3f9a3843-6a82-47d1-b5a4-659bfd31e3d8,0.05,0.13,0.07326705753803253
3f9a3843-6a82-47d1-b5a4-659bfd31e3d8,0.05,0.18000000000000002,0.06775149703025818
3f9a3843-6a82-47d1-b5a4-659bfd31e3d8,0.05,0.23,0.07448717951774597
3f9a3843-6a82-47d1-b5a4-659bfd31e3d8,0.1,0.03,0.04214523732662201
3f9a3843-6a82-47d1-b5a4-659bfd31e3d8,0.1,0.08,0.051586370915174484
3f9a3843-6a82-47d1-b5a4-659bfd31e3d8,0.1,0.13,0.05995604768395424
3f9a3843-6a82-47d1-b5a4-659bfd31e3d8,0.1,0.18000000000000002,0.07225952297449112
3f9a3843-6a82-47d1-b5a4-659bfd31e3d8,0.1,0.23,0.07745417207479477
3f9a3843-6a82-47d1-b5a4-659bfd31e3d8,0.15000000000000002,0.03,0.05409114435315132
3f9a3843-6a82-47d1-b5a4-659bfd31e3d8,0.15000000000000002,0.08,0.05368353798985481
3f9a3843-6a82-47d1-b5a4-659bfd31e3d8,0.15000000000000002,0.13,0.06375221908092499
3f9a3843-6a82-47d1-b5a4-659bfd31e3d8,0.15000000000000002,0.18000000000000002,0.07004386931657791
3f9a3843-6a82-47d1-b5a4-659bfd31e3d8,0.15000000000000002,0.23,0.07138765603303909
3f9a3843-6a82-47d1-b5a4-659bfd31e3d8,0.2,0.03,0.044589217752218246
3f9a3843-6a82-47d1-b5a4-659bfd31e3d8,0.2,0.08,0.06454365700483322
3f9a3843-6a82-47d1-b5a4-659bfd31e3d8,0.2,0.13,0.06619185954332352
3f9a3843-6a82-47d1-b5a4-659bfd31e3d8,0.2,0.18000000000000002,0.07174766063690186
3f9a3843-6a82-47d1-b5a4-659bfd31e3d8,0.2,0.23,0.0636865422129631
3f9a3843-6a82-47d1-b5a4-659bfd31e3d8,0.25,0.03,0.046905532479286194
3f9a3843-6a82-47d1-b5a4-659bfd31e3d8,0.25,0.08,0.06389086693525314
3f9a3843-6a82-47d1-b5a4-659bfd31e3d8,0.25,0.13,0.06905274838209152
3f9a3843-6a82-47d1-b5a4-659bfd31e3d8,0.25,0.18000000000000002,0.07149423658847809
3f9a3843-6a82-47d1-b5a4-659bfd31e3d8,0.25,0.23,0.06182439252734184
3f9a3843-6a82-47d1-b5a4-659bfd31e3d8,0.30000000000000004,0.03,0.045386459678411484
3f9a3843-6a82-47d1-b5a4-659bfd31e3d8,0.30000000000000004,0.08,0.05662795156240463
3f9a3843-6a82-47d1-b5a4-659bfd31e3d8,0.30000000000000004,0.13,0.06499503552913666
3f9a3843-6a82-47d1-b5a4-659bfd31e3d8,0.30000000000000004,0.18000000000000002,0.0641511082649231
3f9a3843-6a82-47d1-b5a4-659bfd31e3d8,0.30000000000000004,0.23,0.06710147112607956
3f9f8fcf-1ba1-44e1-93bf-dab61a16f934,0.0,0.03,0.05067622289061546
3f9f8fcf-1ba1-44e1-93bf-dab61a16f934,0.0,0.08,0.06806671619415283
3f9f8fcf-1ba1-44e1-93bf-dab61a16f934,0.0,0.13,0.07546615600585938
3f9f8fcf-1ba1-44e1-93bf-dab61a16f934,0.0,0.18000000000000002,0.086276113986969
3f9f8fcf-1ba1-44e1-93bf-dab61a16f934,0.0,0.23,0.08920502662658691
3f9f8fcf-1ba1-44e1-93bf-dab61a16f934,0.01,0.03,0.05754086375236511
3f9f8fcf-1ba1-44e1-93bf-dab61a16f934,0.01,0.08,0.07398225367069244
3f9f8fcf-1ba1-44e1-93bf-dab61a16f934,0.01,0.13,0.07647713273763657
3f9f8fcf-1ba1-44e1-93bf-dab61a16f934,0.01,0.18000000000000002,0.08446131646633148
3f9f8fcf-1ba1-44e1-93bf-dab61a16f934,0.01,0.23,0.08986347913742065
3f9f8fcf-1ba1-44e1-93bf-dab61a16f934,0.02,0.03,0.052550263702869415
3f9f8fcf-1ba1-44e1-93bf-dab61a16f934,0.02,0.08,0.06337612867355347
3f9f8fcf-1ba1-44e1-93bf-dab61a16f934,0.02,0.13,0.07085883617401123
3f9f8fcf-1ba1-44e1-93bf-dab61a16f934,0.02,0.18000000000000002,0.07677049189805984
3f9f8fcf-1ba1-44e1-93bf-dab61a16f934,0.02,0.23,0.08486302196979523
3f9f8fcf-1ba1-44e1-93bf-dab61a16f934,0.03,0.03,0.05630883574485779
3f9f8fcf-1ba1-44e1-93bf-dab61a16f934,0.03,0.08,0.05961209163069725
3f9f8fcf-1ba1-44e1-93bf-dab61a16f934,0.03,0.13,0.07257294654846191
3f9f8fcf-1ba1-44e1-93bf-dab61a16f934,0.03,0.18000000000000002,0.07615512609481812
3f9f8fcf-1ba1-44e1-93bf-dab61a16f934,0.03,0.23,0.08532486855983734
3f9f8fcf-1ba1-44e1-93bf-dab61a16f934,0.04,0.03,0.05186470225453377
3f9f8fcf-1ba1-44e1-93bf-dab61a16f934,0.04,0.08,0.0677553042769432
3f9f8fcf-1ba1-44e1-93bf-dab61a16f934,0.05,0.03,0.04909145459532738
3f9f8fcf-1ba1-44e1-93bf-dab61a16f934,0.05,0.08,0.0625632107257843
3f9f8fcf-1ba1-44e1-93bf-dab61a16f934,0.05,0.13,0.07483718544244766
3f9f8fcf-1ba1-44e1-93bf-dab61a16f934,0.05,0.18000000000000002,0.0770120769739151
3f9f8fcf-1ba1-44e1-93bf-dab61a16f934,0.05,0.23,0.08449329435825348
3f9f8fcf-1ba1-44e1-93bf-dab61a16f934,0.1,0.03,0.04818082973361015
3f9f8fcf-1ba1-44e1-93bf-dab61a16f934,0.1,0.08,0.0658765509724617
3f9f8fcf-1ba1-44e1-93bf-dab61a16f934,0.1,0.13,0.06804931908845901
3f9f8fcf-1ba1-44e1-93bf-dab61a16f934,0.1,0.18000000000000002,0.07653201371431351
3f9f8fcf-1ba1-44e1-93bf-dab61a16f934,0.1,0.23,0.07942231744527817
3f9f8fcf-1ba1-44e1-93bf-dab61a16f934,0.15000000000000002,0.03,0.05208056420087814
3f9f8fcf-1ba1-44e1-93bf-dab61a16f934,0.15000000000000002,0.08,0.06582663953304291
3f9f8fcf-1ba1-44e1-93bf-dab61a16f934,0.15000000000000002,0.13,0.06823334097862244
3f9f8fcf-1ba1-44e1-93bf-dab61a16f934,0.15000000000000002,0.18000000000000002,0.06849800795316696
3f9f8fcf-1ba1-44e1-93bf-dab61a16f934,0.15000000000000002,0.23,0.0673617497086525
3f9f8fcf-1ba1-44e1-93bf-dab61a16f934,0.2,0.03,0.04908960312604904
3f9f8fcf-1ba1-44e1-93bf-dab61a16f934,0.2,0.08,0.05631623789668083
3f9f8fcf-1ba1-44e1-93bf-dab61a16f934,0.2,0.13,0.06075730174779892
3f9f8fcf-1ba1-44e1-93bf-dab61a16f934,0.2,0.18000000000000002,0.06627970188856125
3f9f8fcf-1ba1-44e1-93bf-dab61a16f934,0.2,0.23,0.07522556185722351
3f9f8fcf-1ba1-44e1-93bf-dab61a16f934,0.25,0.03,0.05423333868384361
3f9f8fcf-1ba1-44e1-93bf-dab61a16f934,0.25,0.08,0.061330631375312805
3f9f8fcf-1ba1-44e1-93bf-dab61a16f934,0.25,0.13,0.06529955565929413
3f9f8fcf-1ba1-44e1-93bf-dab61a16f934,0.25,0.18000000000000002,0.0737033262848854
3f9f8fcf-1ba1-44e1-93bf-dab61a16f934,0.25,0.23,0.06970672309398651
3f9f8fcf-1ba1-44e1-93bf-dab61a16f934,0.30000000000000004,0.03,0.055716417729854584
3f9f8fcf-1ba1-44e1-93bf-dab61a16f934,0.30000000000000004,0.08,0.06088497117161751
3f9f8fcf-1ba1-44e1-93bf-dab61a16f934,0.30000000000000004,0.13,0.07188675552606583
3f9f8fcf-1ba1-44e1-93bf-dab61a16f934,0.30000000000000004,0.18000000000000002,0.06824749708175659
3f9f8fcf-1ba1-44e1-93bf-dab61a16f934,0.30000000000000004,0.23,0.06719642132520676
40029c3a-df9e-41b6-aa39-4a920c718754,0.0,0.03,0.05534280091524124
40029c3a-df9e-41b6-aa39-4a920c718754,0.0,0.08,0.06594802439212799
40029c3a-df9e-41b6-aa39-4a920c718754,0.0,0.13,0.06707131862640381
40029c3a-df9e-41b6-aa39-4a920c718754,0.0,0.18000000000000002,0.07447341829538345
40029c3a-df9e-41b6-aa39-4a920c718754,0.0,0.23,0.07552918046712875
40029c3a-df9e-41b6-aa39-4a920c718754,0.01,0.03,0.047853678464889526
40029c3a-df9e-41b6-aa39-4a920c718754,0.01,0.08,0.06672804802656174
40029c3a-df9e-41b6-aa39-4a920c718754,0.01,0.13,0.06799714267253876
40029c3a-df9e-41b6-aa39-4a920c718754,0.01,0.18000000000000002,0.0764695554971695
40029c3a-df9e-41b6-aa39-4a920c718754,0.01,0.23,0.07632850110530853
40029c3a-df9e-41b6-aa39-4a920c718754,0.02,0.03,0.0472368448972702
40029c3a-df9e-41b6-aa39-4a920c718754,0.02,0.08,0.060984499752521515
40029c3a-df9e-41b6-aa39-4a920c718754,0.02,0.13,0.0736798495054245
40029c3a-df9e-41b6-aa39-4a920c718754,0.02,0.18000000000000002,0.0764501690864563
40029c3a-df9e-41b6-aa39-4a920c718754,0.02,0.23,0.07706504315137863
40029c3a-df9e-41b6-aa39-4a920c718754,0.03,0.03,0.05241180583834648
40029c3a-df9e-41b6-aa39-4a920c718754,0.03,0.08,0.06633107364177704
40029c3a-df9e-41b6-aa39-4a920c718754,0.03,0.13,0.07684489339590073
40029c3a-df9e-41b6-aa39-4a920c718754,0.03,0.18000000000000002,0.07670217007398605
40029c3a-df9e-41b6-aa39-4a920c718754,0.03,0.23,0.07846011966466904
40029c3a-df9e-41b6-aa39-4a920c718754,0.04,0.03,0.04992213845252991
40029c3a-df9e-41b6-aa39-4a920c718754,0.04,0.08,0.06660999357700348
40029c3a-df9e-41b6-aa39-4a920c718754,0.05,0.03,0.052527785301208496
40029c3a-df9e-41b6-aa39-4a920c718754,0.05,0.08,0.06941038370132446
40029c3a-df9e-41b6-aa39-4a920c718754,0.05,0.13,0.08037753403186798
40029c3a-df9e-41b6-aa39-4a920c718754,0.05,0.18000000000000002,0.0788174420595169
40029c3a-df9e-41b6-aa39-4a920c718754,0.05,0.23,0.07944870740175247
40029c3a-df9e-41b6-aa39-4a920c718754,0.1,0.03,0.05446711555123329
40029c3a-df9e-41b6-aa39-4a920c718754,0.1,0.08,0.07377263903617859
40029c3a-df9e-41b6-aa39-4a920c718754,0.1,0.13,0.07096902281045914
40029c3a-df9e-41b6-aa39-4a920c718754,0.1,0.18000000000000002,0.0708676129579544
40029c3a-df9e-41b6-aa39-4a920c718754,0.1,0.23,0.06507901102304459
40029c3a-df9e-41b6-aa39-4a920c718754,0.15000000000000002,0.03,0.05263486132025719
40029c3a-df9e-41b6-aa39-4a920c718754,0.15000000000000002,0.08,0.06372960656881332
40029c3a-df9e-41b6-aa39-4a920c718754,0.15000000000000002,0.13,0.07473328709602356
40029c3a-df9e-41b6-aa39-4a920c718754,0.15000000000000002,0.18000000000000002,0.07121163606643677
40029c3a-df9e-41b6-aa39-4a920c718754,0.15000000000000002,0.23,0.06606585532426834
40029c3a-df9e-41b6-aa39-4a920c718754,0.2,0.03,0.04974294453859329
40029c3a-df9e-41b6-aa39-4a920c718754,0.2,0.08,0.06545813381671906
40029c3a-df9e-41b6-aa39-4a920c718754,0.2,0.13,0.06330551207065582
40029c3a-df9e-41b6-aa39-4a920c718754,0.2,0.18000000000000002,0.06322319060564041
40029c3a-df9e-41b6-aa39-4a920c718754,0.2,0.23,0.057520072907209396
40029c3a-df9e-41b6-aa39-4a920c718754,0.25,0.03,0.05210183188319206
40029c3a-df9e-41b6-aa39-4a920c718754,0.25,0.08,0.06064074859023094
40029c3a-df9e-41b6-aa39-4a920c718754,0.25,0.13,0.06624113023281097
40029c3a-df9e-41b6-aa39-4a920c718754,0.25,0.18000000000000002,0.06756866723299026
40029c3a-df9e-41b6-aa39-4a920c718754,0.25,0.23,0.06348691880702972
40029c3a-df9e-41b6-aa39-4a920c718754,0.30000000000000004,0.03,0.051863379776477814
40029c3a-df9e-41b6-aa39-4a920c718754,0.30000000000000004,0.08,0.060631413012742996
40029c3a-df9e-41b6-aa39-4a920c718754,0.30000000000000004,0.13,0.06260539591312408
40029c3a-df9e-41b6-aa39-4a920c718754,0.30000000000000004,0.18000000000000002,0.06553179025650024
40029c3a-df9e-41b6-aa39-4a920c718754,0.30000000000000004,0.23,0.06952479481697083
40b2d240-86ef-4883-95df-7c16f9f97f48,0.0,0.03,0.06448375433683395
40b2d240-86ef-4883-95df-7c16f9f97f48,0.0,0.08,0.07339100539684296
40b2d240-86ef-4883-95df-7c16f9f97f48,0.0,0.13,0.08098559826612473
40b2d240-86ef-4883-95df-7c16f9f97f48,0.0,0.18000000000000002,0.0786917582154274
40b2d240-86ef-4883-95df-7c16f9f97f48,0.0,0.23,0.0749705359339714
40b2d240-86ef-4883-95df-7c16f9f97f48,0.01,0.03,0.06012699007987976
40b2d240-86ef-4883-95df-7c16f9f97f48,0.01,0.08,0.07372337579727173
40b2d240-86ef-4883-95df-7c16f9f97f48,0.01,0.13,0.07747996598482132
40b2d240-86ef-4883-95df-7c16f9f97f48,0.01,0.18000000000000002,0.07873225212097168
40b2d240-86ef-4883-95df-7c16f9f97f48,0.01,0.23,0.07306743413209915
40b2d240-86ef-4883-95df-7c16f9f97f48,0.02,0.03,0.06497105956077576
40b2d240-86ef-4883-95df-7c16f9f97f48,0.02,0.08,0.07676166296005249
40b2d240-86ef-4883-95df-7c16f9f97f48,0.02,0.13,0.07862719893455505
40b2d240-86ef-4883-95df-7c16f9f97f48,0.02,0.18000000000000002,0.07848135381937027
40b2d240-86ef-4883-95df-7c16f9f97f48,0.02,0.23,0.07336147129535675
40b2d240-86ef-4883-95df-7c16f9f97f48,0.03,0.03,0.06129534915089607
40b2d240-86ef-4883-95df-7c16f9f97f48,0.03,0.08,0.07803954184055328
40b2d240-86ef-4883-95df-7c16f9f97f48,0.03,0.13,0.08115807175636292
40b2d240-86ef-4883-95df-7c16f9f97f48,0.03,0.18000000000000002,0.07838492095470428
40b2d240-86ef-4883-95df-7c16f9f97f48,0.03,0.23,0.0741657167673111
40b2d240-86ef-4883-95df-7c16f9f97f48,0.04,0.03,0.05913808196783066
40b2d240-86ef-4883-95df-7c16f9f97f48,0.04,0.08,0.0775768980383873
40b2d240-86ef-4883-95df-7c16f9f97f48,0.05,0.03,0.05891888588666916
40b2d240-86ef-4883-95df-7c16f9f97f48,0.05,0.08,0.0787038505077362
40b2d240-86ef-4883-95df-7c16f9f97f48,0.05,0.13,0.07642467319965363
40b2d240-86ef-4883-95df-7c16f9f97f48,0.05,0.18000000000000002,0.0733737125992775
40b2d240-86ef-4883-95df-7c16f9f97f48,0.05,0.23,0.06994960457086563
40b2d240-86ef-4883-95df-7c16f9f97f48,0.1,0.03,0.06194633990526199
40b2d240-86ef-4883-95df-7c16f9f97f48,0.1,0.08,0.06992148607969284
40b2d240-86ef-4883-95df-7c16f9f97f48,0.1,0.13,0.0667203739285469
40b2d240-86ef-4883-95df-7c16f9f97f48,0.1,0.18000000000000002,0.07668408006429672
40b2d240-86ef-4883-95df-7c16f9f97f48,0.1,0.23,0.0746728852391243
40b2d240-86ef-4883-95df-7c16f9f97f48,0.15000000000000002,0.03,0.05990910902619362
40b2d240-86ef-4883-95df-7c16f9f97f48,0.15000000000000002,0.08,0.08029878884553909
40b2d240-86ef-4883-95df-7c16f9f97f48,0.15000000000000002,0.13,0.08997032791376114
40b2d240-86ef-4883-95df-7c16f9f97f48,0.15000000000000002,0.18000000000000002,0.08604747802019119
40b2d240-86ef-4883-95df-7c16f9f97f48,0.15000000000000002,0.23,0.08285507559776306
40b2d240-86ef-4883-95df-7c16f9f97f48,0.2,0.03,0.07052894681692123
40b2d240-86ef-4883-95df-7c16f9f97f48,0.2,0.08,0.08956047892570496
40b2d240-86ef-4883-95df-7c16f9f97f48,0.2,0.13,0.08544488251209259
40b2d240-86ef-4883-95df-7c16f9f97f48,0.2,0.18000000000000002,0.08269497752189636
40b2d240-86ef-4883-95df-7c16f9f97f48,0.2,0.23,0.07658907026052475
40b2d240-86ef-4883-95df-7c16f9f97f48,0.25,0.03,0.06859695166349411
40b2d240-86ef-4883-95df-7c16f9f97f48,0.25,0.08,0.07335525006055832
40b2d240-86ef-4883-95df-7c16f9f97f48,0.25,0.13,0.07387065142393112
40b2d240-86ef-4883-95df-7c16f9f97f48,0.25,0.18000000000000002,0.06719309836626053
40b2d240-86ef-4883-95df-7c16f9f97f48,0.25,0.23,0.06786493211984634
40b2d240-86ef-4883-95df-7c16f9f97f48,0.30000000000000004,0.03,0.05575261265039444
40b2d240-86ef-4883-95df-7c16f9f97f48,0.30000000000000004,0.08,0.06543061882257462
40b2d240-86ef-4883-95df-7c16f9f97f48,0.30000000000000004,0.13,0.06582272052764893
40b2d240-86ef-4883-95df-7c16f9f97f48,0.30000000000000004,0.18000000000000002,0.06925990432500839
40b2d240-86ef-4883-95df-7c16f9f97f48,0.30000000000000004,0.23,0.06730130314826965
40d34657-0718-4b76-b46c-bd218fa69dfc,0.0,0.03,0.056688398122787476
40d34657-0718-4b76-b46c-bd218fa69dfc,0.0,0.08,0.09185630828142166
40d34657-0718-4b76-b46c-bd218fa69dfc,0.0,0.13,0.10432963818311691
40d34657-0718-4b76-b46c-bd218fa69dfc,0.0,0.18000000000000002,0.10471141338348389
40d34657-0718-4b76-b46c-bd218fa69dfc,0.0,0.23,0.09383827447891235
40d34657-0718-4b76-b46c-bd218fa69dfc,0.01,0.03,0.05615304410457611
40d34657-0718-4b76-b46c-bd218fa69dfc,0.01,0.08,0.08538796007633209
40d34657-0718-4b76-b46c-bd218fa69dfc,0.01,0.13,0.09452947974205017
40d34657-0718-4b76-b46c-bd218fa69dfc,0.01,0.18000000000000002,0.09122660011053085
40d34657-0718-4b76-b46c-bd218fa69dfc,0.01,0.23,0.08285552263259888
40d34657-0718-4b76-b46c-bd218fa69dfc,0.02,0.03,0.06255286186933517
40d34657-0718-4b76-b46c-bd218fa69dfc,0.02,0.08,0.09051663428544998
40d34657-0718-4b76-b46c-bd218fa69dfc,0.02,0.13,0.0946577712893486
40d34657-0718-4b76-b46c-bd218fa69dfc,0.02,0.18000000000000002,0.08789043873548508
40d34657-0718-4b76-b46c-bd218fa69dfc,0.02,0.23,0.0798470750451088
40d34657-0718-4b76-b46c-bd218fa69dfc,0.03,0.03,0.0666574090719223
40d34657-0718-4b76-b46c-bd218fa69dfc,0.03,0.08,0.09373321384191513
40d34657-0718-4b76-b46c-bd218fa69dfc,0.03,0.13,0.0927523523569107
40d34657-0718-4b76-b46c-bd218fa69dfc,0.03,0.18000000000000002,0.08626513928174973
40d34657-0718-4b76-b46c-bd218fa69dfc,0.03,0.23,0.07718462496995926
40d34657-0718-4b76-b46c-bd218fa69dfc,0.04,0.03,0.07754997909069061
40d34657-0718-4b76-b46c-bd218fa69dfc,0.04,0.08,0.09066417813301086
40d34657-0718-4b76-b46c-bd218fa69dfc,0.05,0.03,0.08373008668422699
40d34657-0718-4b76-b46c-bd218fa69dfc,0.05,0.08,0.09838059544563293
40d34657-0718-4b76-b46c-bd218fa69dfc,0.05,0.13,0.09634996950626373
40d34657-0718-4b76-b46c-bd218fa69dfc,0.05,0.18000000000000002,0.08323650062084198
40d34657-0718-4b76-b46c-bd218fa69dfc,0.05,0.23,0.07854777574539185
40d34657-0718-4b76-b46c-bd218fa69dfc,0.1,0.03,0.06284741312265396
40d34657-0718-4b76-b46c-bd218fa69dfc,0.1,0.08,0.07663726061582565
40d34657-0718-4b76-b46c-bd218fa69dfc,0.1,0.13,0.0775911957025528
40d34657-0718-4b76-b46c-bd218fa69dfc,0.1,0.18000000000000002,0.06848318874835968
40d34657-0718-4b76-b46c-bd218fa69dfc,0.1,0.23,0.07263559103012085
40d34657-0718-4b76-b46c-bd218fa69dfc,0.15000000000000002,0.03,0.05912170186638832
40d34657-0718-4b76-b46c-bd218fa69dfc,0.15000000000000002,0.08,0.06626275181770325
40d34657-0718-4b76-b46c-bd218fa69dfc,0.15000000000000002,0.13,0.06350645422935486
40d34657-0718-4b76-b46c-bd218fa69dfc,0.15000000000000002,0.18000000000000002,0.06782981753349304
40d34657-0718-4b76-b46c-bd218fa69dfc,0.15000000000000002,0.23,0.0673876404762268
40d34657-0718-4b76-b46c-bd218fa69dfc,0.2,0.03,0.05053739249706268
40d34657-0718-4b76-b46c-bd218fa69dfc,0.2,0.08,0.058087434619665146
40d34657-0718-4b76-b46c-bd218fa69dfc,0.2,0.13,0.06395681202411652
40d34657-0718-4b76-b46c-bd218fa69dfc,0.2,0.18000000000000002,0.06206437200307846
40d34657-0718-4b76-b46c-bd218fa69dfc,0.2,0.23,0.061566609889268875
40d34657-0718-4b76-b46c-bd218fa69dfc,0.25,0.03,0.047442734241485596
40d34657-0718-4b76-b46c-bd218fa69dfc,0.25,0.08,0.06859047710895538
40d34657-0718-4b76-b46c-bd218fa69dfc,0.25,0.13,0.06328049302101135
40d34657-0718-4b76-b46c-bd218fa69dfc,0.25,0.18000000000000002,0.06219014897942543
40d34657-0718-4b76-b46c-bd218fa69dfc,0.25,0.23,0.06426631659269333
40d34657-0718-4b76-b46c-bd218fa69dfc,0.30000000000000004,0.03,0.05686405673623085
40d34657-0718-4b76-b46c-bd218fa69dfc,0.30000000000000004,0.08,0.06066073104739189
40d34657-0718-4b76-b46c-bd218fa69dfc,0.30000000000000004,0.13,0.06513804197311401
40d34657-0718-4b76-b46c-bd218fa69dfc,0.30000000000000004,0.18000000000000002,0.06601140648126602
40d34657-0718-4b76-b46c-bd218fa69dfc,0.30000000000000004,0.23,0.06365443021059036
40f1a7e8-b208-4f85-b37e-710f2316703e,0.0,0.03,0.17441289126873016
40f1a7e8-b208-4f85-b37e-710f2316703e,0.0,0.08,0.22699089348316193
40f1a7e8-b208-4f85-b37e-710f2316703e,0.0,0.13,0.18512454628944397
40f1a7e8-b208-4f85-b37e-710f2316703e,0.0,0.18000000000000002,0.16990259289741516
40f1a7e8-b208-4f85-b37e-710f2316703e,0.0,0.23,0.14891652762889862
40f1a7e8-b208-4f85-b37e-710f2316703e,0.01,0.03,0.17622216045856476
40f1a7e8-b208-4f85-b37e-710f2316703e,0.01,0.08,0.20302465558052063
40f1a7e8-b208-4f85-b37e-710f2316703e,0.01,0.13,0.1683846116065979
40f1a7e8-b208-4f85-b37e-710f2316703e,0.01,0.18000000000000002,0.16061481833457947
40f1a7e8-b208-4f85-b37e-710f2316703e,0.01,0.23,0.142277330160141
40f1a7e8-b208-4f85-b37e-710f2316703e,0.02,0.03,0.18258465826511383
40f1a7e8-b208-4f85-b37e-710f2316703e,0.02,0.08,0.15521535277366638
40f1a7e8-b208-4f85-b37e-710f2316703e,0.02,0.13,0.16111531853675842
40f1a7e8-b208-4f85-b37e-710f2316703e,0.02,0.18000000000000002,0.1451757699251175
40f1a7e8-b208-4f85-b37e-710f2316703e,0.02,0.23,0.12514084577560425
40f1a7e8-b208-4f85-b37e-710f2316703e,0.03,0.03,0.14266227185726166
40f1a7e8-b208-4f85-b37e-710f2316703e,0.03,0.08,0.13864527642726898
40f1a7e8-b208-4f85-b37e-710f2316703e,0.03,0.13,0.13807141780853271
40f1a7e8-b208-4f85-b37e-710f2316703e,0.03,0.18000000000000002,0.12683086097240448
40f1a7e8-b208-4f85-b37e-710f2316703e,0.03,0.23,0.10914085060358047
40f1a7e8-b208-4f85-b37e-710f2316703e,0.04,0.03,0.10196394473314285
40f1a7e8-b208-4f85-b37e-710f2316703e,0.04,0.08,0.12307978421449661
40f1a7e8-b208-4f85-b37e-710f2316703e,0.05,0.03,0.09230438619852066
40f1a7e8-b208-4f85-b37e-710f2316703e,0.05,0.08,0.09550149738788605
40f1a7e8-b208-4f85-b37e-710f2316703e,0.05,0.13,0.09890931099653244
40f1a7e8-b208-4f85-b37e-710f2316703e,0.05,0.18000000000000002,0.08660164475440979
40f1a7e8-b208-4f85-b37e-710f2316703e,0.05,0.23,0.07948959618806839
40f1a7e8-b208-4f85-b37e-710f2316703e,0.1,0.03,0.061358656734228134
40f1a7e8-b208-4f85-b37e-710f2316703e,0.1,0.08,0.07589046657085419
40f1a7e8-b208-4f85-b37e-710f2316703e,0.1,0.13,0.07506991177797318
40f1a7e8-b208-4f85-b37e-710f2316703e,0.1,0.18000000000000002,0.06843959540128708
40f1a7e8-b208-4f85-b37e-710f2316703e,0.1,0.23,0.07370562106370926
40f1a7e8-b208-4f85-b37e-710f2316703e,0.15000000000000002,0.03,0.048064976930618286
40f1a7e8-b208-4f85-b37e-710f2316703e,0.15000000000000002,0.08,0.059336431324481964
40f1a7e8-b208-4f85-b37e-710f2316703e,0.15000000000000002,0.13,0.06518498063087463
40f1a7e8-b208-4f85-b37e-710f2316703e,0.15000000000000002,0.18000000000000002,0.06894781440496445
40f1a7e8-b208-4f85-b37e-710f2316703e,0.15000000000000002,0.23,0.07463451474905014
40f1a7e8-b208-4f85-b37e-710f2316703e,0.2,0.03,0.04813433438539505
40f1a7e8-b208-4f85-b37e-710f2316703e,0.2,0.08,0.06143001839518547
40f1a7e8-b208-4f85-b37e-710f2316703e,0.2,0.13,0.06094295158982277
40f1a7e8-b208-4f85-b37e-710f2316703e,0.2,0.18000000000000002,0.06708429008722305
40f1a7e8-b208-4f85-b37e-710f2316703e,0.2,0.23,0.07391730695962906
40f1a7e8-b208-4f85-b37e-710f2316703e,0.25,0.03,0.050065506249666214
40f1a7e8-b208-4f85-b37e-710f2316703e,0.25,0.08,0.055617064237594604
40f1a7e8-b208-4f85-b37e-710f2316703e,0.25,0.13,0.06389924883842468
40f1a7e8-b208-4f85-b37e-710f2316703e,0.25,0.18000000000000002,0.06650442630052567
40f1a7e8-b208-4f85-b37e-710f2316703e,0.25,0.23,0.06621840596199036
40f1a7e8-b208-4f85-b37e-710f2316703e,0.30000000000000004,0.03,0.04575484246015549
40f1a7e8-b208-4f85-b37e-710f2316703e,0.30000000000000004,0.08,0.055204957723617554
40f1a7e8-b208-4f85-b37e-710f2316703e,0.30000000000000004,0.13,0.06467419862747192
40f1a7e8-b208-4f85-b37e-710f2316703e,0.30000000000000004,0.18000000000000002,0.06524155288934708
40f1a7e8-b208-4f85-b37e-710f2316703e,0.30000000000000004,0.23,0.05779315158724785
415f0a7e-18a3-40e8-a516-d80c745029b9,0.0,0.03,0.21256092190742493
415f0a7e-18a3-40e8-a516-d80c745029b9,0.0,0.08,0.2692524492740631
415f0a7e-18a3-40e8-a516-d80c745029b9,0.0,0.13,0.20757731795310974
415f0a7e-18a3-40e8-a516-d80c745029b9,0.0,0.18000000000000002,0.1770460456609726
415f0a7e-18a3-40e8-a516-d80c745029b9,0.0,0.23,0.1533990204334259
415f0a7e-18a3-40e8-a516-d80c745029b9,0.01,0.03,0.2106151580810547
415f0a7e-18a3-40e8-a516-d80c745029b9,0.01,0.08,0.23171816766262054
415f0a7e-18a3-40e8-a516-d80c745029b9,0.01,0.13,0.1587975174188614
415f0a7e-18a3-40e8-a516-d80c745029b9,0.01,0.18000000000000002,0.13978677988052368
415f0a7e-18a3-40e8-a516-d80c745029b9,0.01,0.23,0.12598620355129242
415f0a7e-18a3-40e8-a516-d80c745029b9,0.02,0.03,0.22058118879795074
415f0a7e-18a3-40e8-a516-d80c745029b9,0.02,0.08,0.16990694403648376
415f0a7e-18a3-40e8-a516-d80c745029b9,0.02,0.13,0.13332732021808624
415f0a7e-18a3-40e8-a516-d80c745029b9,0.02,0.18000000000000002,0.1259879320859909
415f0a7e-18a3-40e8-a516-d80c745029b9,0.02,0.23,0.10913817584514618
415f0a7e-18a3-40e8-a516-d80c745029b9,0.03,0.03,0.17190894484519958
415f0a7e-18a3-40e8-a516-d80c745029b9,0.03,0.08,0.12795794010162354
415f0a7e-18a3-40e8-a516-d80c745029b9,0.03,0.13,0.10802039504051208
415f0a7e-18a3-40e8-a516-d80c745029b9,0.03,0.18000000000000002,0.1008005142211914
415f0a7e-18a3-40e8-a516-d80c745029b9,0.03,0.23,0.08832480013370514
415f0a7e-18a3-40e8-a516-d80c745029b9,0.04,0.03,0.11217605322599411
415f0a7e-18a3-40e8-a516-d80c745029b9,0.04,0.08,0.10652559250593185
415f0a7e-18a3-40e8-a516-d80c745029b9,0.05,0.03,0.10974748432636261
415f0a7e-18a3-40e8-a516-d80c745029b9,0.05,0.08,0.07978186011314392
415f0a7e-18a3-40e8-a516-d80c745029b9,0.05,0.13,0.0725601464509964
415f0a7e-18a3-40e8-a516-d80c745029b9,0.05,0.18000000000000002,0.06658238917589188
415f0a7e-18a3-40e8-a516-d80c745029b9,0.05,0.23,0.061517275869846344
415f0a7e-18a3-40e8-a516-d80c745029b9,0.1,0.03,0.05594015493988991
415f0a7e-18a3-40e8-a516-d80c745029b9,0.1,0.08,0.05841469019651413
415f0a7e-18a3-40e8-a516-d80c745029b9,0.1,0.13,0.06314458698034286
415f0a7e-18a3-40e8-a516-d80c745029b9,0.1,0.18000000000000002,0.06636358797550201
415f0a7e-18a3-40e8-a516-d80c745029b9,0.1,0.23,0.07470201700925827
415f0a7e-18a3-40e8-a516-d80c745029b9,0.15000000000000002,0.03,0.051996272057294846
415f0a7e-18a3-40e8-a516-d80c745029b9,0.15000000000000002,0.08,0.05317126587033272
415f0a7e-18a3-40e8-a516-d80c745029b9,0.15000000000000002,0.13,0.058880098164081573
415f0a7e-18a3-40e8-a516-d80c745029b9,0.15000000000000002,0.18000000000000002,0.07056306302547455
415f0a7e-18a3-40e8-a516-d80c745029b9,0.15000000000000002,0.23,0.06206640973687172
415f0a7e-18a3-40e8-a516-d80c745029b9,0.2,0.03,0.048259519040584564
415f0a7e-18a3-40e8-a516-d80c745029b9,0.2,0.08,0.05072223022580147
415f0a7e-18a3-40e8-a516-d80c745029b9,0.2,0.13,0.06598632782697678
415f0a7e-18a3-40e8-a516-d80c745029b9,0.2,0.18000000000000002,0.0697609931230545
415f0a7e-18a3-40e8-a516-d80c745029b9,0.2,0.23,0.07951570302248001
415f0a7e-18a3-40e8-a516-d80c745029b9,0.25,0.03,0.048568177968263626
415f0a7e-18a3-40e8-a516-d80c745029b9,0.25,0.08,0.06782989203929901
415f0a7e-18a3-40e8-a516-d80c745029b9,0.25,0.13,0.06874676793813705
415f0a7e-18a3-40e8-a516-d80c745029b9,0.25,0.18000000000000002,0.07838357239961624
415f0a7e-18a3-40e8-a516-d80c745029b9,0.25,0.23,0.08789341896772385
415f0a7e-18a3-40e8-a516-d80c745029b9,0.30000000000000004,0.03,0.046779051423072815
415f0a7e-18a3-40e8-a516-d80c745029b9,0.30000000000000004,0.08,0.07309700548648834
415f0a7e-18a3-40e8-a516-d80c745029b9,0.30000000000000004,0.13,0.0803857073187828
415f0a7e-18a3-40e8-a516-d80c745029b9,0.30000000000000004,0.18000000000000002,0.08517084270715714
415f0a7e-18a3-40e8-a516-d80c745029b9,0.30000000000000004,0.23,0.0750323235988617
41b21f10-359f-44c4-88c9-f6ee78be7c8a,0.0,0.03,0.04486405476927757
41b21f10-359f-44c4-88c9-f6ee78be7c8a,0.0,0.08,0.06533464789390564
41b21f10-359f-44c4-88c9-f6ee78be7c8a,0.0,0.13,0.06702768802642822
41b21f10-359f-44c4-88c9-f6ee78be7c8a,0.0,0.18000000000000002,0.06402759999036789
41b21f10-359f-44c4-88c9-f6ee78be7c8a,0.0,0.23,0.06303198635578156
41b21f10-359f-44c4-88c9-f6ee78be7c8a,0.01,0.03,0.044725771993398666
41b21f10-359f-44c4-88c9-f6ee78be7c8a,0.01,0.08,0.059427399188280106
41b21f10-359f-44c4-88c9-f6ee78be7c8a,0.01,0.13,0.06484496593475342
41b21f10-359f-44c4-88c9-f6ee78be7c8a,0.01,0.18000000000000002,0.06401173770427704
41b21f10-359f-44c4-88c9-f6ee78be7c8a,0.01,0.23,0.06488510221242905
41b21f10-359f-44c4-88c9-f6ee78be7c8a,0.02,0.03,0.05238733068108559
41b21f10-359f-44c4-88c9-f6ee78be7c8a,0.02,0.08,0.05901871621608734
41b21f10-359f-44c4-88c9-f6ee78be7c8a,0.02,0.13,0.06370534747838974
41b21f10-359f-44c4-88c9-f6ee78be7c8a,0.02,0.18000000000000002,0.061220236122608185
41b21f10-359f-44c4-88c9-f6ee78be7c8a,0.02,0.23,0.06628763675689697
41b21f10-359f-44c4-88c9-f6ee78be7c8a,0.03,0.03,0.05002427101135254
41b21f10-359f-44c4-88c9-f6ee78be7c8a,0.03,0.08,0.05968834087252617
41b21f10-359f-44c4-88c9-f6ee78be7c8a,0.03,0.13,0.05895098298788071
41b21f10-359f-44c4-88c9-f6ee78be7c8a,0.03,0.18000000000000002,0.06182672083377838
41b21f10-359f-44c4-88c9-f6ee78be7c8a,0.03,0.23,0.06547841429710388
41b21f10-359f-44c4-88c9-f6ee78be7c8a,0.04,0.03,0.051487140357494354
41b21f10-359f-44c4-88c9-f6ee78be7c8a,0.04,0.08,0.05861876159906387
41b21f10-359f-44c4-88c9-f6ee78be7c8a,0.05,0.03,0.05045732110738754
41b21f10-359f-44c4-88c9-f6ee78be7c8a,0.05,0.08,0.06029906123876572
41b21f10-359f-44c4-88c9-f6ee78be7c8a,0.05,0.13,0.061785317957401276
41b21f10-359f-44c4-88c9-f6ee78be7c8a,0.05,0.18000000000000002,0.06367139518260956
41b21f10-359f-44c4-88c9-f6ee78be7c8a,0.05,0.23,0.06755722314119339
41b21f10-359f-44c4-88c9-f6ee78be7c8a,0.1,0.03,0.049150239676237106
41b21f10-359f-44c4-88c9-f6ee78be7c8a,0.1,0.08,0.05621708929538727
41b21f10-359f-44c4-88c9-f6ee78be7c8a,0.1,0.13,0.06124141812324524
41b21f10-359f-44c4-88c9-f6ee78be7c8a,0.1,0.18000000000000002,0.06846989691257477
41b21f10-359f-44c4-88c9-f6ee78be7c8a,0.1,0.23,0.06872449815273285
41b21f10-359f-44c4-88c9-f6ee78be7c8a,0.15000000000000002,0.03,0.04739285260438919
41b21f10-359f-44c4-88c9-f6ee78be7c8a,0.15000000000000002,0.08,0.06588544696569443
41b21f10-359f-44c4-88c9-f6ee78be7c8a,0.15000000000000002,0.13,0.07428665459156036
41b21f10-359f-44c4-88c9-f6ee78be7c8a,0.15000000000000002,0.18000000000000002,0.07338167726993561
41b21f10-359f-44c4-88c9-f6ee78be7c8a,0.15000000000000002,0.23,0.06386531889438629
41b21f10-359f-44c4-88c9-f6ee78be7c8a,0.2,0.03,0.04811577498912811
41b21f10-359f-44c4-88c9-f6ee78be7c8a,0.2,0.08,0.06441448628902435
41b21f10-359f-44c4-88c9-f6ee78be7c8a,0.2,0.13,0.06457275152206421
41b21f10-359f-44c4-88c9-f6ee78be7c8a,0.2,0.18000000000000002,0.06254404783248901
41b21f10-359f-44c4-88c9-f6ee78be7c8a,0.2,0.23,0.06442555040121078
41b21f10-359f-44c4-88c9-f6ee78be7c8a,0.25,0.03,0.04791535809636116
41b21f10-359f-44c4-88c9-f6ee78be7c8a,0.25,0.08,0.05150961875915527
41b21f10-359f-44c4-88c9-f6ee78be7c8a,0.25,0.13,0.060413554310798645
41b21f10-359f-44c4-88c9-f6ee78be7c8a,0.25,0.18000000000000002,0.06830345839262009
41b21f10-359f-44c4-88c9-f6ee78be7c8a,0.25,0.23,0.06698979437351227
41b21f10-359f-44c4-88c9-f6ee78be7c8a,0.30000000000000004,0.03,0.044965196400880814
41b21f10-359f-44c4-88c9-f6ee78be7c8a,0.30000000000000004,0.08,0.06091038137674332
41b21f10-359f-44c4-88c9-f6ee78be7c8a,0.30000000000000004,0.13,0.07016299664974213
41b21f10-359f-44c4-88c9-f6ee78be7c8a,0.30000000000000004,0.18000000000000002,0.0678747296333313
41b21f10-359f-44c4-88c9-f6ee78be7c8a,0.30000000000000004,0.23,0.06216985732316971
428ab1a5-ef89-4d99-b287-51c474785f22,0.0,0.03,0.06873735040426254
428ab1a5-ef89-4d99-b287-51c474785f22,0.0,0.08,0.08311615884304047
428ab1a5-ef89-4d99-b287-51c474785f22,0.0,0.13,0.07778067886829376
428ab1a5-ef89-4d99-b287-51c474785f22,0.0,0.18000000000000002,0.08610984683036804
428ab1a5-ef89-4d99-b287-51c474785f22,0.0,0.23,0.08157548308372498
428ab1a5-ef89-4d99-b287-51c474785f22,0.01,0.03,0.05910661444067955
428ab1a5-ef89-4d99-b287-51c474785f22,0.01,0.08,0.08298017084598541
428ab1a5-ef89-4d99-b287-51c474785f22,0.01,0.13,0.08898875117301941
428ab1a5-ef89-4d99-b287-51c474785f22,0.01,0.18000000000000002,0.09210570901632309
428ab1a5-ef89-4d99-b287-51c474785f22,0.01,0.23,0.09003109484910965
428ab1a5-ef89-4d99-b287-51c474785f22,0.02,0.03,0.07973559945821762
428ab1a5-ef89-4d99-b287-51c474785f22,0.02,0.08,0.08539123833179474
428ab1a5-ef89-4d99-b287-51c474785f22,0.02,0.13,0.08653215318918228
428ab1a5-ef89-4d99-b287-51c474785f22,0.02,0.18000000000000002,0.08959508687257767
428ab1a5-ef89-4d99-b287-51c474785f22,0.02,0.23,0.0867481678724289
428ab1a5-ef89-4d99-b287-51c474785f22,0.03,0.03,0.08456463366746902
428ab1a5-ef89-4d99-b287-51c474785f22,0.03,0.08,0.07792119681835175
428ab1a5-ef89-4d99-b287-51c474785f22,0.03,0.13,0.08539269119501114
428ab1a5-ef89-4d99-b287-51c474785f22,0.03,0.18000000000000002,0.08949173986911774
428ab1a5-ef89-4d99-b287-51c474785f22,0.03,0.23,0.08558133989572525
428ab1a5-ef89-4d99-b287-51c474785f22,0.04,0.03,0.07531244307756424
428ab1a5-ef89-4d99-b287-51c474785f22,0.04,0.08,0.07877396792173386
428ab1a5-ef89-4d99-b287-51c474785f22,0.05,0.03,0.06419005990028381
428ab1a5-ef89-4d99-b287-51c474785f22,0.05,0.08,0.06802920997142792
428ab1a5-ef89-4d99-b287-51c474785f22,0.05,0.13,0.07831113040447235
428ab1a5-ef89-4d99-b287-51c474785f22,0.05,0.18000000000000002,0.0742337554693222
428ab1a5-ef89-4d99-b287-51c474785f22,0.05,0.23,0.0764298215508461
428ab1a5-ef89-4d99-b287-51c474785f22,0.1,0.03,0.055528946220874786
428ab1a5-ef89-4d99-b287-51c474785f22,0.1,0.08,0.07019364833831787
428ab1a5-ef89-4d99-b287-51c474785f22,0.1,0.13,0.0795932337641716
428ab1a5-ef89-4d99-b287-51c474785f22,0.1,0.18000000000000002,0.07983379065990448
428ab1a5-ef89-4d99-b287-51c474785f22,0.1,0.23,0.07071544975042343
428ab1a5-ef89-4d99-b287-51c474785f22,0.15000000000000002,0.03,0.05334584787487984
428ab1a5-ef89-4d99-b287-51c474785f22,0.15000000000000002,0.08,0.06805731356143951
428ab1a5-ef89-4d99-b287-51c474785f22,0.15000000000000002,0.13,0.07103901356458664
428ab1a5-ef89-4d99-b287-51c474785f22,0.15000000000000002,0.18000000000000002,0.06370632350444794
428ab1a5-ef89-4d99-b287-51c474785f22,0.15000000000000002,0.23,0.06521134823560715
428ab1a5-ef89-4d99-b287-51c474785f22,0.2,0.03,0.05751906335353851
428ab1a5-ef89-4d99-b287-51c474785f22,0.2,0.08,0.058563876897096634
428ab1a5-ef89-4d99-b287-51c474785f22,0.2,0.13,0.06676856428384781
428ab1a5-ef89-4d99-b287-51c474785f22,0.2,0.18000000000000002,0.06587664037942886
428ab1a5-ef89-4d99-b287-51c474785f22,0.2,0.23,0.06945840269327164
428ab1a5-ef89-4d99-b287-51c474785f22,0.25,0.03,0.05239838361740112
428ab1a5-ef89-4d99-b287-51c474785f22,0.25,0.08,0.052005209028720856
428ab1a5-ef89-4d99-b287-51c474785f22,0.25,0.13,0.06309132277965546
428ab1a5-ef89-4d99-b287-51c474785f22,0.25,0.18000000000000002,0.06812705844640732
428ab1a5-ef89-4d99-b287-51c474785f22,0.25,0.23,0.06612803786993027
428ab1a5-ef89-4d99-b287-51c474785f22,0.30000000000000004,0.03,0.04573351517319679
428ab1a5-ef89-4d99-b287-51c474785f22,0.30000000000000004,0.08,0.05780152976512909
428ab1a5-ef89-4d99-b287-51c474785f22,0.30000000000000004,0.13,0.06720776855945587
428ab1a5-ef89-4d99-b287-51c474785f22,0.30000000000000004,0.18000000000000002,0.06100401282310486
428ab1a5-ef89-4d99-b287-51c474785f22,0.30000000000000004,0.23,0.07133439183235168
42c9a3c6-2f70-48e4-8e65-744ec8a8c6a4,0.0,0.03,0.28201115131378174
42c9a3c6-2f70-48e4-8e65-744ec8a8c6a4,0.0,0.08,0.36721575260162354
42c9a3c6-2f70-48e4-8e65-744ec8a8c6a4,0.0,0.13,0.300008624792099
42c9a3c6-2f70-48e4-8e65-744ec8a8c6a4,0.0,0.18000000000000002,0.23520074784755707
42c9a3c6-2f70-48e4-8e65-744ec8a8c6a4,0.0,0.23,0.19746769964694977
42c9a3c6-2f70-48e4-8e65-744ec8a8c6a4,0.01,0.03,0.22476406395435333
42c9a3c6-2f70-48e4-8e65-744ec8a8c6a4,0.01,0.08,0.2663220763206482
42c9a3c6-2f70-48e4-8e65-744ec8a8c6a4,0.01,0.13,0.19322067499160767
42c9a3c6-2f70-48e4-8e65-744ec8a8c6a4,0.01,0.18000000000000002,0.15528348088264465
42c9a3c6-2f70-48e4-8e65-744ec8a8c6a4,0.01,0.23,0.13338658213615417
42c9a3c6-2f70-48e4-8e65-744ec8a8c6a4,0.02,0.03,0.23575206100940704
42c9a3c6-2f70-48e4-8e65-744ec8a8c6a4,0.02,0.08,0.23217543959617615
42c9a3c6-2f70-48e4-8e65-744ec8a8c6a4,0.02,0.13,0.17627006769180298
42c9a3c6-2f70-48e4-8e65-744ec8a8c6a4,0.02,0.18000000000000002,0.13499145209789276
42c9a3c6-2f70-48e4-8e65-744ec8a8c6a4,0.02,0.23,0.11790834367275238
42c9a3c6-2f70-48e4-8e65-744ec8a8c6a4,0.03,0.03,0.23036178946495056
42c9a3c6-2f70-48e4-8e65-744ec8a8c6a4,0.03,0.08,0.18068939447402954
42c9a3c6-2f70-48e4-8e65-744ec8a8c6a4,0.03,0.13,0.1391957551240921
42c9a3c6-2f70-48e4-8e65-744ec8a8c6a4,0.03,0.18000000000000002,0.1093885600566864
42c9a3c6-2f70-48e4-8e65-744ec8a8c6a4,0.03,0.23,0.08954599499702454
42c9a3c6-2f70-48e4-8e65-744ec8a8c6a4,0.04,0.03,0.167179137468338
42c9a3c6-2f70-48e4-8e65-744ec8a8c6a4,0.04,0.08,0.14230762422084808
42c9a3c6-2f70-48e4-8e65-744ec8a8c6a4,0.05,0.03,0.15447600185871124
42c9a3c6-2f70-48e4-8e65-744ec8a8c6a4,0.05,0.08,0.11769179999828339
42c9a3c6-2f70-48e4-8e65-744ec8a8c6a4,0.05,0.13,0.07795586436986923
42c9a3c6-2f70-48e4-8e65-744ec8a8c6a4,0.05,0.18000000000000002,0.07127287983894348
42c9a3c6-2f70-48e4-8e65-744ec8a8c6a4,0.05,0.23,0.06911271810531616
42c9a3c6-2f70-48e4-8e65-744ec8a8c6a4,0.1,0.03,0.04858860373497009
42c9a3c6-2f70-48e4-8e65-744ec8a8c6a4,0.1,0.08,0.06772975623607635
42c9a3c6-2f70-48e4-8e65-744ec8a8c6a4,0.1,0.13,0.0703684464097023
42c9a3c6-2f70-48e4-8e65-744ec8a8c6a4,0.1,0.18000000000000002,0.07184453308582306
42c9a3c6-2f70-48e4-8e65-744ec8a8c6a4,0.1,0.23,0.07374369353055954
42c9a3c6-2f70-48e4-8e65-744ec8a8c6a4,0.15000000000000002,0.03,0.0487685389816761
42c9a3c6-2f70-48e4-8e65-744ec8a8c6a4,0.15000000000000002,0.08,0.06126441806554794
42c9a3c6-2f70-48e4-8e65-744ec8a8c6a4,0.15000000000000002,0.13,0.06917841732501984
42c9a3c6-2f70-48e4-8e65-744ec8a8c6a4,0.15000000000000002,0.18000000000000002,0.07363126426935196
42c9a3c6-2f70-48e4-8e65-744ec8a8c6a4,0.15000000000000002,0.23,0.08233990520238876
42c9a3c6-2f70-48e4-8e65-744ec8a8c6a4,0.2,0.03,0.05390041694045067
42c9a3c6-2f70-48e4-8e65-744ec8a8c6a4,0.2,0.08,0.07161717116832733
42c9a3c6-2f70-48e4-8e65-744ec8a8c6a4,0.2,0.13,0.06913049519062042
42c9a3c6-2f70-48e4-8e65-744ec8a8c6a4,0.2,0.18000000000000002,0.07925602793693542
42c9a3c6-2f70-48e4-8e65-744ec8a8c6a4,0.2,0.23,0.07712078094482422
42c9a3c6-2f70-48e4-8e65-744ec8a8c6a4,0.25,0.03,0.04819873347878456
42c9a3c6-2f70-48e4-8e65-744ec8a8c6a4,0.25,0.08,0.05785314366221428
42c9a3c6-2f70-48e4-8e65-744ec8a8c6a4,0.25,0.13,0.06587709486484528
42c9a3c6-2f70-48e4-8e65-744ec8a8c6a4,0.25,0.18000000000000002,0.06803790479898453
42c9a3c6-2f70-48e4-8e65-744ec8a8c6a4,0.25,0.23,0.06321794539690018
42c9a3c6-2f70-48e4-8e65-744ec8a8c6a4,0.30000000000000004,0.03,0.04915018379688263
42c9a3c6-2f70-48e4-8e65-744ec8a8c6a4,0.30000000000000004,0.08,0.06267426162958145
42c9a3c6-2f70-48e4-8e65-744ec8a8c6a4,0.30000000000000004,0.13,0.0745396763086319
42c9a3c6-2f70-48e4-8e65-744ec8a8c6a4,0.30000000000000004,0.18000000000000002,0.0712573304772377
42c9a3c6-2f70-48e4-8e65-744ec8a8c6a4,0.30000000000000004,0.23,0.0714162066578865
42d668c3-599d-44cd-8964-d1155876d025,0.0,0.03,0.04575278237462044
42d668c3-599d-44cd-8964-d1155876d025,0.0,0.08,0.05956016480922699
42d668c3-599d-44cd-8964-d1155876d025,0.0,0.13,0.062540203332901
42d668c3-599d-44cd-8964-d1155876d025,0.0,0.18000000000000002,0.06412971764802933
42d668c3-599d-44cd-8964-d1155876d025,0.0,0.23,0.06280633062124252
42d668c3-599d-44cd-8964-d1155876d025,0.01,0.03,0.048122599720954895
42d668c3-599d-44cd-8964-d1155876d025,0.01,0.08,0.060183074325323105
42d668c3-599d-44cd-8964-d1155876d025,0.01,0.13,0.05818920210003853
42d668c3-599d-44cd-8964-d1155876d025,0.01,0.18000000000000002,0.0595574788749218
42d668c3-599d-44cd-8964-d1155876d025,0.01,0.23,0.06706774979829788
42d668c3-599d-44cd-8964-d1155876d025,0.02,0.03,0.04534471780061722
42d668c3-599d-44cd-8964-d1155876d025,0.02,0.08,0.053760871291160583
42d668c3-599d-44cd-8964-d1155876d025,0.02,0.13,0.058263909071683884
42d668c3-599d-44cd-8964-d1155876d025,0.02,0.18000000000000002,0.062239062041044235
42d668c3-599d-44cd-8964-d1155876d025,0.02,0.23,0.06572393327951431
42d668c3-599d-44cd-8964-d1155876d025,0.03,0.03,0.04971824586391449
42d668c3-599d-44cd-8964-d1155876d025,0.03,0.08,0.055155426263809204
42d668c3-599d-44cd-8964-d1155876d025,0.03,0.13,0.05690046772360802
42d668c3-599d-44cd-8964-d1155876d025,0.03,0.18000000000000002,0.06411607563495636
42d668c3-599d-44cd-8964-d1155876d025,0.03,0.23,0.0665632113814354
42d668c3-599d-44cd-8964-d1155876d025,0.04,0.03,0.04812459647655487
42d668c3-599d-44cd-8964-d1155876d025,0.04,0.08,0.059591520577669144
42d668c3-599d-44cd-8964-d1155876d025,0.05,0.03,0.04616508260369301
42d668c3-599d-44cd-8964-d1155876d025,0.05,0.08,0.05674559995532036
42d668c3-599d-44cd-8964-d1155876d025,0.05,0.13,0.055778831243515015
42d668c3-599d-44cd-8964-d1155876d025,0.05,0.18000000000000002,0.062164001166820526
42d668c3-599d-44cd-8964-d1155876d025,0.05,0.23,0.06064676120877266
42d668c3-599d-44cd-8964-d1155876d025,0.1,0.03,0.04483293369412422
42d668c3-599d-44cd-8964-d1155876d025,0.1,0.08,0.05465163663029671
42d668c3-599d-44cd-8964-d1155876d025,0.1,0.13,0.0640905424952507
42d668c3-599d-44cd-8964-d1155876d025,0.1,0.18000000000000002,0.06066491827368736
42d668c3-599d-44cd-8964-d1155876d025,0.1,0.23,0.059834837913513184
42d668c3-599d-44cd-8964-d1155876d025,0.15000000000000002,0.03,0.04987996816635132
42d668c3-599d-44cd-8964-d1155876d025,0.15000000000000002,0.08,0.06204138696193695
42d668c3-599d-44cd-8964-d1155876d025,0.15000000000000002,0.13,0.06424087285995483
42d668c3-599d-44cd-8964-d1155876d025,0.15000000000000002,0.18000000000000002,0.06392887979745865
42d668c3-599d-44cd-8964-d1155876d025,0.15000000000000002,0.23,0.06438213586807251
42d668c3-599d-44cd-8964-d1155876d025,0.2,0.03,0.05107387155294418
42d668c3-599d-44cd-8964-d1155876d025,0.2,0.08,0.05884729325771332
42d668c3-599d-44cd-8964-d1155876d025,0.2,0.13,0.055508170276880264
42d668c3-599d-44cd-8964-d1155876d025,0.2,0.18000000000000002,0.06284409016370773
42d668c3-599d-44cd-8964-d1155876d025,0.2,0.23,0.06381313502788544
42d668c3-599d-44cd-8964-d1155876d025,0.25,0.03,0.05048305168747902
42d668c3-599d-44cd-8964-d1155876d025,0.25,0.08,0.05395752191543579
42d668c3-599d-44cd-8964-d1155876d025,0.25,0.13,0.06505084037780762
42d668c3-599d-44cd-8964-d1155876d025,0.25,0.18000000000000002,0.06483529508113861
42d668c3-599d-44cd-8964-d1155876d025,0.25,0.23,0.06576018780469894
42d668c3-599d-44cd-8964-d1155876d025,0.30000000000000004,0.03,0.04844118654727936
42d668c3-599d-44cd-8964-d1155876d025,0.30000000000000004,0.08,0.061196066439151764
42d668c3-599d-44cd-8964-d1155876d025,0.30000000000000004,0.13,0.062001049518585205
42d668c3-599d-44cd-8964-d1155876d025,0.30000000000000004,0.18000000000000002,0.068013995885849
42d668c3-599d-44cd-8964-d1155876d025,0.30000000000000004,0.23,0.0645267590880394
434d93c7-16ae-46a4-a300-c65484e6c131,0.0,0.03,0.044555921107530594
434d93c7-16ae-46a4-a300-c65484e6c131,0.0,0.08,0.07902095466852188
434d93c7-16ae-46a4-a300-c65484e6c131,0.0,0.13,0.08940418809652328
434d93c7-16ae-46a4-a300-c65484e6c131,0.0,0.18000000000000002,0.08571472018957138
434d93c7-16ae-46a4-a300-c65484e6c131,0.0,0.23,0.08346405625343323
434d93c7-16ae-46a4-a300-c65484e6c131,0.01,0.03,0.05126312002539635
434d93c7-16ae-46a4-a300-c65484e6c131,0.01,0.08,0.07895378023386002
434d93c7-16ae-46a4-a300-c65484e6c131,0.01,0.13,0.09316270053386688
434d93c7-16ae-46a4-a300-c65484e6c131,0.01,0.18000000000000002,0.08599071204662323
434d93c7-16ae-46a4-a300-c65484e6c131,0.01,0.23,0.07911639660596848
434d93c7-16ae-46a4-a300-c65484e6c131,0.02,0.03,0.05278269574046135
434d93c7-16ae-46a4-a300-c65484e6c131,0.02,0.08,0.08155134320259094
434d93c7-16ae-46a4-a300-c65484e6c131,0.02,0.13,0.09119810909032822
434d93c7-16ae-46a4-a300-c65484e6c131,0.02,0.18000000000000002,0.081788569688797
434d93c7-16ae-46a4-a300-c65484e6c131,0.02,0.23,0.07689988613128662
434d93c7-16ae-46a4-a300-c65484e6c131,0.03,0.03,0.05862664803862572
434d93c7-16ae-46a4-a300-c65484e6c131,0.03,0.08,0.08780423551797867
434d93c7-16ae-46a4-a300-c65484e6c131,0.03,0.13,0.08953046053647995
434d93c7-16ae-46a4-a300-c65484e6c131,0.03,0.18000000000000002,0.07839272171258926
434d93c7-16ae-46a4-a300-c65484e6c131,0.03,0.23,0.07666154950857162
434d93c7-16ae-46a4-a300-c65484e6c131,0.04,0.03,0.06314516067504883
434d93c7-16ae-46a4-a300-c65484e6c131,0.04,0.08,0.08236304670572281
434d93c7-16ae-46a4-a300-c65484e6c131,0.05,0.03,0.05789664015173912
434d93c7-16ae-46a4-a300-c65484e6c131,0.05,0.08,0.07542776316404343
434d93c7-16ae-46a4-a300-c65484e6c131,0.05,0.13,0.0718296691775322
434d93c7-16ae-46a4-a300-c65484e6c131,0.05,0.18000000000000002,0.07023925334215164
434d93c7-16ae-46a4-a300-c65484e6c131,0.05,0.23,0.0657937079668045
434d93c7-16ae-46a4-a300-c65484e6c131,0.1,0.03,0.04482856020331383
434d93c7-16ae-46a4-a300-c65484e6c131,0.1,0.08,0.05410509929060936
434d93c7-16ae-46a4-a300-c65484e6c131,0.1,0.13,0.06320713460445404
434d93c7-16ae-46a4-a300-c65484e6c131,0.1,0.18000000000000002,0.05702647939324379
434d93c7-16ae-46a4-a300-c65484e6c131,0.1,0.23,0.06317746639251709
434d93c7-16ae-46a4-a300-c65484e6c131,0.15000000000000002,0.03,0.04484010860323906
434d93c7-16ae-46a4-a300-c65484e6c131,0.15000000000000002,0.08,0.0538761280477047
434d93c7-16ae-46a4-a300-c65484e6c131,0.15000000000000002,0.13,0.05615643411874771
434d93c7-16ae-46a4-a300-c65484e6c131,0.15000000000000002,0.18000000000000002,0.062425125390291214
434d93c7-16ae-46a4-a300-c65484e6c131,0.15000000000000002,0.23,0.06333606690168381
434d93c7-16ae-46a4-a300-c65484e6c131,0.2,0.03,0.05089712515473366
434d93c7-16ae-46a4-a300-c65484e6c131,0.2,0.08,0.05470217391848564
434d93c7-16ae-46a4-a300-c65484e6c131,0.2,0.13,0.06210126355290413
434d93c7-16ae-46a4-a300-c65484e6c131,0.2,0.18000000000000002,0.06357653439044952
434d93c7-16ae-46a4-a300-c65484e6c131,0.2,0.23,0.06797166168689728
434d93c7-16ae-46a4-a300-c65484e6c131,0.25,0.03,0.04486028850078583
434d93c7-16ae-46a4-a300-c65484e6c131,0.25,0.08,0.058897148817777634
434d93c7-16ae-46a4-a300-c65484e6c131,0.25,0.13,0.06528273969888687
434d93c7-16ae-46a4-a300-c65484e6c131,0.25,0.18000000000000002,0.06648945808410645
434d93c7-16ae-46a4-a300-c65484e6c131,0.25,0.23,0.07070406526327133
434d93c7-16ae-46a4-a300-c65484e6c131,0.30000000000000004,0.03,0.0479290597140789
434d93c7-16ae-46a4-a300-c65484e6c131,0.30000000000000004,0.08,0.06750676035881042
434d93c7-16ae-46a4-a300-c65484e6c131,0.30000000000000004,0.13,0.06592104583978653
434d93c7-16ae-46a4-a300-c65484e6c131,0.30000000000000004,0.18000000000000002,0.07068604230880737
434d93c7-16ae-46a4-a300-c65484e6c131,0.30000000000000004,0.23,0.07276438921689987
437001f7-c8e1-4651-aa08-095c441cb32e,0.0,0.03,0.04439850524067879
437001f7-c8e1-4651-aa08-095c441cb32e,0.0,0.08,0.07086621969938278
437001f7-c8e1-4651-aa08-095c441cb32e,0.0,0.13,0.07196024805307388
437001f7-c8e1-4651-aa08-095c441cb32e,0.0,0.18000000000000002,0.07978823035955429
437001f7-c8e1-4651-aa08-095c441cb32e,0.0,0.23,0.08155903220176697
437001f7-c8e1-4651-aa08-095c441cb32e,0.01,0.03,0.052019912749528885
437001f7-c8e1-4651-aa08-095c441cb32e,0.01,0.08,0.07709996402263641
437001f7-c8e1-4651-aa08-095c441cb32e,0.01,0.13,0.07551958411931992
437001f7-c8e1-4651-aa08-095c441cb32e,0.01,0.18000000000000002,0.07969760149717331
437001f7-c8e1-4651-aa08-095c441cb32e,0.01,0.23,0.08090460300445557
437001f7-c8e1-4651-aa08-095c441cb32e,0.02,0.03,0.05044262483716011
437001f7-c8e1-4651-aa08-095c441cb32e,0.02,0.08,0.06651794165372849
437001f7-c8e1-4651-aa08-095c441cb32e,0.02,0.13,0.07242059707641602
437001f7-c8e1-4651-aa08-095c441cb32e,0.02,0.18000000000000002,0.07326453924179077
437001f7-c8e1-4651-aa08-095c441cb32e,0.02,0.23,0.08138660341501236
437001f7-c8e1-4651-aa08-095c441cb32e,0.03,0.03,0.05128203704953194
437001f7-c8e1-4651-aa08-095c441cb32e,0.03,0.08,0.07850812375545502
437001f7-c8e1-4651-aa08-095c441cb32e,0.03,0.13,0.07245516777038574
437001f7-c8e1-4651-aa08-095c441cb32e,0.03,0.18000000000000002,0.07552783936262131
437001f7-c8e1-4651-aa08-095c441cb32e,0.03,0.23,0.08133311569690704
437001f7-c8e1-4651-aa08-095c441cb32e,0.04,0.03,0.05172530189156532
437001f7-c8e1-4651-aa08-095c441cb32e,0.04,0.08,0.06482817232608795
437001f7-c8e1-4651-aa08-095c441cb32e,0.05,0.03,0.04904991760849953
437001f7-c8e1-4651-aa08-095c441cb32e,0.05,0.08,0.0561206191778183
437001f7-c8e1-4651-aa08-095c441cb32e,0.05,0.13,0.0670054629445076
437001f7-c8e1-4651-aa08-095c441cb32e,0.05,0.18000000000000002,0.07160075008869171
437001f7-c8e1-4651-aa08-095c441cb32e,0.05,0.23,0.07838772237300873
437001f7-c8e1-4651-aa08-095c441cb32e,0.1,0.03,0.04690881073474884
437001f7-c8e1-4651-aa08-095c441cb32e,0.1,0.08,0.059362802654504776
437001f7-c8e1-4651-aa08-095c441cb32e,0.1,0.13,0.06626993417739868
437001f7-c8e1-4651-aa08-095c441cb32e,0.1,0.18000000000000002,0.07777970284223557
437001f7-c8e1-4651-aa08-095c441cb32e,0.1,0.23,0.0769728496670723
437001f7-c8e1-4651-aa08-095c441cb32e,0.15000000000000002,0.03,0.04803342744708061
437001f7-c8e1-4651-aa08-095c441cb32e,0.15000000000000002,0.08,0.06427113711833954
437001f7-c8e1-4651-aa08-095c441cb32e,0.15000000000000002,0.13,0.07493820041418076
437001f7-c8e1-4651-aa08-095c441cb32e,0.15000000000000002,0.18000000000000002,0.07936321943998337
437001f7-c8e1-4651-aa08-095c441cb32e,0.15000000000000002,0.23,0.06895589828491211
437001f7-c8e1-4651-aa08-095c441cb32e,0.2,0.03,0.04982389509677887
437001f7-c8e1-4651-aa08-095c441cb32e,0.2,0.08,0.06457901746034622
437001f7-c8e1-4651-aa08-095c441cb32e,0.2,0.13,0.06567852944135666
437001f7-c8e1-4651-aa08-095c441cb32e,0.2,0.18000000000000002,0.05725865438580513
437001f7-c8e1-4651-aa08-095c441cb32e,0.2,0.23,0.05901112034916878
437001f7-c8e1-4651-aa08-095c441cb32e,0.25,0.03,0.051675945520401
437001f7-c8e1-4651-aa08-095c441cb32e,0.25,0.08,0.06329914182424545
437001f7-c8e1-4651-aa08-095c441cb32e,0.25,0.13,0.05659277364611626
437001f7-c8e1-4651-aa08-095c441cb32e,0.25,0.18000000000000002,0.06344389170408249
437001f7-c8e1-4651-aa08-095c441cb32e,0.25,0.23,0.06386009603738785
437001f7-c8e1-4651-aa08-095c441cb32e,0.30000000000000004,0.03,0.048420194536447525
437001f7-c8e1-4651-aa08-095c441cb32e,0.30000000000000004,0.08,0.06293907761573792
437001f7-c8e1-4651-aa08-095c441cb32e,0.30000000000000004,0.13,0.06369484215974808
437001f7-c8e1-4651-aa08-095c441cb32e,0.30000000000000004,0.18000000000000002,0.06438957899808884
437001f7-c8e1-4651-aa08-095c441cb32e,0.30000000000000004,0.23,0.07137016952037811
43b7c0e8-8c32-46bc-87e5-e4ad9ca624ca,0.0,0.03,0.04932747408747673
43b7c0e8-8c32-46bc-87e5-e4ad9ca624ca,0.0,0.08,0.05718035623431206
43b7c0e8-8c32-46bc-87e5-e4ad9ca624ca,0.0,0.13,0.060143209993839264
43b7c0e8-8c32-46bc-87e5-e4ad9ca624ca,0.0,0.18000000000000002,0.06099558621644974
43b7c0e8-8c32-46bc-87e5-e4ad9ca624ca,0.0,0.23,0.06708664447069168
43b7c0e8-8c32-46bc-87e5-e4ad9ca624ca,0.01,0.03,0.04897158965468407
43b7c0e8-8c32-46bc-87e5-e4ad9ca624ca,0.01,0.08,0.05687134712934494
43b7c0e8-8c32-46bc-87e5-e4ad9ca624ca,0.01,0.13,0.06653871387243271
43b7c0e8-8c32-46bc-87e5-e4ad9ca624ca,0.01,0.18000000000000002,0.06649043411016464
43b7c0e8-8c32-46bc-87e5-e4ad9ca624ca,0.01,0.23,0.07038801163434982
43b7c0e8-8c32-46bc-87e5-e4ad9ca624ca,0.02,0.03,0.046309154480695724
43b7c0e8-8c32-46bc-87e5-e4ad9ca624ca,0.02,0.08,0.05672202259302139
43b7c0e8-8c32-46bc-87e5-e4ad9ca624ca,0.02,0.13,0.06530852615833282
43b7c0e8-8c32-46bc-87e5-e4ad9ca624ca,0.02,0.18000000000000002,0.06622663885354996
43b7c0e8-8c32-46bc-87e5-e4ad9ca624ca,0.02,0.23,0.06730364263057709
43b7c0e8-8c32-46bc-87e5-e4ad9ca624ca,0.03,0.03,0.04606862738728523
43b7c0e8-8c32-46bc-87e5-e4ad9ca624ca,0.03,0.08,0.05951785668730736
43b7c0e8-8c32-46bc-87e5-e4ad9ca624ca,0.03,0.13,0.06266669183969498
43b7c0e8-8c32-46bc-87e5-e4ad9ca624ca,0.03,0.18000000000000002,0.07023375481367111
43b7c0e8-8c32-46bc-87e5-e4ad9ca624ca,0.03,0.23,0.07066796720027924
43b7c0e8-8c32-46bc-87e5-e4ad9ca624ca,0.04,0.03,0.0444725826382637
43b7c0e8-8c32-46bc-87e5-e4ad9ca624ca,0.04,0.08,0.05902344733476639
43b7c0e8-8c32-46bc-87e5-e4ad9ca624ca,0.05,0.03,0.05025825649499893
43b7c0e8-8c32-46bc-87e5-e4ad9ca624ca,0.05,0.08,0.05438240244984627
43b7c0e8-8c32-46bc-87e5-e4ad9ca624ca,0.05,0.13,0.060188423842191696
43b7c0e8-8c32-46bc-87e5-e4ad9ca624ca,0.05,0.18000000000000002,0.0640023946762085
43b7c0e8-8c32-46bc-87e5-e4ad9ca624ca,0.05,0.23,0.06555891782045364
43b7c0e8-8c32-46bc-87e5-e4ad9ca624ca,0.1,0.03,0.046402689069509506
43b7c0e8-8c32-46bc-87e5-e4ad9ca624ca,0.1,0.08,0.05780934914946556
43b7c0e8-8c32-46bc-87e5-e4ad9ca624ca,0.1,0.13,0.05986940488219261
43b7c0e8-8c32-46bc-87e5-e4ad9ca624ca,0.1,0.18000000000000002,0.06180429086089134
43b7c0e8-8c32-46bc-87e5-e4ad9ca624ca,0.1,0.23,0.05965795740485191
43b7c0e8-8c32-46bc-87e5-e4ad9ca624ca,0.15000000000000002,0.03,0.047014493495225906
43b7c0e8-8c32-46bc-87e5-e4ad9ca624ca,0.15000000000000002,0.08,0.0603884756565094
43b7c0e8-8c32-46bc-87e5-e4ad9ca624ca,0.15000000000000002,0.13,0.06817368417978287
43b7c0e8-8c32-46bc-87e5-e4ad9ca624ca,0.15000000000000002,0.18000000000000002,0.06125480681657791
43b7c0e8-8c32-46bc-87e5-e4ad9ca624ca,0.15000000000000002,0.23,0.06708922237157822
43b7c0e8-8c32-46bc-87e5-e4ad9ca624ca,0.2,0.03,0.048249706625938416
43b7c0e8-8c32-46bc-87e5-e4ad9ca624ca,0.2,0.08,0.055995237082242966
43b7c0e8-8c32-46bc-87e5-e4ad9ca624ca,0.2,0.13,0.05356520786881447
43b7c0e8-8c32-46bc-87e5-e4ad9ca624ca,0.2,0.18000000000000002,0.05871962383389473
43b7c0e8-8c32-46bc-87e5-e4ad9ca624ca,0.2,0.23,0.060224443674087524
43b7c0e8-8c32-46bc-87e5-e4ad9ca624ca,0.25,0.03,0.04596715047955513
43b7c0e8-8c32-46bc-87e5-e4ad9ca624ca,0.25,0.08,0.05744499713182449
43b7c0e8-8c32-46bc-87e5-e4ad9ca624ca,0.25,0.13,0.06283780932426453
43b7c0e8-8c32-46bc-87e5-e4ad9ca624ca,0.25,0.18000000000000002,0.06538044661283493
43b7c0e8-8c32-46bc-87e5-e4ad9ca624ca,0.25,0.23,0.06403721868991852
43b7c0e8-8c32-46bc-87e5-e4ad9ca624ca,0.30000000000000004,0.03,0.045695241540670395
43b7c0e8-8c32-46bc-87e5-e4ad9ca624ca,0.30000000000000004,0.08,0.059129759669303894
43b7c0e8-8c32-46bc-87e5-e4ad9ca624ca,0.30000000000000004,0.13,0.060074105858802795
43b7c0e8-8c32-46bc-87e5-e4ad9ca624ca,0.30000000000000004,0.18000000000000002,0.06203971058130264
43b7c0e8-8c32-46bc-87e5-e4ad9ca624ca,0.30000000000000004,0.23,0.061780896037817
43c4aa14-d72f-4218-a445-315b9fa55bc1,0.0,0.03,0.04441479593515396
43c4aa14-d72f-4218-a445-315b9fa55bc1,0.0,0.08,0.07529222220182419
43c4aa14-d72f-4218-a445-315b9fa55bc1,0.0,0.13,0.07102097570896149
43c4aa14-d72f-4218-a445-315b9fa55bc1,0.0,0.18000000000000002,0.06542307138442993
43c4aa14-d72f-4218-a445-315b9fa55bc1,0.0,0.23,0.07864806056022644
43c4aa14-d72f-4218-a445-315b9fa55bc1,0.01,0.03,0.05622616782784462
43c4aa14-d72f-4218-a445-315b9fa55bc1,0.01,0.08,0.07288280129432678
43c4aa14-d72f-4218-a445-315b9fa55bc1,0.01,0.13,0.06413760036230087
43c4aa14-d72f-4218-a445-315b9fa55bc1,0.01,0.18000000000000002,0.07136781513690948
43c4aa14-d72f-4218-a445-315b9fa55bc1,0.01,0.23,0.08607956022024155
43c4aa14-d72f-4218-a445-315b9fa55bc1,0.02,0.03,0.05830211937427521
43c4aa14-d72f-4218-a445-315b9fa55bc1,0.02,0.08,0.06846563518047333
43c4aa14-d72f-4218-a445-315b9fa55bc1,0.02,0.13,0.06170560419559479
43c4aa14-d72f-4218-a445-315b9fa55bc1,0.02,0.18000000000000002,0.06866364181041718
43c4aa14-d72f-4218-a445-315b9fa55bc1,0.02,0.23,0.08651001006364822
43c4aa14-d72f-4218-a445-315b9fa55bc1,0.03,0.03,0.06276851147413254
43c4aa14-d72f-4218-a445-315b9fa55bc1,0.03,0.08,0.06099725514650345
43c4aa14-d72f-4218-a445-315b9fa55bc1,0.03,0.13,0.05873844400048256
43c4aa14-d72f-4218-a445-315b9fa55bc1,0.03,0.18000000000000002,0.07577250152826309
43c4aa14-d72f-4218-a445-315b9fa55bc1,0.03,0.23,0.08671093732118607
43c4aa14-d72f-4218-a445-315b9fa55bc1,0.04,0.03,0.047909509390592575
43c4aa14-d72f-4218-a445-315b9fa55bc1,0.04,0.08,0.05427338927984238
43c4aa14-d72f-4218-a445-315b9fa55bc1,0.05,0.03,0.04941442236304283
43c4aa14-d72f-4218-a445-315b9fa55bc1,0.05,0.08,0.0628482773900032
43c4aa14-d72f-4218-a445-315b9fa55bc1,0.05,0.13,0.06197154149413109
43c4aa14-d72f-4218-a445-315b9fa55bc1,0.05,0.18000000000000002,0.08013031631708145
43c4aa14-d72f-4218-a445-315b9fa55bc1,0.05,0.23,0.08707913756370544
43c4aa14-d72f-4218-a445-315b9fa55bc1,0.1,0.03,0.04447608068585396
43c4aa14-d72f-4218-a445-315b9fa55bc1,0.1,0.08,0.0630105659365654
43c4aa14-d72f-4218-a445-315b9fa55bc1,0.1,0.13,0.08047069609165192
43c4aa14-d72f-4218-a445-315b9fa55bc1,0.1,0.18000000000000002,0.08633437752723694
43c4aa14-d72f-4218-a445-315b9fa55bc1,0.1,0.23,0.08954919874668121
43c4aa14-d72f-4218-a445-315b9fa55bc1,0.15000000000000002,0.03,0.053344983607530594
43c4aa14-d72f-4218-a445-315b9fa55bc1,0.15000000000000002,0.08,0.07910412549972534
43c4aa14-d72f-4218-a445-315b9fa55bc1,0.15000000000000002,0.13,0.08528599888086319
43c4aa14-d72f-4218-a445-315b9fa55bc1,0.15000000000000002,0.18000000000000002,0.08265944570302963
43c4aa14-d72f-4218-a445-315b9fa55bc1,0.15000000000000002,0.23,0.07569383829832077
43c4aa14-d72f-4218-a445-315b9fa55bc1,0.2,0.03,0.04915351793169975
43c4aa14-d72f-4218-a445-315b9fa55bc1,0.2,0.08,0.0731794610619545
43c4aa14-d72f-4218-a445-315b9fa55bc1,0.2,0.13,0.06641358137130737
43c4aa14-d72f-4218-a445-315b9fa55bc1,0.2,0.18000000000000002,0.06649214029312134
43c4aa14-d72f-4218-a445-315b9fa55bc1,0.2,0.23,0.06261947751045227
43c4aa14-d72f-4218-a445-315b9fa55bc1,0.25,0.03,0.04857902601361275
43c4aa14-d72f-4218-a445-315b9fa55bc1,0.25,0.08,0.06207294762134552
43c4aa14-d72f-4218-a445-315b9fa55bc1,0.25,0.13,0.06367102265357971
43c4aa14-d72f-4218-a445-315b9fa55bc1,0.25,0.18000000000000002,0.06475672125816345
43c4aa14-d72f-4218-a445-315b9fa55bc1,0.25,0.23,0.0637892335653305
43c4aa14-d72f-4218-a445-315b9fa55bc1,0.30000000000000004,0.03,0.04634582996368408
43c4aa14-d72f-4218-a445-315b9fa55bc1,0.30000000000000004,0.08,0.0546187087893486
43c4aa14-d72f-4218-a445-315b9fa55bc1,0.30000000000000004,0.13,0.06018054857850075
43c4aa14-d72f-4218-a445-315b9fa55bc1,0.30000000000000004,0.18000000000000002,0.060775332152843475
43c4aa14-d72f-4218-a445-315b9fa55bc1,0.30000000000000004,0.23,0.06423094868659973
43d710fa-f7f4-4d25-879a-50ec161b94ac,0.0,0.03,0.07762182503938675
43d710fa-f7f4-4d25-879a-50ec161b94ac,0.0,0.08,0.07334935665130615
43d710fa-f7f4-4d25-879a-50ec161b94ac,0.0,0.13,0.11603859066963196
43d710fa-f7f4-4d25-879a-50ec161b94ac,0.0,0.18000000000000002,0.11489903181791306
43d710fa-f7f4-4d25-879a-50ec161b94ac,0.0,0.23,0.11940740793943405
43d710fa-f7f4-4d25-879a-50ec161b94ac,0.01,0.03,0.05655484274029732
43d710fa-f7f4-4d25-879a-50ec161b94ac,0.01,0.08,0.07696530967950821
43d710fa-f7f4-4d25-879a-50ec161b94ac,0.01,0.13,0.1110028401017189
43d710fa-f7f4-4d25-879a-50ec161b94ac,0.01,0.18000000000000002,0.11123434454202652
43d710fa-f7f4-4d25-879a-50ec161b94ac,0.01,0.23,0.1173011064529419
43d710fa-f7f4-4d25-879a-50ec161b94ac,0.02,0.03,0.06889820098876953
43d710fa-f7f4-4d25-879a-50ec161b94ac,0.02,0.08,0.1184755340218544
43d710fa-f7f4-4d25-879a-50ec161b94ac,0.02,0.13,0.10916838049888611
43d710fa-f7f4-4d25-879a-50ec161b94ac,0.02,0.18000000000000002,0.12505172193050385
43d710fa-f7f4-4d25-879a-50ec161b94ac,0.02,0.23,0.11708726733922958
43d710fa-f7f4-4d25-879a-50ec161b94ac,0.03,0.03,0.0761885717511177
43d710fa-f7f4-4d25-879a-50ec161b94ac,0.03,0.08,0.08421039581298828
43d710fa-f7f4-4d25-879a-50ec161b94ac,0.03,0.13,0.1153048574924469
43d710fa-f7f4-4d25-879a-50ec161b94ac,0.03,0.18000000000000002,0.1126025915145874
43d710fa-f7f4-4d25-879a-50ec161b94ac,0.03,0.23,0.11856597661972046
43d710fa-f7f4-4d25-879a-50ec161b94ac,0.04,0.03,0.07253830134868622
43d710fa-f7f4-4d25-879a-50ec161b94ac,0.04,0.08,0.08623027056455612
43d710fa-f7f4-4d25-879a-50ec161b94ac,0.05,0.03,0.08507154881954193
43d710fa-f7f4-4d25-879a-50ec161b94ac,0.05,0.08,0.12452946603298187
43d710fa-f7f4-4d25-879a-50ec161b94ac,0.05,0.13,0.11316858232021332
43d710fa-f7f4-4d25-879a-50ec161b94ac,0.05,0.18000000000000002,0.1264023333787918
43d710fa-f7f4-4d25-879a-50ec161b94ac,0.05,0.23,0.12039704620838165
43d710fa-f7f4-4d25-879a-50ec161b94ac,0.1,0.03,0.08601703494787216
43d710fa-f7f4-4d25-879a-50ec161b94ac,0.1,0.08,0.08937470614910126
43d710fa-f7f4-4d25-879a-50ec161b94ac,0.1,0.13,0.12019859999418259
43d710fa-f7f4-4d25-879a-50ec161b94ac,0.1,0.18000000000000002,0.11350473761558533
43d710fa-f7f4-4d25-879a-50ec161b94ac,0.1,0.23,0.11396905779838562
43d710fa-f7f4-4d25-879a-50ec161b94ac,0.15000000000000002,0.03,0.07562743872404099
43d710fa-f7f4-4d25-879a-50ec161b94ac,0.15000000000000002,0.08,0.11415941268205643
43d710fa-f7f4-4d25-879a-50ec161b94ac,0.15000000000000002,0.13,0.11030019074678421
43d710fa-f7f4-4d25-879a-50ec161b94ac,0.15000000000000002,0.18000000000000002,0.13106796145439148
43d710fa-f7f4-4d25-879a-50ec161b94ac,0.15000000000000002,0.23,0.12411779910326004
43d710fa-f7f4-4d25-879a-50ec161b94ac,0.2,0.03,0.0872826799750328
43d710fa-f7f4-4d25-879a-50ec161b94ac,0.2,0.08,0.09828811883926392
43d710fa-f7f4-4d25-879a-50ec161b94ac,0.2,0.13,0.12480772286653519
43d710fa-f7f4-4d25-879a-50ec161b94ac,0.2,0.18000000000000002,0.11567740142345428
43d710fa-f7f4-4d25-879a-50ec161b94ac,0.2,0.23,0.12183946371078491
43d710fa-f7f4-4d25-879a-50ec161b94ac,0.25,0.03,0.07294698804616928
43d710fa-f7f4-4d25-879a-50ec161b94ac,0.25,0.08,0.11585788428783417
43d710fa-f7f4-4d25-879a-50ec161b94ac,0.25,0.13,0.10483971238136292
43d710fa-f7f4-4d25-879a-50ec161b94ac,0.25,0.18000000000000002,0.11009279638528824
43d710fa-f7f4-4d25-879a-50ec161b94ac,0.25,0.23,0.09749752283096313
43d710fa-f7f4-4d25-879a-50ec161b94ac,0.30000000000000004,0.03,0.05807379260659218
43d710fa-f7f4-4d25-879a-50ec161b94ac,0.30000000000000004,0.08,0.059595879167318344
43d710fa-f7f4-4d25-879a-50ec161b94ac,0.30000000000000004,0.13,0.0785185694694519
43d710fa-f7f4-4d25-879a-50ec161b94ac,0.30000000000000004,0.18000000000000002,0.07212428748607635
43d710fa-f7f4-4d25-879a-50ec161b94ac,0.30000000000000004,0.23,0.08291247487068176
444da816-841a-4001-9b2f-18a66095057f,0.0,0.03,0.40812572836875916
444da816-841a-4001-9b2f-18a66095057f,0.0,0.08,0.5439432859420776
444da816-841a-4001-9b2f-18a66095057f,0.0,0.13,0.4876786172389984
444da816-841a-4001-9b2f-18a66095057f,0.0,0.18000000000000002,0.397236168384552
444da816-841a-4001-9b2f-18a66095057f,0.0,0.23,0.32980743050575256
444da816-841a-4001-9b2f-18a66095057f,0.01,0.03,0.3430662453174591
444da816-841a-4001-9b2f-18a66095057f,0.01,0.08,0.4041203260421753
444da816-841a-4001-9b2f-18a66095057f,0.01,0.13,0.32508406043052673
444da816-841a-4001-9b2f-18a66095057f,0.01,0.18000000000000002,0.26900413632392883
444da816-841a-4001-9b2f-18a66095057f,0.01,0.23,0.22471098601818085
444da816-841a-4001-9b2f-18a66095057f,0.02,0.03,0.35907256603240967
444da816-841a-4001-9b2f-18a66095057f,0.02,0.08,0.3842747211456299
444da816-841a-4001-9b2f-18a66095057f,0.02,0.13,0.2953203320503235
444da816-841a-4001-9b2f-18a66095057f,0.02,0.18000000000000002,0.24197232723236084
444da816-841a-4001-9b2f-18a66095057f,0.02,0.23,0.2033691704273224
444da816-841a-4001-9b2f-18a66095057f,0.03,0.03,0.37204745411872864
444da816-841a-4001-9b2f-18a66095057f,0.03,0.08,0.3380900025367737
444da816-841a-4001-9b2f-18a66095057f,0.03,0.13,0.26663461327552795
444da816-841a-4001-9b2f-18a66095057f,0.03,0.18000000000000002,0.2188044786453247
444da816-841a-4001-9b2f-18a66095057f,0.03,0.23,0.18096080422401428
444da816-841a-4001-9b2f-18a66095057f,0.04,0.03,0.3266708552837372
444da816-841a-4001-9b2f-18a66095057f,0.04,0.08,0.2872972786426544
444da816-841a-4001-9b2f-18a66095057f,0.05,0.03,0.36348819732666016
444da816-841a-4001-9b2f-18a66095057f,0.05,0.08,0.33560097217559814
444da816-841a-4001-9b2f-18a66095057f,0.05,0.13,0.25008437037467957
444da816-841a-4001-9b2f-18a66095057f,0.05,0.18000000000000002,0.19582760334014893
444da816-841a-4001-9b2f-18a66095057f,0.05,0.23,0.16310492157936096
444da816-841a-4001-9b2f-18a66095057f,0.1,0.03,0.14676986634731293
444da816-841a-4001-9b2f-18a66095057f,0.1,0.08,0.12288281321525574
444da816-841a-4001-9b2f-18a66095057f,0.1,0.13,0.09678629785776138
444da816-841a-4001-9b2f-18a66095057f,0.1,0.18000000000000002,0.07650348544120789
444da816-841a-4001-9b2f-18a66095057f,0.1,0.23,0.0815371572971344
444da816-841a-4001-9b2f-18a66095057f,0.15000000000000002,0.03,0.0792756974697113
444da816-841a-4001-9b2f-18a66095057f,0.15000000000000002,0.08,0.0719374492764473
444da816-841a-4001-9b2f-18a66095057f,0.15000000000000002,0.13,0.07368182390928268
444da816-841a-4001-9b2f-18a66095057f,0.15000000000000002,0.18000000000000002,0.07851211726665497
444da816-841a-4001-9b2f-18a66095057f,0.15000000000000002,0.23,0.07893978804349899
444da816-841a-4001-9b2f-18a66095057f,0.2,0.03,0.05634944513440132
444da816-841a-4001-9b2f-18a66095057f,0.2,0.08,0.07234624028205872
444da816-841a-4001-9b2f-18a66095057f,0.2,0.13,0.07848204672336578
444da816-841a-4001-9b2f-18a66095057f,0.2,0.18000000000000002,0.07067994773387909
444da816-841a-4001-9b2f-18a66095057f,0.2,0.23,0.06930813193321228
444da816-841a-4001-9b2f-18a66095057f,0.25,0.03,0.06530983746051788
444da816-841a-4001-9b2f-18a66095057f,0.25,0.08,0.07340507954359055
444da816-841a-4001-9b2f-18a66095057f,0.25,0.13,0.06541470438241959
444da816-841a-4001-9b2f-18a66095057f,0.25,0.18000000000000002,0.06924506276845932
444da816-841a-4001-9b2f-18a66095057f,0.25,0.23,0.06376618891954422
444da816-841a-4001-9b2f-18a66095057f,0.30000000000000004,0.03,0.05240051820874214
444da816-841a-4001-9b2f-18a66095057f,0.30000000000000004,0.08,0.062220726162195206
444da816-841a-4001-9b2f-18a66095057f,0.30000000000000004,0.13,0.0639592856168747
444da816-841a-4001-9b2f-18a66095057f,0.30000000000000004,0.18000000000000002,0.05830322578549385
444da816-841a-4001-9b2f-18a66095057f,0.30000000000000004,0.23,0.05726860091090202
44bca644-12e3-41c1-bf0c-e8af81e0044b,0.0,0.03,0.05384940654039383
44bca644-12e3-41c1-bf0c-e8af81e0044b,0.0,0.08,0.07136966288089752
44bca644-12e3-41c1-bf0c-e8af81e0044b,0.0,0.13,0.07226616144180298
44bca644-12e3-41c1-bf0c-e8af81e0044b,0.0,0.18000000000000002,0.08018265664577484
44bca644-12e3-41c1-bf0c-e8af81e0044b,0.0,0.23,0.08423339575529099
44bca644-12e3-41c1-bf0c-e8af81e0044b,0.01,0.03,0.05451313406229019
44bca644-12e3-41c1-bf0c-e8af81e0044b,0.01,0.08,0.06714454293251038
44bca644-12e3-41c1-bf0c-e8af81e0044b,0.01,0.13,0.06828204542398453
44bca644-12e3-41c1-bf0c-e8af81e0044b,0.01,0.18000000000000002,0.0802076980471611
44bca644-12e3-41c1-bf0c-e8af81e0044b,0.01,0.23,0.08089622110128403
44bca644-12e3-41c1-bf0c-e8af81e0044b,0.02,0.03,0.05706698074936867
44bca644-12e3-41c1-bf0c-e8af81e0044b,0.02,0.08,0.0693502426147461
44bca644-12e3-41c1-bf0c-e8af81e0044b,0.02,0.13,0.08023164421319962
44bca644-12e3-41c1-bf0c-e8af81e0044b,0.02,0.18000000000000002,0.08306995034217834
44bca644-12e3-41c1-bf0c-e8af81e0044b,0.02,0.23,0.08905600011348724
44bca644-12e3-41c1-bf0c-e8af81e0044b,0.03,0.03,0.05629238113760948
44bca644-12e3-41c1-bf0c-e8af81e0044b,0.03,0.08,0.062815360724926
44bca644-12e3-41c1-bf0c-e8af81e0044b,0.03,0.13,0.07719700783491135
44bca644-12e3-41c1-bf0c-e8af81e0044b,0.03,0.18000000000000002,0.07845167070627213
44bca644-12e3-41c1-bf0c-e8af81e0044b,0.03,0.23,0.09056201577186584
44bca644-12e3-41c1-bf0c-e8af81e0044b,0.04,0.03,0.05387882515788078
44bca644-12e3-41c1-bf0c-e8af81e0044b,0.04,0.08,0.06317994743585587
44bca644-12e3-41c1-bf0c-e8af81e0044b,0.05,0.03,0.05156763643026352
44bca644-12e3-41c1-bf0c-e8af81e0044b,0.05,0.08,0.0627073422074318
44bca644-12e3-41c1-bf0c-e8af81e0044b,0.05,0.13,0.07139080762863159
44bca644-12e3-41c1-bf0c-e8af81e0044b,0.05,0.18000000000000002,0.07688270509243011
44bca644-12e3-41c1-bf0c-e8af81e0044b,0.05,0.23,0.08539766818284988
44bca644-12e3-41c1-bf0c-e8af81e0044b,0.1,0.03,0.051144279539585114
44bca644-12e3-41c1-bf0c-e8af81e0044b,0.1,0.08,0.06474028527736664
44bca644-12e3-41c1-bf0c-e8af81e0044b,0.1,0.13,0.06991899758577347
44bca644-12e3-41c1-bf0c-e8af81e0044b,0.1,0.18000000000000002,0.08047887682914734
44bca644-12e3-41c1-bf0c-e8af81e0044b,0.1,0.23,0.09089752286672592
44bca644-12e3-41c1-bf0c-e8af81e0044b,0.15000000000000002,0.03,0.05608026683330536
44bca644-12e3-41c1-bf0c-e8af81e0044b,0.15000000000000002,0.08,0.060395725071430206
44bca644-12e3-41c1-bf0c-e8af81e0044b,0.15000000000000002,0.13,0.06516838818788528
44bca644-12e3-41c1-bf0c-e8af81e0044b,0.15000000000000002,0.18000000000000002,0.07729751616716385
44bca644-12e3-41c1-bf0c-e8af81e0044b,0.15000000000000002,0.23,0.09240119159221649
44bca644-12e3-41c1-bf0c-e8af81e0044b,0.2,0.03,0.0438762828707695
44bca644-12e3-41c1-bf0c-e8af81e0044b,0.2,0.08,0.06634189188480377
44bca644-12e3-41c1-bf0c-e8af81e0044b,0.2,0.13,0.07188005745410919
44bca644-12e3-41c1-bf0c-e8af81e0044b,0.2,0.18000000000000002,0.08958262950181961
44bca644-12e3-41c1-bf0c-e8af81e0044b,0.2,0.23,0.09824860095977783
44bca644-12e3-41c1-bf0c-e8af81e0044b,0.25,0.03,0.04833570867776871
44bca644-12e3-41c1-bf0c-e8af81e0044b,0.25,0.08,0.0599871501326561
44bca644-12e3-41c1-bf0c-e8af81e0044b,0.25,0.13,0.08039584010839462
44bca644-12e3-41c1-bf0c-e8af81e0044b,0.25,0.18000000000000002,0.09028419107198715
44bca644-12e3-41c1-bf0c-e8af81e0044b,0.25,0.23,0.09554986655712128
44bca644-12e3-41c1-bf0c-e8af81e0044b,0.30000000000000004,0.03,0.04569125175476074
44bca644-12e3-41c1-bf0c-e8af81e0044b,0.30000000000000004,0.08,0.0717724859714508
44bca644-12e3-41c1-bf0c-e8af81e0044b,0.30000000000000004,0.13,0.0830967128276825
44bca644-12e3-41c1-bf0c-e8af81e0044b,0.30000000000000004,0.18000000000000002,0.09126368165016174
44bca644-12e3-41c1-bf0c-e8af81e0044b,0.30000000000000004,0.23,0.08639182895421982
45dac356-7a31-4575-8d34-700d6216f8f8,0.0,0.03,0.048699505627155304
45dac356-7a31-4575-8d34-700d6216f8f8,0.0,0.08,0.06228811293840408
45dac356-7a31-4575-8d34-700d6216f8f8,0.0,0.13,0.07384805381298065
45dac356-7a31-4575-8d34-700d6216f8f8,0.0,0.18000000000000002,0.06804478913545609
45dac356-7a31-4575-8d34-700d6216f8f8,0.0,0.23,0.06893444806337357
45dac356-7a31-4575-8d34-700d6216f8f8,0.01,0.03,0.05151430889964104
45dac356-7a31-4575-8d34-700d6216f8f8,0.01,0.08,0.06667495518922806
45dac356-7a31-4575-8d34-700d6216f8f8,0.01,0.13,0.07405734807252884
45dac356-7a31-4575-8d34-700d6216f8f8,0.01,0.18000000000000002,0.06742500513792038
45dac356-7a31-4575-8d34-700d6216f8f8,0.01,0.23,0.07200659811496735
45dac356-7a31-4575-8d34-700d6216f8f8,0.02,0.03,0.05114712938666344
45dac356-7a31-4575-8d34-700d6216f8f8,0.02,0.08,0.07097272574901581
45dac356-7a31-4575-8d34-700d6216f8f8,0.02,0.13,0.07195283472537994
45dac356-7a31-4575-8d34-700d6216f8f8,0.02,0.18000000000000002,0.07226371020078659
45dac356-7a31-4575-8d34-700d6216f8f8,0.02,0.23,0.06968607008457184
45dac356-7a31-4575-8d34-700d6216f8f8,0.03,0.03,0.05196644365787506
45dac356-7a31-4575-8d34-700d6216f8f8,0.03,0.08,0.07027862966060638
45dac356-7a31-4575-8d34-700d6216f8f8,0.03,0.13,0.07217960059642792
45dac356-7a31-4575-8d34-700d6216f8f8,0.03,0.18000000000000002,0.06711394339799881
45dac356-7a31-4575-8d34-700d6216f8f8,0.03,0.23,0.07075417786836624
45dac356-7a31-4575-8d34-700d6216f8f8,0.04,0.03,0.051021359860897064
45dac356-7a31-4575-8d34-700d6216f8f8,0.04,0.08,0.07471377402544022
45dac356-7a31-4575-8d34-700d6216f8f8,0.05,0.03,0.05711445212364197
45dac356-7a31-4575-8d34-700d6216f8f8,0.05,0.08,0.07363597303628922
45dac356-7a31-4575-8d34-700d6216f8f8,0.05,0.13,0.0663418248295784
45dac356-7a31-4575-8d34-700d6216f8f8,0.05,0.18000000000000002,0.07066072523593903
45dac356-7a31-4575-8d34-700d6216f8f8,0.05,0.23,0.07033667713403702
45dac356-7a31-4575-8d34-700d6216f8f8,0.1,0.03,0.05182269960641861
45dac356-7a31-4575-8d34-700d6216f8f8,0.1,0.08,0.05859663337469101
45dac356-7a31-4575-8d34-700d6216f8f8,0.1,0.13,0.06474735587835312
45dac356-7a31-4575-8d34-700d6216f8f8,0.1,0.18000000000000002,0.0718318447470665
45dac356-7a31-4575-8d34-700d6216f8f8,0.1,0.23,0.06685545295476913
45dac356-7a31-4575-8d34-700d6216f8f8,0.15000000000000002,0.03,0.04907389357686043
45dac356-7a31-4575-8d34-700d6216f8f8,0.15000000000000002,0.08,0.05921590328216553
45dac356-7a31-4575-8d34-700d6216f8f8,0.15000000000000002,0.13,0.06893087178468704
45dac356-7a31-4575-8d34-700d6216f8f8,0.15000000000000002,0.18000000000000002,0.06425784528255463
45dac356-7a31-4575-8d34-700d6216f8f8,0.15000000000000002,0.23,0.06147226691246033
45dac356-7a31-4575-8d34-700d6216f8f8,0.2,0.03,0.04911203682422638
45dac356-7a31-4575-8d34-700d6216f8f8,0.2,0.08,0.061146728694438934
45dac356-7a31-4575-8d34-700d6216f8f8,0.2,0.13,0.06746040284633636
45dac356-7a31-4575-8d34-700d6216f8f8,0.2,0.18000000000000002,0.06826183199882507
45dac356-7a31-4575-8d34-700d6216f8f8,0.2,0.23,0.0685911625623703
45dac356-7a31-4575-8d34-700d6216f8f8,0.25,0.03,0.055183783173561096
45dac356-7a31-4575-8d34-700d6216f8f8,0.25,0.08,0.07073974609375
45dac356-7a31-4575-8d34-700d6216f8f8,0.25,0.13,0.0724201425909996
45dac356-7a31-4575-8d34-700d6216f8f8,0.25,0.18000000000000002,0.07149425148963928
45dac356-7a31-4575-8d34-700d6216f8f8,0.25,0.23,0.07167565077543259
45dac356-7a31-4575-8d34-700d6216f8f8,0.30000000000000004,0.03,0.05338345095515251
45dac356-7a31-4575-8d34-700d6216f8f8,0.30000000000000004,0.08,0.06552637368440628
45dac356-7a31-4575-8d34-700d6216f8f8,0.30000000000000004,0.13,0.07086149603128433
45dac356-7a31-4575-8d34-700d6216f8f8,0.30000000000000004,0.18000000000000002,0.06923200935125351
45dac356-7a31-4575-8d34-700d6216f8f8,0.30000000000000004,0.23,0.07258567214012146
45df0f7d-6ecd-4c5f-8662-79c9af47b276,0.0,0.03,0.11004750430583954
45df0f7d-6ecd-4c5f-8662-79c9af47b276,0.0,0.08,0.14925652742385864
45df0f7d-6ecd-4c5f-8662-79c9af47b276,0.0,0.13,0.13658279180526733
45df0f7d-6ecd-4c5f-8662-79c9af47b276,0.0,0.18000000000000002,0.12254823744297028
45df0f7d-6ecd-4c5f-8662-79c9af47b276,0.0,0.23,0.10607381165027618
45df0f7d-6ecd-4c5f-8662-79c9af47b276,0.01,0.03,0.10278704017400742
45df0f7d-6ecd-4c5f-8662-79c9af47b276,0.01,0.08,0.1315433233976364
45df0f7d-6ecd-4c5f-8662-79c9af47b276,0.01,0.13,0.11961057037115097
45df0f7d-6ecd-4c5f-8662-79c9af47b276,0.01,0.18000000000000002,0.10628440976142883
45df0f7d-6ecd-4c5f-8662-79c9af47b276,0.01,0.23,0.09134718775749207
45df0f7d-6ecd-4c5f-8662-79c9af47b276,0.02,0.03,0.10571838915348053
45df0f7d-6ecd-4c5f-8662-79c9af47b276,0.02,0.08,0.12090649455785751
45df0f7d-6ecd-4c5f-8662-79c9af47b276,0.02,0.13,0.11329948157072067
45df0f7d-6ecd-4c5f-8662-79c9af47b276,0.02,0.18000000000000002,0.0957818329334259
45df0f7d-6ecd-4c5f-8662-79c9af47b276,0.02,0.23,0.0840640738606453
45df0f7d-6ecd-4c5f-8662-79c9af47b276,0.03,0.03,0.10325829684734344
45df0f7d-6ecd-4c5f-8662-79c9af47b276,0.03,0.08,0.10336317121982574
45df0f7d-6ecd-4c5f-8662-79c9af47b276,0.03,0.13,0.09633152931928635
45df0f7d-6ecd-4c5f-8662-79c9af47b276,0.03,0.18000000000000002,0.08218953013420105
45df0f7d-6ecd-4c5f-8662-79c9af47b276,0.03,0.23,0.07327022403478622
45df0f7d-6ecd-4c5f-8662-79c9af47b276,0.04,0.03,0.07496277242898941
45df0f7d-6ecd-4c5f-8662-79c9af47b276,0.04,0.08,0.0841641053557396
45df0f7d-6ecd-4c5f-8662-79c9af47b276,0.05,0.03,0.0709041878581047
45df0f7d-6ecd-4c5f-8662-79c9af47b276,0.05,0.08,0.07170245796442032
45df0f7d-6ecd-4c5f-8662-79c9af47b276,0.05,0.13,0.07124723494052887
45df0f7d-6ecd-4c5f-8662-79c9af47b276,0.05,0.18000000000000002,0.06908450275659561
45df0f7d-6ecd-4c5f-8662-79c9af47b276,0.05,0.23,0.06686874479055405
45df0f7d-6ecd-4c5f-8662-79c9af47b276,0.1,0.03,0.04848955199122429
45df0f7d-6ecd-4c5f-8662-79c9af47b276,0.1,0.08,0.0595964752137661
45df0f7d-6ecd-4c5f-8662-79c9af47b276,0.1,0.13,0.06377097964286804
45df0f7d-6ecd-4c5f-8662-79c9af47b276,0.1,0.18000000000000002,0.06414591521024704
45df0f7d-6ecd-4c5f-8662-79c9af47b276,0.1,0.23,0.06869617849588394
45df0f7d-6ecd-4c5f-8662-79c9af47b276,0.15000000000000002,0.03,0.04562600329518318
45df0f7d-6ecd-4c5f-8662-79c9af47b276,0.15000000000000002,0.08,0.06236151233315468
45df0f7d-6ecd-4c5f-8662-79c9af47b276,0.15000000000000002,0.13,0.06415851414203644
45df0f7d-6ecd-4c5f-8662-79c9af47b276,0.15000000000000002,0.18000000000000002,0.06827139109373093
45df0f7d-6ecd-4c5f-8662-79c9af47b276,0.15000000000000002,0.23,0.06902193278074265
45df0f7d-6ecd-4c5f-8662-79c9af47b276,0.2,0.03,0.05581234395503998
45df0f7d-6ecd-4c5f-8662-79c9af47b276,0.2,0.08,0.05709270015358925
45df0f7d-6ecd-4c5f-8662-79c9af47b276,0.2,0.13,0.06270802766084671
45df0f7d-6ecd-4c5f-8662-79c9af47b276,0.2,0.18000000000000002,0.0578802227973938
45df0f7d-6ecd-4c5f-8662-79c9af47b276,0.2,0.23,0.06297948956489563
45df0f7d-6ecd-4c5f-8662-79c9af47b276,0.25,0.03,0.04902759939432144
45df0f7d-6ecd-4c5f-8662-79c9af47b276,0.25,0.08,0.04938577115535736
45df0f7d-6ecd-4c5f-8662-79c9af47b276,0.25,0.13,0.056268684566020966
45df0f7d-6ecd-4c5f-8662-79c9af47b276,0.25,0.18000000000000002,0.06411606818437576
45df0f7d-6ecd-4c5f-8662-79c9af47b276,0.25,0.23,0.06866077333688736
45df0f7d-6ecd-4c5f-8662-79c9af47b276,0.30000000000000004,0.03,0.047846343368291855
45df0f7d-6ecd-4c5f-8662-79c9af47b276,0.30000000000000004,0.08,0.05724667012691498
45df0f7d-6ecd-4c5f-8662-79c9af47b276,0.30000000000000004,0.13,0.06513015925884247
45df0f7d-6ecd-4c5f-8662-79c9af47b276,0.30000000000000004,0.18000000000000002,0.06896031647920609
45df0f7d-6ecd-4c5f-8662-79c9af47b276,0.30000000000000004,0.23,0.06342043727636337
45e7d226-d044-4ecb-a6ec-7363536f0683,0.0,0.03,0.07250050455331802
45e7d226-d044-4ecb-a6ec-7363536f0683,0.0,0.08,0.0824366956949234
45e7d226-d044-4ecb-a6ec-7363536f0683,0.0,0.13,0.09446671605110168
45e7d226-d044-4ecb-a6ec-7363536f0683,0.0,0.18000000000000002,0.09916510432958603
45e7d226-d044-4ecb-a6ec-7363536f0683,0.0,0.23,0.0928543210029602
45e7d226-d044-4ecb-a6ec-7363536f0683,0.01,0.03,0.07301677763462067
45e7d226-d044-4ecb-a6ec-7363536f0683,0.01,0.08,0.07965907454490662
45e7d226-d044-4ecb-a6ec-7363536f0683,0.01,0.13,0.0953439250588417
45e7d226-d044-4ecb-a6ec-7363536f0683,0.01,0.18000000000000002,0.09802480787038803
45e7d226-d044-4ecb-a6ec-7363536f0683,0.01,0.23,0.09440448135137558
45e7d226-d044-4ecb-a6ec-7363536f0683,0.02,0.03,0.06218428537249565
45e7d226-d044-4ecb-a6ec-7363536f0683,0.02,0.08,0.09736306220293045
45e7d226-d044-4ecb-a6ec-7363536f0683,0.02,0.13,0.09418295323848724
45e7d226-d044-4ecb-a6ec-7363536f0683,0.02,0.18000000000000002,0.1033317819237709
45e7d226-d044-4ecb-a6ec-7363536f0683,0.02,0.23,0.09242700785398483
45e7d226-d044-4ecb-a6ec-7363536f0683,0.03,0.03,0.05745464563369751
45e7d226-d044-4ecb-a6ec-7363536f0683,0.03,0.08,0.0728684663772583
45e7d226-d044-4ecb-a6ec-7363536f0683,0.03,0.13,0.09049785882234573
45e7d226-d044-4ecb-a6ec-7363536f0683,0.03,0.18000000000000002,0.09646769613027573
45e7d226-d044-4ecb-a6ec-7363536f0683,0.03,0.23,0.09199873358011246
45e7d226-d044-4ecb-a6ec-7363536f0683,0.04,0.03,0.07349683344364166
45e7d226-d044-4ecb-a6ec-7363536f0683,0.04,0.08,0.07805979251861572
45e7d226-d044-4ecb-a6ec-7363536f0683,0.05,0.03,0.0765363872051239
45e7d226-d044-4ecb-a6ec-7363536f0683,0.05,0.08,0.10187900066375732
45e7d226-d044-4ecb-a6ec-7363536f0683,0.05,0.13,0.10020877420902252
45e7d226-d044-4ecb-a6ec-7363536f0683,0.05,0.18000000000000002,0.10208579152822495
45e7d226-d044-4ecb-a6ec-7363536f0683,0.05,0.23,0.09261474758386612
45e7d226-d044-4ecb-a6ec-7363536f0683,0.1,0.03,0.06758900731801987
45e7d226-d044-4ecb-a6ec-7363536f0683,0.1,0.08,0.07711225003004074
45e7d226-d044-4ecb-a6ec-7363536f0683,0.1,0.13,0.09119602292776108
45e7d226-d044-4ecb-a6ec-7363536f0683,0.1,0.18000000000000002,0.0809304341673851
45e7d226-d044-4ecb-a6ec-7363536f0683,0.1,0.23,0.08110497891902924
45e7d226-d044-4ecb-a6ec-7363536f0683,0.15000000000000002,0.03,0.0691743716597557
45e7d226-d044-4ecb-a6ec-7363536f0683,0.15000000000000002,0.08,0.0921059101819992
45e7d226-d044-4ecb-a6ec-7363536f0683,0.15000000000000002,0.13,0.07770493626594543
45e7d226-d044-4ecb-a6ec-7363536f0683,0.15000000000000002,0.18000000000000002,0.0905650407075882
45e7d226-d044-4ecb-a6ec-7363536f0683,0.15000000000000002,0.23,0.08897200226783752
45e7d226-d044-4ecb-a6ec-7363536f0683,0.2,0.03,0.050808440893888474
45e7d226-d044-4ecb-a6ec-7363536f0683,0.2,0.08,0.05948767066001892
45e7d226-d044-4ecb-a6ec-7363536f0683,0.2,0.13,0.08126755803823471
45e7d226-d044-4ecb-a6ec-7363536f0683,0.2,0.18000000000000002,0.0776616632938385
45e7d226-d044-4ecb-a6ec-7363536f0683,0.2,0.23,0.08292480558156967
45e7d226-d044-4ecb-a6ec-7363536f0683,0.25,0.03,0.05808500573039055
45e7d226-d044-4ecb-a6ec-7363536f0683,0.25,0.08,0.0821874588727951
45e7d226-d044-4ecb-a6ec-7363536f0683,0.25,0.13,0.07570940256118774
45e7d226-d044-4ecb-a6ec-7363536f0683,0.25,0.18000000000000002,0.0812317430973053
45e7d226-d044-4ecb-a6ec-7363536f0683,0.25,0.23,0.07439465820789337
45e7d226-d044-4ecb-a6ec-7363536f0683,0.30000000000000004,0.03,0.052637118846178055
45e7d226-d044-4ecb-a6ec-7363536f0683,0.30000000000000004,0.08,0.06203741580247879
45e7d226-d044-4ecb-a6ec-7363536f0683,0.30000000000000004,0.13,0.06966281682252884
45e7d226-d044-4ecb-a6ec-7363536f0683,0.30000000000000004,0.18000000000000002,0.0676652193069458
45e7d226-d044-4ecb-a6ec-7363536f0683,0.30000000000000004,0.23,0.07837165892124176
4607c1b9-d564-442a-b28d-58f62c01c031,0.0,0.03,0.0487544946372509
4607c1b9-d564-442a-b28d-58f62c01c031,0.0,0.08,0.08621588349342346
4607c1b9-d564-442a-b28d-58f62c01c031,0.0,0.13,0.11829181015491486
4607c1b9-d564-442a-b28d-58f62c01c031,0.0,0.18000000000000002,0.13078990578651428
4607c1b9-d564-442a-b28d-58f62c01c031,0.0,0.23,0.1363029181957245
4607c1b9-d564-442a-b28d-58f62c01c031,0.01,0.03,0.04979386180639267
4607c1b9-d564-442a-b28d-58f62c01c031,0.01,0.08,0.0875215157866478
4607c1b9-d564-442a-b28d-58f62c01c031,0.01,0.13,0.10446444898843765
4607c1b9-d564-442a-b28d-58f62c01c031,0.01,0.18000000000000002,0.1164083182811737
4607c1b9-d564-442a-b28d-58f62c01c031,0.01,0.23,0.1197585016489029
4607c1b9-d564-442a-b28d-58f62c01c031,0.02,0.03,0.05472959950566292
4607c1b9-d564-442a-b28d-58f62c01c031,0.02,0.08,0.0875004455447197
4607c1b9-d564-442a-b28d-58f62c01c031,0.02,0.13,0.10949236154556274
4607c1b9-d564-442a-b28d-58f62c01c031,0.02,0.18000000000000002,0.11286727339029312
4607c1b9-d564-442a-b28d-58f62c01c031,0.02,0.23,0.12187547981739044
4607c1b9-d564-442a-b28d-58f62c01c031,0.03,0.03,0.06003139168024063
4607c1b9-d564-442a-b28d-58f62c01c031,0.03,0.08,0.09330417215824127
4607c1b9-d564-442a-b28d-58f62c01c031,0.03,0.13,0.11166364699602127
4607c1b9-d564-442a-b28d-58f62c01c031,0.03,0.18000000000000002,0.11414185166358948
4607c1b9-d564-442a-b28d-58f62c01c031,0.03,0.23,0.12259897589683533
4607c1b9-d564-442a-b28d-58f62c01c031,0.04,0.03,0.06024526059627533
4607c1b9-d564-442a-b28d-58f62c01c031,0.04,0.08,0.09994503110647202
4607c1b9-d564-442a-b28d-58f62c01c031,0.05,0.03,0.060704078525304794
4607c1b9-d564-442a-b28d-58f62c01c031,0.05,0.08,0.10843770951032639
4607c1b9-d564-442a-b28d-58f62c01c031,0.05,0.13,0.12045325338840485
4607c1b9-d564-442a-b28d-58f62c01c031,0.05,0.18000000000000002,0.12632356584072113
4607c1b9-d564-442a-b28d-58f62c01c031,0.05,0.23,0.1331239640712738
4607c1b9-d564-442a-b28d-58f62c01c031,0.1,0.03,0.06905027478933334
4607c1b9-d564-442a-b28d-58f62c01c031,0.1,0.08,0.08917953073978424
4607c1b9-d564-442a-b28d-58f62c01c031,0.1,0.13,0.09719894081354141
4607c1b9-d564-442a-b28d-58f62c01c031,0.1,0.18000000000000002,0.10654760152101517
4607c1b9-d564-442a-b28d-58f62c01c031,0.1,0.23,0.10715440660715103
4607c1b9-d564-442a-b28d-58f62c01c031,0.15000000000000002,0.03,0.05217608064413071
4607c1b9-d564-442a-b28d-58f62c01c031,0.15000000000000002,0.08,0.06693792343139648
4607c1b9-d564-442a-b28d-58f62c01c031,0.15000000000000002,0.13,0.07997189462184906
4607c1b9-d564-442a-b28d-58f62c01c031,0.15000000000000002,0.18000000000000002,0.08378289639949799
4607c1b9-d564-442a-b28d-58f62c01c031,0.15000000000000002,0.23,0.07829113304615021
4607c1b9-d564-442a-b28d-58f62c01c031,0.2,0.03,0.05389011278748512
4607c1b9-d564-442a-b28d-58f62c01c031,0.2,0.08,0.06313978135585785
4607c1b9-d564-442a-b28d-58f62c01c031,0.2,0.13,0.07583154737949371
4607c1b9-d564-442a-b28d-58f62c01c031,0.2,0.18000000000000002,0.07435663789510727
4607c1b9-d564-442a-b28d-58f62c01c031,0.2,0.23,0.07306872308254242
4607c1b9-d564-442a-b28d-58f62c01c031,0.25,0.03,0.05157208442687988
4607c1b9-d564-442a-b28d-58f62c01c031,0.25,0.08,0.0648847222328186
4607c1b9-d564-442a-b28d-58f62c01c031,0.25,0.13,0.06630998849868774
4607c1b9-d564-442a-b28d-58f62c01c031,0.25,0.18000000000000002,0.06437337398529053
4607c1b9-d564-442a-b28d-58f62c01c031,0.25,0.23,0.06821058690547943
4607c1b9-d564-442a-b28d-58f62c01c031,0.30000000000000004,0.03,0.04409584030508995
4607c1b9-d564-442a-b28d-58f62c01c031,0.30000000000000004,0.08,0.05802921578288078
4607c1b9-d564-442a-b28d-58f62c01c031,0.30000000000000004,0.13,0.06327255815267563
4607c1b9-d564-442a-b28d-58f62c01c031,0.30000000000000004,0.18000000000000002,0.06377013772726059
4607c1b9-d564-442a-b28d-58f62c01c031,0.30000000000000004,0.23,0.07219590246677399
461baa9f-2d12-4d87-acef-e2461cd5a054,0.0,0.03,0.05716204270720482
461baa9f-2d12-4d87-acef-e2461cd5a054,0.0,0.08,0.08257199823856354
461baa9f-2d12-4d87-acef-e2461cd5a054,0.0,0.13,0.09241346269845963
461baa9f-2d12-4d87-acef-e2461cd5a054,0.0,0.18000000000000002,0.08023008704185486
461baa9f-2d12-4d87-acef-e2461cd5a054,0.0,0.23,0.07571476697921753
461baa9f-2d12-4d87-acef-e2461cd5a054,0.01,0.03,0.05836569890379906
461baa9f-2d12-4d87-acef-e2461cd5a054,0.01,0.08,0.08487024158239365
461baa9f-2d12-4d87-acef-e2461cd5a054,0.01,0.13,0.0939030647277832
461baa9f-2d12-4d87-acef-e2461cd5a054,0.01,0.18000000000000002,0.07847940176725388
461baa9f-2d12-4d87-acef-e2461cd5a054,0.01,0.23,0.0765969455242157
461baa9f-2d12-4d87-acef-e2461cd5a054,0.02,0.03,0.06812010705471039
461baa9f-2d12-4d87-acef-e2461cd5a054,0.02,0.08,0.0936373844742775
461baa9f-2d12-4d87-acef-e2461cd5a054,0.02,0.13,0.08358845859766006
461baa9f-2d12-4d87-acef-e2461cd5a054,0.02,0.18000000000000002,0.07717296481132507
461baa9f-2d12-4d87-acef-e2461cd5a054,0.02,0.23,0.07579817622900009
461baa9f-2d12-4d87-acef-e2461cd5a054,0.03,0.03,0.06902190297842026
461baa9f-2d12-4d87-acef-e2461cd5a054,0.03,0.08,0.09234317392110825
461baa9f-2d12-4d87-acef-e2461cd5a054,0.03,0.13,0.08536955714225769
461baa9f-2d12-4d87-acef-e2461cd5a054,0.03,0.18000000000000002,0.07569725811481476
461baa9f-2d12-4d87-acef-e2461cd5a054,0.03,0.23,0.07509145885705948
461baa9f-2d12-4d87-acef-e2461cd5a054,0.04,0.03,0.07233958691358566
461baa9f-2d12-4d87-acef-e2461cd5a054,0.04,0.08,0.08947449177503586
461baa9f-2d12-4d87-acef-e2461cd5a054,0.05,0.03,0.06595399230718613
461baa9f-2d12-4d87-acef-e2461cd5a054,0.05,0.08,0.08268748968839645
461baa9f-2d12-4d87-acef-e2461cd5a054,0.05,0.13,0.07132254540920258
461baa9f-2d12-4d87-acef-e2461cd5a054,0.05,0.18000000000000002,0.0720835030078888
461baa9f-2d12-4d87-acef-e2461cd5a054,0.05,0.23,0.07282132655382156
461baa9f-2d12-4d87-acef-e2461cd5a054,0.1,0.03,0.06408285349607468
461baa9f-2d12-4d87-acef-e2461cd5a054,0.1,0.08,0.06518018990755081
461baa9f-2d12-4d87-acef-e2461cd5a054,0.1,0.13,0.07709745317697525
461baa9f-2d12-4d87-acef-e2461cd5a054,0.1,0.18000000000000002,0.07540446519851685
461baa9f-2d12-4d87-acef-e2461cd5a054,0.1,0.23,0.07178323715925217
461baa9f-2d12-4d87-acef-e2461cd5a054,0.15000000000000002,0.03,0.06013839319348335
461baa9f-2d12-4d87-acef-e2461cd5a054,0.15000000000000002,0.08,0.07613545656204224
461baa9f-2d12-4d87-acef-e2461cd5a054,0.15000000000000002,0.13,0.07224317640066147
461baa9f-2d12-4d87-acef-e2461cd5a054,0.15000000000000002,0.18000000000000002,0.06970228254795074
461baa9f-2d12-4d87-acef-e2461cd5a054,0.15000000000000002,0.23,0.07180226594209671
461baa9f-2d12-4d87-acef-e2461cd5a054,0.2,0.03,0.06564120948314667
461baa9f-2d12-4d87-acef-e2461cd5a054,0.2,0.08,0.06469672173261642
461baa9f-2d12-4d87-acef-e2461cd5a054,0.2,0.13,0.06684128940105438
461baa9f-2d12-4d87-acef-e2461cd5a054,0.2,0.18000000000000002,0.07103719562292099
461baa9f-2d12-4d87-acef-e2461cd5a054,0.2,0.23,0.06951691955327988
461baa9f-2d12-4d87-acef-e2461cd5a054,0.25,0.03,0.06107575446367264
461baa9f-2d12-4d87-acef-e2461cd5a054,0.25,0.08,0.07169342786073685
461baa9f-2d12-4d87-acef-e2461cd5a054,0.25,0.13,0.072055384516716
461baa9f-2d12-4d87-acef-e2461cd5a054,0.25,0.18000000000000002,0.0701671615242958
461baa9f-2d12-4d87-acef-e2461cd5a054,0.25,0.23,0.06594625860452652
461baa9f-2d12-4d87-acef-e2461cd5a054,0.30000000000000004,0.03,0.05420251190662384
461baa9f-2d12-4d87-acef-e2461cd5a054,0.30000000000000004,0.08,0.06521449983119965
461baa9f-2d12-4d87-acef-e2461cd5a054,0.30000000000000004,0.13,0.0656190887093544
461baa9f-2d12-4d87-acef-e2461cd5a054,0.30000000000000004,0.18000000000000002,0.06657692790031433
461baa9f-2d12-4d87-acef-e2461cd5a054,0.30000000000000004,0.23,0.07164965569972992
463825e9-60c5-402b-b300-1c0146cb654d,0.0,0.03,0.05785942077636719
463825e9-60c5-402b-b300-1c0146cb654d,0.0,0.08,0.13143637776374817
463825e9-60c5-402b-b300-1c0146cb654d,0.0,0.13,0.18198946118354797
463825e9-60c5-402b-b300-1c0146cb654d,0.0,0.18000000000000002,0.17186817526817322
463825e9-60c5-402b-b300-1c0146cb654d,0.0,0.23,0.14720849692821503
463825e9-60c5-402b-b300-1c0146cb654d,0.01,0.03,0.05553123354911804
463825e9-60c5-402b-b300-1c0146cb654d,0.01,0.08,0.11560320854187012
463825e9-60c5-402b-b300-1c0146cb654d,0.01,0.13,0.14581936597824097
463825e9-60c5-402b-b300-1c0146cb654d,0.01,0.18000000000000002,0.1380975842475891
463825e9-60c5-402b-b300-1c0146cb654d,0.01,0.23,0.12202370166778564
463825e9-60c5-402b-b300-1c0146cb654d,0.02,0.03,0.06250062584877014
463825e9-60c5-402b-b300-1c0146cb654d,0.02,0.08,0.12486880272626877
463825e9-60c5-402b-b300-1c0146cb654d,0.02,0.13,0.14702464640140533
463825e9-60c5-402b-b300-1c0146cb654d,0.02,0.18000000000000002,0.1369965523481369
463825e9-60c5-402b-b300-1c0146cb654d,0.02,0.23,0.1152610331773758
463825e9-60c5-402b-b300-1c0146cb654d,0.03,0.03,0.07519257813692093
463825e9-60c5-402b-b300-1c0146cb654d,0.03,0.08,0.13442669808864594
463825e9-60c5-402b-b300-1c0146cb654d,0.03,0.13,0.14725638926029205
463825e9-60c5-402b-b300-1c0146cb654d,0.03,0.18000000000000002,0.13203537464141846
463825e9-60c5-402b-b300-1c0146cb654d,0.03,0.23,0.11044259369373322
463825e9-60c5-402b-b300-1c0146cb654d,0.04,0.03,0.09134721010923386
463825e9-60c5-402b-b300-1c0146cb654d,0.04,0.08,0.1423468291759491
463825e9-60c5-402b-b300-1c0146cb654d,0.05,0.03,0.12608954310417175
463825e9-60c5-402b-b300-1c0146cb654d,0.05,0.08,0.1921139359474182
463825e9-60c5-402b-b300-1c0146cb654d,0.05,0.13,0.1733759045600891
463825e9-60c5-402b-b300-1c0146cb654d,0.05,0.18000000000000002,0.14011070132255554
463825e9-60c5-402b-b300-1c0146cb654d,0.05,0.23,0.1055508553981781
463825e9-60c5-402b-b300-1c0146cb654d,0.1,0.03,0.12070153653621674
463825e9-60c5-402b-b300-1c0146cb654d,0.1,0.08,0.11735530197620392
463825e9-60c5-402b-b300-1c0146cb654d,0.1,0.13,0.08952201902866364
463825e9-60c5-402b-b300-1c0146cb654d,0.1,0.18000000000000002,0.09165876358747482
463825e9-60c5-402b-b300-1c0146cb654d,0.1,0.23,0.08776059746742249
463825e9-60c5-402b-b300-1c0146cb654d,0.15000000000000002,0.03,0.050770096480846405
463825e9-60c5-402b-b300-1c0146cb654d,0.15000000000000002,0.08,0.06795083731412888
463825e9-60c5-402b-b300-1c0146cb654d,0.15000000000000002,0.13,0.07423607259988785
463825e9-60c5-402b-b300-1c0146cb654d,0.15000000000000002,0.18000000000000002,0.07116273045539856
463825e9-60c5-402b-b300-1c0146cb654d,0.15000000000000002,0.23,0.07358378171920776
463825e9-60c5-402b-b300-1c0146cb654d,0.2,0.03,0.05191846936941147
463825e9-60c5-402b-b300-1c0146cb654d,0.2,0.08,0.06866396218538284
463825e9-60c5-402b-b300-1c0146cb654d,0.2,0.13,0.07305435836315155
463825e9-60c5-402b-b300-1c0146cb654d,0.2,0.18000000000000002,0.07749371975660324
463825e9-60c5-402b-b300-1c0146cb654d,0.2,0.23,0.07736841589212418
463825e9-60c5-402b-b300-1c0146cb654d,0.25,0.03,0.05308445915579796
463825e9-60c5-402b-b300-1c0146cb654d,0.25,0.08,0.07197584211826324
463825e9-60c5-402b-b300-1c0146cb654d,0.25,0.13,0.07856746017932892
463825e9-60c5-402b-b300-1c0146cb654d,0.25,0.18000000000000002,0.08381730318069458
463825e9-60c5-402b-b300-1c0146cb654d,0.25,0.23,0.08188427239656448
463825e9-60c5-402b-b300-1c0146cb654d,0.30000000000000004,0.03,0.055018261075019836
463825e9-60c5-402b-b300-1c0146cb654d,0.30000000000000004,0.08,0.0743490606546402
463825e9-60c5-402b-b300-1c0146cb654d,0.30000000000000004,0.13,0.07970046252012253
463825e9-60c5-402b-b300-1c0146cb654d,0.30000000000000004,0.18000000000000002,0.08126208186149597
463825e9-60c5-402b-b300-1c0146cb654d,0.30000000000000004,0.23,0.08241977542638779
466489fd-b619-498a-8a05-7a910844ccf5,0.0,0.03,0.10760188847780228
466489fd-b619-498a-8a05-7a910844ccf5,0.0,0.08,0.14363878965377808
466489fd-b619-498a-8a05-7a910844ccf5,0.0,0.13,0.12456772476434708
466489fd-b619-498a-8a05-7a910844ccf5,0.0,0.18000000000000002,0.11006752401590347
466489fd-b619-498a-8a05-7a910844ccf5,0.0,0.23,0.10610197484493256
466489fd-b619-498a-8a05-7a910844ccf5,0.01,0.03,0.09329599142074585
466489fd-b619-498a-8a05-7a910844ccf5,0.01,0.08,0.12672443687915802
466489fd-b619-498a-8a05-7a910844ccf5,0.01,0.13,0.11056605726480484
466489fd-b619-498a-8a05-7a910844ccf5,0.01,0.18000000000000002,0.10425066947937012
466489fd-b619-498a-8a05-7a910844ccf5,0.01,0.23,0.10004740208387375
466489fd-b619-498a-8a05-7a910844ccf5,0.02,0.03,0.10208520293235779
466489fd-b619-498a-8a05-7a910844ccf5,0.02,0.08,0.12260563671588898
466489fd-b619-498a-8a05-7a910844ccf5,0.02,0.13,0.10406987369060516
466489fd-b619-498a-8a05-7a910844ccf5,0.02,0.18000000000000002,0.10038456320762634
466489fd-b619-498a-8a05-7a910844ccf5,0.02,0.23,0.09851747751235962
466489fd-b619-498a-8a05-7a910844ccf5,0.03,0.03,0.09945855289697647
466489fd-b619-498a-8a05-7a910844ccf5,0.03,0.08,0.10885420441627502
466489fd-b619-498a-8a05-7a910844ccf5,0.03,0.13,0.09374688565731049
466489fd-b619-498a-8a05-7a910844ccf5,0.03,0.18000000000000002,0.09333734959363937
466489fd-b619-498a-8a05-7a910844ccf5,0.03,0.23,0.08954741060733795
466489fd-b619-498a-8a05-7a910844ccf5,0.04,0.03,0.09099637717008591
466489fd-b619-498a-8a05-7a910844ccf5,0.04,0.08,0.09669647365808487
466489fd-b619-498a-8a05-7a910844ccf5,0.05,0.03,0.0917629823088646
466489fd-b619-498a-8a05-7a910844ccf5,0.05,0.08,0.08937235921621323
466489fd-b619-498a-8a05-7a910844ccf5,0.05,0.13,0.08833323419094086
466489fd-b619-498a-8a05-7a910844ccf5,0.05,0.18000000000000002,0.08592264354228973
466489fd-b619-498a-8a05-7a910844ccf5,0.05,0.23,0.08385936170816422
466489fd-b619-498a-8a05-7a910844ccf5,0.1,0.03,0.05328550934791565
466489fd-b619-498a-8a05-7a910844ccf5,0.1,0.08,0.06994639337062836
466489fd-b619-498a-8a05-7a910844ccf5,0.1,0.13,0.06619200855493546
466489fd-b619-498a-8a05-7a910844ccf5,0.1,0.18000000000000002,0.0690520629286766
466489fd-b619-498a-8a05-7a910844ccf5,0.1,0.23,0.06736831367015839
466489fd-b619-498a-8a05-7a910844ccf5,0.15000000000000002,0.03,0.05380263179540634
466489fd-b619-498a-8a05-7a910844ccf5,0.15000000000000002,0.08,0.0664936751127243
466489fd-b619-498a-8a05-7a910844ccf5,0.15000000000000002,0.13,0.06724909693002701
466489fd-b619-498a-8a05-7a910844ccf5,0.15000000000000002,0.18000000000000002,0.060518670827150345
466489fd-b619-498a-8a05-7a910844ccf5,0.15000000000000002,0.23,0.06251881271600723
466489fd-b619-498a-8a05-7a910844ccf5,0.2,0.03,0.0582532063126564
466489fd-b619-498a-8a05-7a910844ccf5,0.2,0.08,0.06244754046201706
466489fd-b619-498a-8a05-7a910844ccf5,0.2,0.13,0.06152373179793358
466489fd-b619-498a-8a05-7a910844ccf5,0.2,0.18000000000000002,0.06391596794128418
466489fd-b619-498a-8a05-7a910844ccf5,0.2,0.23,0.06361646950244904
466489fd-b619-498a-8a05-7a910844ccf5,0.25,0.03,0.0505995899438858
466489fd-b619-498a-8a05-7a910844ccf5,0.25,0.08,0.053805336356163025
466489fd-b619-498a-8a05-7a910844ccf5,0.25,0.13,0.058239683508872986
466489fd-b619-498a-8a05-7a910844ccf5,0.25,0.18000000000000002,0.059037547558546066
466489fd-b619-498a-8a05-7a910844ccf5,0.25,0.23,0.061119645833969116
466489fd-b619-498a-8a05-7a910844ccf5,0.30000000000000004,0.03,0.04616401717066765
466489fd-b619-498a-8a05-7a910844ccf5,0.30000000000000004,0.08,0.05236377567052841
466489fd-b619-498a-8a05-7a910844ccf5,0.30000000000000004,0.13,0.06130542978644371
466489fd-b619-498a-8a05-7a910844ccf5,0.30000000000000004,0.18000000000000002,0.06039876118302345
466489fd-b619-498a-8a05-7a910844ccf5,0.30000000000000004,0.23,0.06568537652492523
4686d54c-1c23-4a66-8c4b-8582566b8c04,0.0,0.03,0.053548626601696014
4686d54c-1c23-4a66-8c4b-8582566b8c04,0.0,0.08,0.0684271976351738
4686d54c-1c23-4a66-8c4b-8582566b8c04,0.0,0.13,0.06527335941791534
4686d54c-1c23-4a66-8c4b-8582566b8c04,0.0,0.18000000000000002,0.06453251093626022
4686d54c-1c23-4a66-8c4b-8582566b8c04,0.0,0.23,0.06197888031601906
4686d54c-1c23-4a66-8c4b-8582566b8c04,0.01,0.03,0.05228688195347786
4686d54c-1c23-4a66-8c4b-8582566b8c04,0.01,0.08,0.0573749840259552
4686d54c-1c23-4a66-8c4b-8582566b8c04,0.01,0.13,0.06267886608839035
4686d54c-1c23-4a66-8c4b-8582566b8c04,0.01,0.18000000000000002,0.06239699572324753
4686d54c-1c23-4a66-8c4b-8582566b8c04,0.01,0.23,0.06399543583393097
4686d54c-1c23-4a66-8c4b-8582566b8c04,0.02,0.03,0.05769021436572075
4686d54c-1c23-4a66-8c4b-8582566b8c04,0.02,0.08,0.06003059074282646
4686d54c-1c23-4a66-8c4b-8582566b8c04,0.02,0.13,0.060717951506376266
4686d54c-1c23-4a66-8c4b-8582566b8c04,0.02,0.18000000000000002,0.06264965981245041
4686d54c-1c23-4a66-8c4b-8582566b8c04,0.02,0.23,0.06664455682039261
4686d54c-1c23-4a66-8c4b-8582566b8c04,0.03,0.03,0.046818360686302185
4686d54c-1c23-4a66-8c4b-8582566b8c04,0.03,0.08,0.06368894875049591
4686d54c-1c23-4a66-8c4b-8582566b8c04,0.03,0.13,0.06114964932203293
4686d54c-1c23-4a66-8c4b-8582566b8c04,0.03,0.18000000000000002,0.061218466609716415
4686d54c-1c23-4a66-8c4b-8582566b8c04,0.03,0.23,0.07017956674098969
4686d54c-1c23-4a66-8c4b-8582566b8c04,0.04,0.03,0.047556377947330475
4686d54c-1c23-4a66-8c4b-8582566b8c04,0.04,0.08,0.06131645664572716
4686d54c-1c23-4a66-8c4b-8582566b8c04,0.05,0.03,0.055971235036849976
4686d54c-1c23-4a66-8c4b-8582566b8c04,0.05,0.08,0.060498304665088654
4686d54c-1c23-4a66-8c4b-8582566b8c04,0.05,0.13,0.06324851512908936
4686d54c-1c23-4a66-8c4b-8582566b8c04,0.05,0.18000000000000002,0.062263164669275284
4686d54c-1c23-4a66-8c4b-8582566b8c04,0.05,0.23,0.06328137218952179
4686d54c-1c23-4a66-8c4b-8582566b8c04,0.1,0.03,0.05566847324371338
4686d54c-1c23-4a66-8c4b-8582566b8c04,0.1,0.08,0.059540048241615295
4686d54c-1c23-4a66-8c4b-8582566b8c04,0.1,0.13,0.06266909092664719
4686d54c-1c23-4a66-8c4b-8582566b8c04,0.1,0.18000000000000002,0.06614524126052856
4686d54c-1c23-4a66-8c4b-8582566b8c04,0.1,0.23,0.06851252168416977
4686d54c-1c23-4a66-8c4b-8582566b8c04,0.15000000000000002,0.03,0.05161371827125549
4686d54c-1c23-4a66-8c4b-8582566b8c04,0.15000000000000002,0.08,0.05954239144921303
4686d54c-1c23-4a66-8c4b-8582566b8c04,0.15000000000000002,0.13,0.06667967140674591
4686d54c-1c23-4a66-8c4b-8582566b8c04,0.15000000000000002,0.18000000000000002,0.06533722579479218
4686d54c-1c23-4a66-8c4b-8582566b8c04,0.15000000000000002,0.23,0.06655319035053253
4686d54c-1c23-4a66-8c4b-8582566b8c04,0.2,0.03,0.046289317309856415
4686d54c-1c23-4a66-8c4b-8582566b8c04,0.2,0.08,0.06285647302865982
4686d54c-1c23-4a66-8c4b-8582566b8c04,0.2,0.13,0.058060310781002045
4686d54c-1c23-4a66-8c4b-8582566b8c04,0.2,0.18000000000000002,0.073640376329422
4686d54c-1c23-4a66-8c4b-8582566b8c04,0.2,0.23,0.08538346737623215
4686d54c-1c23-4a66-8c4b-8582566b8c04,0.25,0.03,0.0448458231985569
4686d54c-1c23-4a66-8c4b-8582566b8c04,0.25,0.08,0.05955755338072777
4686d54c-1c23-4a66-8c4b-8582566b8c04,0.25,0.13,0.06447172164916992
4686d54c-1c23-4a66-8c4b-8582566b8c04,0.25,0.18000000000000002,0.07842527329921722
4686d54c-1c23-4a66-8c4b-8582566b8c04,0.25,0.23,0.0780966505408287
4686d54c-1c23-4a66-8c4b-8582566b8c04,0.30000000000000004,0.03,0.050056010484695435
4686d54c-1c23-4a66-8c4b-8582566b8c04,0.30000000000000004,0.08,0.061118364334106445
4686d54c-1c23-4a66-8c4b-8582566b8c04,0.30000000000000004,0.13,0.07635889947414398
4686d54c-1c23-4a66-8c4b-8582566b8c04,0.30000000000000004,0.18000000000000002,0.07532044500112534
4686d54c-1c23-4a66-8c4b-8582566b8c04,0.30000000000000004,0.23,0.08241041004657745
46eb24df-d2ff-4e60-b6ab-db646a716d47,0.0,0.03,0.044486258178949356
46eb24df-d2ff-4e60-b6ab-db646a716d47,0.0,0.08,0.05856277421116829
46eb24df-d2ff-4e60-b6ab-db646a716d47,0.0,0.13,0.07553984224796295
46eb24df-d2ff-4e60-b6ab-db646a716d47,0.0,0.18000000000000002,0.0825854018330574
46eb24df-d2ff-4e60-b6ab-db646a716d47,0.0,0.23,0.08469787240028381
46eb24df-d2ff-4e60-b6ab-db646a716d47,0.01,0.03,0.051799483597278595
46eb24df-d2ff-4e60-b6ab-db646a716d47,0.01,0.08,0.055349379777908325
46eb24df-d2ff-4e60-b6ab-db646a716d47,0.01,0.13,0.06970663368701935
46eb24df-d2ff-4e60-b6ab-db646a716d47,0.01,0.18000000000000002,0.08015462756156921
46eb24df-d2ff-4e60-b6ab-db646a716d47,0.01,0.23,0.08100432902574539
46eb24df-d2ff-4e60-b6ab-db646a716d47,0.02,0.03,0.04712308943271637
46eb24df-d2ff-4e60-b6ab-db646a716d47,0.02,0.08,0.06195437163114548
46eb24df-d2ff-4e60-b6ab-db646a716d47,0.02,0.13,0.07339408993721008
46eb24df-d2ff-4e60-b6ab-db646a716d47,0.02,0.18000000000000002,0.08261986076831818
46eb24df-d2ff-4e60-b6ab-db646a716d47,0.02,0.23,0.07955554872751236
46eb24df-d2ff-4e60-b6ab-db646a716d47,0.03,0.03,0.046201981604099274
46eb24df-d2ff-4e60-b6ab-db646a716d47,0.03,0.08,0.06460018455982208
46eb24df-d2ff-4e60-b6ab-db646a716d47,0.03,0.13,0.07805582135915756
46eb24df-d2ff-4e60-b6ab-db646a716d47,0.03,0.18000000000000002,0.08250855654478073
46eb24df-d2ff-4e60-b6ab-db646a716d47,0.03,0.23,0.07691594958305359
46eb24df-d2ff-4e60-b6ab-db646a716d47,0.04,0.03,0.05111180245876312
46eb24df-d2ff-4e60-b6ab-db646a716d47,0.04,0.08,0.06310900300741196
46eb24df-d2ff-4e60-b6ab-db646a716d47,0.05,0.03,0.049144141376018524
46eb24df-d2ff-4e60-b6ab-db646a716d47,0.05,0.08,0.06236281618475914
46eb24df-d2ff-4e60-b6ab-db646a716d47,0.05,0.13,0.07537449151277542
46eb24df-d2ff-4e60-b6ab-db646a716d47,0.05,0.18000000000000002,0.07799084484577179
46eb24df-d2ff-4e60-b6ab-db646a716d47,0.05,0.23,0.06758696585893631
46eb24df-d2ff-4e60-b6ab-db646a716d47,0.1,0.03,0.0477791354060173
46eb24df-d2ff-4e60-b6ab-db646a716d47,0.1,0.08,0.0643882155418396
46eb24df-d2ff-4e60-b6ab-db646a716d47,0.1,0.13,0.0765719935297966
46eb24df-d2ff-4e60-b6ab-db646a716d47,0.1,0.18000000000000002,0.06763312965631485
46eb24df-d2ff-4e60-b6ab-db646a716d47,0.1,0.23,0.06318780779838562
46eb24df-d2ff-4e60-b6ab-db646a716d47,0.15000000000000002,0.03,0.04523884505033493
46eb24df-d2ff-4e60-b6ab-db646a716d47,0.15000000000000002,0.08,0.05728275328874588
46eb24df-d2ff-4e60-b6ab-db646a716d47,0.15000000000000002,0.13,0.059609126299619675
46eb24df-d2ff-4e60-b6ab-db646a716d47,0.15000000000000002,0.18000000000000002,0.05598931014537811
46eb24df-d2ff-4e60-b6ab-db646a716d47,0.15000000000000002,0.23,0.05775922164320946
46eb24df-d2ff-4e60-b6ab-db646a716d47,0.2,0.03,0.04820961877703667
46eb24df-d2ff-4e60-b6ab-db646a716d47,0.2,0.08,0.06114346906542778
46eb24df-d2ff-4e60-b6ab-db646a716d47,0.2,0.13,0.05887230113148689
46eb24df-d2ff-4e60-b6ab-db646a716d47,0.2,0.18000000000000002,0.05644794553518295
46eb24df-d2ff-4e60-b6ab-db646a716d47,0.2,0.23,0.0643397644162178
46eb24df-d2ff-4e60-b6ab-db646a716d47,0.25,0.03,0.049998801201581955
46eb24df-d2ff-4e60-b6ab-db646a716d47,0.25,0.08,0.04844129458069801
46eb24df-d2ff-4e60-b6ab-db646a716d47,0.25,0.13,0.0578419528901577
46eb24df-d2ff-4e60-b6ab-db646a716d47,0.25,0.18000000000000002,0.05865456163883209
46eb24df-d2ff-4e60-b6ab-db646a716d47,0.25,0.23,0.05639215558767319
46eb24df-d2ff-4e60-b6ab-db646a716d47,0.30000000000000004,0.03,0.04981983080506325
46eb24df-d2ff-4e60-b6ab-db646a716d47,0.30000000000000004,0.08,0.05587620660662651
46eb24df-d2ff-4e60-b6ab-db646a716d47,0.30000000000000004,0.13,0.05993872135877609
46eb24df-d2ff-4e60-b6ab-db646a716d47,0.30000000000000004,0.18000000000000002,0.0644415095448494
46eb24df-d2ff-4e60-b6ab-db646a716d47,0.30000000000000004,0.23,0.06441476196050644
47271372-3f2c-4449-802b-c05fede496be,0.0,0.03,0.045636292546987534
47271372-3f2c-4449-802b-c05fede496be,0.0,0.08,0.057757604867219925
47271372-3f2c-4449-802b-c05fede496be,0.0,0.13,0.05902827903628349
47271372-3f2c-4449-802b-c05fede496be,0.0,0.18000000000000002,0.06418438255786896
47271372-3f2c-4449-802b-c05fede496be,0.0,0.23,0.05921909213066101
47271372-3f2c-4449-802b-c05fede496be,0.01,0.03,0.04601841792464256
47271372-3f2c-4449-802b-c05fede496be,0.01,0.08,0.05847126990556717
47271372-3f2c-4449-802b-c05fede496be,0.01,0.13,0.06327015161514282
47271372-3f2c-4449-802b-c05fede496be,0.01,0.18000000000000002,0.06426738947629929
47271372-3f2c-4449-802b-c05fede496be,0.01,0.23,0.05874794349074364
47271372-3f2c-4449-802b-c05fede496be,0.02,0.03,0.049350444227457047
47271372-3f2c-4449-802b-c05fede496be,0.02,0.08,0.05587240308523178
47271372-3f2c-4449-802b-c05fede496be,0.02,0.13,0.06821471452713013
47271372-3f2c-4449-802b-c05fede496be,0.02,0.18000000000000002,0.06242786720395088
47271372-3f2c-4449-802b-c05fede496be,0.02,0.23,0.061374545097351074
47271372-3f2c-4449-802b-c05fede496be,0.03,0.03,0.04698355495929718
47271372-3f2c-4449-802b-c05fede496be,0.03,0.08,0.05764365196228027
47271372-3f2c-4449-802b-c05fede496be,0.03,0.13,0.06530863791704178
47271372-3f2c-4449-802b-c05fede496be,0.03,0.18000000000000002,0.06105756387114525
47271372-3f2c-4449-802b-c05fede496be,0.03,0.23,0.06285122036933899
47271372-3f2c-4449-802b-c05fede496be,0.04,0.03,0.04675034061074257
47271372-3f2c-4449-802b-c05fede496be,0.04,0.08,0.05573901906609535
47271372-3f2c-4449-802b-c05fede496be,0.05,0.03,0.044416848570108414
47271372-3f2c-4449-802b-c05fede496be,0.05,0.08,0.05190875008702278
47271372-3f2c-4449-802b-c05fede496be,0.05,0.13,0.06520573049783707
47271372-3f2c-4449-802b-c05fede496be,0.05,0.18000000000000002,0.0571708120405674
47271372-3f2c-4449-802b-c05fede496be,0.05,0.23,0.06190095841884613
47271372-3f2c-4449-802b-c05fede496be,0.1,0.03,0.049870092421770096
47271372-3f2c-4449-802b-c05fede496be,0.1,0.08,0.0589374415576458
47271372-3f2c-4449-802b-c05fede496be,0.1,0.13,0.06214001029729843
47271372-3f2c-4449-802b-c05fede496be,0.1,0.18000000000000002,0.06052982434630394
47271372-3f2c-4449-802b-c05fede496be,0.1,0.23,0.06241548806428909
47271372-3f2c-4449-802b-c05fede496be,0.15000000000000002,0.03,0.04588006064295769
47271372-3f2c-4449-802b-c05fede496be,0.15000000000000002,0.08,0.06524062156677246
47271372-3f2c-4449-802b-c05fede496be,0.15000000000000002,0.13,0.06740501523017883
47271372-3f2c-4449-802b-c05fede496be,0.15000000000000002,0.18000000000000002,0.0639793649315834
47271372-3f2c-4449-802b-c05fede496be,0.15000000000000002,0.23,0.06595245003700256
47271372-3f2c-4449-802b-c05fede496be,0.2,0.03,0.057384368032217026
47271372-3f2c-4449-802b-c05fede496be,0.2,0.08,0.05694800987839699
47271372-3f2c-4449-802b-c05fede496be,0.2,0.13,0.06082618981599808
47271372-3f2c-4449-802b-c05fede496be,0.2,0.18000000000000002,0.062296800315380096
47271372-3f2c-4449-802b-c05fede496be,0.2,0.23,0.06675546616315842
47271372-3f2c-4449-802b-c05fede496be,0.25,0.03,0.04544217139482498
47271372-3f2c-4449-802b-c05fede496be,0.25,0.08,0.06032446026802063
47271372-3f2c-4449-802b-c05fede496be,0.25,0.13,0.06114399433135986
47271372-3f2c-4449-802b-c05fede496be,0.25,0.18000000000000002,0.060532450675964355
47271372-3f2c-4449-802b-c05fede496be,0.25,0.23,0.0698680728673935
47271372-3f2c-4449-802b-c05fede496be,0.30000000000000004,0.03,0.05391596630215645
47271372-3f2c-4449-802b-c05fede496be,0.30000000000000004,0.08,0.05643381178379059
47271372-3f2c-4449-802b-c05fede496be,0.30000000000000004,0.13,0.05805124342441559
47271372-3f2c-4449-802b-c05fede496be,0.30000000000000004,0.18000000000000002,0.06274645775556564
47271372-3f2c-4449-802b-c05fede496be,0.30000000000000004,0.23,0.06950948387384415
47c34faf-fcb9-4ce4-a988-f6d1e41a4b72,0.0,0.03,0.044604767113924026
47c34faf-fcb9-4ce4-a988-f6d1e41a4b72,0.0,0.08,0.06808961182832718
47c34faf-fcb9-4ce4-a988-f6d1e41a4b72,0.0,0.13,0.0723017081618309
47c34faf-fcb9-4ce4-a988-f6d1e41a4b72,0.0,0.18000000000000002,0.06501007825136185
47c34faf-fcb9-4ce4-a988-f6d1e41a4b72,0.0,0.23,0.06524339318275452
47c34faf-fcb9-4ce4-a988-f6d1e41a4b72,0.01,0.03,0.04570472985506058
47c34faf-fcb9-4ce4-a988-f6d1e41a4b72,0.01,0.08,0.07415492087602615
47c34faf-fcb9-4ce4-a988-f6d1e41a4b72,0.01,0.13,0.07076595723628998
47c34faf-fcb9-4ce4-a988-f6d1e41a4b72,0.01,0.18000000000000002,0.0642642006278038
47c34faf-fcb9-4ce4-a988-f6d1e41a4b72,0.01,0.23,0.0628836452960968
47c34faf-fcb9-4ce4-a988-f6d1e41a4b72,0.02,0.03,0.05712546780705452
47c34faf-fcb9-4ce4-a988-f6d1e41a4b72,0.02,0.08,0.07574665546417236
47c34faf-fcb9-4ce4-a988-f6d1e41a4b72,0.02,0.13,0.06196686252951622
47c34faf-fcb9-4ce4-a988-f6d1e41a4b72,0.02,0.18000000000000002,0.06309691816568375
47c34faf-fcb9-4ce4-a988-f6d1e41a4b72,0.02,0.23,0.062325552105903625
47c34faf-fcb9-4ce4-a988-f6d1e41a4b72,0.03,0.03,0.05658484250307083
47c34faf-fcb9-4ce4-a988-f6d1e41a4b72,0.03,0.08,0.07157563418149948
47c34faf-fcb9-4ce4-a988-f6d1e41a4b72,0.03,0.13,0.06650789082050323
47c34faf-fcb9-4ce4-a988-f6d1e41a4b72,0.03,0.18000000000000002,0.06241345778107643
47c34faf-fcb9-4ce4-a988-f6d1e41a4b72,0.03,0.23,0.06474682688713074
47c34faf-fcb9-4ce4-a988-f6d1e41a4b72,0.04,0.03,0.04858085885643959
47c34faf-fcb9-4ce4-a988-f6d1e41a4b72,0.04,0.08,0.06677864491939545
47c34faf-fcb9-4ce4-a988-f6d1e41a4b72,0.05,0.03,0.04789797589182854
47c34faf-fcb9-4ce4-a988-f6d1e41a4b72,0.05,0.08,0.06068072468042374
47c34faf-fcb9-4ce4-a988-f6d1e41a4b72,0.05,0.13,0.058065999299287796
47c34faf-fcb9-4ce4-a988-f6d1e41a4b72,0.05,0.18000000000000002,0.06054020673036575
47c34faf-fcb9-4ce4-a988-f6d1e41a4b72,0.05,0.23,0.05974389612674713
47c34faf-fcb9-4ce4-a988-f6d1e41a4b72,0.1,0.03,0.04530792310833931
47c34faf-fcb9-4ce4-a988-f6d1e41a4b72,0.1,0.08,0.05388933792710304
47c34faf-fcb9-4ce4-a988-f6d1e41a4b72,0.1,0.13,0.06160470098257065
47c34faf-fcb9-4ce4-a988-f6d1e41a4b72,0.1,0.18000000000000002,0.06427519023418427
47c34faf-fcb9-4ce4-a988-f6d1e41a4b72,0.1,0.23,0.06301197409629822
47c34faf-fcb9-4ce4-a988-f6d1e41a4b72,0.15000000000000002,0.03,0.046687543392181396
47c34faf-fcb9-4ce4-a988-f6d1e41a4b72,0.15000000000000002,0.08,0.05279720947146416
47c34faf-fcb9-4ce4-a988-f6d1e41a4b72,0.15000000000000002,0.13,0.05890415608882904
47c34faf-fcb9-4ce4-a988-f6d1e41a4b72,0.15000000000000002,0.18000000000000002,0.06757960468530655
47c34faf-fcb9-4ce4-a988-f6d1e41a4b72,0.15000000000000002,0.23,0.07353667169809341
47c34faf-fcb9-4ce4-a988-f6d1e41a4b72,0.2,0.03,0.04345661401748657
47c34faf-fcb9-4ce4-a988-f6d1e41a4b72,0.2,0.08,0.05685129761695862
47c34faf-fcb9-4ce4-a988-f6d1e41a4b72,0.2,0.13,0.06698465347290039
47c34faf-fcb9-4ce4-a988-f6d1e41a4b72,0.2,0.18000000000000002,0.06845053285360336
47c34faf-fcb9-4ce4-a988-f6d1e41a4b72,0.2,0.23,0.0694112628698349
47c34faf-fcb9-4ce4-a988-f6d1e41a4b72,0.25,0.03,0.0474364310503006
47c34faf-fcb9-4ce4-a988-f6d1e41a4b72,0.25,0.08,0.06773804128170013
47c34faf-fcb9-4ce4-a988-f6d1e41a4b72,0.25,0.13,0.07501508295536041
47c34faf-fcb9-4ce4-a988-f6d1e41a4b72,0.25,0.18000000000000002,0.06526970118284225
47c34faf-fcb9-4ce4-a988-f6d1e41a4b72,0.25,0.23,0.06676036864519119
47c34faf-fcb9-4ce4-a988-f6d1e41a4b72,0.30000000000000004,0.03,0.05160835012793541
47c34faf-fcb9-4ce4-a988-f6d1e41a4b72,0.30000000000000004,0.08,0.05449493229389191
47c34faf-fcb9-4ce4-a988-f6d1e41a4b72,0.30000000000000004,0.13,0.060528792440891266
47c34faf-fcb9-4ce4-a988-f6d1e41a4b72,0.30000000000000004,0.18000000000000002,0.06478656083345413
47c34faf-fcb9-4ce4-a988-f6d1e41a4b72,0.30000000000000004,0.23,0.06973952800035477
49a43b04-2e01-4209-bb06-971aaee982f8,0.0,0.03,0.08777568489313126
49a43b04-2e01-4209-bb06-971aaee982f8,0.0,0.08,0.13405705988407135
49a43b04-2e01-4209-bb06-971aaee982f8,0.0,0.13,0.13438838720321655
49a43b04-2e01-4209-bb06-971aaee982f8,0.0,0.18000000000000002,0.12210991978645325
49a43b04-2e01-4209-bb06-971aaee982f8,0.0,0.23,0.1081610769033432
49a43b04-2e01-4209-bb06-971aaee982f8,0.01,0.03,0.09527938812971115
49a43b04-2e01-4209-bb06-971aaee982f8,0.01,0.08,0.14167390763759613
49a43b04-2e01-4209-bb06-971aaee982f8,0.01,0.13,0.13783524930477142
49a43b04-2e01-4209-bb06-971aaee982f8,0.01,0.18000000000000002,0.1250286102294922
49a43b04-2e01-4209-bb06-971aaee982f8,0.01,0.23,0.10965778678655624
49a43b04-2e01-4209-bb06-971aaee982f8,0.02,0.03,0.1008666604757309
49a43b04-2e01-4209-bb06-971aaee982f8,0.02,0.08,0.14033932983875275
49a43b04-2e01-4209-bb06-971aaee982f8,0.02,0.13,0.12993399798870087
49a43b04-2e01-4209-bb06-971aaee982f8,0.02,0.18000000000000002,0.1196492612361908
49a43b04-2e01-4209-bb06-971aaee982f8,0.02,0.23,0.10392624139785767
49a43b04-2e01-4209-bb06-971aaee982f8,0.03,0.03,0.10452687740325928
49a43b04-2e01-4209-bb06-971aaee982f8,0.03,0.08,0.13452892005443573
49a43b04-2e01-4209-bb06-971aaee982f8,0.03,0.13,0.11999987065792084
49a43b04-2e01-4209-bb06-971aaee982f8,0.03,0.18000000000000002,0.11297309398651123
49a43b04-2e01-4209-bb06-971aaee982f8,0.03,0.23,0.09775806218385696
49a43b04-2e01-4209-bb06-971aaee982f8,0.04,0.03,0.10073374956846237
49a43b04-2e01-4209-bb06-971aaee982f8,0.04,0.08,0.12352048605680466
49a43b04-2e01-4209-bb06-971aaee982f8,0.05,0.03,0.09192491322755814
49a43b04-2e01-4209-bb06-971aaee982f8,0.05,0.08,0.12073205411434174
49a43b04-2e01-4209-bb06-971aaee982f8,0.05,0.13,0.11789050698280334
49a43b04-2e01-4209-bb06-971aaee982f8,0.05,0.18000000000000002,0.10230480134487152
49a43b04-2e01-4209-bb06-971aaee982f8,0.05,0.23,0.09013532847166061
49a43b04-2e01-4209-bb06-971aaee982f8,0.1,0.03,0.07790454477071762
49a43b04-2e01-4209-bb06-971aaee982f8,0.1,0.08,0.09337196499109268
49a43b04-2e01-4209-bb06-971aaee982f8,0.1,0.13,0.07810916006565094
49a43b04-2e01-4209-bb06-971aaee982f8,0.1,0.18000000000000002,0.07449963688850403
49a43b04-2e01-4209-bb06-971aaee982f8,0.1,0.23,0.06640332192182541
49a43b04-2e01-4209-bb06-971aaee982f8,0.15000000000000002,0.03,0.05404374375939369
49a43b04-2e01-4209-bb06-971aaee982f8,0.15000000000000002,0.08,0.07352614402770996
49a43b04-2e01-4209-bb06-971aaee982f8,0.15000000000000002,0.13,0.06742162257432938
49a43b04-2e01-4209-bb06-971aaee982f8,0.15000000000000002,0.18000000000000002,0.06457408517599106
49a43b04-2e01-4209-bb06-971aaee982f8,0.15000000000000002,0.23,0.06655292958021164
49a43b04-2e01-4209-bb06-971aaee982f8,0.2,0.03,0.04795864224433899
49a43b04-2e01-4209-bb06-971aaee982f8,0.2,0.08,0.06034352257847786
49a43b04-2e01-4209-bb06-971aaee982f8,0.2,0.13,0.06465760618448257
49a43b04-2e01-4209-bb06-971aaee982f8,0.2,0.18000000000000002,0.06528005003929138
49a43b04-2e01-4209-bb06-971aaee982f8,0.2,0.23,0.06408471614122391
49a43b04-2e01-4209-bb06-971aaee982f8,0.25,0.03,0.05131068825721741
49a43b04-2e01-4209-bb06-971aaee982f8,0.25,0.08,0.057421498000621796
49a43b04-2e01-4209-bb06-971aaee982f8,0.25,0.13,0.06457910686731339
49a43b04-2e01-4209-bb06-971aaee982f8,0.25,0.18000000000000002,0.06444709002971649
49a43b04-2e01-4209-bb06-971aaee982f8,0.25,0.23,0.07046109437942505
49a43b04-2e01-4209-bb06-971aaee982f8,0.30000000000000004,0.03,0.05390053242444992
49a43b04-2e01-4209-bb06-971aaee982f8,0.30000000000000004,0.08,0.07404299080371857
49a43b04-2e01-4209-bb06-971aaee982f8,0.30000000000000004,0.13,0.06854093819856644
49a43b04-2e01-4209-bb06-971aaee982f8,0.30000000000000004,0.18000000000000002,0.0712529644370079
49a43b04-2e01-4209-bb06-971aaee982f8,0.30000000000000004,0.23,0.07574567198753357
4a33f5bd-53a2-40f2-afbf-32f6f68cabc5,0.0,0.03,0.04858364537358284
4a33f5bd-53a2-40f2-afbf-32f6f68cabc5,0.0,0.08,0.06857048720121384
4a33f5bd-53a2-40f2-afbf-32f6f68cabc5,0.0,0.13,0.06676346808671951
4a33f5bd-53a2-40f2-afbf-32f6f68cabc5,0.0,0.18000000000000002,0.0686308741569519
4a33f5bd-53a2-40f2-afbf-32f6f68cabc5,0.0,0.23,0.07020911574363708
4a33f5bd-53a2-40f2-afbf-32f6f68cabc5,0.01,0.03,0.05044732242822647
4a33f5bd-53a2-40f2-afbf-32f6f68cabc5,0.01,0.08,0.06734301149845123
4a33f5bd-53a2-40f2-afbf-32f6f68cabc5,0.01,0.13,0.0652192085981369
4a33f5bd-53a2-40f2-afbf-32f6f68cabc5,0.01,0.18000000000000002,0.07347691804170609
4a33f5bd-53a2-40f2-afbf-32f6f68cabc5,0.01,0.23,0.07030080258846283
4a33f5bd-53a2-40f2-afbf-32f6f68cabc5,0.02,0.03,0.05290129780769348
4a33f5bd-53a2-40f2-afbf-32f6f68cabc5,0.02,0.08,0.06364457309246063
4a33f5bd-53a2-40f2-afbf-32f6f68cabc5,0.02,0.13,0.07093267887830734
4a33f5bd-53a2-40f2-afbf-32f6f68cabc5,0.02,0.18000000000000002,0.0748237669467926
4a33f5bd-53a2-40f2-afbf-32f6f68cabc5,0.02,0.23,0.07464905828237534
4a33f5bd-53a2-40f2-afbf-32f6f68cabc5,0.03,0.03,0.05083193629980087
4a33f5bd-53a2-40f2-afbf-32f6f68cabc5,0.03,0.08,0.058937542140483856
4a33f5bd-53a2-40f2-afbf-32f6f68cabc5,0.03,0.13,0.06611182540655136
4a33f5bd-53a2-40f2-afbf-32f6f68cabc5,0.03,0.18000000000000002,0.06869305670261383
4a33f5bd-53a2-40f2-afbf-32f6f68cabc5,0.03,0.23,0.07325993478298187
4a33f5bd-53a2-40f2-afbf-32f6f68cabc5,0.04,0.03,0.051741573959589005
4a33f5bd-53a2-40f2-afbf-32f6f68cabc5,0.04,0.08,0.06893233954906464
4a33f5bd-53a2-40f2-afbf-32f6f68cabc5,0.05,0.03,0.04846056550741196
4a33f5bd-53a2-40f2-afbf-32f6f68cabc5,0.05,0.08,0.06608085334300995
4a33f5bd-53a2-40f2-afbf-32f6f68cabc5,0.05,0.13,0.07350916415452957
4a33f5bd-53a2-40f2-afbf-32f6f68cabc5,0.05,0.18000000000000002,0.0688432827591896
4a33f5bd-53a2-40f2-afbf-32f6f68cabc5,0.05,0.23,0.07086221873760223
4a33f5bd-53a2-40f2-afbf-32f6f68cabc5,0.1,0.03,0.05265675112605095
4a33f5bd-53a2-40f2-afbf-32f6f68cabc5,0.1,0.08,0.06382501870393753
4a33f5bd-53a2-40f2-afbf-32f6f68cabc5,0.1,0.13,0.0683257132768631
4a33f5bd-53a2-40f2-afbf-32f6f68cabc5,0.1,0.18000000000000002,0.06744156032800674
4a33f5bd-53a2-40f2-afbf-32f6f68cabc5,0.1,0.23,0.06819149851799011
4a33f5bd-53a2-40f2-afbf-32f6f68cabc5,0.15000000000000002,0.03,0.047667913138866425
4a33f5bd-53a2-40f2-afbf-32f6f68cabc5,0.15000000000000002,0.08,0.06674795597791672
4a33f5bd-53a2-40f2-afbf-32f6f68cabc5,0.15000000000000002,0.13,0.06494337320327759
4a33f5bd-53a2-40f2-afbf-32f6f68cabc5,0.15000000000000002,0.18000000000000002,0.064520925283432
4a33f5bd-53a2-40f2-afbf-32f6f68cabc5,0.15000000000000002,0.23,0.06321387737989426
4a33f5bd-53a2-40f2-afbf-32f6f68cabc5,0.2,0.03,0.0477789081633091
4a33f5bd-53a2-40f2-afbf-32f6f68cabc5,0.2,0.08,0.05587988719344139
4a33f5bd-53a2-40f2-afbf-32f6f68cabc5,0.2,0.13,0.06718948483467102
4a33f5bd-53a2-40f2-afbf-32f6f68cabc5,0.2,0.18000000000000002,0.0663844645023346
4a33f5bd-53a2-40f2-afbf-32f6f68cabc5,0.2,0.23,0.06325920671224594
4a33f5bd-53a2-40f2-afbf-32f6f68cabc5,0.25,0.03,0.048647549003362656
4a33f5bd-53a2-40f2-afbf-32f6f68cabc5,0.25,0.08,0.058023467659950256
4a33f5bd-53a2-40f2-afbf-32f6f68cabc5,0.25,0.13,0.06078871339559555
4a33f5bd-53a2-40f2-afbf-32f6f68cabc5,0.25,0.18000000000000002,0.053529608994722366
4a33f5bd-53a2-40f2-afbf-32f6f68cabc5,0.25,0.23,0.06361168622970581
4a33f5bd-53a2-40f2-afbf-32f6f68cabc5,0.30000000000000004,0.03,0.04875364899635315
4a33f5bd-53a2-40f2-afbf-32f6f68cabc5,0.30000000000000004,0.08,0.0560758039355278
4a33f5bd-53a2-40f2-afbf-32f6f68cabc5,0.30000000000000004,0.13,0.054385293275117874
4a33f5bd-53a2-40f2-afbf-32f6f68cabc5,0.30000000000000004,0.18000000000000002,0.07191967219114304
4a33f5bd-53a2-40f2-afbf-32f6f68cabc5,0.30000000000000004,0.23,0.07726788520812988
4a5dd93e-cd3f-4e88-af96-10e4e8a6b405,0.0,0.03,0.05135169252753258
4a5dd93e-cd3f-4e88-af96-10e4e8a6b405,0.0,0.08,0.06722035259008408
4a5dd93e-cd3f-4e88-af96-10e4e8a6b405,0.0,0.13,0.08029747754335403
4a5dd93e-cd3f-4e88-af96-10e4e8a6b405,0.0,0.18000000000000002,0.09103129059076309
4a5dd93e-cd3f-4e88-af96-10e4e8a6b405,0.0,0.23,0.09076976776123047
4a5dd93e-cd3f-4e88-af96-10e4e8a6b405,0.01,0.03,0.050161756575107574
4a5dd93e-cd3f-4e88-af96-10e4e8a6b405,0.01,0.08,0.0690692886710167
4a5dd93e-cd3f-4e88-af96-10e4e8a6b405,0.01,0.13,0.07231998443603516
4a5dd93e-cd3f-4e88-af96-10e4e8a6b405,0.01,0.18000000000000002,0.08264286816120148
4a5dd93e-cd3f-4e88-af96-10e4e8a6b405,0.01,0.23,0.08413439244031906
4a5dd93e-cd3f-4e88-af96-10e4e8a6b405,0.02,0.03,0.05433246120810509
4a5dd93e-cd3f-4e88-af96-10e4e8a6b405,0.02,0.08,0.08623278141021729
4a5dd93e-cd3f-4e88-af96-10e4e8a6b405,0.02,0.13,0.0873943343758583
4a5dd93e-cd3f-4e88-af96-10e4e8a6b405,0.02,0.18000000000000002,0.08739397674798965
4a5dd93e-cd3f-4e88-af96-10e4e8a6b405,0.02,0.23,0.08996022492647171
4a5dd93e-cd3f-4e88-af96-10e4e8a6b405,0.03,0.03,0.055499788373708725
4a5dd93e-cd3f-4e88-af96-10e4e8a6b405,0.03,0.08,0.08212340623140335
4a5dd93e-cd3f-4e88-af96-10e4e8a6b405,0.03,0.13,0.07899818569421768
4a5dd93e-cd3f-4e88-af96-10e4e8a6b405,0.03,0.18000000000000002,0.08954034000635147
4a5dd93e-cd3f-4e88-af96-10e4e8a6b405,0.03,0.23,0.08465969562530518
4a5dd93e-cd3f-4e88-af96-10e4e8a6b405,0.04,0.03,0.0679444819688797
4a5dd93e-cd3f-4e88-af96-10e4e8a6b405,0.04,0.08,0.07772300392389297
4a5dd93e-cd3f-4e88-af96-10e4e8a6b405,0.05,0.03,0.06917307525873184
4a5dd93e-cd3f-4e88-af96-10e4e8a6b405,0.05,0.08,0.07707224786281586
4a5dd93e-cd3f-4e88-af96-10e4e8a6b405,0.05,0.13,0.08492686599493027
4a5dd93e-cd3f-4e88-af96-10e4e8a6b405,0.05,0.18000000000000002,0.08482880890369415
4a5dd93e-cd3f-4e88-af96-10e4e8a6b405,0.05,0.23,0.08324619382619858
4a5dd93e-cd3f-4e88-af96-10e4e8a6b405,0.1,0.03,0.06315968930721283
4a5dd93e-cd3f-4e88-af96-10e4e8a6b405,0.1,0.08,0.0779813677072525
4a5dd93e-cd3f-4e88-af96-10e4e8a6b405,0.1,0.13,0.0792062059044838
4a5dd93e-cd3f-4e88-af96-10e4e8a6b405,0.1,0.18000000000000002,0.07769455760717392
4a5dd93e-cd3f-4e88-af96-10e4e8a6b405,0.1,0.23,0.07218994200229645
4a5dd93e-cd3f-4e88-af96-10e4e8a6b405,0.15000000000000002,0.03,0.055001042783260345
4a5dd93e-cd3f-4e88-af96-10e4e8a6b405,0.15000000000000002,0.08,0.07204561680555344
4a5dd93e-cd3f-4e88-af96-10e4e8a6b405,0.15000000000000002,0.13,0.06605838984251022
4a5dd93e-cd3f-4e88-af96-10e4e8a6b405,0.15000000000000002,0.18000000000000002,0.06829856336116791
4a5dd93e-cd3f-4e88-af96-10e4e8a6b405,0.15000000000000002,0.23,0.07112053781747818
4a5dd93e-cd3f-4e88-af96-10e4e8a6b405,0.2,0.03,0.06233327090740204
4a5dd93e-cd3f-4e88-af96-10e4e8a6b405,0.2,0.08,0.06303128600120544
4a5dd93e-cd3f-4e88-af96-10e4e8a6b405,0.2,0.13,0.06615347415208817
4a5dd93e-cd3f-4e88-af96-10e4e8a6b405,0.2,0.18000000000000002,0.06987790763378143
4a5dd93e-cd3f-4e88-af96-10e4e8a6b405,0.2,0.23,0.07691916078329086
4a5dd93e-cd3f-4e88-af96-10e4e8a6b405,0.25,0.03,0.060947611927986145
4a5dd93e-cd3f-4e88-af96-10e4e8a6b405,0.25,0.08,0.06886465102434158
4a5dd93e-cd3f-4e88-af96-10e4e8a6b405,0.25,0.13,0.0668325424194336
4a5dd93e-cd3f-4e88-af96-10e4e8a6b405,0.25,0.18000000000000002,0.07356861978769302
4a5dd93e-cd3f-4e88-af96-10e4e8a6b405,0.25,0.23,0.07784964144229889
4a5dd93e-cd3f-4e88-af96-10e4e8a6b405,0.30000000000000004,0.03,0.0496942438185215
4a5dd93e-cd3f-4e88-af96-10e4e8a6b405,0.30000000000000004,0.08,0.05991595238447189
4a5dd93e-cd3f-4e88-af96-10e4e8a6b405,0.30000000000000004,0.13,0.07320519536733627
4a5dd93e-cd3f-4e88-af96-10e4e8a6b405,0.30000000000000004,0.18000000000000002,0.08337515592575073
4a5dd93e-cd3f-4e88-af96-10e4e8a6b405,0.30000000000000004,0.23,0.09138252586126328
4a756e4d-aecf-4b44-b1d6-85ebed71bf79,0.0,0.03,0.12853002548217773
4a756e4d-aecf-4b44-b1d6-85ebed71bf79,0.0,0.08,0.18546687066555023
4a756e4d-aecf-4b44-b1d6-85ebed71bf79,0.0,0.13,0.17657828330993652
4a756e4d-aecf-4b44-b1d6-85ebed71bf79,0.0,0.18000000000000002,0.15356965363025665
4a756e4d-aecf-4b44-b1d6-85ebed71bf79,0.0,0.23,0.13735459744930267
4a756e4d-aecf-4b44-b1d6-85ebed71bf79,0.01,0.03,0.13857793807983398
4a756e4d-aecf-4b44-b1d6-85ebed71bf79,0.01,0.08,0.19292324781417847
4a756e4d-aecf-4b44-b1d6-85ebed71bf79,0.01,0.13,0.1749945878982544
4a756e4d-aecf-4b44-b1d6-85ebed71bf79,0.01,0.18000000000000002,0.14220303297042847
4a756e4d-aecf-4b44-b1d6-85ebed71bf79,0.01,0.23,0.11474371701478958
4a756e4d-aecf-4b44-b1d6-85ebed71bf79,0.02,0.03,0.12932437658309937
4a756e4d-aecf-4b44-b1d6-85ebed71bf79,0.02,0.08,0.18076089024543762
4a756e4d-aecf-4b44-b1d6-85ebed71bf79,0.02,0.13,0.15285064280033112
4a756e4d-aecf-4b44-b1d6-85ebed71bf79,0.02,0.18000000000000002,0.12392015010118484
4a756e4d-aecf-4b44-b1d6-85ebed71bf79,0.02,0.23,0.09887590259313583
4a756e4d-aecf-4b44-b1d6-85ebed71bf79,0.03,0.03,0.13457177579402924
4a756e4d-aecf-4b44-b1d6-85ebed71bf79,0.03,0.08,0.17190924286842346
4a756e4d-aecf-4b44-b1d6-85ebed71bf79,0.03,0.13,0.13500508666038513
4a756e4d-aecf-4b44-b1d6-85ebed71bf79,0.03,0.18000000000000002,0.10705605149269104
4a756e4d-aecf-4b44-b1d6-85ebed71bf79,0.03,0.23,0.08574139326810837
4a756e4d-aecf-4b44-b1d6-85ebed71bf79,0.04,0.03,0.13855873048305511
4a756e4d-aecf-4b44-b1d6-85ebed71bf79,0.04,0.08,0.15435604751110077
4a756e4d-aecf-4b44-b1d6-85ebed71bf79,0.05,0.03,0.11752954125404358
4a756e4d-aecf-4b44-b1d6-85ebed71bf79,0.05,0.08,0.12608377635478973
4a756e4d-aecf-4b44-b1d6-85ebed71bf79,0.05,0.13,0.1062966138124466
4a756e4d-aecf-4b44-b1d6-85ebed71bf79,0.05,0.18000000000000002,0.09226926416158676
4a756e4d-aecf-4b44-b1d6-85ebed71bf79,0.05,0.23,0.08424955606460571
4a756e4d-aecf-4b44-b1d6-85ebed71bf79,0.1,0.03,0.05201094597578049
4a756e4d-aecf-4b44-b1d6-85ebed71bf79,0.1,0.08,0.06558933854103088
4a756e4d-aecf-4b44-b1d6-85ebed71bf79,0.1,0.13,0.07348750531673431
4a756e4d-aecf-4b44-b1d6-85ebed71bf79,0.1,0.18000000000000002,0.08031366020441055
4a756e4d-aecf-4b44-b1d6-85ebed71bf79,0.1,0.23,0.0783107802271843
4a756e4d-aecf-4b44-b1d6-85ebed71bf79,0.15000000000000002,0.03,0.05800393596291542
4a756e4d-aecf-4b44-b1d6-85ebed71bf79,0.15000000000000002,0.08,0.06755999475717545
4a756e4d-aecf-4b44-b1d6-85ebed71bf79,0.15000000000000002,0.13,0.07676006108522415
4a756e4d-aecf-4b44-b1d6-85ebed71bf79,0.15000000000000002,0.18000000000000002,0.07120908796787262
4a756e4d-aecf-4b44-b1d6-85ebed71bf79,0.15000000000000002,0.23,0.07926033437252045
4a756e4d-aecf-4b44-b1d6-85ebed71bf79,0.2,0.03,0.055358633399009705
4a756e4d-aecf-4b44-b1d6-85ebed71bf79,0.2,0.08,0.07026637345552444
4a756e4d-aecf-4b44-b1d6-85ebed71bf79,0.2,0.13,0.07100474834442139
4a756e4d-aecf-4b44-b1d6-85ebed71bf79,0.2,0.18000000000000002,0.07215684652328491
4a756e4d-aecf-4b44-b1d6-85ebed71bf79,0.2,0.23,0.07175706326961517
4a756e4d-aecf-4b44-b1d6-85ebed71bf79,0.25,0.03,0.05192924663424492
4a756e4d-aecf-4b44-b1d6-85ebed71bf79,0.25,0.08,0.06434272229671478
4a756e4d-aecf-4b44-b1d6-85ebed71bf79,0.25,0.13,0.07462684065103531
4a756e4d-aecf-4b44-b1d6-85ebed71bf79,0.25,0.18000000000000002,0.07242744415998459
4a756e4d-aecf-4b44-b1d6-85ebed71bf79,0.25,0.23,0.07119908928871155
4a756e4d-aecf-4b44-b1d6-85ebed71bf79,0.30000000000000004,0.03,0.052630309015512466
4a756e4d-aecf-4b44-b1d6-85ebed71bf79,0.30000000000000004,0.08,0.06913460791110992
4a756e4d-aecf-4b44-b1d6-85ebed71bf79,0.30000000000000004,0.13,0.06516731530427933
4a756e4d-aecf-4b44-b1d6-85ebed71bf79,0.30000000000000004,0.18000000000000002,0.07005228847265244
4a756e4d-aecf-4b44-b1d6-85ebed71bf79,0.30000000000000004,0.23,0.0738886222243309
4ac0a122-ad21-43f9-b303-4155fd959f5a,0.0,0.03,0.04807572811841965
4ac0a122-ad21-43f9-b303-4155fd959f5a,0.0,0.08,0.07365123927593231
4ac0a122-ad21-43f9-b303-4155fd959f5a,0.0,0.13,0.07932567596435547
4ac0a122-ad21-43f9-b303-4155fd959f5a,0.0,0.18000000000000002,0.0754508525133133
4ac0a122-ad21-43f9-b303-4155fd959f5a,0.0,0.23,0.07146241515874863
4ac0a122-ad21-43f9-b303-4155fd959f5a,0.01,0.03,0.0472889319062233
4ac0a122-ad21-43f9-b303-4155fd959f5a,0.01,0.08,0.07475201040506363
4ac0a122-ad21-43f9-b303-4155fd959f5a,0.01,0.13,0.06956051290035248
4ac0a122-ad21-43f9-b303-4155fd959f5a,0.01,0.18000000000000002,0.06792456656694412
4ac0a122-ad21-43f9-b303-4155fd959f5a,0.01,0.23,0.07157698273658752
4ac0a122-ad21-43f9-b303-4155fd959f5a,0.02,0.03,0.046574171632528305
4ac0a122-ad21-43f9-b303-4155fd959f5a,0.02,0.08,0.06941193342208862
4ac0a122-ad21-43f9-b303-4155fd959f5a,0.02,0.13,0.06391692906618118
4ac0a122-ad21-43f9-b303-4155fd959f5a,0.02,0.18000000000000002,0.07072287797927856
4ac0a122-ad21-43f9-b303-4155fd959f5a,0.02,0.23,0.07239177823066711
4ac0a122-ad21-43f9-b303-4155fd959f5a,0.03,0.03,0.05824049562215805
4ac0a122-ad21-43f9-b303-4155fd959f5a,0.03,0.08,0.07295365631580353
4ac0a122-ad21-43f9-b303-4155fd959f5a,0.03,0.13,0.06415504962205887
4ac0a122-ad21-43f9-b303-4155fd959f5a,0.03,0.18000000000000002,0.07249556481838226
4ac0a122-ad21-43f9-b303-4155fd959f5a,0.03,0.23,0.07495231181383133
4ac0a122-ad21-43f9-b303-4155fd959f5a,0.04,0.03,0.04685825854539871
4ac0a122-ad21-43f9-b303-4155fd959f5a,0.04,0.08,0.06152094528079033
4ac0a122-ad21-43f9-b303-4155fd959f5a,0.05,0.03,0.05142945796251297
4ac0a122-ad21-43f9-b303-4155fd959f5a,0.05,0.08,0.06634824723005295
4ac0a122-ad21-43f9-b303-4155fd959f5a,0.05,0.13,0.06376227736473083
4ac0a122-ad21-43f9-b303-4155fd959f5a,0.05,0.18000000000000002,0.072698213160038
4ac0a122-ad21-43f9-b303-4155fd959f5a,0.05,0.23,0.07099828869104385
4ac0a122-ad21-43f9-b303-4155fd959f5a,0.1,0.03,0.052450038492679596
4ac0a122-ad21-43f9-b303-4155fd959f5a,0.1,0.08,0.06161930412054062
4ac0a122-ad21-43f9-b303-4155fd959f5a,0.1,0.13,0.07107134908437729
4ac0a122-ad21-43f9-b303-4155fd959f5a,0.1,0.18000000000000002,0.06675278395414352
4ac0a122-ad21-43f9-b303-4155fd959f5a,0.1,0.23,0.07082056999206543
4ac0a122-ad21-43f9-b303-4155fd959f5a,0.15000000000000002,0.03,0.04825328662991524
4ac0a122-ad21-43f9-b303-4155fd959f5a,0.15000000000000002,0.08,0.061929963529109955
4ac0a122-ad21-43f9-b303-4155fd959f5a,0.15000000000000002,0.13,0.06622752547264099
4ac0a122-ad21-43f9-b303-4155fd959f5a,0.15000000000000002,0.18000000000000002,0.06995194405317307
4ac0a122-ad21-43f9-b303-4155fd959f5a,0.15000000000000002,0.23,0.07527310401201248
4ac0a122-ad21-43f9-b303-4155fd959f5a,0.2,0.03,0.04515363276004791
4ac0a122-ad21-43f9-b303-4155fd959f5a,0.2,0.08,0.06062149256467819
4ac0a122-ad21-43f9-b303-4155fd959f5a,0.2,0.13,0.06703376024961472
4ac0a122-ad21-43f9-b303-4155fd959f5a,0.2,0.18000000000000002,0.0678183063864708
4ac0a122-ad21-43f9-b303-4155fd959f5a,0.2,0.23,0.06261563301086426
4ac0a122-ad21-43f9-b303-4155fd959f5a,0.25,0.03,0.05262497439980507
4ac0a122-ad21-43f9-b303-4155fd959f5a,0.25,0.08,0.06078169494867325
4ac0a122-ad21-43f9-b303-4155fd959f5a,0.25,0.13,0.065259650349617
4ac0a122-ad21-43f9-b303-4155fd959f5a,0.25,0.18000000000000002,0.06234418600797653
4ac0a122-ad21-43f9-b303-4155fd959f5a,0.25,0.23,0.06463222205638885
4ac0a122-ad21-43f9-b303-4155fd959f5a,0.30000000000000004,0.03,0.04515228420495987
4ac0a122-ad21-43f9-b303-4155fd959f5a,0.30000000000000004,0.08,0.06085481494665146
4ac0a122-ad21-43f9-b303-4155fd959f5a,0.30000000000000004,0.13,0.06206366792321205
4ac0a122-ad21-43f9-b303-4155fd959f5a,0.30000000000000004,0.18000000000000002,0.06474529951810837
4ac0a122-ad21-43f9-b303-4155fd959f5a,0.30000000000000004,0.23,0.062066450715065
4b0fd337-3d6f-478b-8fea-5c8fae090f90,0.0,0.03,0.045969124883413315
4b0fd337-3d6f-478b-8fea-5c8fae090f90,0.0,0.08,0.05270744860172272
4b0fd337-3d6f-478b-8fea-5c8fae090f90,0.0,0.13,0.06427640467882156
4b0fd337-3d6f-478b-8fea-5c8fae090f90,0.0,0.18000000000000002,0.06000519171357155
4b0fd337-3d6f-478b-8fea-5c8fae090f90,0.0,0.23,0.054224539548158646
4b0fd337-3d6f-478b-8fea-5c8fae090f90,0.01,0.03,0.051021330058574677
4b0fd337-3d6f-478b-8fea-5c8fae090f90,0.01,0.08,0.05325986072421074
4b0fd337-3d6f-478b-8fea-5c8fae090f90,0.01,0.13,0.06351155787706375
4b0fd337-3d6f-478b-8fea-5c8fae090f90,0.01,0.18000000000000002,0.05947432667016983
4b0fd337-3d6f-478b-8fea-5c8fae090f90,0.01,0.23,0.054969292134046555
4b0fd337-3d6f-478b-8fea-5c8fae090f90,0.02,0.03,0.04469110816717148
4b0fd337-3d6f-478b-8fea-5c8fae090f90,0.02,0.08,0.05028626695275307
4b0fd337-3d6f-478b-8fea-5c8fae090f90,0.02,0.13,0.06000152975320816
4b0fd337-3d6f-478b-8fea-5c8fae090f90,0.02,0.18000000000000002,0.05476715788245201
4b0fd337-3d6f-478b-8fea-5c8fae090f90,0.02,0.23,0.05671337619423866
4b0fd337-3d6f-478b-8fea-5c8fae090f90,0.03,0.03,0.04662848263978958
4b0fd337-3d6f-478b-8fea-5c8fae090f90,0.03,0.08,0.05175815895199776
4b0fd337-3d6f-478b-8fea-5c8fae090f90,0.03,0.13,0.05705954134464264
4b0fd337-3d6f-478b-8fea-5c8fae090f90,0.03,0.18000000000000002,0.057704366743564606
4b0fd337-3d6f-478b-8fea-5c8fae090f90,0.03,0.23,0.059618059545755386
4b0fd337-3d6f-478b-8fea-5c8fae090f90,0.04,0.03,0.04255488142371178
4b0fd337-3d6f-478b-8fea-5c8fae090f90,0.04,0.08,0.04946788400411606
4b0fd337-3d6f-478b-8fea-5c8fae090f90,0.05,0.03,0.04203929752111435
4b0fd337-3d6f-478b-8fea-5c8fae090f90,0.05,0.08,0.052850402891635895
4b0fd337-3d6f-478b-8fea-5c8fae090f90,0.05,0.13,0.05625639855861664
4b0fd337-3d6f-478b-8fea-5c8fae090f90,0.05,0.18000000000000002,0.056350305676460266
4b0fd337-3d6f-478b-8fea-5c8fae090f90,0.05,0.23,0.05413064360618591
4b0fd337-3d6f-478b-8fea-5c8fae090f90,0.1,0.03,0.05002526193857193
4b0fd337-3d6f-478b-8fea-5c8fae090f90,0.1,0.08,0.05028913915157318
4b0fd337-3d6f-478b-8fea-5c8fae090f90,0.1,0.13,0.05173959583044052
4b0fd337-3d6f-478b-8fea-5c8fae090f90,0.1,0.18000000000000002,0.055076658725738525
4b0fd337-3d6f-478b-8fea-5c8fae090f90,0.1,0.23,0.056016579270362854
4b0fd337-3d6f-478b-8fea-5c8fae090f90,0.15000000000000002,0.03,0.041131895035505295
4b0fd337-3d6f-478b-8fea-5c8fae090f90,0.15000000000000002,0.08,0.046900905668735504
4b0fd337-3d6f-478b-8fea-5c8fae090f90,0.15000000000000002,0.13,0.05408020317554474
4b0fd337-3d6f-478b-8fea-5c8fae090f90,0.15000000000000002,0.18000000000000002,0.05752969905734062
4b0fd337-3d6f-478b-8fea-5c8fae090f90,0.15000000000000002,0.23,0.06297069042921066
4b0fd337-3d6f-478b-8fea-5c8fae090f90,0.2,0.03,0.042094577103853226
4b0fd337-3d6f-478b-8fea-5c8fae090f90,0.2,0.08,0.04693623632192612
4b0fd337-3d6f-478b-8fea-5c8fae090f90,0.2,0.13,0.06129835546016693
4b0fd337-3d6f-478b-8fea-5c8fae090f90,0.2,0.18000000000000002,0.06712478399276733
4b0fd337-3d6f-478b-8fea-5c8fae090f90,0.2,0.23,0.06085573509335518
4b0fd337-3d6f-478b-8fea-5c8fae090f90,0.25,0.03,0.045775555074214935
4b0fd337-3d6f-478b-8fea-5c8fae090f90,0.25,0.08,0.04650643467903137
4b0fd337-3d6f-478b-8fea-5c8fae090f90,0.25,0.13,0.0679786428809166
4b0fd337-3d6f-478b-8fea-5c8fae090f90,0.25,0.18000000000000002,0.06507708132266998
4b0fd337-3d6f-478b-8fea-5c8fae090f90,0.25,0.23,0.05775893107056618
4b0fd337-3d6f-478b-8fea-5c8fae090f90,0.30000000000000004,0.03,0.04492083564400673
4b0fd337-3d6f-478b-8fea-5c8fae090f90,0.30000000000000004,0.08,0.05429287999868393
4b0fd337-3d6f-478b-8fea-5c8fae090f90,0.30000000000000004,0.13,0.06083405762910843
4b0fd337-3d6f-478b-8fea-5c8fae090f90,0.30000000000000004,0.18000000000000002,0.05555731803178787
4b0fd337-3d6f-478b-8fea-5c8fae090f90,0.30000000000000004,0.23,0.06247830018401146
4b34e51e-032e-4e6e-8a10-12be2392757a,0.0,0.03,0.051756735891103745
4b34e51e-032e-4e6e-8a10-12be2392757a,0.0,0.08,0.06321367621421814
4b34e51e-032e-4e6e-8a10-12be2392757a,0.0,0.13,0.0652787834405899
4b34e51e-032e-4e6e-8a10-12be2392757a,0.0,0.18000000000000002,0.05944455415010452
4b34e51e-032e-4e6e-8a10-12be2392757a,0.0,0.23,0.05493774265050888
4b34e51e-032e-4e6e-8a10-12be2392757a,0.01,0.03,0.043996069580316544
4b34e51e-032e-4e6e-8a10-12be2392757a,0.01,0.08,0.05832509323954582
4b34e51e-032e-4e6e-8a10-12be2392757a,0.01,0.13,0.060500361025333405
4b34e51e-032e-4e6e-8a10-12be2392757a,0.01,0.18000000000000002,0.054666582494974136
4b34e51e-032e-4e6e-8a10-12be2392757a,0.01,0.23,0.052093252539634705
4b34e51e-032e-4e6e-8a10-12be2392757a,0.02,0.03,0.04454099386930466
4b34e51e-032e-4e6e-8a10-12be2392757a,0.02,0.08,0.0598718598484993
4b34e51e-032e-4e6e-8a10-12be2392757a,0.02,0.13,0.0616317093372345
4b34e51e-032e-4e6e-8a10-12be2392757a,0.02,0.18000000000000002,0.05584823340177536
4b34e51e-032e-4e6e-8a10-12be2392757a,0.02,0.23,0.06026550754904747
4b34e51e-032e-4e6e-8a10-12be2392757a,0.03,0.03,0.04945109784603119
4b34e51e-032e-4e6e-8a10-12be2392757a,0.03,0.08,0.05970114469528198
4b34e51e-032e-4e6e-8a10-12be2392757a,0.03,0.13,0.06119709089398384
4b34e51e-032e-4e6e-8a10-12be2392757a,0.03,0.18000000000000002,0.05896554887294769
4b34e51e-032e-4e6e-8a10-12be2392757a,0.03,0.23,0.06255767494440079
4b34e51e-032e-4e6e-8a10-12be2392757a,0.04,0.03,0.0484907366335392
4b34e51e-032e-4e6e-8a10-12be2392757a,0.04,0.08,0.06533809751272202
4b34e51e-032e-4e6e-8a10-12be2392757a,0.05,0.03,0.05014335736632347
4b34e51e-032e-4e6e-8a10-12be2392757a,0.05,0.08,0.05959977209568024
4b34e51e-032e-4e6e-8a10-12be2392757a,0.05,0.13,0.060619838535785675
4b34e51e-032e-4e6e-8a10-12be2392757a,0.05,0.18000000000000002,0.06438999623060226
4b34e51e-032e-4e6e-8a10-12be2392757a,0.05,0.23,0.06634131073951721
4b34e51e-032e-4e6e-8a10-12be2392757a,0.1,0.03,0.054823800921440125
4b34e51e-032e-4e6e-8a10-12be2392757a,0.1,0.08,0.07661205530166626
4b34e51e-032e-4e6e-8a10-12be2392757a,0.1,0.13,0.07465296238660812
4b34e51e-032e-4e6e-8a10-12be2392757a,0.1,0.18000000000000002,0.07321665436029434
4b34e51e-032e-4e6e-8a10-12be2392757a,0.1,0.23,0.06898466497659683
4b34e51e-032e-4e6e-8a10-12be2392757a,0.15000000000000002,0.03,0.052667468786239624
4b34e51e-032e-4e6e-8a10-12be2392757a,0.15000000000000002,0.08,0.062309011816978455
4b34e51e-032e-4e6e-8a10-12be2392757a,0.15000000000000002,0.13,0.06480669230222702
4b34e51e-032e-4e6e-8a10-12be2392757a,0.15000000000000002,0.18000000000000002,0.061936233192682266
4b34e51e-032e-4e6e-8a10-12be2392757a,0.15000000000000002,0.23,0.05949358642101288
4b34e51e-032e-4e6e-8a10-12be2392757a,0.2,0.03,0.04592466354370117
4b34e51e-032e-4e6e-8a10-12be2392757a,0.2,0.08,0.06333602964878082
4b34e51e-032e-4e6e-8a10-12be2392757a,0.2,0.13,0.0648040696978569
4b34e51e-032e-4e6e-8a10-12be2392757a,0.2,0.18000000000000002,0.060486529022455215
4b34e51e-032e-4e6e-8a10-12be2392757a,0.2,0.23,0.061959948390722275
4b34e51e-032e-4e6e-8a10-12be2392757a,0.25,0.03,0.047937486320734024
4b34e51e-032e-4e6e-8a10-12be2392757a,0.25,0.08,0.057152923196554184
4b34e51e-032e-4e6e-8a10-12be2392757a,0.25,0.13,0.05719013884663582
4b34e51e-032e-4e6e-8a10-12be2392757a,0.25,0.18000000000000002,0.06424159556627274
4b34e51e-032e-4e6e-8a10-12be2392757a,0.25,0.23,0.060037896037101746
4b34e51e-032e-4e6e-8a10-12be2392757a,0.30000000000000004,0.03,0.043428584933280945
4b34e51e-032e-4e6e-8a10-12be2392757a,0.30000000000000004,0.08,0.06796256452798843
4b34e51e-032e-4e6e-8a10-12be2392757a,0.30000000000000004,0.13,0.0718718096613884
4b34e51e-032e-4e6e-8a10-12be2392757a,0.30000000000000004,0.18000000000000002,0.06528909504413605
4b34e51e-032e-4e6e-8a10-12be2392757a,0.30000000000000004,0.23,0.06846308708190918
4b359183-6888-4500-afe5-7ed1c088f54c,0.0,0.03,0.0
4b359183-6888-4500-afe5-7ed1c088f54c,0.0,0.08,0.0
4b359183-6888-4500-afe5-7ed1c088f54c,0.0,0.13,0.0
4b359183-6888-4500-afe5-7ed1c088f54c,0.0,0.18000000000000002,0.0
4b359183-6888-4500-afe5-7ed1c088f54c,0.0,0.23,0.0
4b359183-6888-4500-afe5-7ed1c088f54c,0.01,0.03,0.0
4b359183-6888-4500-afe5-7ed1c088f54c,0.01,0.08,0.0
4b359183-6888-4500-afe5-7ed1c088f54c,0.01,0.13,0.0
4b359183-6888-4500-afe5-7ed1c088f54c,0.01,0.18000000000000002,0.0
4b359183-6888-4500-afe5-7ed1c088f54c,0.01,0.23,0.0
4b359183-6888-4500-afe5-7ed1c088f54c,0.02,0.03,0.0
4b359183-6888-4500-afe5-7ed1c088f54c,0.02,0.08,0.0
4b359183-6888-4500-afe5-7ed1c088f54c,0.02,0.13,0.0
4b359183-6888-4500-afe5-7ed1c088f54c,0.02,0.18000000000000002,0.0
4b359183-6888-4500-afe5-7ed1c088f54c,0.02,0.23,0.0
4b359183-6888-4500-afe5-7ed1c088f54c,0.03,0.03,0.0
4b359183-6888-4500-afe5-7ed1c088f54c,0.03,0.08,0.0
4b359183-6888-4500-afe5-7ed1c088f54c,0.03,0.13,0.0
4b359183-6888-4500-afe5-7ed1c088f54c,0.03,0.18000000000000002,0.0
4b359183-6888-4500-afe5-7ed1c088f54c,0.03,0.23,0.0
4b359183-6888-4500-afe5-7ed1c088f54c,0.04,0.03,0.0
4b359183-6888-4500-afe5-7ed1c088f54c,0.04,0.08,0.0
4b359183-6888-4500-afe5-7ed1c088f54c,0.05,0.03,0.0
4b359183-6888-4500-afe5-7ed1c088f54c,0.05,0.08,0.0
4b359183-6888-4500-afe5-7ed1c088f54c,0.05,0.13,0.0
4b359183-6888-4500-afe5-7ed1c088f54c,0.05,0.18000000000000002,0.0
4b359183-6888-4500-afe5-7ed1c088f54c,0.05,0.23,0.0
4b359183-6888-4500-afe5-7ed1c088f54c,0.1,0.03,0.0
4b359183-6888-4500-afe5-7ed1c088f54c,0.1,0.08,0.0
4b359183-6888-4500-afe5-7ed1c088f54c,0.1,0.13,0.0
4b359183-6888-4500-afe5-7ed1c088f54c,0.1,0.18000000000000002,0.0
4b359183-6888-4500-afe5-7ed1c088f54c,0.1,0.23,0.0
4b359183-6888-4500-afe5-7ed1c088f54c,0.15000000000000002,0.03,0.0
4b359183-6888-4500-afe5-7ed1c088f54c,0.15000000000000002,0.08,0.0
4b359183-6888-4500-afe5-7ed1c088f54c,0.15000000000000002,0.13,0.0
4b359183-6888-4500-afe5-7ed1c088f54c,0.15000000000000002,0.18000000000000002,0.0
4b359183-6888-4500-afe5-7ed1c088f54c,0.15000000000000002,0.23,0.0
4b359183-6888-4500-afe5-7ed1c088f54c,0.2,0.03,0.0
4b359183-6888-4500-afe5-7ed1c088f54c,0.2,0.08,0.0
4b359183-6888-4500-afe5-7ed1c088f54c,0.2,0.13,0.0
4b359183-6888-4500-afe5-7ed1c088f54c,0.2,0.18000000000000002,0.0
4b359183-6888-4500-afe5-7ed1c088f54c,0.2,0.23,0.0
4b359183-6888-4500-afe5-7ed1c088f54c,0.25,0.03,0.0
4b359183-6888-4500-afe5-7ed1c088f54c,0.25,0.08,0.0
4b359183-6888-4500-afe5-7ed1c088f54c,0.25,0.13,0.0
4b359183-6888-4500-afe5-7ed1c088f54c,0.25,0.18000000000000002,0.0
4b359183-6888-4500-afe5-7ed1c088f54c,0.25,0.23,0.0
4b359183-6888-4500-afe5-7ed1c088f54c,0.30000000000000004,0.03,0.0
4b359183-6888-4500-afe5-7ed1c088f54c,0.30000000000000004,0.08,0.0
4b359183-6888-4500-afe5-7ed1c088f54c,0.30000000000000004,0.13,0.0
4b359183-6888-4500-afe5-7ed1c088f54c,0.30000000000000004,0.18000000000000002,0.0
4b359183-6888-4500-afe5-7ed1c088f54c,0.30000000000000004,0.23,0.0
4b8f3d65-782e-475c-b49c-b0b740b52861,0.0,0.03,0.05206373706459999
4b8f3d65-782e-475c-b49c-b0b740b52861,0.0,0.08,0.05649930611252785
4b8f3d65-782e-475c-b49c-b0b740b52861,0.0,0.13,0.06223759800195694
4b8f3d65-782e-475c-b49c-b0b740b52861,0.0,0.18000000000000002,0.06690716743469238
4b8f3d65-782e-475c-b49c-b0b740b52861,0.0,0.23,0.06633035838603973
4b8f3d65-782e-475c-b49c-b0b740b52861,0.01,0.03,0.0487513467669487
4b8f3d65-782e-475c-b49c-b0b740b52861,0.01,0.08,0.054738517850637436
4b8f3d65-782e-475c-b49c-b0b740b52861,0.01,0.13,0.05956967547535896
4b8f3d65-782e-475c-b49c-b0b740b52861,0.01,0.18000000000000002,0.06222795695066452
4b8f3d65-782e-475c-b49c-b0b740b52861,0.01,0.23,0.0678454041481018
4b8f3d65-782e-475c-b49c-b0b740b52861,0.02,0.03,0.04400988668203354
4b8f3d65-782e-475c-b49c-b0b740b52861,0.02,0.08,0.05749989673495293
4b8f3d65-782e-475c-b49c-b0b740b52861,0.02,0.13,0.06541768461465836
4b8f3d65-782e-475c-b49c-b0b740b52861,0.02,0.18000000000000002,0.06459371745586395
4b8f3d65-782e-475c-b49c-b0b740b52861,0.02,0.23,0.06886114925146103
4b8f3d65-782e-475c-b49c-b0b740b52861,0.03,0.03,0.04686058685183525
4b8f3d65-782e-475c-b49c-b0b740b52861,0.03,0.08,0.05682443827390671
4b8f3d65-782e-475c-b49c-b0b740b52861,0.03,0.13,0.06285068392753601
4b8f3d65-782e-475c-b49c-b0b740b52861,0.03,0.18000000000000002,0.0670057162642479
4b8f3d65-782e-475c-b49c-b0b740b52861,0.03,0.23,0.07096347957849503
4b8f3d65-782e-475c-b49c-b0b740b52861,0.04,0.03,0.046226970851421356
4b8f3d65-782e-475c-b49c-b0b740b52861,0.04,0.08,0.058040689677000046
4b8f3d65-782e-475c-b49c-b0b740b52861,0.05,0.03,0.043233372271060944
4b8f3d65-782e-475c-b49c-b0b740b52861,0.05,0.08,0.06151103973388672
4b8f3d65-782e-475c-b49c-b0b740b52861,0.05,0.13,0.06822676211595535
4b8f3d65-782e-475c-b49c-b0b740b52861,0.05,0.18000000000000002,0.06915026158094406
4b8f3d65-782e-475c-b49c-b0b740b52861,0.05,0.23,0.07325538992881775
4b8f3d65-782e-475c-b49c-b0b740b52861,0.1,0.03,0.04952438548207283
4b8f3d65-782e-475c-b49c-b0b740b52861,0.1,0.08,0.06195351108908653
4b8f3d65-782e-475c-b49c-b0b740b52861,0.1,0.13,0.06897032260894775
4b8f3d65-782e-475c-b49c-b0b740b52861,0.1,0.18000000000000002,0.07246970385313034
4b8f3d65-782e-475c-b49c-b0b740b52861,0.1,0.23,0.07208314538002014
4b8f3d65-782e-475c-b49c-b0b740b52861,0.15000000000000002,0.03,0.044647883623838425
4b8f3d65-782e-475c-b49c-b0b740b52861,0.15000000000000002,0.08,0.05736355111002922
4b8f3d65-782e-475c-b49c-b0b740b52861,0.15000000000000002,0.13,0.06577873229980469
4b8f3d65-782e-475c-b49c-b0b740b52861,0.15000000000000002,0.18000000000000002,0.06633288413286209
4b8f3d65-782e-475c-b49c-b0b740b52861,0.15000000000000002,0.23,0.06033586338162422
4b8f3d65-782e-475c-b49c-b0b740b52861,0.2,0.03,0.0487406961619854
4b8f3d65-782e-475c-b49c-b0b740b52861,0.2,0.08,0.05705973878502846
4b8f3d65-782e-475c-b49c-b0b740b52861,0.2,0.13,0.05861278623342514
4b8f3d65-782e-475c-b49c-b0b740b52861,0.2,0.18000000000000002,0.05780055373907089
4b8f3d65-782e-475c-b49c-b0b740b52861,0.2,0.23,0.0635451078414917
4b8f3d65-782e-475c-b49c-b0b740b52861,0.25,0.03,0.04534018784761429
4b8f3d65-782e-475c-b49c-b0b740b52861,0.25,0.08,0.05412473529577255
4b8f3d65-782e-475c-b49c-b0b740b52861,0.25,0.13,0.05436210706830025
4b8f3d65-782e-475c-b49c-b0b740b52861,0.25,0.18000000000000002,0.0582423135638237
4b8f3d65-782e-475c-b49c-b0b740b52861,0.25,0.23,0.05768435820937157
4b8f3d65-782e-475c-b49c-b0b740b52861,0.30000000000000004,0.03,0.04433272406458855
4b8f3d65-782e-475c-b49c-b0b740b52861,0.30000000000000004,0.08,0.05435605347156525
4b8f3d65-782e-475c-b49c-b0b740b52861,0.30000000000000004,0.13,0.05855756253004074
4b8f3d65-782e-475c-b49c-b0b740b52861,0.30000000000000004,0.18000000000000002,0.05620303750038147
4b8f3d65-782e-475c-b49c-b0b740b52861,0.30000000000000004,0.23,0.06493274867534637
4bb09d35-80d8-4b94-8416-e6c2f21874e2,0.0,0.03,0.050686970353126526
4bb09d35-80d8-4b94-8416-e6c2f21874e2,0.0,0.08,0.062165867537260056
4bb09d35-80d8-4b94-8416-e6c2f21874e2,0.0,0.13,0.06568363308906555
4bb09d35-80d8-4b94-8416-e6c2f21874e2,0.0,0.18000000000000002,0.0703129842877388
4bb09d35-80d8-4b94-8416-e6c2f21874e2,0.0,0.23,0.06782329082489014
4bb09d35-80d8-4b94-8416-e6c2f21874e2,0.01,0.03,0.04755016788840294
4bb09d35-80d8-4b94-8416-e6c2f21874e2,0.01,0.08,0.056853849440813065
4bb09d35-80d8-4b94-8416-e6c2f21874e2,0.01,0.13,0.06888333708047867
4bb09d35-80d8-4b94-8416-e6c2f21874e2,0.01,0.18000000000000002,0.07046594470739365
4bb09d35-80d8-4b94-8416-e6c2f21874e2,0.01,0.23,0.07374632358551025
4bb09d35-80d8-4b94-8416-e6c2f21874e2,0.02,0.03,0.04574816673994064
4bb09d35-80d8-4b94-8416-e6c2f21874e2,0.02,0.08,0.058782320469617844
4bb09d35-80d8-4b94-8416-e6c2f21874e2,0.02,0.13,0.07007494568824768
4bb09d35-80d8-4b94-8416-e6c2f21874e2,0.02,0.18000000000000002,0.0691329687833786
4bb09d35-80d8-4b94-8416-e6c2f21874e2,0.02,0.23,0.06992527097463608
4bb09d35-80d8-4b94-8416-e6c2f21874e2,0.03,0.03,0.04839000850915909
4bb09d35-80d8-4b94-8416-e6c2f21874e2,0.03,0.08,0.06257590651512146
4bb09d35-80d8-4b94-8416-e6c2f21874e2,0.03,0.13,0.06483817100524902
4bb09d35-80d8-4b94-8416-e6c2f21874e2,0.03,0.18000000000000002,0.06627501547336578
4bb09d35-80d8-4b94-8416-e6c2f21874e2,0.03,0.23,0.06697894632816315
4bb09d35-80d8-4b94-8416-e6c2f21874e2,0.04,0.03,0.053641948848962784
4bb09d35-80d8-4b94-8416-e6c2f21874e2,0.04,0.08,0.05728533864021301
4bb09d35-80d8-4b94-8416-e6c2f21874e2,0.05,0.03,0.0487959049642086
4bb09d35-80d8-4b94-8416-e6c2f21874e2,0.05,0.08,0.055399611592292786
4bb09d35-80d8-4b94-8416-e6c2f21874e2,0.05,0.13,0.06233130022883415
4bb09d35-80d8-4b94-8416-e6c2f21874e2,0.05,0.18000000000000002,0.06664548814296722
4bb09d35-80d8-4b94-8416-e6c2f21874e2,0.05,0.23,0.0741223618388176
4bb09d35-80d8-4b94-8416-e6c2f21874e2,0.1,0.03,0.0481036975979805
4bb09d35-80d8-4b94-8416-e6c2f21874e2,0.1,0.08,0.05914537236094475
4bb09d35-80d8-4b94-8416-e6c2f21874e2,0.1,0.13,0.06730801612138748
4bb09d35-80d8-4b94-8416-e6c2f21874e2,0.1,0.18000000000000002,0.07182668894529343
4bb09d35-80d8-4b94-8416-e6c2f21874e2,0.1,0.23,0.07290693372488022
4bb09d35-80d8-4b94-8416-e6c2f21874e2,0.15000000000000002,0.03,0.054056938737630844
4bb09d35-80d8-4b94-8416-e6c2f21874e2,0.15000000000000002,0.08,0.05432027578353882
4bb09d35-80d8-4b94-8416-e6c2f21874e2,0.15000000000000002,0.13,0.06850671023130417
4bb09d35-80d8-4b94-8416-e6c2f21874e2,0.15000000000000002,0.18000000000000002,0.06814638525247574
4bb09d35-80d8-4b94-8416-e6c2f21874e2,0.15000000000000002,0.23,0.07593020796775818
4bb09d35-80d8-4b94-8416-e6c2f21874e2,0.2,0.03,0.04265119507908821
4bb09d35-80d8-4b94-8416-e6c2f21874e2,0.2,0.08,0.06387866288423538
4bb09d35-80d8-4b94-8416-e6c2f21874e2,0.2,0.13,0.06918753683567047
4bb09d35-80d8-4b94-8416-e6c2f21874e2,0.2,0.18000000000000002,0.077550508081913
4bb09d35-80d8-4b94-8416-e6c2f21874e2,0.2,0.23,0.07826408743858337
4bb09d35-80d8-4b94-8416-e6c2f21874e2,0.25,0.03,0.05541350692510605
4bb09d35-80d8-4b94-8416-e6c2f21874e2,0.25,0.08,0.06168815493583679
4bb09d35-80d8-4b94-8416-e6c2f21874e2,0.25,0.13,0.06873863935470581
4bb09d35-80d8-4b94-8416-e6c2f21874e2,0.25,0.18000000000000002,0.07266781479120255
4bb09d35-80d8-4b94-8416-e6c2f21874e2,0.25,0.23,0.07747767865657806
4bb09d35-80d8-4b94-8416-e6c2f21874e2,0.30000000000000004,0.03,0.044644616544246674
4bb09d35-80d8-4b94-8416-e6c2f21874e2,0.30000000000000004,0.08,0.06221316382288933
4bb09d35-80d8-4b94-8416-e6c2f21874e2,0.30000000000000004,0.13,0.06232341006398201
4bb09d35-80d8-4b94-8416-e6c2f21874e2,0.30000000000000004,0.18000000000000002,0.06958788633346558
4bb09d35-80d8-4b94-8416-e6c2f21874e2,0.30000000000000004,0.23,0.06695619225502014
4c07235a-0a7e-45d5-9f9c-e4d4b8872922,0.0,0.03,0.05682629719376564
4c07235a-0a7e-45d5-9f9c-e4d4b8872922,0.0,0.08,0.05762149766087532
4c07235a-0a7e-45d5-9f9c-e4d4b8872922,0.0,0.13,0.07027572393417358
4c07235a-0a7e-45d5-9f9c-e4d4b8872922,0.0,0.18000000000000002,0.0731395035982132
4c07235a-0a7e-45d5-9f9c-e4d4b8872922,0.0,0.23,0.06715282052755356
4c07235a-0a7e-45d5-9f9c-e4d4b8872922,0.01,0.03,0.04726533591747284
4c07235a-0a7e-45d5-9f9c-e4d4b8872922,0.01,0.08,0.06661428511142731
4c07235a-0a7e-45d5-9f9c-e4d4b8872922,0.01,0.13,0.07211033254861832
4c07235a-0a7e-45d5-9f9c-e4d4b8872922,0.01,0.18000000000000002,0.0740831047296524
4c07235a-0a7e-45d5-9f9c-e4d4b8872922,0.01,0.23,0.06334322690963745
4c07235a-0a7e-45d5-9f9c-e4d4b8872922,0.02,0.03,0.05125901475548744
4c07235a-0a7e-45d5-9f9c-e4d4b8872922,0.02,0.08,0.06692176312208176
4c07235a-0a7e-45d5-9f9c-e4d4b8872922,0.02,0.13,0.06891629844903946
4c07235a-0a7e-45d5-9f9c-e4d4b8872922,0.02,0.18000000000000002,0.06959975510835648
4c07235a-0a7e-45d5-9f9c-e4d4b8872922,0.02,0.23,0.06531283259391785
4c07235a-0a7e-45d5-9f9c-e4d4b8872922,0.03,0.03,0.05354785546660423
4c07235a-0a7e-45d5-9f9c-e4d4b8872922,0.03,0.08,0.06114744022488594
4c07235a-0a7e-45d5-9f9c-e4d4b8872922,0.03,0.13,0.06872965395450592
4c07235a-0a7e-45d5-9f9c-e4d4b8872922,0.03,0.18000000000000002,0.06887368112802505
4c07235a-0a7e-45d5-9f9c-e4d4b8872922,0.03,0.23,0.06668617576360703
4c07235a-0a7e-45d5-9f9c-e4d4b8872922,0.04,0.03,0.05217693746089935
4c07235a-0a7e-45d5-9f9c-e4d4b8872922,0.04,0.08,0.06405371427536011
4c07235a-0a7e-45d5-9f9c-e4d4b8872922,0.05,0.03,0.051974549889564514
4c07235a-0a7e-45d5-9f9c-e4d4b8872922,0.05,0.08,0.05951554328203201
4c07235a-0a7e-45d5-9f9c-e4d4b8872922,0.05,0.13,0.06589752435684204
4c07235a-0a7e-45d5-9f9c-e4d4b8872922,0.05,0.18000000000000002,0.06677930802106857
4c07235a-0a7e-45d5-9f9c-e4d4b8872922,0.05,0.23,0.06626540422439575
4c07235a-0a7e-45d5-9f9c-e4d4b8872922,0.1,0.03,0.04726225137710571
4c07235a-0a7e-45d5-9f9c-e4d4b8872922,0.1,0.08,0.056826505810022354
4c07235a-0a7e-45d5-9f9c-e4d4b8872922,0.1,0.13,0.06292127817869186
4c07235a-0a7e-45d5-9f9c-e4d4b8872922,0.1,0.18000000000000002,0.06328830122947693
4c07235a-0a7e-45d5-9f9c-e4d4b8872922,0.1,0.23,0.062270380556583405
4c07235a-0a7e-45d5-9f9c-e4d4b8872922,0.15000000000000002,0.03,0.05127190798521042
4c07235a-0a7e-45d5-9f9c-e4d4b8872922,0.15000000000000002,0.08,0.05833251774311066
4c07235a-0a7e-45d5-9f9c-e4d4b8872922,0.15000000000000002,0.13,0.0631544440984726
4c07235a-0a7e-45d5-9f9c-e4d4b8872922,0.15000000000000002,0.18000000000000002,0.0635228082537651
4c07235a-0a7e-45d5-9f9c-e4d4b8872922,0.15000000000000002,0.23,0.0669410452246666
4c07235a-0a7e-45d5-9f9c-e4d4b8872922,0.2,0.03,0.043208979070186615
4c07235a-0a7e-45d5-9f9c-e4d4b8872922,0.2,0.08,0.05807093158364296
4c07235a-0a7e-45d5-9f9c-e4d4b8872922,0.2,0.13,0.06628115475177765
4c07235a-0a7e-45d5-9f9c-e4d4b8872922,0.2,0.18000000000000002,0.06423008441925049
4c07235a-0a7e-45d5-9f9c-e4d4b8872922,0.2,0.23,0.06669057160615921
4c07235a-0a7e-45d5-9f9c-e4d4b8872922,0.25,0.03,0.05308716371655464
4c07235a-0a7e-45d5-9f9c-e4d4b8872922,0.25,0.08,0.06086628884077072
4c07235a-0a7e-45d5-9f9c-e4d4b8872922,0.25,0.13,0.05869730934500694
4c07235a-0a7e-45d5-9f9c-e4d4b8872922,0.25,0.18000000000000002,0.060165975242853165
4c07235a-0a7e-45d5-9f9c-e4d4b8872922,0.25,0.23,0.06122955307364464
4c07235a-0a7e-45d5-9f9c-e4d4b8872922,0.30000000000000004,0.03,0.05054150149226189
4c07235a-0a7e-45d5-9f9c-e4d4b8872922,0.30000000000000004,0.08,0.05028340220451355
4c07235a-0a7e-45d5-9f9c-e4d4b8872922,0.30000000000000004,0.13,0.05934407189488411
4c07235a-0a7e-45d5-9f9c-e4d4b8872922,0.30000000000000004,0.18000000000000002,0.06398016959428787
4c07235a-0a7e-45d5-9f9c-e4d4b8872922,0.30000000000000004,0.23,0.06567571312189102
4c3150f0-ac6f-476c-9ee8-35108a328c1a,0.0,0.03,0.07514398545026779
4c3150f0-ac6f-476c-9ee8-35108a328c1a,0.0,0.08,0.13114498555660248
4c3150f0-ac6f-476c-9ee8-35108a328c1a,0.0,0.13,0.13060122728347778
4c3150f0-ac6f-476c-9ee8-35108a328c1a,0.0,0.18000000000000002,0.1441010683774948
4c3150f0-ac6f-476c-9ee8-35108a328c1a,0.0,0.23,0.14001870155334473
4c3150f0-ac6f-476c-9ee8-35108a328c1a,0.01,0.03,0.09234198182821274
4c3150f0-ac6f-476c-9ee8-35108a328c1a,0.01,0.08,0.11754834651947021
4c3150f0-ac6f-476c-9ee8-35108a328c1a,0.01,0.13,0.12920726835727692
4c3150f0-ac6f-476c-9ee8-35108a328c1a,0.01,0.18000000000000002,0.13368971645832062
4c3150f0-ac6f-476c-9ee8-35108a328c1a,0.01,0.23,0.12928853929042816
4c3150f0-ac6f-476c-9ee8-35108a328c1a,0.02,0.03,0.08474159985780716
4c3150f0-ac6f-476c-9ee8-35108a328c1a,0.02,0.08,0.10053803771734238
4c3150f0-ac6f-476c-9ee8-35108a328c1a,0.02,0.13,0.126373752951622
4c3150f0-ac6f-476c-9ee8-35108a328c1a,0.02,0.18000000000000002,0.128020778298378
4c3150f0-ac6f-476c-9ee8-35108a328c1a,0.02,0.23,0.12679961323738098
4c3150f0-ac6f-476c-9ee8-35108a328c1a,0.03,0.03,0.08269850164651871
4c3150f0-ac6f-476c-9ee8-35108a328c1a,0.03,0.08,0.11518862098455429
4c3150f0-ac6f-476c-9ee8-35108a328c1a,0.03,0.13,0.12857024371623993
4c3150f0-ac6f-476c-9ee8-35108a328c1a,0.03,0.18000000000000002,0.12859509885311127
4c3150f0-ac6f-476c-9ee8-35108a328c1a,0.03,0.23,0.13085989654064178
4c3150f0-ac6f-476c-9ee8-35108a328c1a,0.04,0.03,0.05928145349025726
4c3150f0-ac6f-476c-9ee8-35108a328c1a,0.04,0.08,0.10724949836730957
4c3150f0-ac6f-476c-9ee8-35108a328c1a,0.05,0.03,0.07649728655815125
4c3150f0-ac6f-476c-9ee8-35108a328c1a,0.05,0.08,0.0961669310927391
4c3150f0-ac6f-476c-9ee8-35108a328c1a,0.05,0.13,0.11962511390447617
4c3150f0-ac6f-476c-9ee8-35108a328c1a,0.05,0.18000000000000002,0.12149567157030106
4c3150f0-ac6f-476c-9ee8-35108a328c1a,0.05,0.23,0.12427990883588791
4c3150f0-ac6f-476c-9ee8-35108a328c1a,0.1,0.03,0.07061190158128738
4c3150f0-ac6f-476c-9ee8-35108a328c1a,0.1,0.08,0.10150111466646194
4c3150f0-ac6f-476c-9ee8-35108a328c1a,0.1,0.13,0.10666523873806
4c3150f0-ac6f-476c-9ee8-35108a328c1a,0.1,0.18000000000000002,0.11299577355384827
4c3150f0-ac6f-476c-9ee8-35108a328c1a,0.1,0.23,0.11292727291584015
4c3150f0-ac6f-476c-9ee8-35108a328c1a,0.15000000000000002,0.03,0.05377393215894699
4c3150f0-ac6f-476c-9ee8-35108a328c1a,0.15000000000000002,0.08,0.06921160966157913
4c3150f0-ac6f-476c-9ee8-35108a328c1a,0.15000000000000002,0.13,0.0867394208908081
4c3150f0-ac6f-476c-9ee8-35108a328c1a,0.15000000000000002,0.18000000000000002,0.09773968905210495
4c3150f0-ac6f-476c-9ee8-35108a328c1a,0.15000000000000002,0.23,0.10896429419517517
4c3150f0-ac6f-476c-9ee8-35108a328c1a,0.2,0.03,0.05177104100584984
4c3150f0-ac6f-476c-9ee8-35108a328c1a,0.2,0.08,0.0785614550113678
4c3150f0-ac6f-476c-9ee8-35108a328c1a,0.2,0.13,0.09082865715026855
4c3150f0-ac6f-476c-9ee8-35108a328c1a,0.2,0.18000000000000002,0.10469694435596466
4c3150f0-ac6f-476c-9ee8-35108a328c1a,0.2,0.23,0.11048805713653564
4c3150f0-ac6f-476c-9ee8-35108a328c1a,0.25,0.03,0.05958001688122749
4c3150f0-ac6f-476c-9ee8-35108a328c1a,0.25,0.08,0.079177126288414
4c3150f0-ac6f-476c-9ee8-35108a328c1a,0.25,0.13,0.10195500403642654
4c3150f0-ac6f-476c-9ee8-35108a328c1a,0.25,0.18000000000000002,0.09987538307905197
4c3150f0-ac6f-476c-9ee8-35108a328c1a,0.25,0.23,0.09089521318674088
4c3150f0-ac6f-476c-9ee8-35108a328c1a,0.30000000000000004,0.03,0.05484819784760475
4c3150f0-ac6f-476c-9ee8-35108a328c1a,0.30000000000000004,0.08,0.08811353147029877
4c3150f0-ac6f-476c-9ee8-35108a328c1a,0.30000000000000004,0.13,0.0900735929608345
4c3150f0-ac6f-476c-9ee8-35108a328c1a,0.30000000000000004,0.18000000000000002,0.08421288430690765
4c3150f0-ac6f-476c-9ee8-35108a328c1a,0.30000000000000004,0.23,0.08310770243406296
4c8f27a1-0c39-4ce3-b0a5-26224ff8a3c5,0.0,0.03,0.1292569637298584
4c8f27a1-0c39-4ce3-b0a5-26224ff8a3c5,0.0,0.08,0.156523659825325
4c8f27a1-0c39-4ce3-b0a5-26224ff8a3c5,0.0,0.13,0.14488659799098969
4c8f27a1-0c39-4ce3-b0a5-26224ff8a3c5,0.0,0.18000000000000002,0.11861751973628998
4c8f27a1-0c39-4ce3-b0a5-26224ff8a3c5,0.0,0.23,0.09991296380758286
4c8f27a1-0c39-4ce3-b0a5-26224ff8a3c5,0.01,0.03,0.1263071596622467
4c8f27a1-0c39-4ce3-b0a5-26224ff8a3c5,0.01,0.08,0.16636809706687927
4c8f27a1-0c39-4ce3-b0a5-26224ff8a3c5,0.01,0.13,0.14822839200496674
4c8f27a1-0c39-4ce3-b0a5-26224ff8a3c5,0.01,0.18000000000000002,0.11741229891777039
4c8f27a1-0c39-4ce3-b0a5-26224ff8a3c5,0.01,0.23,0.09574257582426071
4c8f27a1-0c39-4ce3-b0a5-26224ff8a3c5,0.02,0.03,0.14587058126926422
4c8f27a1-0c39-4ce3-b0a5-26224ff8a3c5,0.02,0.08,0.16685080528259277
4c8f27a1-0c39-4ce3-b0a5-26224ff8a3c5,0.02,0.13,0.14856863021850586
4c8f27a1-0c39-4ce3-b0a5-26224ff8a3c5,0.02,0.18000000000000002,0.11877930909395218
4c8f27a1-0c39-4ce3-b0a5-26224ff8a3c5,0.02,0.23,0.10261285305023193
4c8f27a1-0c39-4ce3-b0a5-26224ff8a3c5,0.03,0.03,0.1559799462556839
4c8f27a1-0c39-4ce3-b0a5-26224ff8a3c5,0.03,0.08,0.16922937333583832
4c8f27a1-0c39-4ce3-b0a5-26224ff8a3c5,0.03,0.13,0.14741119742393494
4c8f27a1-0c39-4ce3-b0a5-26224ff8a3c5,0.03,0.18000000000000002,0.12156383693218231
4c8f27a1-0c39-4ce3-b0a5-26224ff8a3c5,0.03,0.23,0.10628194361925125
4c8f27a1-0c39-4ce3-b0a5-26224ff8a3c5,0.04,0.03,0.15397807955741882
4c8f27a1-0c39-4ce3-b0a5-26224ff8a3c5,0.04,0.08,0.16250719130039215
4c8f27a1-0c39-4ce3-b0a5-26224ff8a3c5,0.05,0.03,0.14710254967212677
4c8f27a1-0c39-4ce3-b0a5-26224ff8a3c5,0.05,0.08,0.15518271923065186
4c8f27a1-0c39-4ce3-b0a5-26224ff8a3c5,0.05,0.13,0.1481674760580063
4c8f27a1-0c39-4ce3-b0a5-26224ff8a3c5,0.05,0.18000000000000002,0.12853790819644928
4c8f27a1-0c39-4ce3-b0a5-26224ff8a3c5,0.05,0.23,0.11601566523313522
4c8f27a1-0c39-4ce3-b0a5-26224ff8a3c5,0.1,0.03,0.13684947788715363
4c8f27a1-0c39-4ce3-b0a5-26224ff8a3c5,0.1,0.08,0.15750886499881744
4c8f27a1-0c39-4ce3-b0a5-26224ff8a3c5,0.1,0.13,0.144626647233963
4c8f27a1-0c39-4ce3-b0a5-26224ff8a3c5,0.1,0.18000000000000002,0.1285746544599533
4c8f27a1-0c39-4ce3-b0a5-26224ff8a3c5,0.1,0.23,0.11240888386964798
4c8f27a1-0c39-4ce3-b0a5-26224ff8a3c5,0.15000000000000002,0.03,0.11889737099409103
4c8f27a1-0c39-4ce3-b0a5-26224ff8a3c5,0.15000000000000002,0.08,0.10928463190793991
4c8f27a1-0c39-4ce3-b0a5-26224ff8a3c5,0.15000000000000002,0.13,0.09539186954498291
4c8f27a1-0c39-4ce3-b0a5-26224ff8a3c5,0.15000000000000002,0.18000000000000002,0.0861176922917366
4c8f27a1-0c39-4ce3-b0a5-26224ff8a3c5,0.15000000000000002,0.23,0.07232421636581421
4c8f27a1-0c39-4ce3-b0a5-26224ff8a3c5,0.2,0.03,0.06752178072929382
4c8f27a1-0c39-4ce3-b0a5-26224ff8a3c5,0.2,0.08,0.07451620697975159
4c8f27a1-0c39-4ce3-b0a5-26224ff8a3c5,0.2,0.13,0.07313918322324753
4c8f27a1-0c39-4ce3-b0a5-26224ff8a3c5,0.2,0.18000000000000002,0.06379788368940353
4c8f27a1-0c39-4ce3-b0a5-26224ff8a3c5,0.2,0.23,0.06073109805583954
4c8f27a1-0c39-4ce3-b0a5-26224ff8a3c5,0.25,0.03,0.0659673884510994
4c8f27a1-0c39-4ce3-b0a5-26224ff8a3c5,0.25,0.08,0.06294816732406616
4c8f27a1-0c39-4ce3-b0a5-26224ff8a3c5,0.25,0.13,0.06029150262475014
4c8f27a1-0c39-4ce3-b0a5-26224ff8a3c5,0.25,0.18000000000000002,0.0607464499771595
4c8f27a1-0c39-4ce3-b0a5-26224ff8a3c5,0.25,0.23,0.06482173502445221
4c8f27a1-0c39-4ce3-b0a5-26224ff8a3c5,0.30000000000000004,0.03,0.05445653572678566
4c8f27a1-0c39-4ce3-b0a5-26224ff8a3c5,0.30000000000000004,0.08,0.055526003241539
4c8f27a1-0c39-4ce3-b0a5-26224ff8a3c5,0.30000000000000004,0.13,0.05792191997170448
4c8f27a1-0c39-4ce3-b0a5-26224ff8a3c5,0.30000000000000004,0.18000000000000002,0.0706375315785408
4c8f27a1-0c39-4ce3-b0a5-26224ff8a3c5,0.30000000000000004,0.23,0.07280600070953369
4cb22b26-efe4-4058-99ad-33b678a49ca3,0.0,0.03,0.05241338908672333
4cb22b26-efe4-4058-99ad-33b678a49ca3,0.0,0.08,0.06627612560987473
4cb22b26-efe4-4058-99ad-33b678a49ca3,0.0,0.13,0.07213783264160156
4cb22b26-efe4-4058-99ad-33b678a49ca3,0.0,0.18000000000000002,0.07191579043865204
4cb22b26-efe4-4058-99ad-33b678a49ca3,0.0,0.23,0.06788472086191177
4cb22b26-efe4-4058-99ad-33b678a49ca3,0.01,0.03,0.048406098037958145
4cb22b26-efe4-4058-99ad-33b678a49ca3,0.01,0.08,0.06964849680662155
4cb22b26-efe4-4058-99ad-33b678a49ca3,0.01,0.13,0.07228110730648041
4cb22b26-efe4-4058-99ad-33b678a49ca3,0.01,0.18000000000000002,0.06893745809793472
4cb22b26-efe4-4058-99ad-33b678a49ca3,0.01,0.23,0.0672457292675972
4cb22b26-efe4-4058-99ad-33b678a49ca3,0.02,0.03,0.047335851937532425
4cb22b26-efe4-4058-99ad-33b678a49ca3,0.02,0.08,0.06994421035051346
4cb22b26-efe4-4058-99ad-33b678a49ca3,0.02,0.13,0.0706014633178711
4cb22b26-efe4-4058-99ad-33b678a49ca3,0.02,0.18000000000000002,0.06833947449922562
4cb22b26-efe4-4058-99ad-33b678a49ca3,0.02,0.23,0.06629271060228348
4cb22b26-efe4-4058-99ad-33b678a49ca3,0.03,0.03,0.05233442783355713
4cb22b26-efe4-4058-99ad-33b678a49ca3,0.03,0.08,0.06585592776536942
4cb22b26-efe4-4058-99ad-33b678a49ca3,0.03,0.13,0.068872831761837
4cb22b26-efe4-4058-99ad-33b678a49ca3,0.03,0.18000000000000002,0.06484971195459366
4cb22b26-efe4-4058-99ad-33b678a49ca3,0.03,0.23,0.06412436068058014
4cb22b26-efe4-4058-99ad-33b678a49ca3,0.04,0.03,0.056473419070243835
4cb22b26-efe4-4058-99ad-33b678a49ca3,0.04,0.08,0.06677152961492538
4cb22b26-efe4-4058-99ad-33b678a49ca3,0.05,0.03,0.05471133813261986
4cb22b26-efe4-4058-99ad-33b678a49ca3,0.05,0.08,0.06541865319013596
4cb22b26-efe4-4058-99ad-33b678a49ca3,0.05,0.13,0.06926177442073822
4cb22b26-efe4-4058-99ad-33b678a49ca3,0.05,0.18000000000000002,0.06394460797309875
4cb22b26-efe4-4058-99ad-33b678a49ca3,0.05,0.23,0.06290249526500702
4cb22b26-efe4-4058-99ad-33b678a49ca3,0.1,0.03,0.04956752806901932
4cb22b26-efe4-4058-99ad-33b678a49ca3,0.1,0.08,0.06103375181555748
4cb22b26-efe4-4058-99ad-33b678a49ca3,0.1,0.13,0.06492042541503906
4cb22b26-efe4-4058-99ad-33b678a49ca3,0.1,0.18000000000000002,0.06944996863603592
4cb22b26-efe4-4058-99ad-33b678a49ca3,0.1,0.23,0.0674690529704094
4cb22b26-efe4-4058-99ad-33b678a49ca3,0.15000000000000002,0.03,0.052017249166965485
4cb22b26-efe4-4058-99ad-33b678a49ca3,0.15000000000000002,0.08,0.05987631902098656
4cb22b26-efe4-4058-99ad-33b678a49ca3,0.15000000000000002,0.13,0.06813283264636993
4cb22b26-efe4-4058-99ad-33b678a49ca3,0.15000000000000002,0.18000000000000002,0.060610998421907425
4cb22b26-efe4-4058-99ad-33b678a49ca3,0.15000000000000002,0.23,0.06185317784547806
4cb22b26-efe4-4058-99ad-33b678a49ca3,0.2,0.03,0.04437771439552307
4cb22b26-efe4-4058-99ad-33b678a49ca3,0.2,0.08,0.05499608814716339
4cb22b26-efe4-4058-99ad-33b678a49ca3,0.2,0.13,0.057875677943229675
4cb22b26-efe4-4058-99ad-33b678a49ca3,0.2,0.18000000000000002,0.06212233752012253
4cb22b26-efe4-4058-99ad-33b678a49ca3,0.2,0.23,0.06634118407964706
4cb22b26-efe4-4058-99ad-33b678a49ca3,0.25,0.03,0.04824426770210266
4cb22b26-efe4-4058-99ad-33b678a49ca3,0.25,0.08,0.05904896929860115
4cb22b26-efe4-4058-99ad-33b678a49ca3,0.25,0.13,0.06557389348745346
4cb22b26-efe4-4058-99ad-33b678a49ca3,0.25,0.18000000000000002,0.06118568778038025
4cb22b26-efe4-4058-99ad-33b678a49ca3,0.25,0.23,0.07407260686159134
4cb22b26-efe4-4058-99ad-33b678a49ca3,0.30000000000000004,0.03,0.0460265576839447
4cb22b26-efe4-4058-99ad-33b678a49ca3,0.30000000000000004,0.08,0.06354685872793198
4cb22b26-efe4-4058-99ad-33b678a49ca3,0.30000000000000004,0.13,0.06241811066865921
4cb22b26-efe4-4058-99ad-33b678a49ca3,0.30000000000000004,0.18000000000000002,0.07529770582914352
4cb22b26-efe4-4058-99ad-33b678a49ca3,0.30000000000000004,0.23,0.08185017853975296
4d5859dc-ab5a-470f-bef7-ca7764dfe3fc,0.0,0.03,0.04673589766025543
4d5859dc-ab5a-470f-bef7-ca7764dfe3fc,0.0,0.08,0.06244444102048874
4d5859dc-ab5a-470f-bef7-ca7764dfe3fc,0.0,0.13,0.07285931706428528
4d5859dc-ab5a-470f-bef7-ca7764dfe3fc,0.0,0.18000000000000002,0.06768438220024109
4d5859dc-ab5a-470f-bef7-ca7764dfe3fc,0.0,0.23,0.07070068269968033
4d5859dc-ab5a-470f-bef7-ca7764dfe3fc,0.01,0.03,0.05277242138981819
4d5859dc-ab5a-470f-bef7-ca7764dfe3fc,0.01,0.08,0.06864094734191895
4d5859dc-ab5a-470f-bef7-ca7764dfe3fc,0.01,0.13,0.07332120090723038
4d5859dc-ab5a-470f-bef7-ca7764dfe3fc,0.01,0.18000000000000002,0.06780822575092316
4d5859dc-ab5a-470f-bef7-ca7764dfe3fc,0.01,0.23,0.06823336333036423
4d5859dc-ab5a-470f-bef7-ca7764dfe3fc,0.02,0.03,0.048420608043670654
4d5859dc-ab5a-470f-bef7-ca7764dfe3fc,0.02,0.08,0.06699550151824951
4d5859dc-ab5a-470f-bef7-ca7764dfe3fc,0.02,0.13,0.07050367444753647
4d5859dc-ab5a-470f-bef7-ca7764dfe3fc,0.02,0.18000000000000002,0.06741513311862946
4d5859dc-ab5a-470f-bef7-ca7764dfe3fc,0.02,0.23,0.06880419701337814
4d5859dc-ab5a-470f-bef7-ca7764dfe3fc,0.03,0.03,0.05532721430063248
4d5859dc-ab5a-470f-bef7-ca7764dfe3fc,0.03,0.08,0.061287771910429
4d5859dc-ab5a-470f-bef7-ca7764dfe3fc,0.03,0.13,0.06912804394960403
4d5859dc-ab5a-470f-bef7-ca7764dfe3fc,0.03,0.18000000000000002,0.06878111511468887
4d5859dc-ab5a-470f-bef7-ca7764dfe3fc,0.03,0.23,0.07322005182504654
4d5859dc-ab5a-470f-bef7-ca7764dfe3fc,0.04,0.03,0.046459492295980453
4d5859dc-ab5a-470f-bef7-ca7764dfe3fc,0.04,0.08,0.06323537975549698
4d5859dc-ab5a-470f-bef7-ca7764dfe3fc,0.05,0.03,0.055198315531015396
4d5859dc-ab5a-470f-bef7-ca7764dfe3fc,0.05,0.08,0.06752732396125793
4d5859dc-ab5a-470f-bef7-ca7764dfe3fc,0.05,0.13,0.06474565714597702
4d5859dc-ab5a-470f-bef7-ca7764dfe3fc,0.05,0.18000000000000002,0.06500986218452454
4d5859dc-ab5a-470f-bef7-ca7764dfe3fc,0.05,0.23,0.06644390523433685
4d5859dc-ab5a-470f-bef7-ca7764dfe3fc,0.1,0.03,0.045758940279483795
4d5859dc-ab5a-470f-bef7-ca7764dfe3fc,0.1,0.08,0.05991446226835251
4d5859dc-ab5a-470f-bef7-ca7764dfe3fc,0.1,0.13,0.06983058899641037
4d5859dc-ab5a-470f-bef7-ca7764dfe3fc,0.1,0.18000000000000002,0.07672688364982605
4d5859dc-ab5a-470f-bef7-ca7764dfe3fc,0.1,0.23,0.07092549651861191
4d5859dc-ab5a-470f-bef7-ca7764dfe3fc,0.15000000000000002,0.03,0.043593019247055054
4d5859dc-ab5a-470f-bef7-ca7764dfe3fc,0.15000000000000002,0.08,0.06489714980125427
4d5859dc-ab5a-470f-bef7-ca7764dfe3fc,0.15000000000000002,0.13,0.07178381830453873
4d5859dc-ab5a-470f-bef7-ca7764dfe3fc,0.15000000000000002,0.18000000000000002,0.06687076389789581
4d5859dc-ab5a-470f-bef7-ca7764dfe3fc,0.15000000000000002,0.23,0.06755218654870987
4d5859dc-ab5a-470f-bef7-ca7764dfe3fc,0.2,0.03,0.058386217802762985
4d5859dc-ab5a-470f-bef7-ca7764dfe3fc,0.2,0.08,0.05650680512189865
4d5859dc-ab5a-470f-bef7-ca7764dfe3fc,0.2,0.13,0.06745168566703796
4d5859dc-ab5a-470f-bef7-ca7764dfe3fc,0.2,0.18000000000000002,0.06783726066350937
4d5859dc-ab5a-470f-bef7-ca7764dfe3fc,0.2,0.23,0.06978527456521988
4d5859dc-ab5a-470f-bef7-ca7764dfe3fc,0.25,0.03,0.04603159427642822
4d5859dc-ab5a-470f-bef7-ca7764dfe3fc,0.25,0.08,0.060131192207336426
4d5859dc-ab5a-470f-bef7-ca7764dfe3fc,0.25,0.13,0.06134593114256859
4d5859dc-ab5a-470f-bef7-ca7764dfe3fc,0.25,0.18000000000000002,0.07088116556406021
4d5859dc-ab5a-470f-bef7-ca7764dfe3fc,0.25,0.23,0.06840328872203827
4d5859dc-ab5a-470f-bef7-ca7764dfe3fc,0.30000000000000004,0.03,0.05165891349315643
4d5859dc-ab5a-470f-bef7-ca7764dfe3fc,0.30000000000000004,0.08,0.05399076268076897
4d5859dc-ab5a-470f-bef7-ca7764dfe3fc,0.30000000000000004,0.13,0.06664438545703888
4d5859dc-ab5a-470f-bef7-ca7764dfe3fc,0.30000000000000004,0.18000000000000002,0.06867939978837967
4d5859dc-ab5a-470f-bef7-ca7764dfe3fc,0.30000000000000004,0.23,0.06938249617815018
4d65acb4-1c7d-4742-889e-49ca35705b31,0.0,0.03,0.08189795166254044
4d65acb4-1c7d-4742-889e-49ca35705b31,0.0,0.08,0.17214280366897583
4d65acb4-1c7d-4742-889e-49ca35705b31,0.0,0.13,0.22199217975139618
4d65acb4-1c7d-4742-889e-49ca35705b31,0.0,0.18000000000000002,0.22481317818164825
4d65acb4-1c7d-4742-889e-49ca35705b31,0.0,0.23,0.19975388050079346
4d65acb4-1c7d-4742-889e-49ca35705b31,0.01,0.03,0.09755619615316391
4d65acb4-1c7d-4742-889e-49ca35705b31,0.01,0.08,0.17564044892787933
4d65acb4-1c7d-4742-889e-49ca35705b31,0.01,0.13,0.21437597274780273
4d65acb4-1c7d-4742-889e-49ca35705b31,0.01,0.18000000000000002,0.20729805529117584
4d65acb4-1c7d-4742-889e-49ca35705b31,0.01,0.23,0.18264351785182953
4d65acb4-1c7d-4742-889e-49ca35705b31,0.02,0.03,0.10226453095674515
4d65acb4-1c7d-4742-889e-49ca35705b31,0.02,0.08,0.18040724098682404
4d65acb4-1c7d-4742-889e-49ca35705b31,0.02,0.13,0.2064586877822876
4d65acb4-1c7d-4742-889e-49ca35705b31,0.02,0.18000000000000002,0.19704334437847137
4d65acb4-1c7d-4742-889e-49ca35705b31,0.02,0.23,0.17059360444545746
4d65acb4-1c7d-4742-889e-49ca35705b31,0.03,0.03,0.12155218422412872
4d65acb4-1c7d-4742-889e-49ca35705b31,0.03,0.08,0.19433791935443878
4d65acb4-1c7d-4742-889e-49ca35705b31,0.03,0.13,0.20742549002170563
4d65acb4-1c7d-4742-889e-49ca35705b31,0.03,0.18000000000000002,0.19123587012290955
4d65acb4-1c7d-4742-889e-49ca35705b31,0.03,0.23,0.1645958125591278
4d65acb4-1c7d-4742-889e-49ca35705b31,0.04,0.03,0.12062004208564758
4d65acb4-1c7d-4742-889e-49ca35705b31,0.04,0.08,0.19000263512134552
4d65acb4-1c7d-4742-889e-49ca35705b31,0.05,0.03,0.1351258009672165
4d65acb4-1c7d-4742-889e-49ca35705b31,0.05,0.08,0.205542653799057
4d65acb4-1c7d-4742-889e-49ca35705b31,0.05,0.13,0.20308706164360046
4d65acb4-1c7d-4742-889e-49ca35705b31,0.05,0.18000000000000002,0.17366349697113037
4d65acb4-1c7d-4742-889e-49ca35705b31,0.05,0.23,0.14466090500354767
4d65acb4-1c7d-4742-889e-49ca35705b31,0.1,0.03,0.12509874999523163
4d65acb4-1c7d-4742-889e-49ca35705b31,0.1,0.08,0.14052657783031464
4d65acb4-1c7d-4742-889e-49ca35705b31,0.1,0.13,0.11231984943151474
4d65acb4-1c7d-4742-889e-49ca35705b31,0.1,0.18000000000000002,0.0857212245464325
4d65acb4-1c7d-4742-889e-49ca35705b31,0.1,0.23,0.08206501603126526
4d65acb4-1c7d-4742-889e-49ca35705b31,0.15000000000000002,0.03,0.06471337378025055
4d65acb4-1c7d-4742-889e-49ca35705b31,0.15000000000000002,0.08,0.06278107315301895
4d65acb4-1c7d-4742-889e-49ca35705b31,0.15000000000000002,0.13,0.06207011640071869
4d65acb4-1c7d-4742-889e-49ca35705b31,0.15000000000000002,0.18000000000000002,0.06590816378593445
4d65acb4-1c7d-4742-889e-49ca35705b31,0.15000000000000002,0.23,0.06691186875104904
4d65acb4-1c7d-4742-889e-49ca35705b31,0.2,0.03,0.0493936613202095
4d65acb4-1c7d-4742-889e-49ca35705b31,0.2,0.08,0.05637730285525322
4d65acb4-1c7d-4742-889e-49ca35705b31,0.2,0.13,0.06999832391738892
4d65acb4-1c7d-4742-889e-49ca35705b31,0.2,0.18000000000000002,0.07098216563463211
4d65acb4-1c7d-4742-889e-49ca35705b31,0.2,0.23,0.0737164169549942
4d65acb4-1c7d-4742-889e-49ca35705b31,0.25,0.03,0.04499217867851257
4d65acb4-1c7d-4742-889e-49ca35705b31,0.25,0.08,0.06604048609733582
4d65acb4-1c7d-4742-889e-49ca35705b31,0.25,0.13,0.06458403915166855
4d65acb4-1c7d-4742-889e-49ca35705b31,0.25,0.18000000000000002,0.06597252935171127
4d65acb4-1c7d-4742-889e-49ca35705b31,0.25,0.23,0.0653076246380806
4d65acb4-1c7d-4742-889e-49ca35705b31,0.30000000000000004,0.03,0.04856321960687637
4d65acb4-1c7d-4742-889e-49ca35705b31,0.30000000000000004,0.08,0.054126422852277756
4d65acb4-1c7d-4742-889e-49ca35705b31,0.30000000000000004,0.13,0.06158464401960373
4d65acb4-1c7d-4742-889e-49ca35705b31,0.30000000000000004,0.18000000000000002,0.06398013979196548
4d65acb4-1c7d-4742-889e-49ca35705b31,0.30000000000000004,0.23,0.06871125102043152
4e6438a5-cd6c-4796-8b59-ca693b9bd229,0.0,0.03,0.051310066133737564
4e6438a5-cd6c-4796-8b59-ca693b9bd229,0.0,0.08,0.05843484401702881
4e6438a5-cd6c-4796-8b59-ca693b9bd229,0.0,0.13,0.07782179117202759
4e6438a5-cd6c-4796-8b59-ca693b9bd229,0.0,0.18000000000000002,0.08330892771482468
4e6438a5-cd6c-4796-8b59-ca693b9bd229,0.0,0.23,0.07994791120290756
4e6438a5-cd6c-4796-8b59-ca693b9bd229,0.01,0.03,0.04807199165225029
4e6438a5-cd6c-4796-8b59-ca693b9bd229,0.01,0.08,0.0617111437022686
4e6438a5-cd6c-4796-8b59-ca693b9bd229,0.01,0.13,0.0728432759642601
4e6438a5-cd6c-4796-8b59-ca693b9bd229,0.01,0.18000000000000002,0.0797157734632492
4e6438a5-cd6c-4796-8b59-ca693b9bd229,0.01,0.23,0.07966034859418869
4e6438a5-cd6c-4796-8b59-ca693b9bd229,0.02,0.03,0.043415769934654236
4e6438a5-cd6c-4796-8b59-ca693b9bd229,0.02,0.08,0.06014220416545868
4e6438a5-cd6c-4796-8b59-ca693b9bd229,0.02,0.13,0.07272687554359436
4e6438a5-cd6c-4796-8b59-ca693b9bd229,0.02,0.18000000000000002,0.07714678347110748
4e6438a5-cd6c-4796-8b59-ca693b9bd229,0.02,0.23,0.07680831849575043
4e6438a5-cd6c-4796-8b59-ca693b9bd229,0.03,0.03,0.04588046297430992
4e6438a5-cd6c-4796-8b59-ca693b9bd229,0.03,0.08,0.06183413788676262
4e6438a5-cd6c-4796-8b59-ca693b9bd229,0.03,0.13,0.07358434051275253
4e6438a5-cd6c-4796-8b59-ca693b9bd229,0.03,0.18000000000000002,0.07457215338945389
4e6438a5-cd6c-4796-8b59-ca693b9bd229,0.03,0.23,0.07934693992137909
4e6438a5-cd6c-4796-8b59-ca693b9bd229,0.04,0.03,0.046281494200229645
4e6438a5-cd6c-4796-8b59-ca693b9bd229,0.04,0.08,0.06319607049226761
4e6438a5-cd6c-4796-8b59-ca693b9bd229,0.05,0.03,0.04626723378896713
4e6438a5-cd6c-4796-8b59-ca693b9bd229,0.05,0.08,0.06542275846004486
4e6438a5-cd6c-4796-8b59-ca693b9bd229,0.05,0.13,0.07695148140192032
4e6438a5-cd6c-4796-8b59-ca693b9bd229,0.05,0.18000000000000002,0.0714850127696991
4e6438a5-cd6c-4796-8b59-ca693b9bd229,0.05,0.23,0.0738193541765213
4e6438a5-cd6c-4796-8b59-ca693b9bd229,0.1,0.03,0.05151914805173874
4e6438a5-cd6c-4796-8b59-ca693b9bd229,0.1,0.08,0.06318685412406921
4e6438a5-cd6c-4796-8b59-ca693b9bd229,0.1,0.13,0.06889990717172623
4e6438a5-cd6c-4796-8b59-ca693b9bd229,0.1,0.18000000000000002,0.07525138556957245
4e6438a5-cd6c-4796-8b59-ca693b9bd229,0.1,0.23,0.08807840943336487
4e6438a5-cd6c-4796-8b59-ca693b9bd229,0.15000000000000002,0.03,0.04762064665555954
4e6438a5-cd6c-4796-8b59-ca693b9bd229,0.15000000000000002,0.08,0.06451360136270523
4e6438a5-cd6c-4796-8b59-ca693b9bd229,0.15000000000000002,0.13,0.07154399901628494
4e6438a5-cd6c-4796-8b59-ca693b9bd229,0.15000000000000002,0.18000000000000002,0.0799928531050682
4e6438a5-cd6c-4796-8b59-ca693b9bd229,0.15000000000000002,0.23,0.08734996616840363
4e6438a5-cd6c-4796-8b59-ca693b9bd229,0.2,0.03,0.05107784643769264
4e6438a5-cd6c-4796-8b59-ca693b9bd229,0.2,0.08,0.0588223896920681
4e6438a5-cd6c-4796-8b59-ca693b9bd229,0.2,0.13,0.07362983375787735
4e6438a5-cd6c-4796-8b59-ca693b9bd229,0.2,0.18000000000000002,0.08321737498044968
4e6438a5-cd6c-4796-8b59-ca693b9bd229,0.2,0.23,0.07957383245229721
4e6438a5-cd6c-4796-8b59-ca693b9bd229,0.25,0.03,0.050505902618169785
4e6438a5-cd6c-4796-8b59-ca693b9bd229,0.25,0.08,0.07540939003229141
4e6438a5-cd6c-4796-8b59-ca693b9bd229,0.25,0.13,0.0856633186340332
4e6438a5-cd6c-4796-8b59-ca693b9bd229,0.25,0.18000000000000002,0.08007750660181046
4e6438a5-cd6c-4796-8b59-ca693b9bd229,0.25,0.23,0.0769045501947403
4e6438a5-cd6c-4796-8b59-ca693b9bd229,0.30000000000000004,0.03,0.05492836609482765
4e6438a5-cd6c-4796-8b59-ca693b9bd229,0.30000000000000004,0.08,0.07272016257047653
4e6438a5-cd6c-4796-8b59-ca693b9bd229,0.30000000000000004,0.13,0.08076648414134979
4e6438a5-cd6c-4796-8b59-ca693b9bd229,0.30000000000000004,0.18000000000000002,0.07951433956623077
4e6438a5-cd6c-4796-8b59-ca693b9bd229,0.30000000000000004,0.23,0.07939887791872025
4e7e8da3-3898-4814-b86d-977f82b0979e,0.0,0.03,0.05168803408741951
4e7e8da3-3898-4814-b86d-977f82b0979e,0.0,0.08,0.06114830821752548
4e7e8da3-3898-4814-b86d-977f82b0979e,0.0,0.13,0.06686942279338837
4e7e8da3-3898-4814-b86d-977f82b0979e,0.0,0.18000000000000002,0.06927240639925003
4e7e8da3-3898-4814-b86d-977f82b0979e,0.0,0.23,0.07158726453781128
4e7e8da3-3898-4814-b86d-977f82b0979e,0.01,0.03,0.05486924946308136
4e7e8da3-3898-4814-b86d-977f82b0979e,0.01,0.08,0.06782005727291107
4e7e8da3-3898-4814-b86d-977f82b0979e,0.01,0.13,0.06503854691982269
4e7e8da3-3898-4814-b86d-977f82b0979e,0.01,0.18000000000000002,0.06978593021631241
4e7e8da3-3898-4814-b86d-977f82b0979e,0.01,0.23,0.07435858249664307
4e7e8da3-3898-4814-b86d-977f82b0979e,0.02,0.03,0.05340239405632019
4e7e8da3-3898-4814-b86d-977f82b0979e,0.02,0.08,0.05796721205115318
4e7e8da3-3898-4814-b86d-977f82b0979e,0.02,0.13,0.06738311797380447
4e7e8da3-3898-4814-b86d-977f82b0979e,0.02,0.18000000000000002,0.07265281677246094
4e7e8da3-3898-4814-b86d-977f82b0979e,0.02,0.23,0.08279697597026825
4e7e8da3-3898-4814-b86d-977f82b0979e,0.03,0.03,0.04729350656270981
4e7e8da3-3898-4814-b86d-977f82b0979e,0.03,0.08,0.05770905315876007
4e7e8da3-3898-4814-b86d-977f82b0979e,0.03,0.13,0.06823596358299255
4e7e8da3-3898-4814-b86d-977f82b0979e,0.03,0.18000000000000002,0.06934415549039841
4e7e8da3-3898-4814-b86d-977f82b0979e,0.03,0.23,0.08208535611629486
4e7e8da3-3898-4814-b86d-977f82b0979e,0.04,0.03,0.04813817888498306
4e7e8da3-3898-4814-b86d-977f82b0979e,0.04,0.08,0.07271350920200348
4e7e8da3-3898-4814-b86d-977f82b0979e,0.05,0.03,0.04586518928408623
4e7e8da3-3898-4814-b86d-977f82b0979e,0.05,0.08,0.06573163717985153
4e7e8da3-3898-4814-b86d-977f82b0979e,0.05,0.13,0.06340107321739197
4e7e8da3-3898-4814-b86d-977f82b0979e,0.05,0.18000000000000002,0.07113026082515717
4e7e8da3-3898-4814-b86d-977f82b0979e,0.05,0.23,0.07743263244628906
4e7e8da3-3898-4814-b86d-977f82b0979e,0.1,0.03,0.05290956422686577
4e7e8da3-3898-4814-b86d-977f82b0979e,0.1,0.08,0.05942685529589653
4e7e8da3-3898-4814-b86d-977f82b0979e,0.1,0.13,0.07787203043699265
4e7e8da3-3898-4814-b86d-977f82b0979e,0.1,0.18000000000000002,0.08863431960344315
4e7e8da3-3898-4814-b86d-977f82b0979e,0.1,0.23,0.08271470665931702
4e7e8da3-3898-4814-b86d-977f82b0979e,0.15000000000000002,0.03,0.04900297522544861
4e7e8da3-3898-4814-b86d-977f82b0979e,0.15000000000000002,0.08,0.06528748571872711
4e7e8da3-3898-4814-b86d-977f82b0979e,0.15000000000000002,0.13,0.08139729499816895
4e7e8da3-3898-4814-b86d-977f82b0979e,0.15000000000000002,0.18000000000000002,0.07618787884712219
4e7e8da3-3898-4814-b86d-977f82b0979e,0.15000000000000002,0.23,0.06801240891218185
4e7e8da3-3898-4814-b86d-977f82b0979e,0.2,0.03,0.04973701015114784
4e7e8da3-3898-4814-b86d-977f82b0979e,0.2,0.08,0.06475058197975159
4e7e8da3-3898-4814-b86d-977f82b0979e,0.2,0.13,0.06172502785921097
4e7e8da3-3898-4814-b86d-977f82b0979e,0.2,0.18000000000000002,0.05836528167128563
4e7e8da3-3898-4814-b86d-977f82b0979e,0.2,0.23,0.0625448152422905
4e7e8da3-3898-4814-b86d-977f82b0979e,0.25,0.03,0.04868191480636597
4e7e8da3-3898-4814-b86d-977f82b0979e,0.25,0.08,0.0634879469871521
4e7e8da3-3898-4814-b86d-977f82b0979e,0.25,0.13,0.06363716721534729
4e7e8da3-3898-4814-b86d-977f82b0979e,0.25,0.18000000000000002,0.06343632936477661
4e7e8da3-3898-4814-b86d-977f82b0979e,0.25,0.23,0.06388892233371735
4e7e8da3-3898-4814-b86d-977f82b0979e,0.30000000000000004,0.03,0.05733310431241989
4e7e8da3-3898-4814-b86d-977f82b0979e,0.30000000000000004,0.08,0.059565603733062744
4e7e8da3-3898-4814-b86d-977f82b0979e,0.30000000000000004,0.13,0.06266865134239197
4e7e8da3-3898-4814-b86d-977f82b0979e,0.30000000000000004,0.18000000000000002,0.07053381204605103
4e7e8da3-3898-4814-b86d-977f82b0979e,0.30000000000000004,0.23,0.07233434915542603
4ee1459b-d9ea-4fcb-9328-69ada18a7657,0.0,0.03,0.05355537682771683
4ee1459b-d9ea-4fcb-9328-69ada18a7657,0.0,0.08,0.054006267338991165
4ee1459b-d9ea-4fcb-9328-69ada18a7657,0.0,0.13,0.07037480920553207
4ee1459b-d9ea-4fcb-9328-69ada18a7657,0.0,0.18000000000000002,0.0665731206536293
4ee1459b-d9ea-4fcb-9328-69ada18a7657,0.0,0.23,0.0731152892112732
4ee1459b-d9ea-4fcb-9328-69ada18a7657,0.01,0.03,0.047862108796834946
4ee1459b-d9ea-4fcb-9328-69ada18a7657,0.01,0.08,0.060275036841630936
4ee1459b-d9ea-4fcb-9328-69ada18a7657,0.01,0.13,0.06947997212409973
4ee1459b-d9ea-4fcb-9328-69ada18a7657,0.01,0.18000000000000002,0.07457931339740753
4ee1459b-d9ea-4fcb-9328-69ada18a7657,0.01,0.23,0.07534482330083847
4ee1459b-d9ea-4fcb-9328-69ada18a7657,0.02,0.03,0.04537978395819664
4ee1459b-d9ea-4fcb-9328-69ada18a7657,0.02,0.08,0.06390027701854706
4ee1459b-d9ea-4fcb-9328-69ada18a7657,0.02,0.13,0.06539344042539597
4ee1459b-d9ea-4fcb-9328-69ada18a7657,0.02,0.18000000000000002,0.07571594417095184
4ee1459b-d9ea-4fcb-9328-69ada18a7657,0.02,0.23,0.07185102999210358
4ee1459b-d9ea-4fcb-9328-69ada18a7657,0.03,0.03,0.05340348184108734
4ee1459b-d9ea-4fcb-9328-69ada18a7657,0.03,0.08,0.056143250316381454
4ee1459b-d9ea-4fcb-9328-69ada18a7657,0.03,0.13,0.06704660505056381
4ee1459b-d9ea-4fcb-9328-69ada18a7657,0.03,0.18000000000000002,0.07156112790107727
4ee1459b-d9ea-4fcb-9328-69ada18a7657,0.03,0.23,0.07220671325922012
4ee1459b-d9ea-4fcb-9328-69ada18a7657,0.04,0.03,0.04585453122854233
4ee1459b-d9ea-4fcb-9328-69ada18a7657,0.04,0.08,0.05692528933286667
4ee1459b-d9ea-4fcb-9328-69ada18a7657,0.05,0.03,0.043710000813007355
4ee1459b-d9ea-4fcb-9328-69ada18a7657,0.05,0.08,0.07110144942998886
4ee1459b-d9ea-4fcb-9328-69ada18a7657,0.05,0.13,0.0685151070356369
4ee1459b-d9ea-4fcb-9328-69ada18a7657,0.05,0.18000000000000002,0.07860305905342102
4ee1459b-d9ea-4fcb-9328-69ada18a7657,0.05,0.23,0.07221774756908417
4ee1459b-d9ea-4fcb-9328-69ada18a7657,0.1,0.03,0.05300572142004967
4ee1459b-d9ea-4fcb-9328-69ada18a7657,0.1,0.08,0.06261033564805984
4ee1459b-d9ea-4fcb-9328-69ada18a7657,0.1,0.13,0.07314962148666382
4ee1459b-d9ea-4fcb-9328-69ada18a7657,0.1,0.18000000000000002,0.06562010198831558
4ee1459b-d9ea-4fcb-9328-69ada18a7657,0.1,0.23,0.06808046251535416
4ee1459b-d9ea-4fcb-9328-69ada18a7657,0.15000000000000002,0.03,0.049383144825696945
4ee1459b-d9ea-4fcb-9328-69ada18a7657,0.15000000000000002,0.08,0.06392859667539597
4ee1459b-d9ea-4fcb-9328-69ada18a7657,0.15000000000000002,0.13,0.0666283369064331
4ee1459b-d9ea-4fcb-9328-69ada18a7657,0.15000000000000002,0.18000000000000002,0.07124686241149902
4ee1459b-d9ea-4fcb-9328-69ada18a7657,0.15000000000000002,0.23,0.07198087126016617
4ee1459b-d9ea-4fcb-9328-69ada18a7657,0.2,0.03,0.04955948889255524
4ee1459b-d9ea-4fcb-9328-69ada18a7657,0.2,0.08,0.05997083708643913
4ee1459b-d9ea-4fcb-9328-69ada18a7657,0.2,0.13,0.07047499716281891
4ee1459b-d9ea-4fcb-9328-69ada18a7657,0.2,0.18000000000000002,0.07603926956653595
4ee1459b-d9ea-4fcb-9328-69ada18a7657,0.2,0.23,0.07284480333328247
4ee1459b-d9ea-4fcb-9328-69ada18a7657,0.25,0.03,0.051785148680210114
4ee1459b-d9ea-4fcb-9328-69ada18a7657,0.25,0.08,0.0780298262834549
4ee1459b-d9ea-4fcb-9328-69ada18a7657,0.25,0.13,0.0778106078505516
4ee1459b-d9ea-4fcb-9328-69ada18a7657,0.25,0.18000000000000002,0.07328161597251892
4ee1459b-d9ea-4fcb-9328-69ada18a7657,0.25,0.23,0.07093807309865952
4ee1459b-d9ea-4fcb-9328-69ada18a7657,0.30000000000000004,0.03,0.05839870497584343
4ee1459b-d9ea-4fcb-9328-69ada18a7657,0.30000000000000004,0.08,0.0644858106970787
4ee1459b-d9ea-4fcb-9328-69ada18a7657,0.30000000000000004,0.13,0.06368867307901382
4ee1459b-d9ea-4fcb-9328-69ada18a7657,0.30000000000000004,0.18000000000000002,0.06611368805170059
4ee1459b-d9ea-4fcb-9328-69ada18a7657,0.30000000000000004,0.23,0.07116520404815674
4f2dac8c-4b09-4fe1-8c03-5cbdaf3549af,0.0,0.03,0.0692962035536766
4f2dac8c-4b09-4fe1-8c03-5cbdaf3549af,0.0,0.08,0.0758412629365921
4f2dac8c-4b09-4fe1-8c03-5cbdaf3549af,0.0,0.13,0.07477753609418869
4f2dac8c-4b09-4fe1-8c03-5cbdaf3549af,0.0,0.18000000000000002,0.08041038364171982
4f2dac8c-4b09-4fe1-8c03-5cbdaf3549af,0.0,0.23,0.08420857787132263
4f2dac8c-4b09-4fe1-8c03-5cbdaf3549af,0.01,0.03,0.06527477502822876
4f2dac8c-4b09-4fe1-8c03-5cbdaf3549af,0.01,0.08,0.0734279453754425
4f2dac8c-4b09-4fe1-8c03-5cbdaf3549af,0.01,0.13,0.07918313890695572
4f2dac8c-4b09-4fe1-8c03-5cbdaf3549af,0.01,0.18000000000000002,0.08619965612888336
4f2dac8c-4b09-4fe1-8c03-5cbdaf3549af,0.01,0.23,0.08819921314716339
4f2dac8c-4b09-4fe1-8c03-5cbdaf3549af,0.02,0.03,0.052934180945158005
4f2dac8c-4b09-4fe1-8c03-5cbdaf3549af,0.02,0.08,0.06906093657016754
4f2dac8c-4b09-4fe1-8c03-5cbdaf3549af,0.02,0.13,0.07989349961280823
4f2dac8c-4b09-4fe1-8c03-5cbdaf3549af,0.02,0.18000000000000002,0.08628752082586288
4f2dac8c-4b09-4fe1-8c03-5cbdaf3549af,0.02,0.23,0.08532863110303879
4f2dac8c-4b09-4fe1-8c03-5cbdaf3549af,0.03,0.03,0.062746062874794
4f2dac8c-4b09-4fe1-8c03-5cbdaf3549af,0.03,0.08,0.07642564177513123
4f2dac8c-4b09-4fe1-8c03-5cbdaf3549af,0.03,0.13,0.08511735498905182
4f2dac8c-4b09-4fe1-8c03-5cbdaf3549af,0.03,0.18000000000000002,0.08940742909908295
4f2dac8c-4b09-4fe1-8c03-5cbdaf3549af,0.03,0.23,0.08742666244506836
4f2dac8c-4b09-4fe1-8c03-5cbdaf3549af,0.04,0.03,0.06208685413002968
4f2dac8c-4b09-4fe1-8c03-5cbdaf3549af,0.04,0.08,0.08005031943321228
4f2dac8c-4b09-4fe1-8c03-5cbdaf3549af,0.05,0.03,0.05744858831167221
4f2dac8c-4b09-4fe1-8c03-5cbdaf3549af,0.05,0.08,0.07648707181215286
4f2dac8c-4b09-4fe1-8c03-5cbdaf3549af,0.05,0.13,0.08146509528160095
4f2dac8c-4b09-4fe1-8c03-5cbdaf3549af,0.05,0.18000000000000002,0.08396141231060028
4f2dac8c-4b09-4fe1-8c03-5cbdaf3549af,0.05,0.23,0.08158142864704132
4f2dac8c-4b09-4fe1-8c03-5cbdaf3549af,0.1,0.03,0.0660863071680069
4f2dac8c-4b09-4fe1-8c03-5cbdaf3549af,0.1,0.08,0.07475932687520981
4f2dac8c-4b09-4fe1-8c03-5cbdaf3549af,0.1,0.13,0.08432705700397491
4f2dac8c-4b09-4fe1-8c03-5cbdaf3549af,0.1,0.18000000000000002,0.07585972547531128
4f2dac8c-4b09-4fe1-8c03-5cbdaf3549af,0.1,0.23,0.07529216259717941
4f2dac8c-4b09-4fe1-8c03-5cbdaf3549af,0.15000000000000002,0.03,0.06840948760509491
4f2dac8c-4b09-4fe1-8c03-5cbdaf3549af,0.15000000000000002,0.08,0.08127778768539429
4f2dac8c-4b09-4fe1-8c03-5cbdaf3549af,0.15000000000000002,0.13,0.07876822352409363
4f2dac8c-4b09-4fe1-8c03-5cbdaf3549af,0.15000000000000002,0.18000000000000002,0.08369257301092148
4f2dac8c-4b09-4fe1-8c03-5cbdaf3549af,0.15000000000000002,0.23,0.08329661935567856
4f2dac8c-4b09-4fe1-8c03-5cbdaf3549af,0.2,0.03,0.07764379680156708
4f2dac8c-4b09-4fe1-8c03-5cbdaf3549af,0.2,0.08,0.0821879655122757
4f2dac8c-4b09-4fe1-8c03-5cbdaf3549af,0.2,0.13,0.08871927112340927
4f2dac8c-4b09-4fe1-8c03-5cbdaf3549af,0.2,0.18000000000000002,0.08477593213319778
4f2dac8c-4b09-4fe1-8c03-5cbdaf3549af,0.2,0.23,0.07903449237346649
4f2dac8c-4b09-4fe1-8c03-5cbdaf3549af,0.25,0.03,0.06937596946954727
4f2dac8c-4b09-4fe1-8c03-5cbdaf3549af,0.25,0.08,0.08029051125049591
4f2dac8c-4b09-4fe1-8c03-5cbdaf3549af,0.25,0.13,0.0853276178240776
4f2dac8c-4b09-4fe1-8c03-5cbdaf3549af,0.25,0.18000000000000002,0.08562617748975754
4f2dac8c-4b09-4fe1-8c03-5cbdaf3549af,0.25,0.23,0.0851396918296814
4f2dac8c-4b09-4fe1-8c03-5cbdaf3549af,0.30000000000000004,0.03,0.06608796864748001
4f2dac8c-4b09-4fe1-8c03-5cbdaf3549af,0.30000000000000004,0.08,0.08810354769229889
4f2dac8c-4b09-4fe1-8c03-5cbdaf3549af,0.30000000000000004,0.13,0.09028087556362152
4f2dac8c-4b09-4fe1-8c03-5cbdaf3549af,0.30000000000000004,0.18000000000000002,0.08641056716442108
4f2dac8c-4b09-4fe1-8c03-5cbdaf3549af,0.30000000000000004,0.23,0.08609864115715027
501e72bf-fa09-490c-829e-667dec3b0249,0.0,0.03,0.07176586240530014
501e72bf-fa09-490c-829e-667dec3b0249,0.0,0.08,0.08293873071670532
501e72bf-fa09-490c-829e-667dec3b0249,0.0,0.13,0.08423006534576416
501e72bf-fa09-490c-829e-667dec3b0249,0.0,0.18000000000000002,0.090945303440094
501e72bf-fa09-490c-829e-667dec3b0249,0.0,0.23,0.101144939661026
501e72bf-fa09-490c-829e-667dec3b0249,0.01,0.03,0.07118286192417145
501e72bf-fa09-490c-829e-667dec3b0249,0.01,0.08,0.08320309221744537
501e72bf-fa09-490c-829e-667dec3b0249,0.01,0.13,0.08677058666944504
501e72bf-fa09-490c-829e-667dec3b0249,0.01,0.18000000000000002,0.09542828798294067
501e72bf-fa09-490c-829e-667dec3b0249,0.01,0.23,0.10285045951604843
501e72bf-fa09-490c-829e-667dec3b0249,0.02,0.03,0.08383693546056747
501e72bf-fa09-490c-829e-667dec3b0249,0.02,0.08,0.07487260550260544
501e72bf-fa09-490c-829e-667dec3b0249,0.02,0.13,0.08159597963094711
501e72bf-fa09-490c-829e-667dec3b0249,0.02,0.18000000000000002,0.08847323805093765
501e72bf-fa09-490c-829e-667dec3b0249,0.02,0.23,0.10632912069559097
501e72bf-fa09-490c-829e-667dec3b0249,0.03,0.03,0.08383693546056747
501e72bf-fa09-490c-829e-667dec3b0249,0.03,0.08,0.07487260550260544
501e72bf-fa09-490c-829e-667dec3b0249,0.03,0.13,0.08159597963094711
501e72bf-fa09-490c-829e-667dec3b0249,0.03,0.18000000000000002,0.08847323805093765
501e72bf-fa09-490c-829e-667dec3b0249,0.03,0.23,0.10632912069559097
501e72bf-fa09-490c-829e-667dec3b0249,0.04,0.03,0.08383693546056747
501e72bf-fa09-490c-829e-667dec3b0249,0.04,0.08,0.0755690485239029
501e72bf-fa09-490c-829e-667dec3b0249,0.05,0.03,0.07531820982694626
501e72bf-fa09-490c-829e-667dec3b0249,0.05,0.08,0.07983116060495377
501e72bf-fa09-490c-829e-667dec3b0249,0.05,0.13,0.08547113090753555
501e72bf-fa09-490c-829e-667dec3b0249,0.05,0.18000000000000002,0.10055723041296005
501e72bf-fa09-490c-829e-667dec3b0249,0.05,0.23,0.11258590221405029
501e72bf-fa09-490c-829e-667dec3b0249,0.1,0.03,0.06852474808692932
501e72bf-fa09-490c-829e-667dec3b0249,0.1,0.08,0.08160203695297241
501e72bf-fa09-490c-829e-667dec3b0249,0.1,0.13,0.09916381537914276
501e72bf-fa09-490c-829e-667dec3b0249,0.1,0.18000000000000002,0.11153597384691238
501e72bf-fa09-490c-829e-667dec3b0249,0.1,0.23,0.11467056721448898
501e72bf-fa09-490c-829e-667dec3b0249,0.15000000000000002,0.03,0.06475578993558884
501e72bf-fa09-490c-829e-667dec3b0249,0.15000000000000002,0.08,0.07724519073963165
501e72bf-fa09-490c-829e-667dec3b0249,0.15000000000000002,0.13,0.08877753466367722
501e72bf-fa09-490c-829e-667dec3b0249,0.15000000000000002,0.18000000000000002,0.0985087975859642
501e72bf-fa09-490c-829e-667dec3b0249,0.15000000000000002,0.23,0.09853632748126984
501e72bf-fa09-490c-829e-667dec3b0249,0.2,0.03,0.06699983775615692
501e72bf-fa09-490c-829e-667dec3b0249,0.2,0.08,0.07537882775068283
501e72bf-fa09-490c-829e-667dec3b0249,0.2,0.13,0.09068579971790314
501e72bf-fa09-490c-829e-667dec3b0249,0.2,0.18000000000000002,0.09102309495210648
501e72bf-fa09-490c-829e-667dec3b0249,0.2,0.23,0.09545669704675674
501e72bf-fa09-490c-829e-667dec3b0249,0.25,0.03,0.07544160634279251
501e72bf-fa09-490c-829e-667dec3b0249,0.25,0.08,0.0710659846663475
501e72bf-fa09-490c-829e-667dec3b0249,0.25,0.13,0.09565841406583786
501e72bf-fa09-490c-829e-667dec3b0249,0.25,0.18000000000000002,0.09953315556049347
501e72bf-fa09-490c-829e-667dec3b0249,0.25,0.23,0.09405167400836945
501e72bf-fa09-490c-829e-667dec3b0249,0.30000000000000004,0.03,0.08559536933898926
501e72bf-fa09-490c-829e-667dec3b0249,0.30000000000000004,0.08,0.10114271193742752
501e72bf-fa09-490c-829e-667dec3b0249,0.30000000000000004,0.13,0.09329596906900406
501e72bf-fa09-490c-829e-667dec3b0249,0.30000000000000004,0.18000000000000002,0.09369253367185593
501e72bf-fa09-490c-829e-667dec3b0249,0.30000000000000004,0.23,0.10746791213750839
50634175-e34f-4a2f-92d5-84bbeb7c87c8,0.0,0.03,0.049380965530872345
50634175-e34f-4a2f-92d5-84bbeb7c87c8,0.0,0.08,0.0610608346760273
50634175-e34f-4a2f-92d5-84bbeb7c87c8,0.0,0.13,0.0671924501657486
50634175-e34f-4a2f-92d5-84bbeb7c87c8,0.0,0.18000000000000002,0.06869036704301834
50634175-e34f-4a2f-92d5-84bbeb7c87c8,0.0,0.23,0.06468770653009415
50634175-e34f-4a2f-92d5-84bbeb7c87c8,0.01,0.03,0.051340360194444656
50634175-e34f-4a2f-92d5-84bbeb7c87c8,0.01,0.08,0.060830388218164444
50634175-e34f-4a2f-92d5-84bbeb7c87c8,0.01,0.13,0.07089108228683472
50634175-e34f-4a2f-92d5-84bbeb7c87c8,0.01,0.18000000000000002,0.06760603189468384
50634175-e34f-4a2f-92d5-84bbeb7c87c8,0.01,0.23,0.06484386324882507
50634175-e34f-4a2f-92d5-84bbeb7c87c8,0.02,0.03,0.05094488337635994
50634175-e34f-4a2f-92d5-84bbeb7c87c8,0.02,0.08,0.06305433064699173
50634175-e34f-4a2f-92d5-84bbeb7c87c8,0.02,0.13,0.06934963911771774
50634175-e34f-4a2f-92d5-84bbeb7c87c8,0.02,0.18000000000000002,0.0671614557504654
50634175-e34f-4a2f-92d5-84bbeb7c87c8,0.02,0.23,0.06758904457092285
50634175-e34f-4a2f-92d5-84bbeb7c87c8,0.03,0.03,0.049551885575056076
50634175-e34f-4a2f-92d5-84bbeb7c87c8,0.03,0.08,0.06531698256731033
50634175-e34f-4a2f-92d5-84bbeb7c87c8,0.03,0.13,0.06637059152126312
50634175-e34f-4a2f-92d5-84bbeb7c87c8,0.03,0.18000000000000002,0.065271757543087
50634175-e34f-4a2f-92d5-84bbeb7c87c8,0.03,0.23,0.06948796659708023
50634175-e34f-4a2f-92d5-84bbeb7c87c8,0.04,0.03,0.054780516773462296
50634175-e34f-4a2f-92d5-84bbeb7c87c8,0.04,0.08,0.06661383807659149
50634175-e34f-4a2f-92d5-84bbeb7c87c8,0.05,0.03,0.05188703164458275
50634175-e34f-4a2f-92d5-84bbeb7c87c8,0.05,0.08,0.06437849253416061
50634175-e34f-4a2f-92d5-84bbeb7c87c8,0.05,0.13,0.06356682628393173
50634175-e34f-4a2f-92d5-84bbeb7c87c8,0.05,0.18000000000000002,0.06318413466215134
50634175-e34f-4a2f-92d5-84bbeb7c87c8,0.05,0.23,0.06777769327163696
50634175-e34f-4a2f-92d5-84bbeb7c87c8,0.1,0.03,0.05111581087112427
50634175-e34f-4a2f-92d5-84bbeb7c87c8,0.1,0.08,0.06490758806467056
50634175-e34f-4a2f-92d5-84bbeb7c87c8,0.1,0.13,0.0688902884721756
50634175-e34f-4a2f-92d5-84bbeb7c87c8,0.1,0.18000000000000002,0.07287561148405075
50634175-e34f-4a2f-92d5-84bbeb7c87c8,0.1,0.23,0.07411495596170425
50634175-e34f-4a2f-92d5-84bbeb7c87c8,0.15000000000000002,0.03,0.04976346716284752
50634175-e34f-4a2f-92d5-84bbeb7c87c8,0.15000000000000002,0.08,0.07051792740821838
50634175-e34f-4a2f-92d5-84bbeb7c87c8,0.15000000000000002,0.13,0.07338210940361023
50634175-e34f-4a2f-92d5-84bbeb7c87c8,0.15000000000000002,0.18000000000000002,0.07380911707878113
50634175-e34f-4a2f-92d5-84bbeb7c87c8,0.15000000000000002,0.23,0.069374680519104
50634175-e34f-4a2f-92d5-84bbeb7c87c8,0.2,0.03,0.053869329392910004
50634175-e34f-4a2f-92d5-84bbeb7c87c8,0.2,0.08,0.06448104232549667
50634175-e34f-4a2f-92d5-84bbeb7c87c8,0.2,0.13,0.072659432888031
50634175-e34f-4a2f-92d5-84bbeb7c87c8,0.2,0.18000000000000002,0.07143566757440567
50634175-e34f-4a2f-92d5-84bbeb7c87c8,0.2,0.23,0.07624766230583191
50634175-e34f-4a2f-92d5-84bbeb7c87c8,0.25,0.03,0.05270112678408623
50634175-e34f-4a2f-92d5-84bbeb7c87c8,0.25,0.08,0.0653921365737915
50634175-e34f-4a2f-92d5-84bbeb7c87c8,0.25,0.13,0.0720667615532875
50634175-e34f-4a2f-92d5-84bbeb7c87c8,0.25,0.18000000000000002,0.07892780750989914
50634175-e34f-4a2f-92d5-84bbeb7c87c8,0.25,0.23,0.07974331825971603
50634175-e34f-4a2f-92d5-84bbeb7c87c8,0.30000000000000004,0.03,0.056850384920835495
50634175-e34f-4a2f-92d5-84bbeb7c87c8,0.30000000000000004,0.08,0.06703011691570282
50634175-e34f-4a2f-92d5-84bbeb7c87c8,0.30000000000000004,0.13,0.07752887159585953
50634175-e34f-4a2f-92d5-84bbeb7c87c8,0.30000000000000004,0.18000000000000002,0.08404196053743362
50634175-e34f-4a2f-92d5-84bbeb7c87c8,0.30000000000000004,0.23,0.08581119775772095
509d4554-05e1-48e2-8a6d-a9c94d05efd4,0.0,0.03,0.15551088750362396
509d4554-05e1-48e2-8a6d-a9c94d05efd4,0.0,0.08,0.21463948488235474
509d4554-05e1-48e2-8a6d-a9c94d05efd4,0.0,0.13,0.18814408779144287
509d4554-05e1-48e2-8a6d-a9c94d05efd4,0.0,0.18000000000000002,0.15310482680797577
509d4554-05e1-48e2-8a6d-a9c94d05efd4,0.0,0.23,0.12709856033325195
509d4554-05e1-48e2-8a6d-a9c94d05efd4,0.01,0.03,0.13526178896427155
509d4554-05e1-48e2-8a6d-a9c94d05efd4,0.01,0.08,0.1632028967142105
509d4554-05e1-48e2-8a6d-a9c94d05efd4,0.01,0.13,0.1214626282453537
509d4554-05e1-48e2-8a6d-a9c94d05efd4,0.01,0.18000000000000002,0.11012934893369675
509d4554-05e1-48e2-8a6d-a9c94d05efd4,0.01,0.23,0.09717024862766266
509d4554-05e1-48e2-8a6d-a9c94d05efd4,0.02,0.03,0.13256573677062988
509d4554-05e1-48e2-8a6d-a9c94d05efd4,0.02,0.08,0.15077908337116241
509d4554-05e1-48e2-8a6d-a9c94d05efd4,0.02,0.13,0.11186741292476654
509d4554-05e1-48e2-8a6d-a9c94d05efd4,0.02,0.18000000000000002,0.10292450338602066
509d4554-05e1-48e2-8a6d-a9c94d05efd4,0.02,0.23,0.0892016589641571
509d4554-05e1-48e2-8a6d-a9c94d05efd4,0.03,0.03,0.12568478286266327
509d4554-05e1-48e2-8a6d-a9c94d05efd4,0.03,0.08,0.11861502379179001
509d4554-05e1-48e2-8a6d-a9c94d05efd4,0.03,0.13,0.09645982086658478
509d4554-05e1-48e2-8a6d-a9c94d05efd4,0.03,0.18000000000000002,0.08921407908201218
509d4554-05e1-48e2-8a6d-a9c94d05efd4,0.03,0.23,0.07991799712181091
509d4554-05e1-48e2-8a6d-a9c94d05efd4,0.04,0.03,0.10176363587379456
509d4554-05e1-48e2-8a6d-a9c94d05efd4,0.04,0.08,0.0912860706448555
509d4554-05e1-48e2-8a6d-a9c94d05efd4,0.05,0.03,0.10258456319570541
509d4554-05e1-48e2-8a6d-a9c94d05efd4,0.05,0.08,0.09546030312776566
509d4554-05e1-48e2-8a6d-a9c94d05efd4,0.05,0.13,0.07546784728765488
509d4554-05e1-48e2-8a6d-a9c94d05efd4,0.05,0.18000000000000002,0.07047432661056519
509d4554-05e1-48e2-8a6d-a9c94d05efd4,0.05,0.23,0.07326163351535797
509d4554-05e1-48e2-8a6d-a9c94d05efd4,0.1,0.03,0.056116264313459396
509d4554-05e1-48e2-8a6d-a9c94d05efd4,0.1,0.08,0.06389893591403961
509d4554-05e1-48e2-8a6d-a9c94d05efd4,0.1,0.13,0.06606671214103699
509d4554-05e1-48e2-8a6d-a9c94d05efd4,0.1,0.18000000000000002,0.06784505397081375
509d4554-05e1-48e2-8a6d-a9c94d05efd4,0.1,0.23,0.07042168080806732
509d4554-05e1-48e2-8a6d-a9c94d05efd4,0.15000000000000002,0.03,0.05202842876315117
509d4554-05e1-48e2-8a6d-a9c94d05efd4,0.15000000000000002,0.08,0.05667160451412201
509d4554-05e1-48e2-8a6d-a9c94d05efd4,0.15000000000000002,0.13,0.061218395829200745
509d4554-05e1-48e2-8a6d-a9c94d05efd4,0.15000000000000002,0.18000000000000002,0.06736251711845398
509d4554-05e1-48e2-8a6d-a9c94d05efd4,0.15000000000000002,0.23,0.05933511629700661
509d4554-05e1-48e2-8a6d-a9c94d05efd4,0.2,0.03,0.04991202428936958
509d4554-05e1-48e2-8a6d-a9c94d05efd4,0.2,0.08,0.06288044899702072
509d4554-05e1-48e2-8a6d-a9c94d05efd4,0.2,0.13,0.06773523986339569
509d4554-05e1-48e2-8a6d-a9c94d05efd4,0.2,0.18000000000000002,0.06220883131027222
509d4554-05e1-48e2-8a6d-a9c94d05efd4,0.2,0.23,0.06449903547763824
509d4554-05e1-48e2-8a6d-a9c94d05efd4,0.25,0.03,0.045248690992593765
509d4554-05e1-48e2-8a6d-a9c94d05efd4,0.25,0.08,0.0540640652179718
509d4554-05e1-48e2-8a6d-a9c94d05efd4,0.25,0.13,0.052216075360774994
509d4554-05e1-48e2-8a6d-a9c94d05efd4,0.25,0.18000000000000002,0.059727076441049576
509d4554-05e1-48e2-8a6d-a9c94d05efd4,0.25,0.23,0.05852728337049484
509d4554-05e1-48e2-8a6d-a9c94d05efd4,0.30000000000000004,0.03,0.044173870235681534
509d4554-05e1-48e2-8a6d-a9c94d05efd4,0.30000000000000004,0.08,0.05782931670546532
509d4554-05e1-48e2-8a6d-a9c94d05efd4,0.30000000000000004,0.13,0.06626163423061371
509d4554-05e1-48e2-8a6d-a9c94d05efd4,0.30000000000000004,0.18000000000000002,0.05848964676260948
509d4554-05e1-48e2-8a6d-a9c94d05efd4,0.30000000000000004,0.23,0.05477018654346466
510d7907-067e-4abc-adcb-468c5001868e,0.0,0.03,0.050086166709661484
510d7907-067e-4abc-adcb-468c5001868e,0.0,0.08,0.04739515110850334
510d7907-067e-4abc-adcb-468c5001868e,0.0,0.13,0.05761897936463356
510d7907-067e-4abc-adcb-468c5001868e,0.0,0.18000000000000002,0.0646551176905632
510d7907-067e-4abc-adcb-468c5001868e,0.0,0.23,0.06205199286341667
510d7907-067e-4abc-adcb-468c5001868e,0.01,0.03,0.052313532680273056
510d7907-067e-4abc-adcb-468c5001868e,0.01,0.08,0.05122324824333191
510d7907-067e-4abc-adcb-468c5001868e,0.01,0.13,0.056812454015016556
510d7907-067e-4abc-adcb-468c5001868e,0.01,0.18000000000000002,0.06416573375463486
510d7907-067e-4abc-adcb-468c5001868e,0.01,0.23,0.057801615446805954
510d7907-067e-4abc-adcb-468c5001868e,0.02,0.03,0.043691620230674744
510d7907-067e-4abc-adcb-468c5001868e,0.02,0.08,0.05595224350690842
510d7907-067e-4abc-adcb-468c5001868e,0.02,0.13,0.0574619397521019
510d7907-067e-4abc-adcb-468c5001868e,0.02,0.18000000000000002,0.058982495218515396
510d7907-067e-4abc-adcb-468c5001868e,0.02,0.23,0.059940360486507416
510d7907-067e-4abc-adcb-468c5001868e,0.03,0.03,0.04703069478273392
510d7907-067e-4abc-adcb-468c5001868e,0.03,0.08,0.053507108241319656
510d7907-067e-4abc-adcb-468c5001868e,0.03,0.13,0.06388577073812485
510d7907-067e-4abc-adcb-468c5001868e,0.03,0.18000000000000002,0.05702066048979759
510d7907-067e-4abc-adcb-468c5001868e,0.03,0.23,0.06349524110555649
510d7907-067e-4abc-adcb-468c5001868e,0.04,0.03,0.05043501779437065
510d7907-067e-4abc-adcb-468c5001868e,0.04,0.08,0.056351542472839355
510d7907-067e-4abc-adcb-468c5001868e,0.05,0.03,0.045137081295251846
510d7907-067e-4abc-adcb-468c5001868e,0.05,0.08,0.05836630240082741
510d7907-067e-4abc-adcb-468c5001868e,0.05,0.13,0.05898846313357353
510d7907-067e-4abc-adcb-468c5001868e,0.05,0.18000000000000002,0.06022714823484421
510d7907-067e-4abc-adcb-468c5001868e,0.05,0.23,0.06581611186265945
510d7907-067e-4abc-adcb-468c5001868e,0.1,0.03,0.05165485665202141
510d7907-067e-4abc-adcb-468c5001868e,0.1,0.08,0.055596087127923965
510d7907-067e-4abc-adcb-468c5001868e,0.1,0.13,0.05784430727362633
510d7907-067e-4abc-adcb-468c5001868e,0.1,0.18000000000000002,0.06628675758838654
510d7907-067e-4abc-adcb-468c5001868e,0.1,0.23,0.07044564932584763
510d7907-067e-4abc-adcb-468c5001868e,0.15000000000000002,0.03,0.04728464409708977
510d7907-067e-4abc-adcb-468c5001868e,0.15000000000000002,0.08,0.05032885819673538
510d7907-067e-4abc-adcb-468c5001868e,0.15000000000000002,0.13,0.06258105486631393
510d7907-067e-4abc-adcb-468c5001868e,0.15000000000000002,0.18000000000000002,0.06569618731737137
510d7907-067e-4abc-adcb-468c5001868e,0.15000000000000002,0.23,0.0651974231004715
510d7907-067e-4abc-adcb-468c5001868e,0.2,0.03,0.048726294189691544
510d7907-067e-4abc-adcb-468c5001868e,0.2,0.08,0.05545665696263313
510d7907-067e-4abc-adcb-468c5001868e,0.2,0.13,0.059728529304265976
510d7907-067e-4abc-adcb-468c5001868e,0.2,0.18000000000000002,0.06708737462759018
510d7907-067e-4abc-adcb-468c5001868e,0.2,0.23,0.07459457218647003
510d7907-067e-4abc-adcb-468c5001868e,0.25,0.03,0.04381945729255676
510d7907-067e-4abc-adcb-468c5001868e,0.25,0.08,0.0571991428732872
510d7907-067e-4abc-adcb-468c5001868e,0.25,0.13,0.07206536829471588
510d7907-067e-4abc-adcb-468c5001868e,0.25,0.18000000000000002,0.07148129492998123
510d7907-067e-4abc-adcb-468c5001868e,0.25,0.23,0.07616502046585083
510d7907-067e-4abc-adcb-468c5001868e,0.30000000000000004,0.03,0.04985950142145157
510d7907-067e-4abc-adcb-468c5001868e,0.30000000000000004,0.08,0.06409952044487
510d7907-067e-4abc-adcb-468c5001868e,0.30000000000000004,0.13,0.07009546458721161
510d7907-067e-4abc-adcb-468c5001868e,0.30000000000000004,0.18000000000000002,0.07566789537668228
510d7907-067e-4abc-adcb-468c5001868e,0.30000000000000004,0.23,0.07115858793258667
512eb78a-2c19-4016-b7ab-b0e25db41f36,0.0,0.03,0.05526693910360336
512eb78a-2c19-4016-b7ab-b0e25db41f36,0.0,0.08,0.09469533711671829
512eb78a-2c19-4016-b7ab-b0e25db41f36,0.0,0.13,0.09839101880788803
512eb78a-2c19-4016-b7ab-b0e25db41f36,0.0,0.18000000000000002,0.09728828817605972
512eb78a-2c19-4016-b7ab-b0e25db41f36,0.0,0.23,0.0877346321940422
512eb78a-2c19-4016-b7ab-b0e25db41f36,0.01,0.03,0.0553620345890522
512eb78a-2c19-4016-b7ab-b0e25db41f36,0.01,0.08,0.08634604513645172
512eb78a-2c19-4016-b7ab-b0e25db41f36,0.01,0.13,0.08831090480089188
512eb78a-2c19-4016-b7ab-b0e25db41f36,0.01,0.18000000000000002,0.09069254994392395
512eb78a-2c19-4016-b7ab-b0e25db41f36,0.01,0.23,0.08534354716539383
512eb78a-2c19-4016-b7ab-b0e25db41f36,0.02,0.03,0.06629550457000732
512eb78a-2c19-4016-b7ab-b0e25db41f36,0.02,0.08,0.08891740441322327
512eb78a-2c19-4016-b7ab-b0e25db41f36,0.02,0.13,0.09158069640398026
512eb78a-2c19-4016-b7ab-b0e25db41f36,0.02,0.18000000000000002,0.09205960482358932
512eb78a-2c19-4016-b7ab-b0e25db41f36,0.02,0.23,0.08650539815425873
512eb78a-2c19-4016-b7ab-b0e25db41f36,0.03,0.03,0.07264839857816696
512eb78a-2c19-4016-b7ab-b0e25db41f36,0.03,0.08,0.07929863035678864
512eb78a-2c19-4016-b7ab-b0e25db41f36,0.03,0.13,0.08242060244083405
512eb78a-2c19-4016-b7ab-b0e25db41f36,0.03,0.18000000000000002,0.08212359249591827
512eb78a-2c19-4016-b7ab-b0e25db41f36,0.03,0.23,0.07887859642505646
512eb78a-2c19-4016-b7ab-b0e25db41f36,0.04,0.03,0.06978747248649597
512eb78a-2c19-4016-b7ab-b0e25db41f36,0.04,0.08,0.07250415533781052
512eb78a-2c19-4016-b7ab-b0e25db41f36,0.05,0.03,0.06848496198654175
512eb78a-2c19-4016-b7ab-b0e25db41f36,0.05,0.08,0.07775216549634933
512eb78a-2c19-4016-b7ab-b0e25db41f36,0.05,0.13,0.08926514536142349
512eb78a-2c19-4016-b7ab-b0e25db41f36,0.05,0.18000000000000002,0.08364324271678925
512eb78a-2c19-4016-b7ab-b0e25db41f36,0.05,0.23,0.08440452814102173
512eb78a-2c19-4016-b7ab-b0e25db41f36,0.1,0.03,0.054366160184144974
512eb78a-2c19-4016-b7ab-b0e25db41f36,0.1,0.08,0.08820793032646179
512eb78a-2c19-4016-b7ab-b0e25db41f36,0.1,0.13,0.07744891941547394
512eb78a-2c19-4016-b7ab-b0e25db41f36,0.1,0.18000000000000002,0.08518946170806885
512eb78a-2c19-4016-b7ab-b0e25db41f36,0.1,0.23,0.08153248578310013
512eb78a-2c19-4016-b7ab-b0e25db41f36,0.15000000000000002,0.03,0.04980245605111122
512eb78a-2c19-4016-b7ab-b0e25db41f36,0.15000000000000002,0.08,0.06344912946224213
512eb78a-2c19-4016-b7ab-b0e25db41f36,0.15000000000000002,0.13,0.0697871744632721
512eb78a-2c19-4016-b7ab-b0e25db41f36,0.15000000000000002,0.18000000000000002,0.06465261429548264
512eb78a-2c19-4016-b7ab-b0e25db41f36,0.15000000000000002,0.23,0.06807085871696472
512eb78a-2c19-4016-b7ab-b0e25db41f36,0.2,0.03,0.05966806411743164
512eb78a-2c19-4016-b7ab-b0e25db41f36,0.2,0.08,0.06383704394102097
512eb78a-2c19-4016-b7ab-b0e25db41f36,0.2,0.13,0.06454627215862274
512eb78a-2c19-4016-b7ab-b0e25db41f36,0.2,0.18000000000000002,0.07811886072158813
512eb78a-2c19-4016-b7ab-b0e25db41f36,0.2,0.23,0.07283054292201996
512eb78a-2c19-4016-b7ab-b0e25db41f36,0.25,0.03,0.05782017111778259
512eb78a-2c19-4016-b7ab-b0e25db41f36,0.25,0.08,0.07833615690469742
512eb78a-2c19-4016-b7ab-b0e25db41f36,0.25,0.13,0.08878269791603088
512eb78a-2c19-4016-b7ab-b0e25db41f36,0.25,0.18000000000000002,0.06819842755794525
512eb78a-2c19-4016-b7ab-b0e25db41f36,0.25,0.23,0.07357563823461533
512eb78a-2c19-4016-b7ab-b0e25db41f36,0.30000000000000004,0.03,0.056473102420568466
512eb78a-2c19-4016-b7ab-b0e25db41f36,0.30000000000000004,0.08,0.0721815824508667
512eb78a-2c19-4016-b7ab-b0e25db41f36,0.30000000000000004,0.13,0.06577286124229431
512eb78a-2c19-4016-b7ab-b0e25db41f36,0.30000000000000004,0.18000000000000002,0.0716308057308197
512eb78a-2c19-4016-b7ab-b0e25db41f36,0.30000000000000004,0.23,0.07191818207502365
51acb433-778b-48a2-a4c0-ffc2abc0c87d,0.0,0.03,0.052346888929605484
51acb433-778b-48a2-a4c0-ffc2abc0c87d,0.0,0.08,0.07339974492788315
51acb433-778b-48a2-a4c0-ffc2abc0c87d,0.0,0.13,0.08121875673532486
51acb433-778b-48a2-a4c0-ffc2abc0c87d,0.0,0.18000000000000002,0.07939504086971283
51acb433-778b-48a2-a4c0-ffc2abc0c87d,0.0,0.23,0.08097661286592484
51acb433-778b-48a2-a4c0-ffc2abc0c87d,0.01,0.03,0.06098708137869835
51acb433-778b-48a2-a4c0-ffc2abc0c87d,0.01,0.08,0.07694388180971146
51acb433-778b-48a2-a4c0-ffc2abc0c87d,0.01,0.13,0.0854310691356659
51acb433-778b-48a2-a4c0-ffc2abc0c87d,0.01,0.18000000000000002,0.08440936356782913
51acb433-778b-48a2-a4c0-ffc2abc0c87d,0.01,0.23,0.08313623815774918
51acb433-778b-48a2-a4c0-ffc2abc0c87d,0.02,0.03,0.06519032269716263
51acb433-778b-48a2-a4c0-ffc2abc0c87d,0.02,0.08,0.07936961948871613
51acb433-778b-48a2-a4c0-ffc2abc0c87d,0.02,0.13,0.08444476127624512
51acb433-778b-48a2-a4c0-ffc2abc0c87d,0.02,0.18000000000000002,0.08316417783498764
51acb433-778b-48a2-a4c0-ffc2abc0c87d,0.02,0.23,0.08243205398321152
51acb433-778b-48a2-a4c0-ffc2abc0c87d,0.03,0.03,0.06005805358290672
51acb433-778b-48a2-a4c0-ffc2abc0c87d,0.03,0.08,0.07713159918785095
51acb433-778b-48a2-a4c0-ffc2abc0c87d,0.03,0.13,0.07855936139822006
51acb433-778b-48a2-a4c0-ffc2abc0c87d,0.03,0.18000000000000002,0.08043365180492401
51acb433-778b-48a2-a4c0-ffc2abc0c87d,0.03,0.23,0.07933244854211807
51acb433-778b-48a2-a4c0-ffc2abc0c87d,0.04,0.03,0.05778316780924797
51acb433-778b-48a2-a4c0-ffc2abc0c87d,0.04,0.08,0.07539556920528412
51acb433-778b-48a2-a4c0-ffc2abc0c87d,0.05,0.03,0.05620032921433449
51acb433-778b-48a2-a4c0-ffc2abc0c87d,0.05,0.08,0.06966423243284225
51acb433-778b-48a2-a4c0-ffc2abc0c87d,0.05,0.13,0.07061304897069931
51acb433-778b-48a2-a4c0-ffc2abc0c87d,0.05,0.18000000000000002,0.07246466726064682
51acb433-778b-48a2-a4c0-ffc2abc0c87d,0.05,0.23,0.07404354214668274
51acb433-778b-48a2-a4c0-ffc2abc0c87d,0.1,0.03,0.04898443445563316
51acb433-778b-48a2-a4c0-ffc2abc0c87d,0.1,0.08,0.07250972092151642
51acb433-778b-48a2-a4c0-ffc2abc0c87d,0.1,0.13,0.06633247435092926
51acb433-778b-48a2-a4c0-ffc2abc0c87d,0.1,0.18000000000000002,0.06290339678525925
51acb433-778b-48a2-a4c0-ffc2abc0c87d,0.1,0.23,0.06401872634887695
51acb433-778b-48a2-a4c0-ffc2abc0c87d,0.15000000000000002,0.03,0.05201086401939392
51acb433-778b-48a2-a4c0-ffc2abc0c87d,0.15000000000000002,0.08,0.06210753694176674
51acb433-778b-48a2-a4c0-ffc2abc0c87d,0.15000000000000002,0.13,0.06498949974775314
51acb433-778b-48a2-a4c0-ffc2abc0c87d,0.15000000000000002,0.18000000000000002,0.070457823574543
51acb433-778b-48a2-a4c0-ffc2abc0c87d,0.15000000000000002,0.23,0.06784293055534363
51acb433-778b-48a2-a4c0-ffc2abc0c87d,0.2,0.03,0.054543137550354004
51acb433-778b-48a2-a4c0-ffc2abc0c87d,0.2,0.08,0.06535212695598602
51acb433-778b-48a2-a4c0-ffc2abc0c87d,0.2,0.13,0.0690985694527626
51acb433-778b-48a2-a4c0-ffc2abc0c87d,0.2,0.18000000000000002,0.06587423384189606
51acb433-778b-48a2-a4c0-ffc2abc0c87d,0.2,0.23,0.06544830650091171
51acb433-778b-48a2-a4c0-ffc2abc0c87d,0.25,0.03,0.050750333815813065
51acb433-778b-48a2-a4c0-ffc2abc0c87d,0.25,0.08,0.05928627774119377
51acb433-778b-48a2-a4c0-ffc2abc0c87d,0.25,0.13,0.0597311370074749
51acb433-778b-48a2-a4c0-ffc2abc0c87d,0.25,0.18000000000000002,0.06326563656330109
51acb433-778b-48a2-a4c0-ffc2abc0c87d,0.25,0.23,0.061961449682712555
51acb433-778b-48a2-a4c0-ffc2abc0c87d,0.30000000000000004,0.03,0.051942385733127594
51acb433-778b-48a2-a4c0-ffc2abc0c87d,0.30000000000000004,0.08,0.05786418542265892
51acb433-778b-48a2-a4c0-ffc2abc0c87d,0.30000000000000004,0.13,0.0671079158782959
51acb433-778b-48a2-a4c0-ffc2abc0c87d,0.30000000000000004,0.18000000000000002,0.0700501874089241
51acb433-778b-48a2-a4c0-ffc2abc0c87d,0.30000000000000004,0.23,0.07047764956951141
51c77923-88d3-4d68-99c0-b3fbe009a0f0,0.0,0.03,0.09451370686292648
51c77923-88d3-4d68-99c0-b3fbe009a0f0,0.0,0.08,0.1514703929424286
51c77923-88d3-4d68-99c0-b3fbe009a0f0,0.0,0.13,0.13931642472743988
51c77923-88d3-4d68-99c0-b3fbe009a0f0,0.0,0.18000000000000002,0.11422295868396759
51c77923-88d3-4d68-99c0-b3fbe009a0f0,0.0,0.23,0.09586350619792938
51c77923-88d3-4d68-99c0-b3fbe009a0f0,0.01,0.03,0.10968924313783646
51c77923-88d3-4d68-99c0-b3fbe009a0f0,0.01,0.08,0.16056546568870544
51c77923-88d3-4d68-99c0-b3fbe009a0f0,0.01,0.13,0.1272805780172348
51c77923-88d3-4d68-99c0-b3fbe009a0f0,0.01,0.18000000000000002,0.11040754616260529
51c77923-88d3-4d68-99c0-b3fbe009a0f0,0.01,0.23,0.09438147395849228
51c77923-88d3-4d68-99c0-b3fbe009a0f0,0.02,0.03,0.1329515278339386
51c77923-88d3-4d68-99c0-b3fbe009a0f0,0.02,0.08,0.158843994140625
51c77923-88d3-4d68-99c0-b3fbe009a0f0,0.02,0.13,0.12245483696460724
51c77923-88d3-4d68-99c0-b3fbe009a0f0,0.02,0.18000000000000002,0.11168774217367172
51c77923-88d3-4d68-99c0-b3fbe009a0f0,0.02,0.23,0.09175670146942139
51c77923-88d3-4d68-99c0-b3fbe009a0f0,0.03,0.03,0.12442895770072937
51c77923-88d3-4d68-99c0-b3fbe009a0f0,0.03,0.08,0.13592533767223358
51c77923-88d3-4d68-99c0-b3fbe009a0f0,0.03,0.13,0.13179656863212585
51c77923-88d3-4d68-99c0-b3fbe009a0f0,0.03,0.18000000000000002,0.11235973984003067
51c77923-88d3-4d68-99c0-b3fbe009a0f0,0.03,0.23,0.0905110239982605
51c77923-88d3-4d68-99c0-b3fbe009a0f0,0.04,0.03,0.11593933403491974
51c77923-88d3-4d68-99c0-b3fbe009a0f0,0.04,0.08,0.12497186660766602
51c77923-88d3-4d68-99c0-b3fbe009a0f0,0.05,0.03,0.10414628684520721
51c77923-88d3-4d68-99c0-b3fbe009a0f0,0.05,0.08,0.14565055072307587
51c77923-88d3-4d68-99c0-b3fbe009a0f0,0.05,0.13,0.1412549763917923
51c77923-88d3-4d68-99c0-b3fbe009a0f0,0.05,0.18000000000000002,0.11127986013889313
51c77923-88d3-4d68-99c0-b3fbe009a0f0,0.05,0.23,0.08690285682678223
51c77923-88d3-4d68-99c0-b3fbe009a0f0,0.1,0.03,0.11235573887825012
51c77923-88d3-4d68-99c0-b3fbe009a0f0,0.1,0.08,0.11745006591081619
51c77923-88d3-4d68-99c0-b3fbe009a0f0,0.1,0.13,0.09357193112373352
51c77923-88d3-4d68-99c0-b3fbe009a0f0,0.1,0.18000000000000002,0.07401295751333237
51c77923-88d3-4d68-99c0-b3fbe009a0f0,0.1,0.23,0.0653390884399414
51c77923-88d3-4d68-99c0-b3fbe009a0f0,0.15000000000000002,0.03,0.0634029433131218
51c77923-88d3-4d68-99c0-b3fbe009a0f0,0.15000000000000002,0.08,0.059498321264982224
51c77923-88d3-4d68-99c0-b3fbe009a0f0,0.15000000000000002,0.13,0.06205448880791664
51c77923-88d3-4d68-99c0-b3fbe009a0f0,0.15000000000000002,0.18000000000000002,0.06145108491182327
51c77923-88d3-4d68-99c0-b3fbe009a0f0,0.15000000000000002,0.23,0.06231677159667015
51c77923-88d3-4d68-99c0-b3fbe009a0f0,0.2,0.03,0.04936469346284866
51c77923-88d3-4d68-99c0-b3fbe009a0f0,0.2,0.08,0.06050287187099457
51c77923-88d3-4d68-99c0-b3fbe009a0f0,0.2,0.13,0.06038152799010277
51c77923-88d3-4d68-99c0-b3fbe009a0f0,0.2,0.18000000000000002,0.06262737512588501
51c77923-88d3-4d68-99c0-b3fbe009a0f0,0.2,0.23,0.06148821488022804
51c77923-88d3-4d68-99c0-b3fbe009a0f0,0.25,0.03,0.05111082270741463
51c77923-88d3-4d68-99c0-b3fbe009a0f0,0.25,0.08,0.05995634198188782
51c77923-88d3-4d68-99c0-b3fbe009a0f0,0.25,0.13,0.062303170561790466
51c77923-88d3-4d68-99c0-b3fbe009a0f0,0.25,0.18000000000000002,0.05889077112078667
51c77923-88d3-4d68-99c0-b3fbe009a0f0,0.25,0.23,0.060814060270786285
51c77923-88d3-4d68-99c0-b3fbe009a0f0,0.30000000000000004,0.03,0.0504448264837265
51c77923-88d3-4d68-99c0-b3fbe009a0f0,0.30000000000000004,0.08,0.058285489678382874
51c77923-88d3-4d68-99c0-b3fbe009a0f0,0.30000000000000004,0.13,0.05765296891331673
51c77923-88d3-4d68-99c0-b3fbe009a0f0,0.30000000000000004,0.18000000000000002,0.06377848237752914
51c77923-88d3-4d68-99c0-b3fbe009a0f0,0.30000000000000004,0.23,0.06242501735687256
51c9c525-8c73-46d5-beb2-58b01d753367,0.0,0.03,0.12496579438447952
51c9c525-8c73-46d5-beb2-58b01d753367,0.0,0.08,0.2389214187860489
51c9c525-8c73-46d5-beb2-58b01d753367,0.0,0.13,0.2339448630809784
51c9c525-8c73-46d5-beb2-58b01d753367,0.0,0.18000000000000002,0.17944416403770447
51c9c525-8c73-46d5-beb2-58b01d753367,0.0,0.23,0.14401282370090485
51c9c525-8c73-46d5-beb2-58b01d753367,0.01,0.03,0.14004752039909363
51c9c525-8c73-46d5-beb2-58b01d753367,0.01,0.08,0.24283337593078613
51c9c525-8c73-46d5-beb2-58b01d753367,0.01,0.13,0.22529180347919464
51c9c525-8c73-46d5-beb2-58b01d753367,0.01,0.18000000000000002,0.15234394371509552
51c9c525-8c73-46d5-beb2-58b01d753367,0.01,0.23,0.12142163515090942
51c9c525-8c73-46d5-beb2-58b01d753367,0.02,0.03,0.18349358439445496
51c9c525-8c73-46d5-beb2-58b01d753367,0.02,0.08,0.2462870329618454
51c9c525-8c73-46d5-beb2-58b01d753367,0.02,0.13,0.1990155577659607
51c9c525-8c73-46d5-beb2-58b01d753367,0.02,0.18000000000000002,0.14144496619701385
51c9c525-8c73-46d5-beb2-58b01d753367,0.02,0.23,0.10858781635761261
51c9c525-8c73-46d5-beb2-58b01d753367,0.03,0.03,0.1989567130804062
51c9c525-8c73-46d5-beb2-58b01d753367,0.03,0.08,0.2460649162530899
51c9c525-8c73-46d5-beb2-58b01d753367,0.03,0.13,0.17850399017333984
51c9c525-8c73-46d5-beb2-58b01d753367,0.03,0.18000000000000002,0.12847568094730377
51c9c525-8c73-46d5-beb2-58b01d753367,0.03,0.23,0.10285782814025879
51c9c525-8c73-46d5-beb2-58b01d753367,0.04,0.03,0.21547621488571167
51c9c525-8c73-46d5-beb2-58b01d753367,0.04,0.08,0.22607935965061188
51c9c525-8c73-46d5-beb2-58b01d753367,0.05,0.03,0.20743323862552643
51c9c525-8c73-46d5-beb2-58b01d753367,0.05,0.08,0.1954323947429657
51c9c525-8c73-46d5-beb2-58b01d753367,0.05,0.13,0.1330145299434662
51c9c525-8c73-46d5-beb2-58b01d753367,0.05,0.18000000000000002,0.09818956255912781
51c9c525-8c73-46d5-beb2-58b01d753367,0.05,0.23,0.08898869156837463
51c9c525-8c73-46d5-beb2-58b01d753367,0.1,0.03,0.09739060699939728
51c9c525-8c73-46d5-beb2-58b01d753367,0.1,0.08,0.07509493082761765
51c9c525-8c73-46d5-beb2-58b01d753367,0.1,0.13,0.06491602957248688
51c9c525-8c73-46d5-beb2-58b01d753367,0.1,0.18000000000000002,0.0684809461236
51c9c525-8c73-46d5-beb2-58b01d753367,0.1,0.23,0.08108074963092804
51c9c525-8c73-46d5-beb2-58b01d753367,0.15000000000000002,0.03,0.0579778254032135
51c9c525-8c73-46d5-beb2-58b01d753367,0.15000000000000002,0.08,0.06719799339771271
51c9c525-8c73-46d5-beb2-58b01d753367,0.15000000000000002,0.13,0.07745295017957687
51c9c525-8c73-46d5-beb2-58b01d753367,0.15000000000000002,0.18000000000000002,0.08748649060726166
51c9c525-8c73-46d5-beb2-58b01d753367,0.15000000000000002,0.23,0.09068118780851364
51c9c525-8c73-46d5-beb2-58b01d753367,0.2,0.03,0.06434459984302521
51c9c525-8c73-46d5-beb2-58b01d753367,0.2,0.08,0.07711450010538101
51c9c525-8c73-46d5-beb2-58b01d753367,0.2,0.13,0.08215979486703873
51c9c525-8c73-46d5-beb2-58b01d753367,0.2,0.18000000000000002,0.08612765371799469
51c9c525-8c73-46d5-beb2-58b01d753367,0.2,0.23,0.07819291949272156
51c9c525-8c73-46d5-beb2-58b01d753367,0.25,0.03,0.057581912726163864
51c9c525-8c73-46d5-beb2-58b01d753367,0.25,0.08,0.07838782668113708
51c9c525-8c73-46d5-beb2-58b01d753367,0.25,0.13,0.08122270554304123
51c9c525-8c73-46d5-beb2-58b01d753367,0.25,0.18000000000000002,0.08145484328269958
51c9c525-8c73-46d5-beb2-58b01d753367,0.25,0.23,0.08523133397102356
51c9c525-8c73-46d5-beb2-58b01d753367,0.30000000000000004,0.03,0.06248466297984123
51c9c525-8c73-46d5-beb2-58b01d753367,0.30000000000000004,0.08,0.0861620083451271
51c9c525-8c73-46d5-beb2-58b01d753367,0.30000000000000004,0.13,0.08958341181278229
51c9c525-8c73-46d5-beb2-58b01d753367,0.30000000000000004,0.18000000000000002,0.09027766436338425
51c9c525-8c73-46d5-beb2-58b01d753367,0.30000000000000004,0.23,0.09345206618309021
524ac7ca-7032-4966-a4f3-e3bfede47d65,0.0,0.03,0.0462610088288784
524ac7ca-7032-4966-a4f3-e3bfede47d65,0.0,0.08,0.056972309947013855
524ac7ca-7032-4966-a4f3-e3bfede47d65,0.0,0.13,0.0650492012500763
524ac7ca-7032-4966-a4f3-e3bfede47d65,0.0,0.18000000000000002,0.0650704950094223
524ac7ca-7032-4966-a4f3-e3bfede47d65,0.0,0.23,0.0693296417593956
524ac7ca-7032-4966-a4f3-e3bfede47d65,0.01,0.03,0.04701067507266998
524ac7ca-7032-4966-a4f3-e3bfede47d65,0.01,0.08,0.06312678009271622
524ac7ca-7032-4966-a4f3-e3bfede47d65,0.01,0.13,0.0632004365324974
524ac7ca-7032-4966-a4f3-e3bfede47d65,0.01,0.18000000000000002,0.0715312585234642
524ac7ca-7032-4966-a4f3-e3bfede47d65,0.01,0.23,0.07168301194906235
524ac7ca-7032-4966-a4f3-e3bfede47d65,0.02,0.03,0.04589936509728432
524ac7ca-7032-4966-a4f3-e3bfede47d65,0.02,0.08,0.060433708131313324
524ac7ca-7032-4966-a4f3-e3bfede47d65,0.02,0.13,0.06649399548768997
524ac7ca-7032-4966-a4f3-e3bfede47d65,0.02,0.18000000000000002,0.06763258576393127
524ac7ca-7032-4966-a4f3-e3bfede47d65,0.02,0.23,0.07009850442409515
524ac7ca-7032-4966-a4f3-e3bfede47d65,0.03,0.03,0.04655660316348076
524ac7ca-7032-4966-a4f3-e3bfede47d65,0.03,0.08,0.059221770614385605
524ac7ca-7032-4966-a4f3-e3bfede47d65,0.03,0.13,0.07012663036584854
524ac7ca-7032-4966-a4f3-e3bfede47d65,0.03,0.18000000000000002,0.07209723442792892
524ac7ca-7032-4966-a4f3-e3bfede47d65,0.03,0.23,0.0705886259675026
524ac7ca-7032-4966-a4f3-e3bfede47d65,0.04,0.03,0.04963865131139755
524ac7ca-7032-4966-a4f3-e3bfede47d65,0.04,0.08,0.06949350982904434
524ac7ca-7032-4966-a4f3-e3bfede47d65,0.05,0.03,0.05120750516653061
524ac7ca-7032-4966-a4f3-e3bfede47d65,0.05,0.08,0.06974975764751434
524ac7ca-7032-4966-a4f3-e3bfede47d65,0.05,0.13,0.06776876747608185
524ac7ca-7032-4966-a4f3-e3bfede47d65,0.05,0.18000000000000002,0.07191581279039383
524ac7ca-7032-4966-a4f3-e3bfede47d65,0.05,0.23,0.07266644388437271
524ac7ca-7032-4966-a4f3-e3bfede47d65,0.1,0.03,0.05093841254711151
524ac7ca-7032-4966-a4f3-e3bfede47d65,0.1,0.08,0.06631147116422653
524ac7ca-7032-4966-a4f3-e3bfede47d65,0.1,0.13,0.07468215376138687
524ac7ca-7032-4966-a4f3-e3bfede47d65,0.1,0.18000000000000002,0.08042153716087341
524ac7ca-7032-4966-a4f3-e3bfede47d65,0.1,0.23,0.09111940860748291
524ac7ca-7032-4966-a4f3-e3bfede47d65,0.15000000000000002,0.03,0.04910394176840782
524ac7ca-7032-4966-a4f3-e3bfede47d65,0.15000000000000002,0.08,0.06332157552242279
524ac7ca-7032-4966-a4f3-e3bfede47d65,0.15000000000000002,0.13,0.07078615576028824
524ac7ca-7032-4966-a4f3-e3bfede47d65,0.15000000000000002,0.18000000000000002,0.08405134826898575
524ac7ca-7032-4966-a4f3-e3bfede47d65,0.15000000000000002,0.23,0.08368619531393051
524ac7ca-7032-4966-a4f3-e3bfede47d65,0.2,0.03,0.053894467651844025
524ac7ca-7032-4966-a4f3-e3bfede47d65,0.2,0.08,0.05777652561664581
524ac7ca-7032-4966-a4f3-e3bfede47d65,0.2,0.13,0.0719580352306366
524ac7ca-7032-4966-a4f3-e3bfede47d65,0.2,0.18000000000000002,0.07524577528238297
524ac7ca-7032-4966-a4f3-e3bfede47d65,0.2,0.23,0.07315069437026978
524ac7ca-7032-4966-a4f3-e3bfede47d65,0.25,0.03,0.05499546229839325
524ac7ca-7032-4966-a4f3-e3bfede47d65,0.25,0.08,0.07305284589529037
524ac7ca-7032-4966-a4f3-e3bfede47d65,0.25,0.13,0.07289158552885056
524ac7ca-7032-4966-a4f3-e3bfede47d65,0.25,0.18000000000000002,0.06737884879112244
524ac7ca-7032-4966-a4f3-e3bfede47d65,0.25,0.23,0.07716872543096542
524ac7ca-7032-4966-a4f3-e3bfede47d65,0.30000000000000004,0.03,0.04716833680868149
524ac7ca-7032-4966-a4f3-e3bfede47d65,0.30000000000000004,0.08,0.057462409138679504
524ac7ca-7032-4966-a4f3-e3bfede47d65,0.30000000000000004,0.13,0.06191282346844673
524ac7ca-7032-4966-a4f3-e3bfede47d65,0.30000000000000004,0.18000000000000002,0.07292666286230087
524ac7ca-7032-4966-a4f3-e3bfede47d65,0.30000000000000004,0.23,0.07400605082511902
52754826-c15a-4a3d-9502-9dc9ab01b15a,0.0,0.03,0.051215481013059616
52754826-c15a-4a3d-9502-9dc9ab01b15a,0.0,0.08,0.0555320605635643
52754826-c15a-4a3d-9502-9dc9ab01b15a,0.0,0.13,0.0681781992316246
52754826-c15a-4a3d-9502-9dc9ab01b15a,0.0,0.18000000000000002,0.07590682804584503
52754826-c15a-4a3d-9502-9dc9ab01b15a,0.0,0.23,0.08638955652713776
52754826-c15a-4a3d-9502-9dc9ab01b15a,0.01,0.03,0.04989863187074661
52754826-c15a-4a3d-9502-9dc9ab01b15a,0.01,0.08,0.06041254848241806
52754826-c15a-4a3d-9502-9dc9ab01b15a,0.01,0.13,0.07165953516960144
52754826-c15a-4a3d-9502-9dc9ab01b15a,0.01,0.18000000000000002,0.07960160821676254
52754826-c15a-4a3d-9502-9dc9ab01b15a,0.01,0.23,0.08779782801866531
52754826-c15a-4a3d-9502-9dc9ab01b15a,0.02,0.03,0.045666325837373734
52754826-c15a-4a3d-9502-9dc9ab01b15a,0.02,0.08,0.0673089325428009
52754826-c15a-4a3d-9502-9dc9ab01b15a,0.02,0.13,0.07216053456068039
52754826-c15a-4a3d-9502-9dc9ab01b15a,0.02,0.18000000000000002,0.08839216083288193
52754826-c15a-4a3d-9502-9dc9ab01b15a,0.02,0.23,0.08891753852367401
52754826-c15a-4a3d-9502-9dc9ab01b15a,0.03,0.03,0.04770353063941002
52754826-c15a-4a3d-9502-9dc9ab01b15a,0.03,0.08,0.0602264441549778
52754826-c15a-4a3d-9502-9dc9ab01b15a,0.03,0.13,0.081508107483387
52754826-c15a-4a3d-9502-9dc9ab01b15a,0.03,0.18000000000000002,0.08961101621389389
52754826-c15a-4a3d-9502-9dc9ab01b15a,0.03,0.23,0.08604316413402557
52754826-c15a-4a3d-9502-9dc9ab01b15a,0.04,0.03,0.05054917931556702
52754826-c15a-4a3d-9502-9dc9ab01b15a,0.04,0.08,0.06772696226835251
52754826-c15a-4a3d-9502-9dc9ab01b15a,0.05,0.03,0.049476128071546555
52754826-c15a-4a3d-9502-9dc9ab01b15a,0.05,0.08,0.07683104276657104
52754826-c15a-4a3d-9502-9dc9ab01b15a,0.05,0.13,0.08176500350236893
52754826-c15a-4a3d-9502-9dc9ab01b15a,0.05,0.18000000000000002,0.09181077778339386
52754826-c15a-4a3d-9502-9dc9ab01b15a,0.05,0.23,0.08681973814964294
52754826-c15a-4a3d-9502-9dc9ab01b15a,0.1,0.03,0.05811600759625435
52754826-c15a-4a3d-9502-9dc9ab01b15a,0.1,0.08,0.06431377679109573
52754826-c15a-4a3d-9502-9dc9ab01b15a,0.1,0.13,0.08009414374828339
52754826-c15a-4a3d-9502-9dc9ab01b15a,0.1,0.18000000000000002,0.07685299217700958
52754826-c15a-4a3d-9502-9dc9ab01b15a,0.1,0.23,0.08082254976034164
52754826-c15a-4a3d-9502-9dc9ab01b15a,0.15000000000000002,0.03,0.0642990916967392
52754826-c15a-4a3d-9502-9dc9ab01b15a,0.15000000000000002,0.08,0.07020936906337738
52754826-c15a-4a3d-9502-9dc9ab01b15a,0.15000000000000002,0.13,0.06504964083433151
52754826-c15a-4a3d-9502-9dc9ab01b15a,0.15000000000000002,0.18000000000000002,0.08106452226638794
52754826-c15a-4a3d-9502-9dc9ab01b15a,0.15000000000000002,0.23,0.07910633087158203
52754826-c15a-4a3d-9502-9dc9ab01b15a,0.2,0.03,0.04898269101977348
52754826-c15a-4a3d-9502-9dc9ab01b15a,0.2,0.08,0.06151672080159187
52754826-c15a-4a3d-9502-9dc9ab01b15a,0.2,0.13,0.07444781810045242
52754826-c15a-4a3d-9502-9dc9ab01b15a,0.2,0.18000000000000002,0.07072237879037857
52754826-c15a-4a3d-9502-9dc9ab01b15a,0.2,0.23,0.08764322847127914
52754826-c15a-4a3d-9502-9dc9ab01b15a,0.25,0.03,0.05008730664849281
52754826-c15a-4a3d-9502-9dc9ab01b15a,0.25,0.08,0.07669991254806519
52754826-c15a-4a3d-9502-9dc9ab01b15a,0.25,0.13,0.07500135898590088
52754826-c15a-4a3d-9502-9dc9ab01b15a,0.25,0.18000000000000002,0.09120667725801468
52754826-c15a-4a3d-9502-9dc9ab01b15a,0.25,0.23,0.09722748398780823
52754826-c15a-4a3d-9502-9dc9ab01b15a,0.30000000000000004,0.03,0.06215314194560051
52754826-c15a-4a3d-9502-9dc9ab01b15a,0.30000000000000004,0.08,0.07158631086349487
52754826-c15a-4a3d-9502-9dc9ab01b15a,0.30000000000000004,0.13,0.09255854040384293
52754826-c15a-4a3d-9502-9dc9ab01b15a,0.30000000000000004,0.18000000000000002,0.09351147711277008
52754826-c15a-4a3d-9502-9dc9ab01b15a,0.30000000000000004,0.23,0.11583899706602097
5294ecbb-2631-46ee-9d21-9bfb0e0159f0,0.0,0.03,0.060188014060258865
5294ecbb-2631-46ee-9d21-9bfb0e0159f0,0.0,0.08,0.07596199214458466
5294ecbb-2631-46ee-9d21-9bfb0e0159f0,0.0,0.13,0.09248130023479462
5294ecbb-2631-46ee-9d21-9bfb0e0159f0,0.0,0.18000000000000002,0.09111558645963669
5294ecbb-2631-46ee-9d21-9bfb0e0159f0,0.0,0.23,0.09035581350326538
5294ecbb-2631-46ee-9d21-9bfb0e0159f0,0.01,0.03,0.04983281344175339
5294ecbb-2631-46ee-9d21-9bfb0e0159f0,0.01,0.08,0.07673165202140808
5294ecbb-2631-46ee-9d21-9bfb0e0159f0,0.01,0.13,0.08404413610696793
5294ecbb-2631-46ee-9d21-9bfb0e0159f0,0.01,0.18000000000000002,0.08518538624048233
5294ecbb-2631-46ee-9d21-9bfb0e0159f0,0.01,0.23,0.0928211510181427
5294ecbb-2631-46ee-9d21-9bfb0e0159f0,0.02,0.03,0.062430333346128464
5294ecbb-2631-46ee-9d21-9bfb0e0159f0,0.02,0.08,0.09023600071668625
5294ecbb-2631-46ee-9d21-9bfb0e0159f0,0.02,0.13,0.08797135949134827
5294ecbb-2631-46ee-9d21-9bfb0e0159f0,0.02,0.18000000000000002,0.0940595418214798
5294ecbb-2631-46ee-9d21-9bfb0e0159f0,0.02,0.23,0.09705179929733276
5294ecbb-2631-46ee-9d21-9bfb0e0159f0,0.03,0.03,0.055073678493499756
5294ecbb-2631-46ee-9d21-9bfb0e0159f0,0.03,0.08,0.08714017271995544
5294ecbb-2631-46ee-9d21-9bfb0e0159f0,0.03,0.13,0.08549758791923523
5294ecbb-2631-46ee-9d21-9bfb0e0159f0,0.03,0.18000000000000002,0.09156457334756851
5294ecbb-2631-46ee-9d21-9bfb0e0159f0,0.03,0.23,0.08969235420227051
5294ecbb-2631-46ee-9d21-9bfb0e0159f0,0.04,0.03,0.05128155276179314
5294ecbb-2631-46ee-9d21-9bfb0e0159f0,0.04,0.08,0.07178596407175064
5294ecbb-2631-46ee-9d21-9bfb0e0159f0,0.05,0.03,0.05286410078406334
5294ecbb-2631-46ee-9d21-9bfb0e0159f0,0.05,0.08,0.07683123648166656
5294ecbb-2631-46ee-9d21-9bfb0e0159f0,0.05,0.13,0.07749036699533463
5294ecbb-2631-46ee-9d21-9bfb0e0159f0,0.05,0.18000000000000002,0.08003947138786316
5294ecbb-2631-46ee-9d21-9bfb0e0159f0,0.05,0.23,0.08899388462305069
5294ecbb-2631-46ee-9d21-9bfb0e0159f0,0.1,0.03,0.056287478655576706
5294ecbb-2631-46ee-9d21-9bfb0e0159f0,0.1,0.08,0.0635240450501442
5294ecbb-2631-46ee-9d21-9bfb0e0159f0,0.1,0.13,0.06863567978143692
5294ecbb-2631-46ee-9d21-9bfb0e0159f0,0.1,0.18000000000000002,0.07662532478570938
5294ecbb-2631-46ee-9d21-9bfb0e0159f0,0.1,0.23,0.08248957246541977
5294ecbb-2631-46ee-9d21-9bfb0e0159f0,0.15000000000000002,0.03,0.0519331693649292
5294ecbb-2631-46ee-9d21-9bfb0e0159f0,0.15000000000000002,0.08,0.06292832642793655
5294ecbb-2631-46ee-9d21-9bfb0e0159f0,0.15000000000000002,0.13,0.07243870198726654
5294ecbb-2631-46ee-9d21-9bfb0e0159f0,0.15000000000000002,0.18000000000000002,0.08217945694923401
5294ecbb-2631-46ee-9d21-9bfb0e0159f0,0.15000000000000002,0.23,0.08952213078737259
5294ecbb-2631-46ee-9d21-9bfb0e0159f0,0.2,0.03,0.058329761028289795
5294ecbb-2631-46ee-9d21-9bfb0e0159f0,0.2,0.08,0.06562665104866028
5294ecbb-2631-46ee-9d21-9bfb0e0159f0,0.2,0.13,0.08582886308431625
5294ecbb-2631-46ee-9d21-9bfb0e0159f0,0.2,0.18000000000000002,0.09216277301311493
5294ecbb-2631-46ee-9d21-9bfb0e0159f0,0.2,0.23,0.09415265172719955
5294ecbb-2631-46ee-9d21-9bfb0e0159f0,0.25,0.03,0.058505937457084656
5294ecbb-2631-46ee-9d21-9bfb0e0159f0,0.25,0.08,0.0818580761551857
5294ecbb-2631-46ee-9d21-9bfb0e0159f0,0.25,0.13,0.08931802958250046
5294ecbb-2631-46ee-9d21-9bfb0e0159f0,0.25,0.18000000000000002,0.09071321040391922
5294ecbb-2631-46ee-9d21-9bfb0e0159f0,0.25,0.23,0.10127608478069305
5294ecbb-2631-46ee-9d21-9bfb0e0159f0,0.30000000000000004,0.03,0.05675184354186058
5294ecbb-2631-46ee-9d21-9bfb0e0159f0,0.30000000000000004,0.08,0.07423660904169083
5294ecbb-2631-46ee-9d21-9bfb0e0159f0,0.30000000000000004,0.13,0.07988326251506805
5294ecbb-2631-46ee-9d21-9bfb0e0159f0,0.30000000000000004,0.18000000000000002,0.09393730759620667
5294ecbb-2631-46ee-9d21-9bfb0e0159f0,0.30000000000000004,0.23,0.09148988127708435
53156d95-9dcd-4b9e-bd15-022fd01eb312,0.0,0.03,0.06247338280081749
53156d95-9dcd-4b9e-bd15-022fd01eb312,0.0,0.08,0.05733197554945946
53156d95-9dcd-4b9e-bd15-022fd01eb312,0.0,0.13,0.056074108928442
53156d95-9dcd-4b9e-bd15-022fd01eb312,0.0,0.18000000000000002,0.058174487203359604
53156d95-9dcd-4b9e-bd15-022fd01eb312,0.0,0.23,0.06709574162960052
53156d95-9dcd-4b9e-bd15-022fd01eb312,0.01,0.03,0.052343327552080154
53156d95-9dcd-4b9e-bd15-022fd01eb312,0.01,0.08,0.06079452857375145
53156d95-9dcd-4b9e-bd15-022fd01eb312,0.01,0.13,0.060757335275411606
53156d95-9dcd-4b9e-bd15-022fd01eb312,0.01,0.18000000000000002,0.06383960694074631
53156d95-9dcd-4b9e-bd15-022fd01eb312,0.01,0.23,0.0678374245762825
53156d95-9dcd-4b9e-bd15-022fd01eb312,0.02,0.03,0.046976957470178604
53156d95-9dcd-4b9e-bd15-022fd01eb312,0.02,0.08,0.057721227407455444
53156d95-9dcd-4b9e-bd15-022fd01eb312,0.02,0.13,0.06258820742368698
53156d95-9dcd-4b9e-bd15-022fd01eb312,0.02,0.18000000000000002,0.06091760843992233
53156d95-9dcd-4b9e-bd15-022fd01eb312,0.02,0.23,0.06855770200490952
53156d95-9dcd-4b9e-bd15-022fd01eb312,0.03,0.03,0.04324028268456459
53156d95-9dcd-4b9e-bd15-022fd01eb312,0.03,0.08,0.05605290085077286
53156d95-9dcd-4b9e-bd15-022fd01eb312,0.03,0.13,0.06209210306406021
53156d95-9dcd-4b9e-bd15-022fd01eb312,0.03,0.18000000000000002,0.06450014561414719
53156d95-9dcd-4b9e-bd15-022fd01eb312,0.03,0.23,0.0684656947851181
53156d95-9dcd-4b9e-bd15-022fd01eb312,0.04,0.03,0.045169103890657425
53156d95-9dcd-4b9e-bd15-022fd01eb312,0.04,0.08,0.058940477669239044
53156d95-9dcd-4b9e-bd15-022fd01eb312,0.05,0.03,0.045527953654527664
53156d95-9dcd-4b9e-bd15-022fd01eb312,0.05,0.08,0.05731883645057678
53156d95-9dcd-4b9e-bd15-022fd01eb312,0.05,0.13,0.058311689645051956
53156d95-9dcd-4b9e-bd15-022fd01eb312,0.05,0.18000000000000002,0.0633653923869133
53156d95-9dcd-4b9e-bd15-022fd01eb312,0.05,0.23,0.06775780022144318
53156d95-9dcd-4b9e-bd15-022fd01eb312,0.1,0.03,0.04336247220635414
53156d95-9dcd-4b9e-bd15-022fd01eb312,0.1,0.08,0.05583016946911812
53156d95-9dcd-4b9e-bd15-022fd01eb312,0.1,0.13,0.0588226355612278
53156d95-9dcd-4b9e-bd15-022fd01eb312,0.1,0.18000000000000002,0.06628906726837158
53156d95-9dcd-4b9e-bd15-022fd01eb312,0.1,0.23,0.0628383681178093
53156d95-9dcd-4b9e-bd15-022fd01eb312,0.15000000000000002,0.03,0.052642423659563065
53156d95-9dcd-4b9e-bd15-022fd01eb312,0.15000000000000002,0.08,0.05923135578632355
53156d95-9dcd-4b9e-bd15-022fd01eb312,0.15000000000000002,0.13,0.06644655019044876
53156d95-9dcd-4b9e-bd15-022fd01eb312,0.15000000000000002,0.18000000000000002,0.0645199567079544
53156d95-9dcd-4b9e-bd15-022fd01eb312,0.15000000000000002,0.23,0.05984674021601677
53156d95-9dcd-4b9e-bd15-022fd01eb312,0.2,0.03,0.044732462614774704
53156d95-9dcd-4b9e-bd15-022fd01eb312,0.2,0.08,0.05985729768872261
53156d95-9dcd-4b9e-bd15-022fd01eb312,0.2,0.13,0.06244393810629845
53156d95-9dcd-4b9e-bd15-022fd01eb312,0.2,0.18000000000000002,0.06059940531849861
53156d95-9dcd-4b9e-bd15-022fd01eb312,0.2,0.23,0.062363237142562866
53156d95-9dcd-4b9e-bd15-022fd01eb312,0.25,0.03,0.04817522317171097
53156d95-9dcd-4b9e-bd15-022fd01eb312,0.25,0.08,0.0595303475856781
53156d95-9dcd-4b9e-bd15-022fd01eb312,0.25,0.13,0.06693019717931747
53156d95-9dcd-4b9e-bd15-022fd01eb312,0.25,0.18000000000000002,0.05837225914001465
53156d95-9dcd-4b9e-bd15-022fd01eb312,0.25,0.23,0.06851273775100708
53156d95-9dcd-4b9e-bd15-022fd01eb312,0.30000000000000004,0.03,0.04332296922802925
53156d95-9dcd-4b9e-bd15-022fd01eb312,0.30000000000000004,0.08,0.06363800913095474
53156d95-9dcd-4b9e-bd15-022fd01eb312,0.30000000000000004,0.13,0.054851435124874115
53156d95-9dcd-4b9e-bd15-022fd01eb312,0.30000000000000004,0.18000000000000002,0.06702576577663422
53156d95-9dcd-4b9e-bd15-022fd01eb312,0.30000000000000004,0.23,0.06707615405321121
5374454c-91db-4592-96d0-8310516200c6,0.0,0.03,0.050451889634132385
5374454c-91db-4592-96d0-8310516200c6,0.0,0.08,0.06137571856379509
5374454c-91db-4592-96d0-8310516200c6,0.0,0.13,0.06842455267906189
5374454c-91db-4592-96d0-8310516200c6,0.0,0.18000000000000002,0.07358117401599884
5374454c-91db-4592-96d0-8310516200c6,0.0,0.23,0.07240872830152512
5374454c-91db-4592-96d0-8310516200c6,0.01,0.03,0.04962914437055588
5374454c-91db-4592-96d0-8310516200c6,0.01,0.08,0.06517264246940613
5374454c-91db-4592-96d0-8310516200c6,0.01,0.13,0.07330427318811417
5374454c-91db-4592-96d0-8310516200c6,0.01,0.18000000000000002,0.07497341930866241
5374454c-91db-4592-96d0-8310516200c6,0.01,0.23,0.07644636929035187
5374454c-91db-4592-96d0-8310516200c6,0.02,0.03,0.053186435252428055
5374454c-91db-4592-96d0-8310516200c6,0.02,0.08,0.06601907312870026
5374454c-91db-4592-96d0-8310516200c6,0.02,0.13,0.07227297127246857
5374454c-91db-4592-96d0-8310516200c6,0.02,0.18000000000000002,0.07514216750860214
5374454c-91db-4592-96d0-8310516200c6,0.02,0.23,0.07464229315519333
5374454c-91db-4592-96d0-8310516200c6,0.03,0.03,0.04731312394142151
5374454c-91db-4592-96d0-8310516200c6,0.03,0.08,0.0684087872505188
5374454c-91db-4592-96d0-8310516200c6,0.03,0.13,0.07285655289888382
5374454c-91db-4592-96d0-8310516200c6,0.03,0.18000000000000002,0.07613536715507507
5374454c-91db-4592-96d0-8310516200c6,0.03,0.23,0.07708032429218292
5374454c-91db-4592-96d0-8310516200c6,0.04,0.03,0.055568572133779526
5374454c-91db-4592-96d0-8310516200c6,0.04,0.08,0.07124464213848114
5374454c-91db-4592-96d0-8310516200c6,0.05,0.03,0.04620782658457756
5374454c-91db-4592-96d0-8310516200c6,0.05,0.08,0.06327973306179047
5374454c-91db-4592-96d0-8310516200c6,0.05,0.13,0.06888534873723984
5374454c-91db-4592-96d0-8310516200c6,0.05,0.18000000000000002,0.06883519887924194
5374454c-91db-4592-96d0-8310516200c6,0.05,0.23,0.06866542994976044
5374454c-91db-4592-96d0-8310516200c6,0.1,0.03,0.05345101282000542
5374454c-91db-4592-96d0-8310516200c6,0.1,0.08,0.061326734721660614
5374454c-91db-4592-96d0-8310516200c6,0.1,0.13,0.05954483151435852
5374454c-91db-4592-96d0-8310516200c6,0.1,0.18000000000000002,0.06486634910106659
5374454c-91db-4592-96d0-8310516200c6,0.1,0.23,0.06800491362810135
5374454c-91db-4592-96d0-8310516200c6,0.15000000000000002,0.03,0.05323442444205284
5374454c-91db-4592-96d0-8310516200c6,0.15000000000000002,0.08,0.06350000947713852
5374454c-91db-4592-96d0-8310516200c6,0.15000000000000002,0.13,0.06667069345712662
5374454c-91db-4592-96d0-8310516200c6,0.15000000000000002,0.18000000000000002,0.06104174628853798
5374454c-91db-4592-96d0-8310516200c6,0.15000000000000002,0.23,0.06520941853523254
5374454c-91db-4592-96d0-8310516200c6,0.2,0.03,0.04969837889075279
5374454c-91db-4592-96d0-8310516200c6,0.2,0.08,0.055218107998371124
5374454c-91db-4592-96d0-8310516200c6,0.2,0.13,0.07082092016935349
5374454c-91db-4592-96d0-8310516200c6,0.2,0.18000000000000002,0.0711139366030693
5374454c-91db-4592-96d0-8310516200c6,0.2,0.23,0.06405436992645264
5374454c-91db-4592-96d0-8310516200c6,0.25,0.03,0.058466266840696335
5374454c-91db-4592-96d0-8310516200c6,0.25,0.08,0.07348057627677917
5374454c-91db-4592-96d0-8310516200c6,0.25,0.13,0.06935703009366989
5374454c-91db-4592-96d0-8310516200c6,0.25,0.18000000000000002,0.0670841708779335
5374454c-91db-4592-96d0-8310516200c6,0.25,0.23,0.06597300618886948
5374454c-91db-4592-96d0-8310516200c6,0.30000000000000004,0.03,0.04779677838087082
5374454c-91db-4592-96d0-8310516200c6,0.30000000000000004,0.08,0.05514627695083618
5374454c-91db-4592-96d0-8310516200c6,0.30000000000000004,0.13,0.06465579569339752
5374454c-91db-4592-96d0-8310516200c6,0.30000000000000004,0.18000000000000002,0.06359829753637314
5374454c-91db-4592-96d0-8310516200c6,0.30000000000000004,0.23,0.06889551877975464
54167477-4fca-47bb-80c0-3515991fb31c,0.0,0.03,0.07644721120595932
54167477-4fca-47bb-80c0-3515991fb31c,0.0,0.08,0.12604670226573944
54167477-4fca-47bb-80c0-3515991fb31c,0.0,0.13,0.08463793992996216
54167477-4fca-47bb-80c0-3515991fb31c,0.0,0.18000000000000002,0.06292374432086945
54167477-4fca-47bb-80c0-3515991fb31c,0.0,0.23,0.06916383653879166
54167477-4fca-47bb-80c0-3515991fb31c,0.01,0.03,0.08468669652938843
54167477-4fca-47bb-80c0-3515991fb31c,0.01,0.08,0.11266139149665833
54167477-4fca-47bb-80c0-3515991fb31c,0.01,0.13,0.07026012986898422
54167477-4fca-47bb-80c0-3515991fb31c,0.01,0.18000000000000002,0.06269006431102753
54167477-4fca-47bb-80c0-3515991fb31c,0.01,0.23,0.0661437064409256
54167477-4fca-47bb-80c0-3515991fb31c,0.02,0.03,0.08544623851776123
54167477-4fca-47bb-80c0-3515991fb31c,0.02,0.08,0.0982958972454071
54167477-4fca-47bb-80c0-3515991fb31c,0.02,0.13,0.06364594399929047
54167477-4fca-47bb-80c0-3515991fb31c,0.02,0.18000000000000002,0.0645533874630928
54167477-4fca-47bb-80c0-3515991fb31c,0.02,0.23,0.07207801192998886
54167477-4fca-47bb-80c0-3515991fb31c,0.03,0.03,0.08247730135917664
54167477-4fca-47bb-80c0-3515991fb31c,0.03,0.08,0.07923922687768936
54167477-4fca-47bb-80c0-3515991fb31c,0.03,0.13,0.06449125707149506
54167477-4fca-47bb-80c0-3515991fb31c,0.03,0.18000000000000002,0.06952046602964401
54167477-4fca-47bb-80c0-3515991fb31c,0.03,0.23,0.08472765237092972
54167477-4fca-47bb-80c0-3515991fb31c,0.04,0.03,0.08344420790672302
54167477-4fca-47bb-80c0-3515991fb31c,0.04,0.08,0.06140189617872238
54167477-4fca-47bb-80c0-3515991fb31c,0.05,0.03,0.06731243431568146
54167477-4fca-47bb-80c0-3515991fb31c,0.05,0.08,0.05803513526916504
54167477-4fca-47bb-80c0-3515991fb31c,0.05,0.13,0.08445870131254196
54167477-4fca-47bb-80c0-3515991fb31c,0.05,0.18000000000000002,0.10601157695055008
54167477-4fca-47bb-80c0-3515991fb31c,0.05,0.23,0.11246917396783829
54167477-4fca-47bb-80c0-3515991fb31c,0.1,0.03,0.0738418847322464
54167477-4fca-47bb-80c0-3515991fb31c,0.1,0.08,0.12141360342502594
54167477-4fca-47bb-80c0-3515991fb31c,0.1,0.13,0.1367051899433136
54167477-4fca-47bb-80c0-3515991fb31c,0.1,0.18000000000000002,0.13951215147972107
54167477-4fca-47bb-80c0-3515991fb31c,0.1,0.23,0.13181550800800323
54167477-4fca-47bb-80c0-3515991fb31c,0.15000000000000002,0.03,0.07605626434087753
54167477-4fca-47bb-80c0-3515991fb31c,0.15000000000000002,0.08,0.10562608391046524
54167477-4fca-47bb-80c0-3515991fb31c,0.15000000000000002,0.13,0.10972839593887329
54167477-4fca-47bb-80c0-3515991fb31c,0.15000000000000002,0.18000000000000002,0.10348959267139435
54167477-4fca-47bb-80c0-3515991fb31c,0.15000000000000002,0.23,0.09785357862710953
54167477-4fca-47bb-80c0-3515991fb31c,0.2,0.03,0.05797867849469185
54167477-4fca-47bb-80c0-3515991fb31c,0.2,0.08,0.070304274559021
54167477-4fca-47bb-80c0-3515991fb31c,0.2,0.13,0.08118528127670288
54167477-4fca-47bb-80c0-3515991fb31c,0.2,0.18000000000000002,0.07276637852191925
54167477-4fca-47bb-80c0-3515991fb31c,0.2,0.23,0.06556089967489243
54167477-4fca-47bb-80c0-3515991fb31c,0.25,0.03,0.05071406438946724
54167477-4fca-47bb-80c0-3515991fb31c,0.25,0.08,0.06599090248346329
54167477-4fca-47bb-80c0-3515991fb31c,0.25,0.13,0.059987686574459076
54167477-4fca-47bb-80c0-3515991fb31c,0.25,0.18000000000000002,0.06575801968574524
54167477-4fca-47bb-80c0-3515991fb31c,0.25,0.23,0.07212956249713898
54167477-4fca-47bb-80c0-3515991fb31c,0.30000000000000004,0.03,0.05424480140209198
54167477-4fca-47bb-80c0-3515991fb31c,0.30000000000000004,0.08,0.056002113968133926
54167477-4fca-47bb-80c0-3515991fb31c,0.30000000000000004,0.13,0.06872962415218353
54167477-4fca-47bb-80c0-3515991fb31c,0.30000000000000004,0.18000000000000002,0.06708137691020966
54167477-4fca-47bb-80c0-3515991fb31c,0.30000000000000004,0.23,0.0704105868935585
542e0891-f916-4d06-936c-abb433cf8a90,0.0,0.03,0.04945207014679909
542e0891-f916-4d06-936c-abb433cf8a90,0.0,0.08,0.05724870041012764
542e0891-f916-4d06-936c-abb433cf8a90,0.0,0.13,0.062142062932252884
542e0891-f916-4d06-936c-abb433cf8a90,0.0,0.18000000000000002,0.06485693901777267
542e0891-f916-4d06-936c-abb433cf8a90,0.0,0.23,0.06887359917163849
542e0891-f916-4d06-936c-abb433cf8a90,0.01,0.03,0.05343974754214287
542e0891-f916-4d06-936c-abb433cf8a90,0.01,0.08,0.06178859993815422
542e0891-f916-4d06-936c-abb433cf8a90,0.01,0.13,0.05940626934170723
542e0891-f916-4d06-936c-abb433cf8a90,0.01,0.18000000000000002,0.06480023264884949
542e0891-f916-4d06-936c-abb433cf8a90,0.01,0.23,0.07398448884487152
542e0891-f916-4d06-936c-abb433cf8a90,0.02,0.03,0.052880167961120605
542e0891-f916-4d06-936c-abb433cf8a90,0.02,0.08,0.06229717284440994
542e0891-f916-4d06-936c-abb433cf8a90,0.02,0.13,0.06118817999958992
542e0891-f916-4d06-936c-abb433cf8a90,0.02,0.18000000000000002,0.06941775977611542
542e0891-f916-4d06-936c-abb433cf8a90,0.02,0.23,0.07862403988838196
542e0891-f916-4d06-936c-abb433cf8a90,0.03,0.03,0.04385571554303169
542e0891-f916-4d06-936c-abb433cf8a90,0.03,0.08,0.06340135633945465
542e0891-f916-4d06-936c-abb433cf8a90,0.03,0.13,0.060952749103307724
542e0891-f916-4d06-936c-abb433cf8a90,0.03,0.18000000000000002,0.07329177111387253
542e0891-f916-4d06-936c-abb433cf8a90,0.03,0.23,0.07660679519176483
542e0891-f916-4d06-936c-abb433cf8a90,0.04,0.03,0.052123669534921646
542e0891-f916-4d06-936c-abb433cf8a90,0.04,0.08,0.05601213127374649
542e0891-f916-4d06-936c-abb433cf8a90,0.05,0.03,0.043151743710041046
542e0891-f916-4d06-936c-abb433cf8a90,0.05,0.08,0.05917665362358093
542e0891-f916-4d06-936c-abb433cf8a90,0.05,0.13,0.06889691203832626
542e0891-f916-4d06-936c-abb433cf8a90,0.05,0.18000000000000002,0.07355224341154099
542e0891-f916-4d06-936c-abb433cf8a90,0.05,0.23,0.07431650906801224
542e0891-f916-4d06-936c-abb433cf8a90,0.1,0.03,0.050395894795656204
542e0891-f916-4d06-936c-abb433cf8a90,0.1,0.08,0.06386224180459976
542e0891-f916-4d06-936c-abb433cf8a90,0.1,0.13,0.06822793185710907
542e0891-f916-4d06-936c-abb433cf8a90,0.1,0.18000000000000002,0.07304518669843674
542e0891-f916-4d06-936c-abb433cf8a90,0.1,0.23,0.07359982281923294
542e0891-f916-4d06-936c-abb433cf8a90,0.15000000000000002,0.03,0.04956900700926781
542e0891-f916-4d06-936c-abb433cf8a90,0.15000000000000002,0.08,0.0620415061712265
542e0891-f916-4d06-936c-abb433cf8a90,0.15000000000000002,0.13,0.06718119978904724
542e0891-f916-4d06-936c-abb433cf8a90,0.15000000000000002,0.18000000000000002,0.06468835473060608
542e0891-f916-4d06-936c-abb433cf8a90,0.15000000000000002,0.23,0.07016059011220932
542e0891-f916-4d06-936c-abb433cf8a90,0.2,0.03,0.04990925267338753
542e0891-f916-4d06-936c-abb433cf8a90,0.2,0.08,0.055961333215236664
542e0891-f916-4d06-936c-abb433cf8a90,0.2,0.13,0.0576564259827137
542e0891-f916-4d06-936c-abb433cf8a90,0.2,0.18000000000000002,0.0644182488322258
542e0891-f916-4d06-936c-abb433cf8a90,0.2,0.23,0.06491237878799438
542e0891-f916-4d06-936c-abb433cf8a90,0.25,0.03,0.05161338672041893
542e0891-f916-4d06-936c-abb433cf8a90,0.25,0.08,0.05639033019542694
542e0891-f916-4d06-936c-abb433cf8a90,0.25,0.13,0.06040525063872337
542e0891-f916-4d06-936c-abb433cf8a90,0.25,0.18000000000000002,0.06527784466743469
542e0891-f916-4d06-936c-abb433cf8a90,0.25,0.23,0.06796305626630783
542e0891-f916-4d06-936c-abb433cf8a90,0.30000000000000004,0.03,0.04910123720765114
542e0891-f916-4d06-936c-abb433cf8a90,0.30000000000000004,0.08,0.06557454913854599
542e0891-f916-4d06-936c-abb433cf8a90,0.30000000000000004,0.13,0.06373590230941772
542e0891-f916-4d06-936c-abb433cf8a90,0.30000000000000004,0.18000000000000002,0.06708924472332001
542e0891-f916-4d06-936c-abb433cf8a90,0.30000000000000004,0.23,0.07084807008504868
54cdbf8b-e773-4ec1-aabf-adadd8e04455,0.0,0.03,0.04705096408724785
54cdbf8b-e773-4ec1-aabf-adadd8e04455,0.0,0.08,0.06520246714353561
54cdbf8b-e773-4ec1-aabf-adadd8e04455,0.0,0.13,0.06591883301734924
54cdbf8b-e773-4ec1-aabf-adadd8e04455,0.0,0.18000000000000002,0.06432082504034042
54cdbf8b-e773-4ec1-aabf-adadd8e04455,0.0,0.23,0.06598635762929916
54cdbf8b-e773-4ec1-aabf-adadd8e04455,0.01,0.03,0.05049937218427658
54cdbf8b-e773-4ec1-aabf-adadd8e04455,0.01,0.08,0.061723753809928894
54cdbf8b-e773-4ec1-aabf-adadd8e04455,0.01,0.13,0.06516119837760925
54cdbf8b-e773-4ec1-aabf-adadd8e04455,0.01,0.18000000000000002,0.06950125098228455
54cdbf8b-e773-4ec1-aabf-adadd8e04455,0.01,0.23,0.07500685006380081
54cdbf8b-e773-4ec1-aabf-adadd8e04455,0.02,0.03,0.04794282838702202
54cdbf8b-e773-4ec1-aabf-adadd8e04455,0.02,0.08,0.06225089728832245
54cdbf8b-e773-4ec1-aabf-adadd8e04455,0.02,0.13,0.0709831640124321
54cdbf8b-e773-4ec1-aabf-adadd8e04455,0.02,0.18000000000000002,0.075009785592556
54cdbf8b-e773-4ec1-aabf-adadd8e04455,0.02,0.23,0.07354449480772018
54cdbf8b-e773-4ec1-aabf-adadd8e04455,0.03,0.03,0.04809318482875824
54cdbf8b-e773-4ec1-aabf-adadd8e04455,0.03,0.08,0.06645052880048752
54cdbf8b-e773-4ec1-aabf-adadd8e04455,0.03,0.13,0.07102258503437042
54cdbf8b-e773-4ec1-aabf-adadd8e04455,0.03,0.18000000000000002,0.07599072903394699
54cdbf8b-e773-4ec1-aabf-adadd8e04455,0.03,0.23,0.07123783230781555
54cdbf8b-e773-4ec1-aabf-adadd8e04455,0.04,0.03,0.049513187259435654
54cdbf8b-e773-4ec1-aabf-adadd8e04455,0.04,0.08,0.05650376155972481
54cdbf8b-e773-4ec1-aabf-adadd8e04455,0.05,0.03,0.05290508642792702
54cdbf8b-e773-4ec1-aabf-adadd8e04455,0.05,0.08,0.060359805822372437
54cdbf8b-e773-4ec1-aabf-adadd8e04455,0.05,0.13,0.0665721744298935
54cdbf8b-e773-4ec1-aabf-adadd8e04455,0.05,0.18000000000000002,0.06504654139280319
54cdbf8b-e773-4ec1-aabf-adadd8e04455,0.05,0.23,0.060242731124162674
54cdbf8b-e773-4ec1-aabf-adadd8e04455,0.1,0.03,0.05042824521660805
54cdbf8b-e773-4ec1-aabf-adadd8e04455,0.1,0.08,0.05623035505414009
54cdbf8b-e773-4ec1-aabf-adadd8e04455,0.1,0.13,0.06006988510489464
54cdbf8b-e773-4ec1-aabf-adadd8e04455,0.1,0.18000000000000002,0.06009415537118912
54cdbf8b-e773-4ec1-aabf-adadd8e04455,0.1,0.23,0.06144461780786514
54cdbf8b-e773-4ec1-aabf-adadd8e04455,0.15000000000000002,0.03,0.05773283168673515
54cdbf8b-e773-4ec1-aabf-adadd8e04455,0.15000000000000002,0.08,0.053818583488464355
54cdbf8b-e773-4ec1-aabf-adadd8e04455,0.15000000000000002,0.13,0.052381861954927444
54cdbf8b-e773-4ec1-aabf-adadd8e04455,0.15000000000000002,0.18000000000000002,0.05772130563855171
54cdbf8b-e773-4ec1-aabf-adadd8e04455,0.15000000000000002,0.23,0.06183266267180443
54cdbf8b-e773-4ec1-aabf-adadd8e04455,0.2,0.03,0.045844629406929016
54cdbf8b-e773-4ec1-aabf-adadd8e04455,0.2,0.08,0.05231529101729393
54cdbf8b-e773-4ec1-aabf-adadd8e04455,0.2,0.13,0.059725433588027954
54cdbf8b-e773-4ec1-aabf-adadd8e04455,0.2,0.18000000000000002,0.06399514526128769
54cdbf8b-e773-4ec1-aabf-adadd8e04455,0.2,0.23,0.06787598878145218
54cdbf8b-e773-4ec1-aabf-adadd8e04455,0.25,0.03,0.049292080104351044
54cdbf8b-e773-4ec1-aabf-adadd8e04455,0.25,0.08,0.06403274834156036
54cdbf8b-e773-4ec1-aabf-adadd8e04455,0.25,0.13,0.06417703628540039
54cdbf8b-e773-4ec1-aabf-adadd8e04455,0.25,0.18000000000000002,0.06716977804899216
54cdbf8b-e773-4ec1-aabf-adadd8e04455,0.25,0.23,0.06540804356336594
54cdbf8b-e773-4ec1-aabf-adadd8e04455,0.30000000000000004,0.03,0.05017663910984993
54cdbf8b-e773-4ec1-aabf-adadd8e04455,0.30000000000000004,0.08,0.058275822550058365
54cdbf8b-e773-4ec1-aabf-adadd8e04455,0.30000000000000004,0.13,0.059505291283130646
54cdbf8b-e773-4ec1-aabf-adadd8e04455,0.30000000000000004,0.18000000000000002,0.06541533023118973
54cdbf8b-e773-4ec1-aabf-adadd8e04455,0.30000000000000004,0.23,0.07108581066131592
554b1843-1f11-490d-a8eb-47276de185ca,0.0,0.03,0.0
554b1843-1f11-490d-a8eb-47276de185ca,0.0,0.08,0.0
554b1843-1f11-490d-a8eb-47276de185ca,0.0,0.13,0.0
554b1843-1f11-490d-a8eb-47276de185ca,0.0,0.18000000000000002,0.0
554b1843-1f11-490d-a8eb-47276de185ca,0.0,0.23,0.0
554b1843-1f11-490d-a8eb-47276de185ca,0.01,0.03,0.0
554b1843-1f11-490d-a8eb-47276de185ca,0.01,0.08,0.0
554b1843-1f11-490d-a8eb-47276de185ca,0.01,0.13,0.0
554b1843-1f11-490d-a8eb-47276de185ca,0.01,0.18000000000000002,0.0
554b1843-1f11-490d-a8eb-47276de185ca,0.01,0.23,0.0
554b1843-1f11-490d-a8eb-47276de185ca,0.02,0.03,0.0
554b1843-1f11-490d-a8eb-47276de185ca,0.02,0.08,0.0
554b1843-1f11-490d-a8eb-47276de185ca,0.02,0.13,0.0
554b1843-1f11-490d-a8eb-47276de185ca,0.02,0.18000000000000002,0.0
554b1843-1f11-490d-a8eb-47276de185ca,0.02,0.23,0.0
554b1843-1f11-490d-a8eb-47276de185ca,0.03,0.03,0.0
554b1843-1f11-490d-a8eb-47276de185ca,0.03,0.08,0.0
554b1843-1f11-490d-a8eb-47276de185ca,0.03,0.13,0.0
554b1843-1f11-490d-a8eb-47276de185ca,0.03,0.18000000000000002,0.0
554b1843-1f11-490d-a8eb-47276de185ca,0.03,0.23,0.0
554b1843-1f11-490d-a8eb-47276de185ca,0.04,0.03,0.0
554b1843-1f11-490d-a8eb-47276de185ca,0.04,0.08,0.0
554b1843-1f11-490d-a8eb-47276de185ca,0.05,0.03,0.0
554b1843-1f11-490d-a8eb-47276de185ca,0.05,0.08,0.0
554b1843-1f11-490d-a8eb-47276de185ca,0.05,0.13,0.0
554b1843-1f11-490d-a8eb-47276de185ca,0.05,0.18000000000000002,0.0
554b1843-1f11-490d-a8eb-47276de185ca,0.05,0.23,0.0
554b1843-1f11-490d-a8eb-47276de185ca,0.1,0.03,0.0
554b1843-1f11-490d-a8eb-47276de185ca,0.1,0.08,0.0
554b1843-1f11-490d-a8eb-47276de185ca,0.1,0.13,0.0
554b1843-1f11-490d-a8eb-47276de185ca,0.1,0.18000000000000002,0.0
554b1843-1f11-490d-a8eb-47276de185ca,0.1,0.23,0.0
554b1843-1f11-490d-a8eb-47276de185ca,0.15000000000000002,0.03,0.0
554b1843-1f11-490d-a8eb-47276de185ca,0.15000000000000002,0.08,0.0
554b1843-1f11-490d-a8eb-47276de185ca,0.15000000000000002,0.13,0.0
554b1843-1f11-490d-a8eb-47276de185ca,0.15000000000000002,0.18000000000000002,0.0
554b1843-1f11-490d-a8eb-47276de185ca,0.15000000000000002,0.23,0.0
554b1843-1f11-490d-a8eb-47276de185ca,0.2,0.03,0.0
554b1843-1f11-490d-a8eb-47276de185ca,0.2,0.08,0.0
554b1843-1f11-490d-a8eb-47276de185ca,0.2,0.13,0.0
554b1843-1f11-490d-a8eb-47276de185ca,0.2,0.18000000000000002,0.0
554b1843-1f11-490d-a8eb-47276de185ca,0.2,0.23,0.0
554b1843-1f11-490d-a8eb-47276de185ca,0.25,0.03,0.0
554b1843-1f11-490d-a8eb-47276de185ca,0.25,0.08,0.0
554b1843-1f11-490d-a8eb-47276de185ca,0.25,0.13,0.0
554b1843-1f11-490d-a8eb-47276de185ca,0.25,0.18000000000000002,0.0
554b1843-1f11-490d-a8eb-47276de185ca,0.25,0.23,0.0
554b1843-1f11-490d-a8eb-47276de185ca,0.30000000000000004,0.03,0.0
554b1843-1f11-490d-a8eb-47276de185ca,0.30000000000000004,0.08,0.0
554b1843-1f11-490d-a8eb-47276de185ca,0.30000000000000004,0.13,0.0
554b1843-1f11-490d-a8eb-47276de185ca,0.30000000000000004,0.18000000000000002,0.0
554b1843-1f11-490d-a8eb-47276de185ca,0.30000000000000004,0.23,0.0
55a9798a-8502-4355-8565-9a8468643f4d,0.0,0.03,0.29853177070617676
55a9798a-8502-4355-8565-9a8468643f4d,0.0,0.08,0.38994303345680237
55a9798a-8502-4355-8565-9a8468643f4d,0.0,0.13,0.3423531651496887
55a9798a-8502-4355-8565-9a8468643f4d,0.0,0.18000000000000002,0.28393271565437317
55a9798a-8502-4355-8565-9a8468643f4d,0.0,0.23,0.24040323495864868
55a9798a-8502-4355-8565-9a8468643f4d,0.01,0.03,0.2698206603527069
55a9798a-8502-4355-8565-9a8468643f4d,0.01,0.08,0.3363555073738098
55a9798a-8502-4355-8565-9a8468643f4d,0.01,0.13,0.27947309613227844
55a9798a-8502-4355-8565-9a8468643f4d,0.01,0.18000000000000002,0.23335666954517365
55a9798a-8502-4355-8565-9a8468643f4d,0.01,0.23,0.19786328077316284
55a9798a-8502-4355-8565-9a8468643f4d,0.02,0.03,0.28565630316734314
55a9798a-8502-4355-8565-9a8468643f4d,0.02,0.08,0.31267815828323364
55a9798a-8502-4355-8565-9a8468643f4d,0.02,0.13,0.2634638249874115
55a9798a-8502-4355-8565-9a8468643f4d,0.02,0.18000000000000002,0.2073112428188324
55a9798a-8502-4355-8565-9a8468643f4d,0.02,0.23,0.18014110624790192
55a9798a-8502-4355-8565-9a8468643f4d,0.03,0.03,0.27767547965049744
55a9798a-8502-4355-8565-9a8468643f4d,0.03,0.08,0.27780136466026306
55a9798a-8502-4355-8565-9a8468643f4d,0.03,0.13,0.229603573679924
55a9798a-8502-4355-8565-9a8468643f4d,0.03,0.18000000000000002,0.18337416648864746
55a9798a-8502-4355-8565-9a8468643f4d,0.03,0.23,0.16072455048561096
55a9798a-8502-4355-8565-9a8468643f4d,0.04,0.03,0.24802446365356445
55a9798a-8502-4355-8565-9a8468643f4d,0.04,0.08,0.25359344482421875
55a9798a-8502-4355-8565-9a8468643f4d,0.05,0.03,0.2500927150249481
55a9798a-8502-4355-8565-9a8468643f4d,0.05,0.08,0.22670002281665802
55a9798a-8502-4355-8565-9a8468643f4d,0.05,0.13,0.17670343816280365
55a9798a-8502-4355-8565-9a8468643f4d,0.05,0.18000000000000002,0.14348669350147247
55a9798a-8502-4355-8565-9a8468643f4d,0.05,0.23,0.13247159123420715
55a9798a-8502-4355-8565-9a8468643f4d,0.1,0.03,0.10022376477718353
55a9798a-8502-4355-8565-9a8468643f4d,0.1,0.08,0.08149625360965729
55a9798a-8502-4355-8565-9a8468643f4d,0.1,0.13,0.0738256424665451
55a9798a-8502-4355-8565-9a8468643f4d,0.1,0.18000000000000002,0.0712224617600441
55a9798a-8502-4355-8565-9a8468643f4d,0.1,0.23,0.06748732924461365
55a9798a-8502-4355-8565-9a8468643f4d,0.15000000000000002,0.03,0.054696694016456604
55a9798a-8502-4355-8565-9a8468643f4d,0.15000000000000002,0.08,0.059248942881822586
55a9798a-8502-4355-8565-9a8468643f4d,0.15000000000000002,0.13,0.06079798936843872
55a9798a-8502-4355-8565-9a8468643f4d,0.15000000000000002,0.18000000000000002,0.06928596645593643
55a9798a-8502-4355-8565-9a8468643f4d,0.15000000000000002,0.23,0.06979969143867493
55a9798a-8502-4355-8565-9a8468643f4d,0.2,0.03,0.04936128109693527
55a9798a-8502-4355-8565-9a8468643f4d,0.2,0.08,0.06456848233938217
55a9798a-8502-4355-8565-9a8468643f4d,0.2,0.13,0.071848064661026
55a9798a-8502-4355-8565-9a8468643f4d,0.2,0.18000000000000002,0.07011692225933075
55a9798a-8502-4355-8565-9a8468643f4d,0.2,0.23,0.07193096727132797
55a9798a-8502-4355-8565-9a8468643f4d,0.25,0.03,0.05211428925395012
55a9798a-8502-4355-8565-9a8468643f4d,0.25,0.08,0.06845296174287796
55a9798a-8502-4355-8565-9a8468643f4d,0.25,0.13,0.06789025664329529
55a9798a-8502-4355-8565-9a8468643f4d,0.25,0.18000000000000002,0.07623885571956635
55a9798a-8502-4355-8565-9a8468643f4d,0.25,0.23,0.08100547641515732
55a9798a-8502-4355-8565-9a8468643f4d,0.30000000000000004,0.03,0.049121540039777756
55a9798a-8502-4355-8565-9a8468643f4d,0.30000000000000004,0.08,0.06655802577733994
55a9798a-8502-4355-8565-9a8468643f4d,0.30000000000000004,0.13,0.07518169283866882
55a9798a-8502-4355-8565-9a8468643f4d,0.30000000000000004,0.18000000000000002,0.07995802909135818
55a9798a-8502-4355-8565-9a8468643f4d,0.30000000000000004,0.23,0.08051782101392746
5638a219-e68e-4d75-ba1d-9ce5b1f57f95,0.0,0.03,0.06120024248957634
5638a219-e68e-4d75-ba1d-9ce5b1f57f95,0.0,0.08,0.08819345384836197
5638a219-e68e-4d75-ba1d-9ce5b1f57f95,0.0,0.13,0.07798085361719131
5638a219-e68e-4d75-ba1d-9ce5b1f57f95,0.0,0.18000000000000002,0.06761056184768677
5638a219-e68e-4d75-ba1d-9ce5b1f57f95,0.0,0.23,0.07293003052473068
5638a219-e68e-4d75-ba1d-9ce5b1f57f95,0.01,0.03,0.06033044308423996
5638a219-e68e-4d75-ba1d-9ce5b1f57f95,0.01,0.08,0.08379804342985153
5638a219-e68e-4d75-ba1d-9ce5b1f57f95,0.01,0.13,0.06917319446802139
5638a219-e68e-4d75-ba1d-9ce5b1f57f95,0.01,0.18000000000000002,0.06874266266822815
5638a219-e68e-4d75-ba1d-9ce5b1f57f95,0.01,0.23,0.07172808796167374
5638a219-e68e-4d75-ba1d-9ce5b1f57f95,0.02,0.03,0.07176130264997482
5638a219-e68e-4d75-ba1d-9ce5b1f57f95,0.02,0.08,0.08696485310792923
5638a219-e68e-4d75-ba1d-9ce5b1f57f95,0.02,0.13,0.06857001781463623
5638a219-e68e-4d75-ba1d-9ce5b1f57f95,0.02,0.18000000000000002,0.0706820860505104
5638a219-e68e-4d75-ba1d-9ce5b1f57f95,0.02,0.23,0.07404327392578125
5638a219-e68e-4d75-ba1d-9ce5b1f57f95,0.03,0.03,0.0628405213356018
5638a219-e68e-4d75-ba1d-9ce5b1f57f95,0.03,0.08,0.07399662584066391
5638a219-e68e-4d75-ba1d-9ce5b1f57f95,0.03,0.13,0.0685015469789505
5638a219-e68e-4d75-ba1d-9ce5b1f57f95,0.03,0.18000000000000002,0.06992455571889877
5638a219-e68e-4d75-ba1d-9ce5b1f57f95,0.03,0.23,0.07156726717948914
5638a219-e68e-4d75-ba1d-9ce5b1f57f95,0.04,0.03,0.0629117488861084
5638a219-e68e-4d75-ba1d-9ce5b1f57f95,0.04,0.08,0.06642968207597733
5638a219-e68e-4d75-ba1d-9ce5b1f57f95,0.05,0.03,0.05792215093970299
5638a219-e68e-4d75-ba1d-9ce5b1f57f95,0.05,0.08,0.06444110721349716
5638a219-e68e-4d75-ba1d-9ce5b1f57f95,0.05,0.13,0.06443388015031815
5638a219-e68e-4d75-ba1d-9ce5b1f57f95,0.05,0.18000000000000002,0.06838995963335037
5638a219-e68e-4d75-ba1d-9ce5b1f57f95,0.05,0.23,0.06801984459161758
5638a219-e68e-4d75-ba1d-9ce5b1f57f95,0.1,0.03,0.04644767940044403
5638a219-e68e-4d75-ba1d-9ce5b1f57f95,0.1,0.08,0.052747730165719986
5638a219-e68e-4d75-ba1d-9ce5b1f57f95,0.1,0.13,0.06316666305065155
5638a219-e68e-4d75-ba1d-9ce5b1f57f95,0.1,0.18000000000000002,0.06576327234506607
5638a219-e68e-4d75-ba1d-9ce5b1f57f95,0.1,0.23,0.06987574696540833
5638a219-e68e-4d75-ba1d-9ce5b1f57f95,0.15000000000000002,0.03,0.048922643065452576
5638a219-e68e-4d75-ba1d-9ce5b1f57f95,0.15000000000000002,0.08,0.06371792405843735
5638a219-e68e-4d75-ba1d-9ce5b1f57f95,0.15000000000000002,0.13,0.06510225683450699
5638a219-e68e-4d75-ba1d-9ce5b1f57f95,0.15000000000000002,0.18000000000000002,0.06887773424386978
5638a219-e68e-4d75-ba1d-9ce5b1f57f95,0.15000000000000002,0.23,0.0723785012960434
5638a219-e68e-4d75-ba1d-9ce5b1f57f95,0.2,0.03,0.04496016725897789
5638a219-e68e-4d75-ba1d-9ce5b1f57f95,0.2,0.08,0.06941800564527512
5638a219-e68e-4d75-ba1d-9ce5b1f57f95,0.2,0.13,0.0754687562584877
5638a219-e68e-4d75-ba1d-9ce5b1f57f95,0.2,0.18000000000000002,0.07176375389099121
5638a219-e68e-4d75-ba1d-9ce5b1f57f95,0.2,0.23,0.07139983773231506
5638a219-e68e-4d75-ba1d-9ce5b1f57f95,0.25,0.03,0.052729666233062744
5638a219-e68e-4d75-ba1d-9ce5b1f57f95,0.25,0.08,0.06941145658493042
5638a219-e68e-4d75-ba1d-9ce5b1f57f95,0.25,0.13,0.06807991117238998
5638a219-e68e-4d75-ba1d-9ce5b1f57f95,0.25,0.18000000000000002,0.06558003276586533
5638a219-e68e-4d75-ba1d-9ce5b1f57f95,0.25,0.23,0.06571008265018463
5638a219-e68e-4d75-ba1d-9ce5b1f57f95,0.30000000000000004,0.03,0.04955671727657318
5638a219-e68e-4d75-ba1d-9ce5b1f57f95,0.30000000000000004,0.08,0.054440829902887344
5638a219-e68e-4d75-ba1d-9ce5b1f57f95,0.30000000000000004,0.13,0.056394144892692566
5638a219-e68e-4d75-ba1d-9ce5b1f57f95,0.30000000000000004,0.18000000000000002,0.06173570454120636
5638a219-e68e-4d75-ba1d-9ce5b1f57f95,0.30000000000000004,0.23,0.06592712551355362
56dab12f-2f96-4a42-861b-c9e0ffd11b64,0.0,0.03,0.06845124065876007
56dab12f-2f96-4a42-861b-c9e0ffd11b64,0.0,0.08,0.11981428414583206
56dab12f-2f96-4a42-861b-c9e0ffd11b64,0.0,0.13,0.13758309185504913
56dab12f-2f96-4a42-861b-c9e0ffd11b64,0.0,0.18000000000000002,0.13601087033748627
56dab12f-2f96-4a42-861b-c9e0ffd11b64,0.0,0.23,0.13703061640262604
56dab12f-2f96-4a42-861b-c9e0ffd11b64,0.01,0.03,0.06291598081588745
56dab12f-2f96-4a42-861b-c9e0ffd11b64,0.01,0.08,0.09699089080095291
56dab12f-2f96-4a42-861b-c9e0ffd11b64,0.01,0.13,0.11561663448810577
56dab12f-2f96-4a42-861b-c9e0ffd11b64,0.01,0.18000000000000002,0.12501539289951324
56dab12f-2f96-4a42-861b-c9e0ffd11b64,0.01,0.23,0.12457603961229324
56dab12f-2f96-4a42-861b-c9e0ffd11b64,0.02,0.03,0.06978672742843628
56dab12f-2f96-4a42-861b-c9e0ffd11b64,0.02,0.08,0.09859117865562439
56dab12f-2f96-4a42-861b-c9e0ffd11b64,0.02,0.13,0.11681443452835083
56dab12f-2f96-4a42-861b-c9e0ffd11b64,0.02,0.18000000000000002,0.12408505380153656
56dab12f-2f96-4a42-861b-c9e0ffd11b64,0.02,0.23,0.12216080725193024
56dab12f-2f96-4a42-861b-c9e0ffd11b64,0.03,0.03,0.06789019703865051
56dab12f-2f96-4a42-861b-c9e0ffd11b64,0.03,0.08,0.09792110323905945
56dab12f-2f96-4a42-861b-c9e0ffd11b64,0.03,0.13,0.11530137062072754
56dab12f-2f96-4a42-861b-c9e0ffd11b64,0.03,0.18000000000000002,0.12061955779790878
56dab12f-2f96-4a42-861b-c9e0ffd11b64,0.03,0.23,0.11529574543237686
56dab12f-2f96-4a42-861b-c9e0ffd11b64,0.04,0.03,0.06454507261514664
56dab12f-2f96-4a42-861b-c9e0ffd11b64,0.04,0.08,0.10147182643413544
56dab12f-2f96-4a42-861b-c9e0ffd11b64,0.05,0.03,0.07325329631567001
56dab12f-2f96-4a42-861b-c9e0ffd11b64,0.05,0.08,0.103313148021698
56dab12f-2f96-4a42-861b-c9e0ffd11b64,0.05,0.13,0.10430928319692612
56dab12f-2f96-4a42-861b-c9e0ffd11b64,0.05,0.18000000000000002,0.10898332297801971
56dab12f-2f96-4a42-861b-c9e0ffd11b64,0.05,0.23,0.1032390296459198
56dab12f-2f96-4a42-861b-c9e0ffd11b64,0.1,0.03,0.059532999992370605
56dab12f-2f96-4a42-861b-c9e0ffd11b64,0.1,0.08,0.0733322948217392
56dab12f-2f96-4a42-861b-c9e0ffd11b64,0.1,0.13,0.08204849064350128
56dab12f-2f96-4a42-861b-c9e0ffd11b64,0.1,0.18000000000000002,0.07677420973777771
56dab12f-2f96-4a42-861b-c9e0ffd11b64,0.1,0.23,0.08423604816198349
56dab12f-2f96-4a42-861b-c9e0ffd11b64,0.15000000000000002,0.03,0.04660221189260483
56dab12f-2f96-4a42-861b-c9e0ffd11b64,0.15000000000000002,0.08,0.0647120401263237
56dab12f-2f96-4a42-861b-c9e0ffd11b64,0.15000000000000002,0.13,0.07287045568227768
56dab12f-2f96-4a42-861b-c9e0ffd11b64,0.15000000000000002,0.18000000000000002,0.08465489000082016
56dab12f-2f96-4a42-861b-c9e0ffd11b64,0.15000000000000002,0.23,0.09047500789165497
56dab12f-2f96-4a42-861b-c9e0ffd11b64,0.2,0.03,0.04830268397927284
56dab12f-2f96-4a42-861b-c9e0ffd11b64,0.2,0.08,0.06060373783111572
56dab12f-2f96-4a42-861b-c9e0ffd11b64,0.2,0.13,0.070468008518219
56dab12f-2f96-4a42-861b-c9e0ffd11b64,0.2,0.18000000000000002,0.07729676365852356
56dab12f-2f96-4a42-861b-c9e0ffd11b64,0.2,0.23,0.0759897455573082
56dab12f-2f96-4a42-861b-c9e0ffd11b64,0.25,0.03,0.05288858711719513
56dab12f-2f96-4a42-861b-c9e0ffd11b64,0.25,0.08,0.05595364421606064
56dab12f-2f96-4a42-861b-c9e0ffd11b64,0.25,0.13,0.06639409065246582
56dab12f-2f96-4a42-861b-c9e0ffd11b64,0.25,0.18000000000000002,0.06790947169065475
56dab12f-2f96-4a42-861b-c9e0ffd11b64,0.25,0.23,0.06892723590135574
56dab12f-2f96-4a42-861b-c9e0ffd11b64,0.30000000000000004,0.03,0.0482446625828743
56dab12f-2f96-4a42-861b-c9e0ffd11b64,0.30000000000000004,0.08,0.06275726854801178
56dab12f-2f96-4a42-861b-c9e0ffd11b64,0.30000000000000004,0.13,0.05944310501217842
56dab12f-2f96-4a42-861b-c9e0ffd11b64,0.30000000000000004,0.18000000000000002,0.06451436132192612
56dab12f-2f96-4a42-861b-c9e0ffd11b64,0.30000000000000004,0.23,0.06432101875543594
5716b596-f5e4-4a60-b79d-c58cc4d14e5f,0.0,0.03,0.0
5716b596-f5e4-4a60-b79d-c58cc4d14e5f,0.0,0.08,0.0
5716b596-f5e4-4a60-b79d-c58cc4d14e5f,0.0,0.13,0.0
5716b596-f5e4-4a60-b79d-c58cc4d14e5f,0.0,0.18000000000000002,0.0
5716b596-f5e4-4a60-b79d-c58cc4d14e5f,0.0,0.23,0.0
5716b596-f5e4-4a60-b79d-c58cc4d14e5f,0.01,0.03,0.0
5716b596-f5e4-4a60-b79d-c58cc4d14e5f,0.01,0.08,0.0
5716b596-f5e4-4a60-b79d-c58cc4d14e5f,0.01,0.13,0.0
5716b596-f5e4-4a60-b79d-c58cc4d14e5f,0.01,0.18000000000000002,0.0
5716b596-f5e4-4a60-b79d-c58cc4d14e5f,0.01,0.23,0.0
5716b596-f5e4-4a60-b79d-c58cc4d14e5f,0.02,0.03,0.0
5716b596-f5e4-4a60-b79d-c58cc4d14e5f,0.02,0.08,0.0
5716b596-f5e4-4a60-b79d-c58cc4d14e5f,0.02,0.13,0.0
5716b596-f5e4-4a60-b79d-c58cc4d14e5f,0.02,0.18000000000000002,0.0
5716b596-f5e4-4a60-b79d-c58cc4d14e5f,0.02,0.23,0.0
5716b596-f5e4-4a60-b79d-c58cc4d14e5f,0.03,0.03,0.0
5716b596-f5e4-4a60-b79d-c58cc4d14e5f,0.03,0.08,0.0
5716b596-f5e4-4a60-b79d-c58cc4d14e5f,0.03,0.13,0.0
5716b596-f5e4-4a60-b79d-c58cc4d14e5f,0.03,0.18000000000000002,0.0
5716b596-f5e4-4a60-b79d-c58cc4d14e5f,0.03,0.23,0.0
5716b596-f5e4-4a60-b79d-c58cc4d14e5f,0.04,0.03,0.0
5716b596-f5e4-4a60-b79d-c58cc4d14e5f,0.04,0.08,0.0
5716b596-f5e4-4a60-b79d-c58cc4d14e5f,0.05,0.03,0.0
5716b596-f5e4-4a60-b79d-c58cc4d14e5f,0.05,0.08,0.0
5716b596-f5e4-4a60-b79d-c58cc4d14e5f,0.05,0.13,0.0
5716b596-f5e4-4a60-b79d-c58cc4d14e5f,0.05,0.18000000000000002,0.0
5716b596-f5e4-4a60-b79d-c58cc4d14e5f,0.05,0.23,0.0
5716b596-f5e4-4a60-b79d-c58cc4d14e5f,0.1,0.03,0.0
5716b596-f5e4-4a60-b79d-c58cc4d14e5f,0.1,0.08,0.0
5716b596-f5e4-4a60-b79d-c58cc4d14e5f,0.1,0.13,0.0
5716b596-f5e4-4a60-b79d-c58cc4d14e5f,0.1,0.18000000000000002,0.0
5716b596-f5e4-4a60-b79d-c58cc4d14e5f,0.1,0.23,0.0
5716b596-f5e4-4a60-b79d-c58cc4d14e5f,0.15000000000000002,0.03,0.0
5716b596-f5e4-4a60-b79d-c58cc4d14e5f,0.15000000000000002,0.08,0.0
5716b596-f5e4-4a60-b79d-c58cc4d14e5f,0.15000000000000002,0.13,0.0
5716b596-f5e4-4a60-b79d-c58cc4d14e5f,0.15000000000000002,0.18000000000000002,0.0
5716b596-f5e4-4a60-b79d-c58cc4d14e5f,0.15000000000000002,0.23,0.0
5716b596-f5e4-4a60-b79d-c58cc4d14e5f,0.2,0.03,0.0
5716b596-f5e4-4a60-b79d-c58cc4d14e5f,0.2,0.08,0.0
5716b596-f5e4-4a60-b79d-c58cc4d14e5f,0.2,0.13,0.0
5716b596-f5e4-4a60-b79d-c58cc4d14e5f,0.2,0.18000000000000002,0.0
5716b596-f5e4-4a60-b79d-c58cc4d14e5f,0.2,0.23,0.0
5716b596-f5e4-4a60-b79d-c58cc4d14e5f,0.25,0.03,0.0
5716b596-f5e4-4a60-b79d-c58cc4d14e5f,0.25,0.08,0.0
5716b596-f5e4-4a60-b79d-c58cc4d14e5f,0.25,0.13,0.0
5716b596-f5e4-4a60-b79d-c58cc4d14e5f,0.25,0.18000000000000002,0.0
5716b596-f5e4-4a60-b79d-c58cc4d14e5f,0.25,0.23,0.0
5716b596-f5e4-4a60-b79d-c58cc4d14e5f,0.30000000000000004,0.03,0.0
5716b596-f5e4-4a60-b79d-c58cc4d14e5f,0.30000000000000004,0.08,0.0
5716b596-f5e4-4a60-b79d-c58cc4d14e5f,0.30000000000000004,0.13,0.0
5716b596-f5e4-4a60-b79d-c58cc4d14e5f,0.30000000000000004,0.18000000000000002,0.0
5716b596-f5e4-4a60-b79d-c58cc4d14e5f,0.30000000000000004,0.23,0.0
57624318-ca72-466a-b0da-6133345339e1,0.0,0.03,0.0464421808719635
57624318-ca72-466a-b0da-6133345339e1,0.0,0.08,0.07168006151914597
57624318-ca72-466a-b0da-6133345339e1,0.0,0.13,0.06733380258083344
57624318-ca72-466a-b0da-6133345339e1,0.0,0.18000000000000002,0.06407728791236877
57624318-ca72-466a-b0da-6133345339e1,0.0,0.23,0.06186855211853981
57624318-ca72-466a-b0da-6133345339e1,0.01,0.03,0.04946313053369522
57624318-ca72-466a-b0da-6133345339e1,0.01,0.08,0.06656777113676071
57624318-ca72-466a-b0da-6133345339e1,0.01,0.13,0.0674377828836441
57624318-ca72-466a-b0da-6133345339e1,0.01,0.18000000000000002,0.062345873564481735
57624318-ca72-466a-b0da-6133345339e1,0.01,0.23,0.06478936225175858
57624318-ca72-466a-b0da-6133345339e1,0.02,0.03,0.05724943429231644
57624318-ca72-466a-b0da-6133345339e1,0.02,0.08,0.060365431010723114
57624318-ca72-466a-b0da-6133345339e1,0.02,0.13,0.06503550708293915
57624318-ca72-466a-b0da-6133345339e1,0.02,0.18000000000000002,0.06069231778383255
57624318-ca72-466a-b0da-6133345339e1,0.02,0.23,0.06451747566461563
57624318-ca72-466a-b0da-6133345339e1,0.03,0.03,0.05296875536441803
57624318-ca72-466a-b0da-6133345339e1,0.03,0.08,0.062217630445957184
57624318-ca72-466a-b0da-6133345339e1,0.03,0.13,0.06143215298652649
57624318-ca72-466a-b0da-6133345339e1,0.03,0.18000000000000002,0.06058839336037636
57624318-ca72-466a-b0da-6133345339e1,0.03,0.23,0.06660781055688858
57624318-ca72-466a-b0da-6133345339e1,0.04,0.03,0.04781033843755722
57624318-ca72-466a-b0da-6133345339e1,0.04,0.08,0.06235269829630852
57624318-ca72-466a-b0da-6133345339e1,0.05,0.03,0.05112366005778313
57624318-ca72-466a-b0da-6133345339e1,0.05,0.08,0.05802878364920616
57624318-ca72-466a-b0da-6133345339e1,0.05,0.13,0.05995017662644386
57624318-ca72-466a-b0da-6133345339e1,0.05,0.18000000000000002,0.06653926521539688
57624318-ca72-466a-b0da-6133345339e1,0.05,0.23,0.0702933520078659
57624318-ca72-466a-b0da-6133345339e1,0.1,0.03,0.044470883905887604
57624318-ca72-466a-b0da-6133345339e1,0.1,0.08,0.052418436855077744
57624318-ca72-466a-b0da-6133345339e1,0.1,0.13,0.06421945244073868
57624318-ca72-466a-b0da-6133345339e1,0.1,0.18000000000000002,0.059259772300720215
57624318-ca72-466a-b0da-6133345339e1,0.1,0.23,0.06023823842406273
57624318-ca72-466a-b0da-6133345339e1,0.15000000000000002,0.03,0.04858768731355667
57624318-ca72-466a-b0da-6133345339e1,0.15000000000000002,0.08,0.0576053187251091
57624318-ca72-466a-b0da-6133345339e1,0.15000000000000002,0.13,0.06165969744324684
57624318-ca72-466a-b0da-6133345339e1,0.15000000000000002,0.18000000000000002,0.06235877051949501
57624318-ca72-466a-b0da-6133345339e1,0.15000000000000002,0.23,0.061146389693021774
57624318-ca72-466a-b0da-6133345339e1,0.2,0.03,0.05137261375784874
57624318-ca72-466a-b0da-6133345339e1,0.2,0.08,0.0537780225276947
57624318-ca72-466a-b0da-6133345339e1,0.2,0.13,0.06125917285680771
57624318-ca72-466a-b0da-6133345339e1,0.2,0.18000000000000002,0.06544186174869537
57624318-ca72-466a-b0da-6133345339e1,0.2,0.23,0.06664122641086578
57624318-ca72-466a-b0da-6133345339e1,0.25,0.03,0.046629875898361206
57624318-ca72-466a-b0da-6133345339e1,0.25,0.08,0.05606565624475479
57624318-ca72-466a-b0da-6133345339e1,0.25,0.13,0.059977952390909195
57624318-ca72-466a-b0da-6133345339e1,0.25,0.18000000000000002,0.0607646107673645
57624318-ca72-466a-b0da-6133345339e1,0.25,0.23,0.05986323952674866
57624318-ca72-466a-b0da-6133345339e1,0.30000000000000004,0.03,0.0465509407222271
57624318-ca72-466a-b0da-6133345339e1,0.30000000000000004,0.08,0.05472714081406593
57624318-ca72-466a-b0da-6133345339e1,0.30000000000000004,0.13,0.05648503452539444
57624318-ca72-466a-b0da-6133345339e1,0.30000000000000004,0.18000000000000002,0.05974273011088371
57624318-ca72-466a-b0da-6133345339e1,0.30000000000000004,0.23,0.06767767667770386
57e1479d-e27f-4397-bdef-d3a39b2a79e2,0.0,0.03,0.053973887115716934
57e1479d-e27f-4397-bdef-d3a39b2a79e2,0.0,0.08,0.06675449758768082
57e1479d-e27f-4397-bdef-d3a39b2a79e2,0.0,0.13,0.06508185714483261
57e1479d-e27f-4397-bdef-d3a39b2a79e2,0.0,0.18000000000000002,0.06125731021165848
57e1479d-e27f-4397-bdef-d3a39b2a79e2,0.0,0.23,0.06801129877567291
57e1479d-e27f-4397-bdef-d3a39b2a79e2,0.01,0.03,0.04859961196780205
57e1479d-e27f-4397-bdef-d3a39b2a79e2,0.01,0.08,0.0611698217689991
57e1479d-e27f-4397-bdef-d3a39b2a79e2,0.01,0.13,0.06486845016479492
57e1479d-e27f-4397-bdef-d3a39b2a79e2,0.01,0.18000000000000002,0.06606495380401611
57e1479d-e27f-4397-bdef-d3a39b2a79e2,0.01,0.23,0.06700123846530914
57e1479d-e27f-4397-bdef-d3a39b2a79e2,0.02,0.03,0.052867256104946136
57e1479d-e27f-4397-bdef-d3a39b2a79e2,0.02,0.08,0.07071984559297562
57e1479d-e27f-4397-bdef-d3a39b2a79e2,0.02,0.13,0.062404658645391464
57e1479d-e27f-4397-bdef-d3a39b2a79e2,0.02,0.18000000000000002,0.07114002853631973
57e1479d-e27f-4397-bdef-d3a39b2a79e2,0.02,0.23,0.07005637139081955
57e1479d-e27f-4397-bdef-d3a39b2a79e2,0.03,0.03,0.05027805268764496
57e1479d-e27f-4397-bdef-d3a39b2a79e2,0.03,0.08,0.0653325766324997
57e1479d-e27f-4397-bdef-d3a39b2a79e2,0.03,0.13,0.06568979471921921
57e1479d-e27f-4397-bdef-d3a39b2a79e2,0.03,0.18000000000000002,0.07076894491910934
57e1479d-e27f-4397-bdef-d3a39b2a79e2,0.03,0.23,0.0720764547586441
57e1479d-e27f-4397-bdef-d3a39b2a79e2,0.04,0.03,0.04594600573182106
57e1479d-e27f-4397-bdef-d3a39b2a79e2,0.04,0.08,0.05776485055685043
57e1479d-e27f-4397-bdef-d3a39b2a79e2,0.05,0.03,0.05115872621536255
57e1479d-e27f-4397-bdef-d3a39b2a79e2,0.05,0.08,0.062178321182727814
57e1479d-e27f-4397-bdef-d3a39b2a79e2,0.05,0.13,0.07188710570335388
57e1479d-e27f-4397-bdef-d3a39b2a79e2,0.05,0.18000000000000002,0.07271596044301987
57e1479d-e27f-4397-bdef-d3a39b2a79e2,0.05,0.23,0.06871239840984344
57e1479d-e27f-4397-bdef-d3a39b2a79e2,0.1,0.03,0.0502643883228302
57e1479d-e27f-4397-bdef-d3a39b2a79e2,0.1,0.08,0.06335663795471191
57e1479d-e27f-4397-bdef-d3a39b2a79e2,0.1,0.13,0.06936304271221161
57e1479d-e27f-4397-bdef-d3a39b2a79e2,0.1,0.18000000000000002,0.07399529963731766
57e1479d-e27f-4397-bdef-d3a39b2a79e2,0.1,0.23,0.07462268322706223
57e1479d-e27f-4397-bdef-d3a39b2a79e2,0.15000000000000002,0.03,0.045275136828422546
57e1479d-e27f-4397-bdef-d3a39b2a79e2,0.15000000000000002,0.08,0.06951690465211868
57e1479d-e27f-4397-bdef-d3a39b2a79e2,0.15000000000000002,0.13,0.07385041564702988
57e1479d-e27f-4397-bdef-d3a39b2a79e2,0.15000000000000002,0.18000000000000002,0.0740853101015091
57e1479d-e27f-4397-bdef-d3a39b2a79e2,0.15000000000000002,0.23,0.06259425729513168
57e1479d-e27f-4397-bdef-d3a39b2a79e2,0.2,0.03,0.05273352563381195
57e1479d-e27f-4397-bdef-d3a39b2a79e2,0.2,0.08,0.056822240352630615
57e1479d-e27f-4397-bdef-d3a39b2a79e2,0.2,0.13,0.05799036845564842
57e1479d-e27f-4397-bdef-d3a39b2a79e2,0.2,0.18000000000000002,0.060677602887153625
57e1479d-e27f-4397-bdef-d3a39b2a79e2,0.2,0.23,0.06255210936069489
57e1479d-e27f-4397-bdef-d3a39b2a79e2,0.25,0.03,0.057370446622371674
57e1479d-e27f-4397-bdef-d3a39b2a79e2,0.25,0.08,0.05542582646012306
57e1479d-e27f-4397-bdef-d3a39b2a79e2,0.25,0.13,0.059481795877218246
57e1479d-e27f-4397-bdef-d3a39b2a79e2,0.25,0.18000000000000002,0.06477705389261246
57e1479d-e27f-4397-bdef-d3a39b2a79e2,0.25,0.23,0.06539641320705414
57e1479d-e27f-4397-bdef-d3a39b2a79e2,0.30000000000000004,0.03,0.04671547934412956
57e1479d-e27f-4397-bdef-d3a39b2a79e2,0.30000000000000004,0.08,0.0572153776884079
57e1479d-e27f-4397-bdef-d3a39b2a79e2,0.30000000000000004,0.13,0.06472216546535492
57e1479d-e27f-4397-bdef-d3a39b2a79e2,0.30000000000000004,0.18000000000000002,0.0644703134894371
57e1479d-e27f-4397-bdef-d3a39b2a79e2,0.30000000000000004,0.23,0.06207743659615517
581b9d3d-c533-4bd8-a4a7-55b22d91271d,0.0,0.03,0.048965491354465485
581b9d3d-c533-4bd8-a4a7-55b22d91271d,0.0,0.08,0.0587647520005703
581b9d3d-c533-4bd8-a4a7-55b22d91271d,0.0,0.13,0.060243673622608185
581b9d3d-c533-4bd8-a4a7-55b22d91271d,0.0,0.18000000000000002,0.06673609465360641
581b9d3d-c533-4bd8-a4a7-55b22d91271d,0.0,0.23,0.0720091238617897
581b9d3d-c533-4bd8-a4a7-55b22d91271d,0.01,0.03,0.049869604408741
581b9d3d-c533-4bd8-a4a7-55b22d91271d,0.01,0.08,0.05889943242073059
581b9d3d-c533-4bd8-a4a7-55b22d91271d,0.01,0.13,0.0643339604139328
581b9d3d-c533-4bd8-a4a7-55b22d91271d,0.01,0.18000000000000002,0.05933231860399246
581b9d3d-c533-4bd8-a4a7-55b22d91271d,0.01,0.23,0.06775584816932678
581b9d3d-c533-4bd8-a4a7-55b22d91271d,0.02,0.03,0.04803931340575218
581b9d3d-c533-4bd8-a4a7-55b22d91271d,0.02,0.08,0.061389364302158356
581b9d3d-c533-4bd8-a4a7-55b22d91271d,0.02,0.13,0.05952247977256775
581b9d3d-c533-4bd8-a4a7-55b22d91271d,0.02,0.18000000000000002,0.060151632875204086
581b9d3d-c533-4bd8-a4a7-55b22d91271d,0.02,0.23,0.06726064532995224
581b9d3d-c533-4bd8-a4a7-55b22d91271d,0.03,0.03,0.04549560695886612
581b9d3d-c533-4bd8-a4a7-55b22d91271d,0.03,0.08,0.06721220910549164
581b9d3d-c533-4bd8-a4a7-55b22d91271d,0.03,0.13,0.05656232684850693
581b9d3d-c533-4bd8-a4a7-55b22d91271d,0.03,0.18000000000000002,0.06294643133878708
581b9d3d-c533-4bd8-a4a7-55b22d91271d,0.03,0.23,0.0724499374628067
581b9d3d-c533-4bd8-a4a7-55b22d91271d,0.04,0.03,0.048839740455150604
581b9d3d-c533-4bd8-a4a7-55b22d91271d,0.04,0.08,0.06082566827535629
581b9d3d-c533-4bd8-a4a7-55b22d91271d,0.05,0.03,0.04995928704738617
581b9d3d-c533-4bd8-a4a7-55b22d91271d,0.05,0.08,0.057423826307058334
581b9d3d-c533-4bd8-a4a7-55b22d91271d,0.05,0.13,0.058218348771333694
581b9d3d-c533-4bd8-a4a7-55b22d91271d,0.05,0.18000000000000002,0.058413997292518616
581b9d3d-c533-4bd8-a4a7-55b22d91271d,0.05,0.23,0.06655748188495636
581b9d3d-c533-4bd8-a4a7-55b22d91271d,0.1,0.03,0.04315401613712311
581b9d3d-c533-4bd8-a4a7-55b22d91271d,0.1,0.08,0.05868889018893242
581b9d3d-c533-4bd8-a4a7-55b22d91271d,0.1,0.13,0.06636901199817657
581b9d3d-c533-4bd8-a4a7-55b22d91271d,0.1,0.18000000000000002,0.06901165097951889
581b9d3d-c533-4bd8-a4a7-55b22d91271d,0.1,0.23,0.0705026313662529
581b9d3d-c533-4bd8-a4a7-55b22d91271d,0.15000000000000002,0.03,0.04503936693072319
581b9d3d-c533-4bd8-a4a7-55b22d91271d,0.15000000000000002,0.08,0.05955171957612038
581b9d3d-c533-4bd8-a4a7-55b22d91271d,0.15000000000000002,0.13,0.062455445528030396
581b9d3d-c533-4bd8-a4a7-55b22d91271d,0.15000000000000002,0.18000000000000002,0.06916237622499466
581b9d3d-c533-4bd8-a4a7-55b22d91271d,0.15000000000000002,0.23,0.07549943774938583
581b9d3d-c533-4bd8-a4a7-55b22d91271d,0.2,0.03,0.050298504531383514
581b9d3d-c533-4bd8-a4a7-55b22d91271d,0.2,0.08,0.06138052046298981
581b9d3d-c533-4bd8-a4a7-55b22d91271d,0.2,0.13,0.06270760297775269
581b9d3d-c533-4bd8-a4a7-55b22d91271d,0.2,0.18000000000000002,0.06757234781980515
581b9d3d-c533-4bd8-a4a7-55b22d91271d,0.2,0.23,0.06700868904590607
581b9d3d-c533-4bd8-a4a7-55b22d91271d,0.25,0.03,0.05377986654639244
581b9d3d-c533-4bd8-a4a7-55b22d91271d,0.25,0.08,0.056012485176324844
581b9d3d-c533-4bd8-a4a7-55b22d91271d,0.25,0.13,0.05971824377775192
581b9d3d-c533-4bd8-a4a7-55b22d91271d,0.25,0.18000000000000002,0.06546244770288467
581b9d3d-c533-4bd8-a4a7-55b22d91271d,0.25,0.23,0.060077302157878876
581b9d3d-c533-4bd8-a4a7-55b22d91271d,0.30000000000000004,0.03,0.04452219605445862
581b9d3d-c533-4bd8-a4a7-55b22d91271d,0.30000000000000004,0.08,0.05569622665643692
581b9d3d-c533-4bd8-a4a7-55b22d91271d,0.30000000000000004,0.13,0.061371318995952606
581b9d3d-c533-4bd8-a4a7-55b22d91271d,0.30000000000000004,0.18000000000000002,0.05905016511678696
581b9d3d-c533-4bd8-a4a7-55b22d91271d,0.30000000000000004,0.23,0.06261265277862549
58d66cf1-bd6f-4e7f-963d-5dcf295b92f6,0.0,0.03,0.05487169325351715
58d66cf1-bd6f-4e7f-963d-5dcf295b92f6,0.0,0.08,0.0654151514172554
58d66cf1-bd6f-4e7f-963d-5dcf295b92f6,0.0,0.13,0.06711465120315552
58d66cf1-bd6f-4e7f-963d-5dcf295b92f6,0.0,0.18000000000000002,0.06305695325136185
58d66cf1-bd6f-4e7f-963d-5dcf295b92f6,0.0,0.23,0.06807241588830948
58d66cf1-bd6f-4e7f-963d-5dcf295b92f6,0.01,0.03,0.053783416748046875
58d66cf1-bd6f-4e7f-963d-5dcf295b92f6,0.01,0.08,0.07410003989934921
58d66cf1-bd6f-4e7f-963d-5dcf295b92f6,0.01,0.13,0.06661462783813477
58d66cf1-bd6f-4e7f-963d-5dcf295b92f6,0.01,0.18000000000000002,0.061015840619802475
58d66cf1-bd6f-4e7f-963d-5dcf295b92f6,0.01,0.23,0.06330682337284088
58d66cf1-bd6f-4e7f-963d-5dcf295b92f6,0.02,0.03,0.05206044763326645
58d66cf1-bd6f-4e7f-963d-5dcf295b92f6,0.02,0.08,0.06552432477474213
58d66cf1-bd6f-4e7f-963d-5dcf295b92f6,0.02,0.13,0.061805106699466705
58d66cf1-bd6f-4e7f-963d-5dcf295b92f6,0.02,0.18000000000000002,0.06622859090566635
58d66cf1-bd6f-4e7f-963d-5dcf295b92f6,0.02,0.23,0.06333157420158386
58d66cf1-bd6f-4e7f-963d-5dcf295b92f6,0.03,0.03,0.054265208542346954
58d66cf1-bd6f-4e7f-963d-5dcf295b92f6,0.03,0.08,0.060234248638153076
58d66cf1-bd6f-4e7f-963d-5dcf295b92f6,0.03,0.13,0.05887575447559357
58d66cf1-bd6f-4e7f-963d-5dcf295b92f6,0.03,0.18000000000000002,0.06544821709394455
58d66cf1-bd6f-4e7f-963d-5dcf295b92f6,0.03,0.23,0.06492815166711807
58d66cf1-bd6f-4e7f-963d-5dcf295b92f6,0.04,0.03,0.051698580384254456
58d66cf1-bd6f-4e7f-963d-5dcf295b92f6,0.04,0.08,0.056278061121702194
58d66cf1-bd6f-4e7f-963d-5dcf295b92f6,0.05,0.03,0.05022105574607849
58d66cf1-bd6f-4e7f-963d-5dcf295b92f6,0.05,0.08,0.059006497263908386
58d66cf1-bd6f-4e7f-963d-5dcf295b92f6,0.05,0.13,0.06122882664203644
58d66cf1-bd6f-4e7f-963d-5dcf295b92f6,0.05,0.18000000000000002,0.06661135703325272
58d66cf1-bd6f-4e7f-963d-5dcf295b92f6,0.05,0.23,0.06988877803087234
58d66cf1-bd6f-4e7f-963d-5dcf295b92f6,0.1,0.03,0.05742206424474716
58d66cf1-bd6f-4e7f-963d-5dcf295b92f6,0.1,0.08,0.06677726656198502
58d66cf1-bd6f-4e7f-963d-5dcf295b92f6,0.1,0.13,0.06808757781982422
58d66cf1-bd6f-4e7f-963d-5dcf295b92f6,0.1,0.18000000000000002,0.07282654941082001
58d66cf1-bd6f-4e7f-963d-5dcf295b92f6,0.1,0.23,0.07350331544876099
58d66cf1-bd6f-4e7f-963d-5dcf295b92f6,0.15000000000000002,0.03,0.05286971107125282
58d66cf1-bd6f-4e7f-963d-5dcf295b92f6,0.15000000000000002,0.08,0.0616525374352932
58d66cf1-bd6f-4e7f-963d-5dcf295b92f6,0.15000000000000002,0.13,0.0664934515953064
58d66cf1-bd6f-4e7f-963d-5dcf295b92f6,0.15000000000000002,0.18000000000000002,0.06521859765052795
58d66cf1-bd6f-4e7f-963d-5dcf295b92f6,0.15000000000000002,0.23,0.06759367138147354
58d66cf1-bd6f-4e7f-963d-5dcf295b92f6,0.2,0.03,0.05342336371541023
58d66cf1-bd6f-4e7f-963d-5dcf295b92f6,0.2,0.08,0.05609026551246643
58d66cf1-bd6f-4e7f-963d-5dcf295b92f6,0.2,0.13,0.05981986224651337
58d66cf1-bd6f-4e7f-963d-5dcf295b92f6,0.2,0.18000000000000002,0.06746184825897217
58d66cf1-bd6f-4e7f-963d-5dcf295b92f6,0.2,0.23,0.06511831283569336
58d66cf1-bd6f-4e7f-963d-5dcf295b92f6,0.25,0.03,0.048114486038684845
58d66cf1-bd6f-4e7f-963d-5dcf295b92f6,0.25,0.08,0.06402626633644104
58d66cf1-bd6f-4e7f-963d-5dcf295b92f6,0.25,0.13,0.06320296972990036
58d66cf1-bd6f-4e7f-963d-5dcf295b92f6,0.25,0.18000000000000002,0.06877212971448898
58d66cf1-bd6f-4e7f-963d-5dcf295b92f6,0.25,0.23,0.0673077255487442
58d66cf1-bd6f-4e7f-963d-5dcf295b92f6,0.30000000000000004,0.03,0.04474351927638054
58d66cf1-bd6f-4e7f-963d-5dcf295b92f6,0.30000000000000004,0.08,0.06328856945037842
58d66cf1-bd6f-4e7f-963d-5dcf295b92f6,0.30000000000000004,0.13,0.06762824207544327
58d66cf1-bd6f-4e7f-963d-5dcf295b92f6,0.30000000000000004,0.18000000000000002,0.06343203783035278
58d66cf1-bd6f-4e7f-963d-5dcf295b92f6,0.30000000000000004,0.23,0.06460978835821152
58f0c382-f89b-496c-907d-67724922abef,0.0,0.03,0.06087484583258629
58f0c382-f89b-496c-907d-67724922abef,0.0,0.08,0.07030773162841797
58f0c382-f89b-496c-907d-67724922abef,0.0,0.13,0.06915345788002014
58f0c382-f89b-496c-907d-67724922abef,0.0,0.18000000000000002,0.06886273622512817
58f0c382-f89b-496c-907d-67724922abef,0.0,0.23,0.06724429130554199
58f0c382-f89b-496c-907d-67724922abef,0.01,0.03,0.05494183301925659
58f0c382-f89b-496c-907d-67724922abef,0.01,0.08,0.06719716638326645
58f0c382-f89b-496c-907d-67724922abef,0.01,0.13,0.07085928320884705
58f0c382-f89b-496c-907d-67724922abef,0.01,0.18000000000000002,0.06916569173336029
58f0c382-f89b-496c-907d-67724922abef,0.01,0.23,0.06583112478256226
58f0c382-f89b-496c-907d-67724922abef,0.02,0.03,0.06075078621506691
58f0c382-f89b-496c-907d-67724922abef,0.02,0.08,0.06742050498723984
58f0c382-f89b-496c-907d-67724922abef,0.02,0.13,0.07124541699886322
58f0c382-f89b-496c-907d-67724922abef,0.02,0.18000000000000002,0.06988487392663956
58f0c382-f89b-496c-907d-67724922abef,0.02,0.23,0.0665595605969429
58f0c382-f89b-496c-907d-67724922abef,0.03,0.03,0.0568925179541111
58f0c382-f89b-496c-907d-67724922abef,0.03,0.08,0.06855452805757523
58f0c382-f89b-496c-907d-67724922abef,0.03,0.13,0.07176335155963898
58f0c382-f89b-496c-907d-67724922abef,0.03,0.18000000000000002,0.06725724786520004
58f0c382-f89b-496c-907d-67724922abef,0.03,0.23,0.06434185057878494
58f0c382-f89b-496c-907d-67724922abef,0.04,0.03,0.05168628320097923
58f0c382-f89b-496c-907d-67724922abef,0.04,0.08,0.06533707678318024
58f0c382-f89b-496c-907d-67724922abef,0.05,0.03,0.05102305859327316
58f0c382-f89b-496c-907d-67724922abef,0.05,0.08,0.06832124292850494
58f0c382-f89b-496c-907d-67724922abef,0.05,0.13,0.06757703423500061
58f0c382-f89b-496c-907d-67724922abef,0.05,0.18000000000000002,0.06529650837182999
58f0c382-f89b-496c-907d-67724922abef,0.05,0.23,0.06276953965425491
58f0c382-f89b-496c-907d-67724922abef,0.1,0.03,0.046915698796510696
58f0c382-f89b-496c-907d-67724922abef,0.1,0.08,0.055059775710105896
58f0c382-f89b-496c-907d-67724922abef,0.1,0.13,0.06182456016540527
58f0c382-f89b-496c-907d-67724922abef,0.1,0.18000000000000002,0.05946251004934311
58f0c382-f89b-496c-907d-67724922abef,0.1,0.23,0.06360215693712234
58f0c382-f89b-496c-907d-67724922abef,0.15000000000000002,0.03,0.04911058768630028
58f0c382-f89b-496c-907d-67724922abef,0.15000000000000002,0.08,0.061091694980859756
58f0c382-f89b-496c-907d-67724922abef,0.15000000000000002,0.13,0.06534857302904129
58f0c382-f89b-496c-907d-67724922abef,0.15000000000000002,0.18000000000000002,0.06511805951595306
58f0c382-f89b-496c-907d-67724922abef,0.15000000000000002,0.23,0.06729009747505188
58f0c382-f89b-496c-907d-67724922abef,0.2,0.03,0.05432013422250748
58f0c382-f89b-496c-907d-67724922abef,0.2,0.08,0.06508434563875198
58f0c382-f89b-496c-907d-67724922abef,0.2,0.13,0.062457457184791565
58f0c382-f89b-496c-907d-67724922abef,0.2,0.18000000000000002,0.06790333986282349
58f0c382-f89b-496c-907d-67724922abef,0.2,0.23,0.07252565771341324
58f0c382-f89b-496c-907d-67724922abef,0.25,0.03,0.05108627676963806
58f0c382-f89b-496c-907d-67724922abef,0.25,0.08,0.061988361179828644
58f0c382-f89b-496c-907d-67724922abef,0.25,0.13,0.06854242086410522
58f0c382-f89b-496c-907d-67724922abef,0.25,0.18000000000000002,0.07366540282964706
58f0c382-f89b-496c-907d-67724922abef,0.25,0.23,0.07459953427314758
58f0c382-f89b-496c-907d-67724922abef,0.30000000000000004,0.03,0.05155082419514656
58f0c382-f89b-496c-907d-67724922abef,0.30000000000000004,0.08,0.06278519332408905
58f0c382-f89b-496c-907d-67724922abef,0.30000000000000004,0.13,0.06847123056650162
58f0c382-f89b-496c-907d-67724922abef,0.30000000000000004,0.18000000000000002,0.06937606632709503
58f0c382-f89b-496c-907d-67724922abef,0.30000000000000004,0.23,0.06053192913532257
591aa742-efe9-4d17-9f23-17678def627e,0.0,0.03,0.16952867805957794
591aa742-efe9-4d17-9f23-17678def627e,0.0,0.08,0.2428644597530365
591aa742-efe9-4d17-9f23-17678def627e,0.0,0.13,0.19996847212314606
591aa742-efe9-4d17-9f23-17678def627e,0.0,0.18000000000000002,0.14565706253051758
591aa742-efe9-4d17-9f23-17678def627e,0.0,0.23,0.12096106261014938
591aa742-efe9-4d17-9f23-17678def627e,0.01,0.03,0.15100228786468506
591aa742-efe9-4d17-9f23-17678def627e,0.01,0.08,0.1885368674993515
591aa742-efe9-4d17-9f23-17678def627e,0.01,0.13,0.14189688861370087
591aa742-efe9-4d17-9f23-17678def627e,0.01,0.18000000000000002,0.12170861661434174
591aa742-efe9-4d17-9f23-17678def627e,0.01,0.23,0.11238609999418259
591aa742-efe9-4d17-9f23-17678def627e,0.02,0.03,0.16300247609615326
591aa742-efe9-4d17-9f23-17678def627e,0.02,0.08,0.1821279376745224
591aa742-efe9-4d17-9f23-17678def627e,0.02,0.13,0.13159501552581787
591aa742-efe9-4d17-9f23-17678def627e,0.02,0.18000000000000002,0.11311524361371994
591aa742-efe9-4d17-9f23-17678def627e,0.02,0.23,0.10813332349061966
591aa742-efe9-4d17-9f23-17678def627e,0.03,0.03,0.16500072181224823
591aa742-efe9-4d17-9f23-17678def627e,0.03,0.08,0.15528705716133118
591aa742-efe9-4d17-9f23-17678def627e,0.03,0.13,0.12499601393938065
591aa742-efe9-4d17-9f23-17678def627e,0.03,0.18000000000000002,0.10298411548137665
591aa742-efe9-4d17-9f23-17678def627e,0.03,0.23,0.1004527360200882
591aa742-efe9-4d17-9f23-17678def627e,0.04,0.03,0.14305290579795837
591aa742-efe9-4d17-9f23-17678def627e,0.04,0.08,0.12709835171699524
591aa742-efe9-4d17-9f23-17678def627e,0.05,0.03,0.14560747146606445
591aa742-efe9-4d17-9f23-17678def627e,0.05,0.08,0.12108072638511658
591aa742-efe9-4d17-9f23-17678def627e,0.05,0.13,0.08821634203195572
591aa742-efe9-4d17-9f23-17678def627e,0.05,0.18000000000000002,0.08579305559396744
591aa742-efe9-4d17-9f23-17678def627e,0.05,0.23,0.0909709706902504
591aa742-efe9-4d17-9f23-17678def627e,0.1,0.03,0.06369765102863312
591aa742-efe9-4d17-9f23-17678def627e,0.1,0.08,0.0722794234752655
591aa742-efe9-4d17-9f23-17678def627e,0.1,0.13,0.07195119559764862
591aa742-efe9-4d17-9f23-17678def627e,0.1,0.18000000000000002,0.07326813787221909
591aa742-efe9-4d17-9f23-17678def627e,0.1,0.23,0.0786348208785057
591aa742-efe9-4d17-9f23-17678def627e,0.15000000000000002,0.03,0.052430056035518646
591aa742-efe9-4d17-9f23-17678def627e,0.15000000000000002,0.08,0.06468375027179718
591aa742-efe9-4d17-9f23-17678def627e,0.15000000000000002,0.13,0.0749756470322609
591aa742-efe9-4d17-9f23-17678def627e,0.15000000000000002,0.18000000000000002,0.07943535596132278
591aa742-efe9-4d17-9f23-17678def627e,0.15000000000000002,0.23,0.07718344032764435
591aa742-efe9-4d17-9f23-17678def627e,0.2,0.03,0.05097474902868271
591aa742-efe9-4d17-9f23-17678def627e,0.2,0.08,0.06653390824794769
591aa742-efe9-4d17-9f23-17678def627e,0.2,0.13,0.06886397302150726
591aa742-efe9-4d17-9f23-17678def627e,0.2,0.18000000000000002,0.06817306578159332
591aa742-efe9-4d17-9f23-17678def627e,0.2,0.23,0.06889653950929642
591aa742-efe9-4d17-9f23-17678def627e,0.25,0.03,0.054381005465984344
591aa742-efe9-4d17-9f23-17678def627e,0.25,0.08,0.06427820771932602
591aa742-efe9-4d17-9f23-17678def627e,0.25,0.13,0.06644496321678162
591aa742-efe9-4d17-9f23-17678def627e,0.25,0.18000000000000002,0.06564567983150482
591aa742-efe9-4d17-9f23-17678def627e,0.25,0.23,0.07111794501543045
591aa742-efe9-4d17-9f23-17678def627e,0.30000000000000004,0.03,0.05065217614173889
591aa742-efe9-4d17-9f23-17678def627e,0.30000000000000004,0.08,0.06692670285701752
591aa742-efe9-4d17-9f23-17678def627e,0.30000000000000004,0.13,0.06762465834617615
591aa742-efe9-4d17-9f23-17678def627e,0.30000000000000004,0.18000000000000002,0.06762407720088959
591aa742-efe9-4d17-9f23-17678def627e,0.30000000000000004,0.23,0.07036107778549194
592cbad0-5c57-4efc-be32-eb10a5a7d171,0.0,0.03,0.08066704869270325
592cbad0-5c57-4efc-be32-eb10a5a7d171,0.0,0.08,0.18127405643463135
592cbad0-5c57-4efc-be32-eb10a5a7d171,0.0,0.13,0.17264001071453094
592cbad0-5c57-4efc-be32-eb10a5a7d171,0.0,0.18000000000000002,0.11401166766881943
592cbad0-5c57-4efc-be32-eb10a5a7d171,0.0,0.23,0.09153108298778534
592cbad0-5c57-4efc-be32-eb10a5a7d171,0.01,0.03,0.09453007578849792
592cbad0-5c57-4efc-be32-eb10a5a7d171,0.01,0.08,0.18374690413475037
592cbad0-5c57-4efc-be32-eb10a5a7d171,0.01,0.13,0.15615710616111755
592cbad0-5c57-4efc-be32-eb10a5a7d171,0.01,0.18000000000000002,0.09401300549507141
592cbad0-5c57-4efc-be32-eb10a5a7d171,0.01,0.23,0.0810997262597084
592cbad0-5c57-4efc-be32-eb10a5a7d171,0.02,0.03,0.12785375118255615
592cbad0-5c57-4efc-be32-eb10a5a7d171,0.02,0.08,0.17645040154457092
592cbad0-5c57-4efc-be32-eb10a5a7d171,0.02,0.13,0.12779593467712402
592cbad0-5c57-4efc-be32-eb10a5a7d171,0.02,0.18000000000000002,0.08828571438789368
592cbad0-5c57-4efc-be32-eb10a5a7d171,0.02,0.23,0.07298555970191956
592cbad0-5c57-4efc-be32-eb10a5a7d171,0.03,0.03,0.13836663961410522
592cbad0-5c57-4efc-be32-eb10a5a7d171,0.03,0.08,0.17481285333633423
592cbad0-5c57-4efc-be32-eb10a5a7d171,0.03,0.13,0.11547809839248657
592cbad0-5c57-4efc-be32-eb10a5a7d171,0.03,0.18000000000000002,0.07453371584415436
592cbad0-5c57-4efc-be32-eb10a5a7d171,0.03,0.23,0.073111891746521
592cbad0-5c57-4efc-be32-eb10a5a7d171,0.04,0.03,0.14832909405231476
592cbad0-5c57-4efc-be32-eb10a5a7d171,0.04,0.08,0.1481422483921051
592cbad0-5c57-4efc-be32-eb10a5a7d171,0.05,0.03,0.13734441995620728
592cbad0-5c57-4efc-be32-eb10a5a7d171,0.05,0.08,0.1274646371603012
592cbad0-5c57-4efc-be32-eb10a5a7d171,0.05,0.13,0.06699644029140472
592cbad0-5c57-4efc-be32-eb10a5a7d171,0.05,0.18000000000000002,0.06966618448495865
592cbad0-5c57-4efc-be32-eb10a5a7d171,0.05,0.23,0.06483212858438492
592cbad0-5c57-4efc-be32-eb10a5a7d171,0.1,0.03,0.04721158742904663
592cbad0-5c57-4efc-be32-eb10a5a7d171,0.1,0.08,0.06209048628807068
592cbad0-5c57-4efc-be32-eb10a5a7d171,0.1,0.13,0.07891299575567245
592cbad0-5c57-4efc-be32-eb10a5a7d171,0.1,0.18000000000000002,0.07183429598808289
592cbad0-5c57-4efc-be32-eb10a5a7d171,0.1,0.23,0.0631093755364418
592cbad0-5c57-4efc-be32-eb10a5a7d171,0.15000000000000002,0.03,0.056423597037792206
592cbad0-5c57-4efc-be32-eb10a5a7d171,0.15000000000000002,0.08,0.07344606518745422
592cbad0-5c57-4efc-be32-eb10a5a7d171,0.15000000000000002,0.13,0.06559544801712036
592cbad0-5c57-4efc-be32-eb10a5a7d171,0.15000000000000002,0.18000000000000002,0.06749358773231506
592cbad0-5c57-4efc-be32-eb10a5a7d171,0.15000000000000002,0.23,0.06465654075145721
592cbad0-5c57-4efc-be32-eb10a5a7d171,0.2,0.03,0.05093379318714142
592cbad0-5c57-4efc-be32-eb10a5a7d171,0.2,0.08,0.06311046332120895
592cbad0-5c57-4efc-be32-eb10a5a7d171,0.2,0.13,0.06625323742628098
592cbad0-5c57-4efc-be32-eb10a5a7d171,0.2,0.18000000000000002,0.07035208493471146
592cbad0-5c57-4efc-be32-eb10a5a7d171,0.2,0.23,0.0782976821064949
592cbad0-5c57-4efc-be32-eb10a5a7d171,0.25,0.03,0.04629945382475853
592cbad0-5c57-4efc-be32-eb10a5a7d171,0.25,0.08,0.05427609384059906
592cbad0-5c57-4efc-be32-eb10a5a7d171,0.25,0.13,0.07431688159704208
592cbad0-5c57-4efc-be32-eb10a5a7d171,0.25,0.18000000000000002,0.08289448171854019
592cbad0-5c57-4efc-be32-eb10a5a7d171,0.25,0.23,0.08313845843076706
592cbad0-5c57-4efc-be32-eb10a5a7d171,0.30000000000000004,0.03,0.052033547312021255
592cbad0-5c57-4efc-be32-eb10a5a7d171,0.30000000000000004,0.08,0.07036340236663818
592cbad0-5c57-4efc-be32-eb10a5a7d171,0.30000000000000004,0.13,0.07799729704856873
592cbad0-5c57-4efc-be32-eb10a5a7d171,0.30000000000000004,0.18000000000000002,0.07831592857837677
592cbad0-5c57-4efc-be32-eb10a5a7d171,0.30000000000000004,0.23,0.07147526741027832
59d5c87b-2d3e-4f9e-b57a-31597f849633,0.0,0.03,0.0521223247051239
59d5c87b-2d3e-4f9e-b57a-31597f849633,0.0,0.08,0.06061149388551712
59d5c87b-2d3e-4f9e-b57a-31597f849633,0.0,0.13,0.06712272018194199
59d5c87b-2d3e-4f9e-b57a-31597f849633,0.0,0.18000000000000002,0.07805009186267853
59d5c87b-2d3e-4f9e-b57a-31597f849633,0.0,0.23,0.07903237640857697
59d5c87b-2d3e-4f9e-b57a-31597f849633,0.01,0.03,0.06119361147284508
59d5c87b-2d3e-4f9e-b57a-31597f849633,0.01,0.08,0.0651402547955513
59d5c87b-2d3e-4f9e-b57a-31597f849633,0.01,0.13,0.06853871792554855
59d5c87b-2d3e-4f9e-b57a-31597f849633,0.01,0.18000000000000002,0.07399419695138931
59d5c87b-2d3e-4f9e-b57a-31597f849633,0.01,0.23,0.07845386117696762
59d5c87b-2d3e-4f9e-b57a-31597f849633,0.02,0.03,0.05135997012257576
59d5c87b-2d3e-4f9e-b57a-31597f849633,0.02,0.08,0.0606570839881897
59d5c87b-2d3e-4f9e-b57a-31597f849633,0.02,0.13,0.07380819320678711
59d5c87b-2d3e-4f9e-b57a-31597f849633,0.02,0.18000000000000002,0.07555557042360306
59d5c87b-2d3e-4f9e-b57a-31597f849633,0.02,0.23,0.07691364735364914
59d5c87b-2d3e-4f9e-b57a-31597f849633,0.03,0.03,0.04537968710064888
59d5c87b-2d3e-4f9e-b57a-31597f849633,0.03,0.08,0.063289575278759
59d5c87b-2d3e-4f9e-b57a-31597f849633,0.03,0.13,0.07104895263910294
59d5c87b-2d3e-4f9e-b57a-31597f849633,0.03,0.18000000000000002,0.07368441671133041
59d5c87b-2d3e-4f9e-b57a-31597f849633,0.03,0.23,0.07993843406438828
59d5c87b-2d3e-4f9e-b57a-31597f849633,0.04,0.03,0.052084729075431824
59d5c87b-2d3e-4f9e-b57a-31597f849633,0.04,0.08,0.06742275506258011
59d5c87b-2d3e-4f9e-b57a-31597f849633,0.05,0.03,0.04987242817878723
59d5c87b-2d3e-4f9e-b57a-31597f849633,0.05,0.08,0.06681722402572632
59d5c87b-2d3e-4f9e-b57a-31597f849633,0.05,0.13,0.07603243738412857
59d5c87b-2d3e-4f9e-b57a-31597f849633,0.05,0.18000000000000002,0.07589239627122879
59d5c87b-2d3e-4f9e-b57a-31597f849633,0.05,0.23,0.0815308541059494
59d5c87b-2d3e-4f9e-b57a-31597f849633,0.1,0.03,0.05158358812332153
59d5c87b-2d3e-4f9e-b57a-31597f849633,0.1,0.08,0.06910201162099838
59d5c87b-2d3e-4f9e-b57a-31597f849633,0.1,0.13,0.07033372670412064
59d5c87b-2d3e-4f9e-b57a-31597f849633,0.1,0.18000000000000002,0.07827848196029663
59d5c87b-2d3e-4f9e-b57a-31597f849633,0.1,0.23,0.07862464338541031
59d5c87b-2d3e-4f9e-b57a-31597f849633,0.15000000000000002,0.03,0.04521438106894493
59d5c87b-2d3e-4f9e-b57a-31597f849633,0.15000000000000002,0.08,0.06031329184770584
59d5c87b-2d3e-4f9e-b57a-31597f849633,0.15000000000000002,0.13,0.07761429250240326
59d5c87b-2d3e-4f9e-b57a-31597f849633,0.15000000000000002,0.18000000000000002,0.07823308557271957
59d5c87b-2d3e-4f9e-b57a-31597f849633,0.15000000000000002,0.23,0.07797244936227798
59d5c87b-2d3e-4f9e-b57a-31597f849633,0.2,0.03,0.04915393888950348
59d5c87b-2d3e-4f9e-b57a-31597f849633,0.2,0.08,0.08071626722812653
59d5c87b-2d3e-4f9e-b57a-31597f849633,0.2,0.13,0.07476267963647842
59d5c87b-2d3e-4f9e-b57a-31597f849633,0.2,0.18000000000000002,0.07180991768836975
59d5c87b-2d3e-4f9e-b57a-31597f849633,0.2,0.23,0.07460135221481323
59d5c87b-2d3e-4f9e-b57a-31597f849633,0.25,0.03,0.05636007711291313
59d5c87b-2d3e-4f9e-b57a-31597f849633,0.25,0.08,0.06612931191921234
59d5c87b-2d3e-4f9e-b57a-31597f849633,0.25,0.13,0.06851557642221451
59d5c87b-2d3e-4f9e-b57a-31597f849633,0.25,0.18000000000000002,0.07013294845819473
59d5c87b-2d3e-4f9e-b57a-31597f849633,0.25,0.23,0.07782318443059921
59d5c87b-2d3e-4f9e-b57a-31597f849633,0.30000000000000004,0.03,0.05023028329014778
59d5c87b-2d3e-4f9e-b57a-31597f849633,0.30000000000000004,0.08,0.062012962996959686
59d5c87b-2d3e-4f9e-b57a-31597f849633,0.30000000000000004,0.13,0.06569437682628632
59d5c87b-2d3e-4f9e-b57a-31597f849633,0.30000000000000004,0.18000000000000002,0.07538369297981262
59d5c87b-2d3e-4f9e-b57a-31597f849633,0.30000000000000004,0.23,0.07608925551176071
59e722b3-68b3-4002-bb47-07d9bd3bba26,0.0,0.03,0.04725642874836922
59e722b3-68b3-4002-bb47-07d9bd3bba26,0.0,0.08,0.059570152312517166
59e722b3-68b3-4002-bb47-07d9bd3bba26,0.0,0.13,0.06574644148349762
59e722b3-68b3-4002-bb47-07d9bd3bba26,0.0,0.18000000000000002,0.07598033547401428
59e722b3-68b3-4002-bb47-07d9bd3bba26,0.0,0.23,0.07363492995500565
59e722b3-68b3-4002-bb47-07d9bd3bba26,0.01,0.03,0.051592275500297546
59e722b3-68b3-4002-bb47-07d9bd3bba26,0.01,0.08,0.053531721234321594
59e722b3-68b3-4002-bb47-07d9bd3bba26,0.01,0.13,0.06487663090229034
59e722b3-68b3-4002-bb47-07d9bd3bba26,0.01,0.18000000000000002,0.06951583921909332
59e722b3-68b3-4002-bb47-07d9bd3bba26,0.01,0.23,0.07531064748764038
59e722b3-68b3-4002-bb47-07d9bd3bba26,0.02,0.03,0.04910134896636009
59e722b3-68b3-4002-bb47-07d9bd3bba26,0.02,0.08,0.0585988387465477
59e722b3-68b3-4002-bb47-07d9bd3bba26,0.02,0.13,0.06525102257728577
59e722b3-68b3-4002-bb47-07d9bd3bba26,0.02,0.18000000000000002,0.07210973650217056
59e722b3-68b3-4002-bb47-07d9bd3bba26,0.02,0.23,0.07660352438688278
59e722b3-68b3-4002-bb47-07d9bd3bba26,0.03,0.03,0.0428459607064724
59e722b3-68b3-4002-bb47-07d9bd3bba26,0.03,0.08,0.054423738270998
59e722b3-68b3-4002-bb47-07d9bd3bba26,0.03,0.13,0.06180797517299652
59e722b3-68b3-4002-bb47-07d9bd3bba26,0.03,0.18000000000000002,0.07143722474575043
59e722b3-68b3-4002-bb47-07d9bd3bba26,0.03,0.23,0.07198023051023483
59e722b3-68b3-4002-bb47-07d9bd3bba26,0.04,0.03,0.0456036739051342
59e722b3-68b3-4002-bb47-07d9bd3bba26,0.04,0.08,0.05255229026079178
59e722b3-68b3-4002-bb47-07d9bd3bba26,0.05,0.03,0.04566964507102966
59e722b3-68b3-4002-bb47-07d9bd3bba26,0.05,0.08,0.05726990848779678
59e722b3-68b3-4002-bb47-07d9bd3bba26,0.05,0.13,0.07261409610509872
59e722b3-68b3-4002-bb47-07d9bd3bba26,0.05,0.18000000000000002,0.0714065209031105
59e722b3-68b3-4002-bb47-07d9bd3bba26,0.05,0.23,0.06850622594356537
59e722b3-68b3-4002-bb47-07d9bd3bba26,0.1,0.03,0.04569197818636894
59e722b3-68b3-4002-bb47-07d9bd3bba26,0.1,0.08,0.06771192699670792
59e722b3-68b3-4002-bb47-07d9bd3bba26,0.1,0.13,0.07422667741775513
59e722b3-68b3-4002-bb47-07d9bd3bba26,0.1,0.18000000000000002,0.07235987484455109
59e722b3-68b3-4002-bb47-07d9bd3bba26,0.1,0.23,0.07403679937124252
59e722b3-68b3-4002-bb47-07d9bd3bba26,0.15000000000000002,0.03,0.05056542158126831
59e722b3-68b3-4002-bb47-07d9bd3bba26,0.15000000000000002,0.08,0.060274697840213776
59e722b3-68b3-4002-bb47-07d9bd3bba26,0.15000000000000002,0.13,0.06706002354621887
59e722b3-68b3-4002-bb47-07d9bd3bba26,0.15000000000000002,0.18000000000000002,0.07570324093103409
59e722b3-68b3-4002-bb47-07d9bd3bba26,0.15000000000000002,0.23,0.07623810321092606
59e722b3-68b3-4002-bb47-07d9bd3bba26,0.2,0.03,0.0470048189163208
59e722b3-68b3-4002-bb47-07d9bd3bba26,0.2,0.08,0.0572965070605278
59e722b3-68b3-4002-bb47-07d9bd3bba26,0.2,0.13,0.0657283365726471
59e722b3-68b3-4002-bb47-07d9bd3bba26,0.2,0.18000000000000002,0.07192588597536087
59e722b3-68b3-4002-bb47-07d9bd3bba26,0.2,0.23,0.07684814184904099
59e722b3-68b3-4002-bb47-07d9bd3bba26,0.25,0.03,0.056761037558317184
59e722b3-68b3-4002-bb47-07d9bd3bba26,0.25,0.08,0.06207197904586792
59e722b3-68b3-4002-bb47-07d9bd3bba26,0.25,0.13,0.07600704580545425
59e722b3-68b3-4002-bb47-07d9bd3bba26,0.25,0.18000000000000002,0.08118545264005661
59e722b3-68b3-4002-bb47-07d9bd3bba26,0.25,0.23,0.08114149421453476
59e722b3-68b3-4002-bb47-07d9bd3bba26,0.30000000000000004,0.03,0.050772152841091156
59e722b3-68b3-4002-bb47-07d9bd3bba26,0.30000000000000004,0.08,0.0554465651512146
59e722b3-68b3-4002-bb47-07d9bd3bba26,0.30000000000000004,0.13,0.06590443104505539
59e722b3-68b3-4002-bb47-07d9bd3bba26,0.30000000000000004,0.18000000000000002,0.06704971939325333
59e722b3-68b3-4002-bb47-07d9bd3bba26,0.30000000000000004,0.23,0.07073058933019638
5a04ef81-6234-4c7a-bf8a-9c907dfeb0c7,0.0,0.03,0.1074206680059433
5a04ef81-6234-4c7a-bf8a-9c907dfeb0c7,0.0,0.08,0.1279778927564621
5a04ef81-6234-4c7a-bf8a-9c907dfeb0c7,0.0,0.13,0.06766113638877869
5a04ef81-6234-4c7a-bf8a-9c907dfeb0c7,0.0,0.18000000000000002,0.07100457698106766
5a04ef81-6234-4c7a-bf8a-9c907dfeb0c7,0.0,0.23,0.07871752977371216
5a04ef81-6234-4c7a-bf8a-9c907dfeb0c7,0.01,0.03,0.11881683021783829
5a04ef81-6234-4c7a-bf8a-9c907dfeb0c7,0.01,0.08,0.10723011195659637
5a04ef81-6234-4c7a-bf8a-9c907dfeb0c7,0.01,0.13,0.06965859234333038
5a04ef81-6234-4c7a-bf8a-9c907dfeb0c7,0.01,0.18000000000000002,0.07950083911418915
5a04ef81-6234-4c7a-bf8a-9c907dfeb0c7,0.01,0.23,0.08494365215301514
5a04ef81-6234-4c7a-bf8a-9c907dfeb0c7,0.02,0.03,0.12246596068143845
5a04ef81-6234-4c7a-bf8a-9c907dfeb0c7,0.02,0.08,0.09104025363922119
5a04ef81-6234-4c7a-bf8a-9c907dfeb0c7,0.02,0.13,0.07293429970741272
5a04ef81-6234-4c7a-bf8a-9c907dfeb0c7,0.02,0.18000000000000002,0.08410367369651794
5a04ef81-6234-4c7a-bf8a-9c907dfeb0c7,0.02,0.23,0.08592725545167923
5a04ef81-6234-4c7a-bf8a-9c907dfeb0c7,0.03,0.03,0.11161646991968155
5a04ef81-6234-4c7a-bf8a-9c907dfeb0c7,0.03,0.08,0.06974369287490845
5a04ef81-6234-4c7a-bf8a-9c907dfeb0c7,0.03,0.13,0.06866515427827835
5a04ef81-6234-4c7a-bf8a-9c907dfeb0c7,0.03,0.18000000000000002,0.08235404640436172
5a04ef81-6234-4c7a-bf8a-9c907dfeb0c7,0.03,0.23,0.08339178562164307
5a04ef81-6234-4c7a-bf8a-9c907dfeb0c7,0.04,0.03,0.09350987523794174
5a04ef81-6234-4c7a-bf8a-9c907dfeb0c7,0.04,0.08,0.06312134861946106
5a04ef81-6234-4c7a-bf8a-9c907dfeb0c7,0.05,0.03,0.06148884445428848
5a04ef81-6234-4c7a-bf8a-9c907dfeb0c7,0.05,0.08,0.08059205114841461
5a04ef81-6234-4c7a-bf8a-9c907dfeb0c7,0.05,0.13,0.0853346660733223
5a04ef81-6234-4c7a-bf8a-9c907dfeb0c7,0.05,0.18000000000000002,0.087050661444664
5a04ef81-6234-4c7a-bf8a-9c907dfeb0c7,0.05,0.23,0.08743065595626831
5a04ef81-6234-4c7a-bf8a-9c907dfeb0c7,0.1,0.03,0.10638320446014404
5a04ef81-6234-4c7a-bf8a-9c907dfeb0c7,0.1,0.08,0.09433390200138092
5a04ef81-6234-4c7a-bf8a-9c907dfeb0c7,0.1,0.13,0.07920657843351364
5a04ef81-6234-4c7a-bf8a-9c907dfeb0c7,0.1,0.18000000000000002,0.07815023511648178
5a04ef81-6234-4c7a-bf8a-9c907dfeb0c7,0.1,0.23,0.07753123342990875
5a04ef81-6234-4c7a-bf8a-9c907dfeb0c7,0.15000000000000002,0.03,0.060550957918167114
5a04ef81-6234-4c7a-bf8a-9c907dfeb0c7,0.15000000000000002,0.08,0.07077772915363312
5a04ef81-6234-4c7a-bf8a-9c907dfeb0c7,0.15000000000000002,0.13,0.07847583293914795
5a04ef81-6234-4c7a-bf8a-9c907dfeb0c7,0.15000000000000002,0.18000000000000002,0.07938335090875626
5a04ef81-6234-4c7a-bf8a-9c907dfeb0c7,0.15000000000000002,0.23,0.08381310105323792
5a04ef81-6234-4c7a-bf8a-9c907dfeb0c7,0.2,0.03,0.051328931003808975
5a04ef81-6234-4c7a-bf8a-9c907dfeb0c7,0.2,0.08,0.07089659571647644
5a04ef81-6234-4c7a-bf8a-9c907dfeb0c7,0.2,0.13,0.07242164015769958
5a04ef81-6234-4c7a-bf8a-9c907dfeb0c7,0.2,0.18000000000000002,0.07925526797771454
5a04ef81-6234-4c7a-bf8a-9c907dfeb0c7,0.2,0.23,0.07848019152879715
5a04ef81-6234-4c7a-bf8a-9c907dfeb0c7,0.25,0.03,0.05385056138038635
5a04ef81-6234-4c7a-bf8a-9c907dfeb0c7,0.25,0.08,0.06749661266803741
5a04ef81-6234-4c7a-bf8a-9c907dfeb0c7,0.25,0.13,0.07349327951669693
5a04ef81-6234-4c7a-bf8a-9c907dfeb0c7,0.25,0.18000000000000002,0.07406773418188095
5a04ef81-6234-4c7a-bf8a-9c907dfeb0c7,0.25,0.23,0.07286348938941956
5a04ef81-6234-4c7a-bf8a-9c907dfeb0c7,0.30000000000000004,0.03,0.05680912360548973
5a04ef81-6234-4c7a-bf8a-9c907dfeb0c7,0.30000000000000004,0.08,0.06217794492840767
5a04ef81-6234-4c7a-bf8a-9c907dfeb0c7,0.30000000000000004,0.13,0.06708355247974396
5a04ef81-6234-4c7a-bf8a-9c907dfeb0c7,0.30000000000000004,0.18000000000000002,0.06559258699417114
5a04ef81-6234-4c7a-bf8a-9c907dfeb0c7,0.30000000000000004,0.23,0.07834123075008392
5a71424d-5233-4d82-8425-76bd73458abc,0.0,0.03,0.049503862857818604
5a71424d-5233-4d82-8425-76bd73458abc,0.0,0.08,0.05649545043706894
5a71424d-5233-4d82-8425-76bd73458abc,0.0,0.13,0.06453315168619156
5a71424d-5233-4d82-8425-76bd73458abc,0.0,0.18000000000000002,0.06715205311775208
5a71424d-5233-4d82-8425-76bd73458abc,0.0,0.23,0.0766618475317955
5a71424d-5233-4d82-8425-76bd73458abc,0.01,0.03,0.052263885736465454
5a71424d-5233-4d82-8425-76bd73458abc,0.01,0.08,0.061888083815574646
5a71424d-5233-4d82-8425-76bd73458abc,0.01,0.13,0.06845112144947052
5a71424d-5233-4d82-8425-76bd73458abc,0.01,0.18000000000000002,0.07478819787502289
5a71424d-5233-4d82-8425-76bd73458abc,0.01,0.23,0.07777319848537445
5a71424d-5233-4d82-8425-76bd73458abc,0.02,0.03,0.050257302820682526
5a71424d-5233-4d82-8425-76bd73458abc,0.02,0.08,0.0600174143910408
5a71424d-5233-4d82-8425-76bd73458abc,0.02,0.13,0.06218959763646126
5a71424d-5233-4d82-8425-76bd73458abc,0.02,0.18000000000000002,0.07124672085046768
5a71424d-5233-4d82-8425-76bd73458abc,0.02,0.23,0.0735752135515213
5a71424d-5233-4d82-8425-76bd73458abc,0.03,0.03,0.04957940801978111
5a71424d-5233-4d82-8425-76bd73458abc,0.03,0.08,0.057834502309560776
5a71424d-5233-4d82-8425-76bd73458abc,0.03,0.13,0.06458629667758942
5a71424d-5233-4d82-8425-76bd73458abc,0.03,0.18000000000000002,0.06855268031358719
5a71424d-5233-4d82-8425-76bd73458abc,0.03,0.23,0.07043758779764175
5a71424d-5233-4d82-8425-76bd73458abc,0.04,0.03,0.048171188682317734
5a71424d-5233-4d82-8425-76bd73458abc,0.04,0.08,0.060788825154304504
5a71424d-5233-4d82-8425-76bd73458abc,0.05,0.03,0.04335556924343109
5a71424d-5233-4d82-8425-76bd73458abc,0.05,0.08,0.06385570764541626
5a71424d-5233-4d82-8425-76bd73458abc,0.05,0.13,0.06864384561777115
5a71424d-5233-4d82-8425-76bd73458abc,0.05,0.18000000000000002,0.07104683667421341
5a71424d-5233-4d82-8425-76bd73458abc,0.05,0.23,0.07300785183906555
5a71424d-5233-4d82-8425-76bd73458abc,0.1,0.03,0.04551241919398308
5a71424d-5233-4d82-8425-76bd73458abc,0.1,0.08,0.05931089445948601
5a71424d-5233-4d82-8425-76bd73458abc,0.1,0.13,0.0702032819390297
5a71424d-5233-4d82-8425-76bd73458abc,0.1,0.18000000000000002,0.07199718058109283
5a71424d-5233-4d82-8425-76bd73458abc,0.1,0.23,0.07326191663742065
5a71424d-5233-4d82-8425-76bd73458abc,0.15000000000000002,0.03,0.049118053168058395
5a71424d-5233-4d82-8425-76bd73458abc,0.15000000000000002,0.08,0.06654278188943863
5a71424d-5233-4d82-8425-76bd73458abc,0.15000000000000002,0.13,0.07177696377038956
5a71424d-5233-4d82-8425-76bd73458abc,0.15000000000000002,0.18000000000000002,0.0730079635977745
5a71424d-5233-4d82-8425-76bd73458abc,0.15000000000000002,0.23,0.07519298791885376
5a71424d-5233-4d82-8425-76bd73458abc,0.2,0.03,0.050466157495975494
5a71424d-5233-4d82-8425-76bd73458abc,0.2,0.08,0.07331550121307373
5a71424d-5233-4d82-8425-76bd73458abc,0.2,0.13,0.07153215259313583
5a71424d-5233-4d82-8425-76bd73458abc,0.2,0.18000000000000002,0.07132095098495483
5a71424d-5233-4d82-8425-76bd73458abc,0.2,0.23,0.06974959373474121
5a71424d-5233-4d82-8425-76bd73458abc,0.25,0.03,0.05275249108672142
5a71424d-5233-4d82-8425-76bd73458abc,0.25,0.08,0.06474728137254715
5a71424d-5233-4d82-8425-76bd73458abc,0.25,0.13,0.06512194126844406
5a71424d-5233-4d82-8425-76bd73458abc,0.25,0.18000000000000002,0.06417642533779144
5a71424d-5233-4d82-8425-76bd73458abc,0.25,0.23,0.06851314008235931
5a71424d-5233-4d82-8425-76bd73458abc,0.30000000000000004,0.03,0.04804819077253342
5a71424d-5233-4d82-8425-76bd73458abc,0.30000000000000004,0.08,0.06349095702171326
5a71424d-5233-4d82-8425-76bd73458abc,0.30000000000000004,0.13,0.0631352961063385
5a71424d-5233-4d82-8425-76bd73458abc,0.30000000000000004,0.18000000000000002,0.06739760935306549
5a71424d-5233-4d82-8425-76bd73458abc,0.30000000000000004,0.23,0.06559929251670837
5b79dfa7-8dda-49b6-93c5-a90b38bf8c80,0.0,0.03,0.08631781488656998
5b79dfa7-8dda-49b6-93c5-a90b38bf8c80,0.0,0.08,0.12267337739467621
5b79dfa7-8dda-49b6-93c5-a90b38bf8c80,0.0,0.13,0.10762305557727814
5b79dfa7-8dda-49b6-93c5-a90b38bf8c80,0.0,0.18000000000000002,0.08664855360984802
5b79dfa7-8dda-49b6-93c5-a90b38bf8c80,0.0,0.23,0.073807492852211
5b79dfa7-8dda-49b6-93c5-a90b38bf8c80,0.01,0.03,0.08563543111085892
5b79dfa7-8dda-49b6-93c5-a90b38bf8c80,0.01,0.08,0.11852862685918808
5b79dfa7-8dda-49b6-93c5-a90b38bf8c80,0.01,0.13,0.1023072749376297
5b79dfa7-8dda-49b6-93c5-a90b38bf8c80,0.01,0.18000000000000002,0.08302678912878036
5b79dfa7-8dda-49b6-93c5-a90b38bf8c80,0.01,0.23,0.0698462575674057
5b79dfa7-8dda-49b6-93c5-a90b38bf8c80,0.02,0.03,0.10483282059431076
5b79dfa7-8dda-49b6-93c5-a90b38bf8c80,0.02,0.08,0.11732717603445053
5b79dfa7-8dda-49b6-93c5-a90b38bf8c80,0.02,0.13,0.09578976035118103
5b79dfa7-8dda-49b6-93c5-a90b38bf8c80,0.02,0.18000000000000002,0.07854976505041122
5b79dfa7-8dda-49b6-93c5-a90b38bf8c80,0.02,0.23,0.07082879543304443
5b79dfa7-8dda-49b6-93c5-a90b38bf8c80,0.03,0.03,0.09910039603710175
5b79dfa7-8dda-49b6-93c5-a90b38bf8c80,0.03,0.08,0.10814449936151505
5b79dfa7-8dda-49b6-93c5-a90b38bf8c80,0.03,0.13,0.08491502702236176
5b79dfa7-8dda-49b6-93c5-a90b38bf8c80,0.03,0.18000000000000002,0.072545625269413
5b79dfa7-8dda-49b6-93c5-a90b38bf8c80,0.03,0.23,0.06553258746862411
5b79dfa7-8dda-49b6-93c5-a90b38bf8c80,0.04,0.03,0.09525597840547562
5b79dfa7-8dda-49b6-93c5-a90b38bf8c80,0.04,0.08,0.09608350694179535
5b79dfa7-8dda-49b6-93c5-a90b38bf8c80,0.05,0.03,0.0911891758441925
5b79dfa7-8dda-49b6-93c5-a90b38bf8c80,0.05,0.08,0.07702864706516266
5b79dfa7-8dda-49b6-93c5-a90b38bf8c80,0.05,0.13,0.06577956676483154
5b79dfa7-8dda-49b6-93c5-a90b38bf8c80,0.05,0.18000000000000002,0.0635591521859169
5b79dfa7-8dda-49b6-93c5-a90b38bf8c80,0.05,0.23,0.06065389886498451
5b79dfa7-8dda-49b6-93c5-a90b38bf8c80,0.1,0.03,0.04613503813743591
5b79dfa7-8dda-49b6-93c5-a90b38bf8c80,0.1,0.08,0.06407369673252106
5b79dfa7-8dda-49b6-93c5-a90b38bf8c80,0.1,0.13,0.06502435356378555
5b79dfa7-8dda-49b6-93c5-a90b38bf8c80,0.1,0.18000000000000002,0.0636926218867302
5b79dfa7-8dda-49b6-93c5-a90b38bf8c80,0.1,0.23,0.06209500879049301
5b79dfa7-8dda-49b6-93c5-a90b38bf8c80,0.15000000000000002,0.03,0.05741160362958908
5b79dfa7-8dda-49b6-93c5-a90b38bf8c80,0.15000000000000002,0.08,0.06763847172260284
5b79dfa7-8dda-49b6-93c5-a90b38bf8c80,0.15000000000000002,0.13,0.0668870061635971
5b79dfa7-8dda-49b6-93c5-a90b38bf8c80,0.15000000000000002,0.18000000000000002,0.0682615414261818
5b79dfa7-8dda-49b6-93c5-a90b38bf8c80,0.15000000000000002,0.23,0.06400563567876816
5b79dfa7-8dda-49b6-93c5-a90b38bf8c80,0.2,0.03,0.04612798988819122
5b79dfa7-8dda-49b6-93c5-a90b38bf8c80,0.2,0.08,0.0663730725646019
5b79dfa7-8dda-49b6-93c5-a90b38bf8c80,0.2,0.13,0.07094202190637589
5b79dfa7-8dda-49b6-93c5-a90b38bf8c80,0.2,0.18000000000000002,0.06523635238409042
5b79dfa7-8dda-49b6-93c5-a90b38bf8c80,0.2,0.23,0.06301211565732956
5b79dfa7-8dda-49b6-93c5-a90b38bf8c80,0.25,0.03,0.051676586270332336
5b79dfa7-8dda-49b6-93c5-a90b38bf8c80,0.25,0.08,0.06135556101799011
5b79dfa7-8dda-49b6-93c5-a90b38bf8c80,0.25,0.13,0.05808207392692566
5b79dfa7-8dda-49b6-93c5-a90b38bf8c80,0.25,0.18000000000000002,0.061035577207803726
5b79dfa7-8dda-49b6-93c5-a90b38bf8c80,0.25,0.23,0.06372372806072235
5b79dfa7-8dda-49b6-93c5-a90b38bf8c80,0.30000000000000004,0.03,0.05089886486530304
5b79dfa7-8dda-49b6-93c5-a90b38bf8c80,0.30000000000000004,0.08,0.055712200701236725
5b79dfa7-8dda-49b6-93c5-a90b38bf8c80,0.30000000000000004,0.13,0.060827404260635376
5b79dfa7-8dda-49b6-93c5-a90b38bf8c80,0.30000000000000004,0.18000000000000002,0.06444008648395538
5b79dfa7-8dda-49b6-93c5-a90b38bf8c80,0.30000000000000004,0.23,0.06909584254026413
5c135c63-d284-4ac2-a879-9ab095398235,0.0,0.03,0.04920446500182152
5c135c63-d284-4ac2-a879-9ab095398235,0.0,0.08,0.06460891664028168
5c135c63-d284-4ac2-a879-9ab095398235,0.0,0.13,0.07024655491113663
5c135c63-d284-4ac2-a879-9ab095398235,0.0,0.18000000000000002,0.06760109961032867
5c135c63-d284-4ac2-a879-9ab095398235,0.0,0.23,0.06651836633682251
5c135c63-d284-4ac2-a879-9ab095398235,0.01,0.03,0.050063565373420715
5c135c63-d284-4ac2-a879-9ab095398235,0.01,0.08,0.060889389365911484
5c135c63-d284-4ac2-a879-9ab095398235,0.01,0.13,0.06943471729755402
5c135c63-d284-4ac2-a879-9ab095398235,0.01,0.18000000000000002,0.06905583292245865
5c135c63-d284-4ac2-a879-9ab095398235,0.01,0.23,0.07066187262535095
5c135c63-d284-4ac2-a879-9ab095398235,0.02,0.03,0.050282400101423264
5c135c63-d284-4ac2-a879-9ab095398235,0.02,0.08,0.06264293193817139
5c135c63-d284-4ac2-a879-9ab095398235,0.02,0.13,0.06619545817375183
5c135c63-d284-4ac2-a879-9ab095398235,0.02,0.18000000000000002,0.06759663671255112
5c135c63-d284-4ac2-a879-9ab095398235,0.02,0.23,0.07281675934791565
5c135c63-d284-4ac2-a879-9ab095398235,0.03,0.03,0.04893501102924347
5c135c63-d284-4ac2-a879-9ab095398235,0.03,0.08,0.06339453160762787
5c135c63-d284-4ac2-a879-9ab095398235,0.03,0.13,0.06777536123991013
5c135c63-d284-4ac2-a879-9ab095398235,0.03,0.18000000000000002,0.0673619881272316
5c135c63-d284-4ac2-a879-9ab095398235,0.03,0.23,0.07355964183807373
5c135c63-d284-4ac2-a879-9ab095398235,0.04,0.03,0.054161105304956436
5c135c63-d284-4ac2-a879-9ab095398235,0.04,0.08,0.06503604352474213
5c135c63-d284-4ac2-a879-9ab095398235,0.05,0.03,0.051813311874866486
5c135c63-d284-4ac2-a879-9ab095398235,0.05,0.08,0.05745453014969826
5c135c63-d284-4ac2-a879-9ab095398235,0.05,0.13,0.06486938148736954
5c135c63-d284-4ac2-a879-9ab095398235,0.05,0.18000000000000002,0.06494012475013733
5c135c63-d284-4ac2-a879-9ab095398235,0.05,0.23,0.07086420059204102
5c135c63-d284-4ac2-a879-9ab095398235,0.1,0.03,0.048974037170410156
5c135c63-d284-4ac2-a879-9ab095398235,0.1,0.08,0.05907684937119484
5c135c63-d284-4ac2-a879-9ab095398235,0.1,0.13,0.060936089605093
5c135c63-d284-4ac2-a879-9ab095398235,0.1,0.18000000000000002,0.06677886098623276
5c135c63-d284-4ac2-a879-9ab095398235,0.1,0.23,0.07518482208251953
5c135c63-d284-4ac2-a879-9ab095398235,0.15000000000000002,0.03,0.04943156614899635
5c135c63-d284-4ac2-a879-9ab095398235,0.15000000000000002,0.08,0.05382542684674263
5c135c63-d284-4ac2-a879-9ab095398235,0.15000000000000002,0.13,0.06401441246271133
5c135c63-d284-4ac2-a879-9ab095398235,0.15000000000000002,0.18000000000000002,0.07191447168588638
5c135c63-d284-4ac2-a879-9ab095398235,0.15000000000000002,0.23,0.0753805935382843
5c135c63-d284-4ac2-a879-9ab095398235,0.2,0.03,0.04914738982915878
5c135c63-d284-4ac2-a879-9ab095398235,0.2,0.08,0.06138090416789055
5c135c63-d284-4ac2-a879-9ab095398235,0.2,0.13,0.06921302527189255
5c135c63-d284-4ac2-a879-9ab095398235,0.2,0.18000000000000002,0.07211989909410477
5c135c63-d284-4ac2-a879-9ab095398235,0.2,0.23,0.0737781897187233
5c135c63-d284-4ac2-a879-9ab095398235,0.25,0.03,0.046115562319755554
5c135c63-d284-4ac2-a879-9ab095398235,0.25,0.08,0.054267656058073044
5c135c63-d284-4ac2-a879-9ab095398235,0.25,0.13,0.0674174502491951
5c135c63-d284-4ac2-a879-9ab095398235,0.25,0.18000000000000002,0.06634414941072464
5c135c63-d284-4ac2-a879-9ab095398235,0.25,0.23,0.06853082776069641
5c135c63-d284-4ac2-a879-9ab095398235,0.30000000000000004,0.03,0.05423058941960335
5c135c63-d284-4ac2-a879-9ab095398235,0.30000000000000004,0.08,0.06642220914363861
5c135c63-d284-4ac2-a879-9ab095398235,0.30000000000000004,0.13,0.06313290446996689
5c135c63-d284-4ac2-a879-9ab095398235,0.30000000000000004,0.18000000000000002,0.06705199182033539
5c135c63-d284-4ac2-a879-9ab095398235,0.30000000000000004,0.23,0.06801789999008179
5ca045a5-3d71-42b9-8bba-809044ba41f0,0.0,0.03,0.12881045043468475
5ca045a5-3d71-42b9-8bba-809044ba41f0,0.0,0.08,0.15843415260314941
5ca045a5-3d71-42b9-8bba-809044ba41f0,0.0,0.13,0.15310165286064148
5ca045a5-3d71-42b9-8bba-809044ba41f0,0.0,0.18000000000000002,0.14706715941429138
5ca045a5-3d71-42b9-8bba-809044ba41f0,0.0,0.23,0.13368293642997742
5ca045a5-3d71-42b9-8bba-809044ba41f0,0.01,0.03,0.12100985646247864
5ca045a5-3d71-42b9-8bba-809044ba41f0,0.01,0.08,0.15498100221157074
5ca045a5-3d71-42b9-8bba-809044ba41f0,0.01,0.13,0.15174570679664612
5ca045a5-3d71-42b9-8bba-809044ba41f0,0.01,0.18000000000000002,0.1370343565940857
5ca045a5-3d71-42b9-8bba-809044ba41f0,0.01,0.23,0.13848845660686493
5ca045a5-3d71-42b9-8bba-809044ba41f0,0.02,0.03,0.1155841276049614
5ca045a5-3d71-42b9-8bba-809044ba41f0,0.02,0.08,0.1436121016740799
5ca045a5-3d71-42b9-8bba-809044ba41f0,0.02,0.13,0.13670676946640015
5ca045a5-3d71-42b9-8bba-809044ba41f0,0.02,0.18000000000000002,0.13226313889026642
5ca045a5-3d71-42b9-8bba-809044ba41f0,0.02,0.23,0.1257478892803192
5ca045a5-3d71-42b9-8bba-809044ba41f0,0.03,0.03,0.10857512056827545
5ca045a5-3d71-42b9-8bba-809044ba41f0,0.03,0.08,0.11740844696760178
5ca045a5-3d71-42b9-8bba-809044ba41f0,0.03,0.13,0.12402273714542389
5ca045a5-3d71-42b9-8bba-809044ba41f0,0.03,0.18000000000000002,0.11895494163036346
5ca045a5-3d71-42b9-8bba-809044ba41f0,0.03,0.23,0.10888423770666122
5ca045a5-3d71-42b9-8bba-809044ba41f0,0.04,0.03,0.11323540657758713
5ca045a5-3d71-42b9-8bba-809044ba41f0,0.04,0.08,0.11936431378126144
5ca045a5-3d71-42b9-8bba-809044ba41f0,0.05,0.03,0.09651488810777664
5ca045a5-3d71-42b9-8bba-809044ba41f0,0.05,0.08,0.12214420735836029
5ca045a5-3d71-42b9-8bba-809044ba41f0,0.05,0.13,0.11531530320644379
5ca045a5-3d71-42b9-8bba-809044ba41f0,0.05,0.18000000000000002,0.11034348607063293
5ca045a5-3d71-42b9-8bba-809044ba41f0,0.05,0.23,0.10799325257539749
5ca045a5-3d71-42b9-8bba-809044ba41f0,0.1,0.03,0.07501403987407684
5ca045a5-3d71-42b9-8bba-809044ba41f0,0.1,0.08,0.07449688017368317
5ca045a5-3d71-42b9-8bba-809044ba41f0,0.1,0.13,0.09074584394693375
5ca045a5-3d71-42b9-8bba-809044ba41f0,0.1,0.18000000000000002,0.09476523101329803
5ca045a5-3d71-42b9-8bba-809044ba41f0,0.1,0.23,0.10085240006446838
5ca045a5-3d71-42b9-8bba-809044ba41f0,0.15000000000000002,0.03,0.05504385009407997
5ca045a5-3d71-42b9-8bba-809044ba41f0,0.15000000000000002,0.08,0.09116698801517487
5ca045a5-3d71-42b9-8bba-809044ba41f0,0.15000000000000002,0.13,0.0963180884718895
5ca045a5-3d71-42b9-8bba-809044ba41f0,0.15000000000000002,0.18000000000000002,0.11528050154447556
5ca045a5-3d71-42b9-8bba-809044ba41f0,0.15000000000000002,0.23,0.12387216836214066
5ca045a5-3d71-42b9-8bba-809044ba41f0,0.2,0.03,0.06504207849502563
5ca045a5-3d71-42b9-8bba-809044ba41f0,0.2,0.08,0.08697756379842758
5ca045a5-3d71-42b9-8bba-809044ba41f0,0.2,0.13,0.11639650166034698
5ca045a5-3d71-42b9-8bba-809044ba41f0,0.2,0.18000000000000002,0.12945698201656342
5ca045a5-3d71-42b9-8bba-809044ba41f0,0.2,0.23,0.1491072028875351
5ca045a5-3d71-42b9-8bba-809044ba41f0,0.25,0.03,0.06289445608854294
5ca045a5-3d71-42b9-8bba-809044ba41f0,0.25,0.08,0.11671027541160583
5ca045a5-3d71-42b9-8bba-809044ba41f0,0.25,0.13,0.13175182044506073
5ca045a5-3d71-42b9-8bba-809044ba41f0,0.25,0.18000000000000002,0.14990496635437012
5ca045a5-3d71-42b9-8bba-809044ba41f0,0.25,0.23,0.1562126874923706
5ca045a5-3d71-42b9-8bba-809044ba41f0,0.30000000000000004,0.03,0.08011329919099808
5ca045a5-3d71-42b9-8bba-809044ba41f0,0.30000000000000004,0.08,0.10685238242149353
5ca045a5-3d71-42b9-8bba-809044ba41f0,0.30000000000000004,0.13,0.13667264580726624
5ca045a5-3d71-42b9-8bba-809044ba41f0,0.30000000000000004,0.18000000000000002,0.1417018473148346
5ca045a5-3d71-42b9-8bba-809044ba41f0,0.30000000000000004,0.23,0.16014814376831055
5ccec05c-11b4-467a-ace6-70c5a788e78b,0.0,0.03,0.04392169415950775
5ccec05c-11b4-467a-ace6-70c5a788e78b,0.0,0.08,0.051456548273563385
5ccec05c-11b4-467a-ace6-70c5a788e78b,0.0,0.13,0.06457667797803879
5ccec05c-11b4-467a-ace6-70c5a788e78b,0.0,0.18000000000000002,0.06296101957559586
5ccec05c-11b4-467a-ace6-70c5a788e78b,0.0,0.23,0.06802476942539215
5ccec05c-11b4-467a-ace6-70c5a788e78b,0.01,0.03,0.046293508261442184
5ccec05c-11b4-467a-ace6-70c5a788e78b,0.01,0.08,0.055336978286504745
5ccec05c-11b4-467a-ace6-70c5a788e78b,0.01,0.13,0.06257231533527374
5ccec05c-11b4-467a-ace6-70c5a788e78b,0.01,0.18000000000000002,0.06381577998399734
5ccec05c-11b4-467a-ace6-70c5a788e78b,0.01,0.23,0.06322095543146133
5ccec05c-11b4-467a-ace6-70c5a788e78b,0.02,0.03,0.04300452023744583
5ccec05c-11b4-467a-ace6-70c5a788e78b,0.02,0.08,0.0554242804646492
5ccec05c-11b4-467a-ace6-70c5a788e78b,0.02,0.13,0.057816024869680405
5ccec05c-11b4-467a-ace6-70c5a788e78b,0.02,0.18000000000000002,0.06547670066356659
5ccec05c-11b4-467a-ace6-70c5a788e78b,0.02,0.23,0.06618337333202362
5ccec05c-11b4-467a-ace6-70c5a788e78b,0.03,0.03,0.04558870941400528
5ccec05c-11b4-467a-ace6-70c5a788e78b,0.03,0.08,0.050377439707517624
5ccec05c-11b4-467a-ace6-70c5a788e78b,0.03,0.13,0.05871880427002907
5ccec05c-11b4-467a-ace6-70c5a788e78b,0.03,0.18000000000000002,0.0677737146615982
5ccec05c-11b4-467a-ace6-70c5a788e78b,0.03,0.23,0.06820673495531082
5ccec05c-11b4-467a-ace6-70c5a788e78b,0.04,0.03,0.04665263742208481
5ccec05c-11b4-467a-ace6-70c5a788e78b,0.04,0.08,0.05786717310547829
5ccec05c-11b4-467a-ace6-70c5a788e78b,0.05,0.03,0.04573836922645569
5ccec05c-11b4-467a-ace6-70c5a788e78b,0.05,0.08,0.05859408155083656
5ccec05c-11b4-467a-ace6-70c5a788e78b,0.05,0.13,0.06302914768457413
5ccec05c-11b4-467a-ace6-70c5a788e78b,0.05,0.18000000000000002,0.06867697834968567
5ccec05c-11b4-467a-ace6-70c5a788e78b,0.05,0.23,0.06651784479618073
5ccec05c-11b4-467a-ace6-70c5a788e78b,0.1,0.03,0.04714834317564964
5ccec05c-11b4-467a-ace6-70c5a788e78b,0.1,0.08,0.06019376218318939
5ccec05c-11b4-467a-ace6-70c5a788e78b,0.1,0.13,0.06938546150922775
5ccec05c-11b4-467a-ace6-70c5a788e78b,0.1,0.18000000000000002,0.0740780383348465
5ccec05c-11b4-467a-ace6-70c5a788e78b,0.1,0.23,0.06245192140340805
5ccec05c-11b4-467a-ace6-70c5a788e78b,0.15000000000000002,0.03,0.0487724132835865
5ccec05c-11b4-467a-ace6-70c5a788e78b,0.15000000000000002,0.08,0.07198688387870789
5ccec05c-11b4-467a-ace6-70c5a788e78b,0.15000000000000002,0.13,0.07024314254522324
5ccec05c-11b4-467a-ace6-70c5a788e78b,0.15000000000000002,0.18000000000000002,0.07106275856494904
5ccec05c-11b4-467a-ace6-70c5a788e78b,0.15000000000000002,0.23,0.07030262798070908
5ccec05c-11b4-467a-ace6-70c5a788e78b,0.2,0.03,0.051431722939014435
5ccec05c-11b4-467a-ace6-70c5a788e78b,0.2,0.08,0.06345835328102112
5ccec05c-11b4-467a-ace6-70c5a788e78b,0.2,0.13,0.0781010314822197
5ccec05c-11b4-467a-ace6-70c5a788e78b,0.2,0.18000000000000002,0.07420237362384796
5ccec05c-11b4-467a-ace6-70c5a788e78b,0.2,0.23,0.07387716323137283
5ccec05c-11b4-467a-ace6-70c5a788e78b,0.25,0.03,0.04863486811518669
5ccec05c-11b4-467a-ace6-70c5a788e78b,0.25,0.08,0.06556856632232666
5ccec05c-11b4-467a-ace6-70c5a788e78b,0.25,0.13,0.06350962817668915
5ccec05c-11b4-467a-ace6-70c5a788e78b,0.25,0.18000000000000002,0.0674794465303421
5ccec05c-11b4-467a-ace6-70c5a788e78b,0.25,0.23,0.07062256336212158
5ccec05c-11b4-467a-ace6-70c5a788e78b,0.30000000000000004,0.03,0.046093087643384933
5ccec05c-11b4-467a-ace6-70c5a788e78b,0.30000000000000004,0.08,0.05942772328853607
5ccec05c-11b4-467a-ace6-70c5a788e78b,0.30000000000000004,0.13,0.06322521716356277
5ccec05c-11b4-467a-ace6-70c5a788e78b,0.30000000000000004,0.18000000000000002,0.06827371567487717
5ccec05c-11b4-467a-ace6-70c5a788e78b,0.30000000000000004,0.23,0.06462381780147552
5db94ae0-6f0f-4898-9717-b295ffa33bfa,0.0,0.03,0.04923449456691742
5db94ae0-6f0f-4898-9717-b295ffa33bfa,0.0,0.08,0.050879064947366714
5db94ae0-6f0f-4898-9717-b295ffa33bfa,0.0,0.13,0.05655284225940704
5db94ae0-6f0f-4898-9717-b295ffa33bfa,0.0,0.18000000000000002,0.06510306894779205
5db94ae0-6f0f-4898-9717-b295ffa33bfa,0.0,0.23,0.06684090197086334
5db94ae0-6f0f-4898-9717-b295ffa33bfa,0.01,0.03,0.04862432926893234
5db94ae0-6f0f-4898-9717-b295ffa33bfa,0.01,0.08,0.054957836866378784
5db94ae0-6f0f-4898-9717-b295ffa33bfa,0.01,0.13,0.06030162051320076
5db94ae0-6f0f-4898-9717-b295ffa33bfa,0.01,0.18000000000000002,0.07332683354616165
5db94ae0-6f0f-4898-9717-b295ffa33bfa,0.01,0.23,0.0693267285823822
5db94ae0-6f0f-4898-9717-b295ffa33bfa,0.02,0.03,0.047181278467178345
5db94ae0-6f0f-4898-9717-b295ffa33bfa,0.02,0.08,0.05555026978254318
5db94ae0-6f0f-4898-9717-b295ffa33bfa,0.02,0.13,0.07071907818317413
5db94ae0-6f0f-4898-9717-b295ffa33bfa,0.02,0.18000000000000002,0.07919148355722427
5db94ae0-6f0f-4898-9717-b295ffa33bfa,0.02,0.23,0.07127653062343597
5db94ae0-6f0f-4898-9717-b295ffa33bfa,0.03,0.03,0.04251481592655182
5db94ae0-6f0f-4898-9717-b295ffa33bfa,0.03,0.08,0.05998758599162102
5db94ae0-6f0f-4898-9717-b295ffa33bfa,0.03,0.13,0.0768151730298996
5db94ae0-6f0f-4898-9717-b295ffa33bfa,0.03,0.18000000000000002,0.07930470257997513
5db94ae0-6f0f-4898-9717-b295ffa33bfa,0.03,0.23,0.07196523994207382
5db94ae0-6f0f-4898-9717-b295ffa33bfa,0.04,0.03,0.04397440329194069
5db94ae0-6f0f-4898-9717-b295ffa33bfa,0.04,0.08,0.06679282337427139
5db94ae0-6f0f-4898-9717-b295ffa33bfa,0.05,0.03,0.04717889800667763
5db94ae0-6f0f-4898-9717-b295ffa33bfa,0.05,0.08,0.06740648299455643
5db94ae0-6f0f-4898-9717-b295ffa33bfa,0.05,0.13,0.07909316569566727
5db94ae0-6f0f-4898-9717-b295ffa33bfa,0.05,0.18000000000000002,0.07852249592542648
5db94ae0-6f0f-4898-9717-b295ffa33bfa,0.05,0.23,0.06809115409851074
5db94ae0-6f0f-4898-9717-b295ffa33bfa,0.1,0.03,0.048754140734672546
5db94ae0-6f0f-4898-9717-b295ffa33bfa,0.1,0.08,0.063213050365448
5db94ae0-6f0f-4898-9717-b295ffa33bfa,0.1,0.13,0.0735640674829483
5db94ae0-6f0f-4898-9717-b295ffa33bfa,0.1,0.18000000000000002,0.06828956305980682
5db94ae0-6f0f-4898-9717-b295ffa33bfa,0.1,0.23,0.06890372931957245
5db94ae0-6f0f-4898-9717-b295ffa33bfa,0.15000000000000002,0.03,0.04834751784801483
5db94ae0-6f0f-4898-9717-b295ffa33bfa,0.15000000000000002,0.08,0.06003933772444725
5db94ae0-6f0f-4898-9717-b295ffa33bfa,0.15000000000000002,0.13,0.05947902053594589
5db94ae0-6f0f-4898-9717-b295ffa33bfa,0.15000000000000002,0.18000000000000002,0.0662674605846405
5db94ae0-6f0f-4898-9717-b295ffa33bfa,0.15000000000000002,0.23,0.06571289896965027
5db94ae0-6f0f-4898-9717-b295ffa33bfa,0.2,0.03,0.052298035472631454
5db94ae0-6f0f-4898-9717-b295ffa33bfa,0.2,0.08,0.05762293562293053
5db94ae0-6f0f-4898-9717-b295ffa33bfa,0.2,0.13,0.06630127131938934
5db94ae0-6f0f-4898-9717-b295ffa33bfa,0.2,0.18000000000000002,0.06030943617224693
5db94ae0-6f0f-4898-9717-b295ffa33bfa,0.2,0.23,0.06597936898469925
5db94ae0-6f0f-4898-9717-b295ffa33bfa,0.25,0.03,0.049760423600673676
5db94ae0-6f0f-4898-9717-b295ffa33bfa,0.25,0.08,0.06110149994492531
5db94ae0-6f0f-4898-9717-b295ffa33bfa,0.25,0.13,0.0642288327217102
5db94ae0-6f0f-4898-9717-b295ffa33bfa,0.25,0.18000000000000002,0.0702667236328125
5db94ae0-6f0f-4898-9717-b295ffa33bfa,0.25,0.23,0.06848528981208801
5db94ae0-6f0f-4898-9717-b295ffa33bfa,0.30000000000000004,0.03,0.047505103051662445
5db94ae0-6f0f-4898-9717-b295ffa33bfa,0.30000000000000004,0.08,0.059862054884433746
5db94ae0-6f0f-4898-9717-b295ffa33bfa,0.30000000000000004,0.13,0.06685443967580795
5db94ae0-6f0f-4898-9717-b295ffa33bfa,0.30000000000000004,0.18000000000000002,0.07042095810174942
5db94ae0-6f0f-4898-9717-b295ffa33bfa,0.30000000000000004,0.23,0.06330173462629318
5dc47b09-ecd7-4e91-b091-7d914a492173,0.0,0.03,0.051377974450588226
5dc47b09-ecd7-4e91-b091-7d914a492173,0.0,0.08,0.0628233253955841
5dc47b09-ecd7-4e91-b091-7d914a492173,0.0,0.13,0.0809227004647255
5dc47b09-ecd7-4e91-b091-7d914a492173,0.0,0.18000000000000002,0.08168334513902664
5dc47b09-ecd7-4e91-b091-7d914a492173,0.0,0.23,0.08164510130882263
5dc47b09-ecd7-4e91-b091-7d914a492173,0.01,0.03,0.059913624078035355
5dc47b09-ecd7-4e91-b091-7d914a492173,0.01,0.08,0.07238011062145233
5dc47b09-ecd7-4e91-b091-7d914a492173,0.01,0.13,0.08006223291158676
5dc47b09-ecd7-4e91-b091-7d914a492173,0.01,0.18000000000000002,0.0868096798658371
5dc47b09-ecd7-4e91-b091-7d914a492173,0.01,0.23,0.08345121145248413
5dc47b09-ecd7-4e91-b091-7d914a492173,0.02,0.03,0.06116257607936859
5dc47b09-ecd7-4e91-b091-7d914a492173,0.02,0.08,0.06617262214422226
5dc47b09-ecd7-4e91-b091-7d914a492173,0.02,0.13,0.07572683691978455
5dc47b09-ecd7-4e91-b091-7d914a492173,0.02,0.18000000000000002,0.08279549330472946
5dc47b09-ecd7-4e91-b091-7d914a492173,0.02,0.23,0.07664348930120468
5dc47b09-ecd7-4e91-b091-7d914a492173,0.03,0.03,0.052273549139499664
5dc47b09-ecd7-4e91-b091-7d914a492173,0.03,0.08,0.060495465993881226
5dc47b09-ecd7-4e91-b091-7d914a492173,0.03,0.13,0.0791759043931961
5dc47b09-ecd7-4e91-b091-7d914a492173,0.03,0.18000000000000002,0.0780823826789856
5dc47b09-ecd7-4e91-b091-7d914a492173,0.03,0.23,0.07296805828809738
5dc47b09-ecd7-4e91-b091-7d914a492173,0.04,0.03,0.058439746499061584
5dc47b09-ecd7-4e91-b091-7d914a492173,0.04,0.08,0.07480267435312271
5dc47b09-ecd7-4e91-b091-7d914a492173,0.05,0.03,0.049459900707006454
5dc47b09-ecd7-4e91-b091-7d914a492173,0.05,0.08,0.06684587150812149
5dc47b09-ecd7-4e91-b091-7d914a492173,0.05,0.13,0.07716521620750427
5dc47b09-ecd7-4e91-b091-7d914a492173,0.05,0.18000000000000002,0.07723937928676605
5dc47b09-ecd7-4e91-b091-7d914a492173,0.05,0.23,0.06860414147377014
5dc47b09-ecd7-4e91-b091-7d914a492173,0.1,0.03,0.05651259794831276
5dc47b09-ecd7-4e91-b091-7d914a492173,0.1,0.08,0.07076267153024673
5dc47b09-ecd7-4e91-b091-7d914a492173,0.1,0.13,0.07517238706350327
5dc47b09-ecd7-4e91-b091-7d914a492173,0.1,0.18000000000000002,0.06937165558338165
5dc47b09-ecd7-4e91-b091-7d914a492173,0.1,0.23,0.07447216659784317
5dc47b09-ecd7-4e91-b091-7d914a492173,0.15000000000000002,0.03,0.04746602848172188
5dc47b09-ecd7-4e91-b091-7d914a492173,0.15000000000000002,0.08,0.0610586516559124
5dc47b09-ecd7-4e91-b091-7d914a492173,0.15000000000000002,0.13,0.06638924032449722
5dc47b09-ecd7-4e91-b091-7d914a492173,0.15000000000000002,0.18000000000000002,0.07698226720094681
5dc47b09-ecd7-4e91-b091-7d914a492173,0.15000000000000002,0.23,0.08202189207077026
5dc47b09-ecd7-4e91-b091-7d914a492173,0.2,0.03,0.05310116335749626
5dc47b09-ecd7-4e91-b091-7d914a492173,0.2,0.08,0.08009205758571625
5dc47b09-ecd7-4e91-b091-7d914a492173,0.2,0.13,0.07674292474985123
5dc47b09-ecd7-4e91-b091-7d914a492173,0.2,0.18000000000000002,0.07762423157691956
5dc47b09-ecd7-4e91-b091-7d914a492173,0.2,0.23,0.07928983867168427
5dc47b09-ecd7-4e91-b091-7d914a492173,0.25,0.03,0.061809275299310684
5dc47b09-ecd7-4e91-b091-7d914a492173,0.25,0.08,0.06013777107000351
5dc47b09-ecd7-4e91-b091-7d914a492173,0.25,0.13,0.0631006509065628
5dc47b09-ecd7-4e91-b091-7d914a492173,0.25,0.18000000000000002,0.08020950853824615
5dc47b09-ecd7-4e91-b091-7d914a492173,0.25,0.23,0.08364751935005188
5dc47b09-ecd7-4e91-b091-7d914a492173,0.30000000000000004,0.03,0.05296141654253006
5dc47b09-ecd7-4e91-b091-7d914a492173,0.30000000000000004,0.08,0.071314238011837
5dc47b09-ecd7-4e91-b091-7d914a492173,0.30000000000000004,0.13,0.08588852733373642
5dc47b09-ecd7-4e91-b091-7d914a492173,0.30000000000000004,0.18000000000000002,0.0880938172340393
5dc47b09-ecd7-4e91-b091-7d914a492173,0.30000000000000004,0.23,0.08741076290607452
5deaff8c-6ef2-466a-b6f4-458d829c6e62,0.0,0.03,0.07590565830469131
5deaff8c-6ef2-466a-b6f4-458d829c6e62,0.0,0.08,0.09172885119915009
5deaff8c-6ef2-466a-b6f4-458d829c6e62,0.0,0.13,0.09611951559782028
5deaff8c-6ef2-466a-b6f4-458d829c6e62,0.0,0.18000000000000002,0.08563277125358582
5deaff8c-6ef2-466a-b6f4-458d829c6e62,0.0,0.23,0.07758338004350662
5deaff8c-6ef2-466a-b6f4-458d829c6e62,0.01,0.03,0.07316786050796509
5deaff8c-6ef2-466a-b6f4-458d829c6e62,0.01,0.08,0.09445866197347641
5deaff8c-6ef2-466a-b6f4-458d829c6e62,0.01,0.13,0.09371867775917053
5deaff8c-6ef2-466a-b6f4-458d829c6e62,0.01,0.18000000000000002,0.08906599879264832
5deaff8c-6ef2-466a-b6f4-458d829c6e62,0.01,0.23,0.0778263509273529
5deaff8c-6ef2-466a-b6f4-458d829c6e62,0.02,0.03,0.06726343929767609
5deaff8c-6ef2-466a-b6f4-458d829c6e62,0.02,0.08,0.09476248919963837
5deaff8c-6ef2-466a-b6f4-458d829c6e62,0.02,0.13,0.09549917280673981
5deaff8c-6ef2-466a-b6f4-458d829c6e62,0.02,0.18000000000000002,0.08444008231163025
5deaff8c-6ef2-466a-b6f4-458d829c6e62,0.02,0.23,0.07780520617961884
5deaff8c-6ef2-466a-b6f4-458d829c6e62,0.03,0.03,0.07823959738016129
5deaff8c-6ef2-466a-b6f4-458d829c6e62,0.03,0.08,0.09455598145723343
5deaff8c-6ef2-466a-b6f4-458d829c6e62,0.03,0.13,0.09477880597114563
5deaff8c-6ef2-466a-b6f4-458d829c6e62,0.03,0.18000000000000002,0.08153049647808075
5deaff8c-6ef2-466a-b6f4-458d829c6e62,0.03,0.23,0.0756031945347786
5deaff8c-6ef2-466a-b6f4-458d829c6e62,0.04,0.03,0.07782220840454102
5deaff8c-6ef2-466a-b6f4-458d829c6e62,0.04,0.08,0.09365176409482956
5deaff8c-6ef2-466a-b6f4-458d829c6e62,0.05,0.03,0.07544469833374023
5deaff8c-6ef2-466a-b6f4-458d829c6e62,0.05,0.08,0.08602164685726166
5deaff8c-6ef2-466a-b6f4-458d829c6e62,0.05,0.13,0.08330700546503067
5deaff8c-6ef2-466a-b6f4-458d829c6e62,0.05,0.18000000000000002,0.0766448900103569
5deaff8c-6ef2-466a-b6f4-458d829c6e62,0.05,0.23,0.07108922302722931
5deaff8c-6ef2-466a-b6f4-458d829c6e62,0.1,0.03,0.06292828917503357
5deaff8c-6ef2-466a-b6f4-458d829c6e62,0.1,0.08,0.06737148761749268
5deaff8c-6ef2-466a-b6f4-458d829c6e62,0.1,0.13,0.07089894264936447
5deaff8c-6ef2-466a-b6f4-458d829c6e62,0.1,0.18000000000000002,0.07024542987346649
5deaff8c-6ef2-466a-b6f4-458d829c6e62,0.1,0.23,0.07321985810995102
5deaff8c-6ef2-466a-b6f4-458d829c6e62,0.15000000000000002,0.03,0.054253432899713516
5deaff8c-6ef2-466a-b6f4-458d829c6e62,0.15000000000000002,0.08,0.06799440830945969
5deaff8c-6ef2-466a-b6f4-458d829c6e62,0.15000000000000002,0.13,0.06652995198965073
5deaff8c-6ef2-466a-b6f4-458d829c6e62,0.15000000000000002,0.18000000000000002,0.07250171899795532
5deaff8c-6ef2-466a-b6f4-458d829c6e62,0.15000000000000002,0.23,0.07723791897296906
5deaff8c-6ef2-466a-b6f4-458d829c6e62,0.2,0.03,0.0577775239944458
5deaff8c-6ef2-466a-b6f4-458d829c6e62,0.2,0.08,0.07273951172828674
5deaff8c-6ef2-466a-b6f4-458d829c6e62,0.2,0.13,0.07882775366306305
5deaff8c-6ef2-466a-b6f4-458d829c6e62,0.2,0.18000000000000002,0.08241571485996246
5deaff8c-6ef2-466a-b6f4-458d829c6e62,0.2,0.23,0.08334123343229294
5deaff8c-6ef2-466a-b6f4-458d829c6e62,0.25,0.03,0.06192471832036972
5deaff8c-6ef2-466a-b6f4-458d829c6e62,0.25,0.08,0.07117538899183273
5deaff8c-6ef2-466a-b6f4-458d829c6e62,0.25,0.13,0.07802744954824448
5deaff8c-6ef2-466a-b6f4-458d829c6e62,0.25,0.18000000000000002,0.07997409254312515
5deaff8c-6ef2-466a-b6f4-458d829c6e62,0.25,0.23,0.07811111956834793
5deaff8c-6ef2-466a-b6f4-458d829c6e62,0.30000000000000004,0.03,0.05560080334544182
5deaff8c-6ef2-466a-b6f4-458d829c6e62,0.30000000000000004,0.08,0.07019024342298508
5deaff8c-6ef2-466a-b6f4-458d829c6e62,0.30000000000000004,0.13,0.07691461592912674
5deaff8c-6ef2-466a-b6f4-458d829c6e62,0.30000000000000004,0.18000000000000002,0.07647237926721573
5deaff8c-6ef2-466a-b6f4-458d829c6e62,0.30000000000000004,0.23,0.08101940900087357
5e6aa07c-0dc6-41ed-9a80-6261861df9b5,0.0,0.03,0.05087155103683472
5e6aa07c-0dc6-41ed-9a80-6261861df9b5,0.0,0.08,0.05612582713365555
5e6aa07c-0dc6-41ed-9a80-6261861df9b5,0.0,0.13,0.053241170942783356
5e6aa07c-0dc6-41ed-9a80-6261861df9b5,0.0,0.18000000000000002,0.0653725266456604
5e6aa07c-0dc6-41ed-9a80-6261861df9b5,0.0,0.23,0.07599245756864548
5e6aa07c-0dc6-41ed-9a80-6261861df9b5,0.01,0.03,0.04493549093604088
5e6aa07c-0dc6-41ed-9a80-6261861df9b5,0.01,0.08,0.05377497896552086
5e6aa07c-0dc6-41ed-9a80-6261861df9b5,0.01,0.13,0.060154687613248825
5e6aa07c-0dc6-41ed-9a80-6261861df9b5,0.01,0.18000000000000002,0.06853537261486053
5e6aa07c-0dc6-41ed-9a80-6261861df9b5,0.01,0.23,0.0821700245141983
5e6aa07c-0dc6-41ed-9a80-6261861df9b5,0.02,0.03,0.047410134226083755
5e6aa07c-0dc6-41ed-9a80-6261861df9b5,0.02,0.08,0.05183126777410507
5e6aa07c-0dc6-41ed-9a80-6261861df9b5,0.02,0.13,0.05997525528073311
5e6aa07c-0dc6-41ed-9a80-6261861df9b5,0.02,0.18000000000000002,0.06870812177658081
5e6aa07c-0dc6-41ed-9a80-6261861df9b5,0.02,0.23,0.08547045290470123
5e6aa07c-0dc6-41ed-9a80-6261861df9b5,0.03,0.03,0.05439341813325882
5e6aa07c-0dc6-41ed-9a80-6261861df9b5,0.03,0.08,0.056240081787109375
5e6aa07c-0dc6-41ed-9a80-6261861df9b5,0.03,0.13,0.06153722479939461
5e6aa07c-0dc6-41ed-9a80-6261861df9b5,0.03,0.18000000000000002,0.07199328392744064
5e6aa07c-0dc6-41ed-9a80-6261861df9b5,0.03,0.23,0.08379253000020981
5e6aa07c-0dc6-41ed-9a80-6261861df9b5,0.04,0.03,0.045580435544252396
5e6aa07c-0dc6-41ed-9a80-6261861df9b5,0.04,0.08,0.05549530312418938
5e6aa07c-0dc6-41ed-9a80-6261861df9b5,0.05,0.03,0.048745524138212204
5e6aa07c-0dc6-41ed-9a80-6261861df9b5,0.05,0.08,0.060885749757289886
5e6aa07c-0dc6-41ed-9a80-6261861df9b5,0.05,0.13,0.06155052036046982
5e6aa07c-0dc6-41ed-9a80-6261861df9b5,0.05,0.18000000000000002,0.07346396893262863
5e6aa07c-0dc6-41ed-9a80-6261861df9b5,0.05,0.23,0.07459405809640884
5e6aa07c-0dc6-41ed-9a80-6261861df9b5,0.1,0.03,0.05050325021147728
5e6aa07c-0dc6-41ed-9a80-6261861df9b5,0.1,0.08,0.05824139341711998
5e6aa07c-0dc6-41ed-9a80-6261861df9b5,0.1,0.13,0.06875842064619064
5e6aa07c-0dc6-41ed-9a80-6261861df9b5,0.1,0.18000000000000002,0.07218374311923981
5e6aa07c-0dc6-41ed-9a80-6261861df9b5,0.1,0.23,0.07718534767627716
5e6aa07c-0dc6-41ed-9a80-6261861df9b5,0.15000000000000002,0.03,0.04560920596122742
5e6aa07c-0dc6-41ed-9a80-6261861df9b5,0.15000000000000002,0.08,0.06607354432344437
5e6aa07c-0dc6-41ed-9a80-6261861df9b5,0.15000000000000002,0.13,0.06740421801805496
5e6aa07c-0dc6-41ed-9a80-6261861df9b5,0.15000000000000002,0.18000000000000002,0.07114830613136292
5e6aa07c-0dc6-41ed-9a80-6261861df9b5,0.15000000000000002,0.23,0.07739828526973724
5e6aa07c-0dc6-41ed-9a80-6261861df9b5,0.2,0.03,0.04907037317752838
5e6aa07c-0dc6-41ed-9a80-6261861df9b5,0.2,0.08,0.05944600701332092
5e6aa07c-0dc6-41ed-9a80-6261861df9b5,0.2,0.13,0.06837258487939835
5e6aa07c-0dc6-41ed-9a80-6261861df9b5,0.2,0.18000000000000002,0.0744132399559021
5e6aa07c-0dc6-41ed-9a80-6261861df9b5,0.2,0.23,0.07770438492298126
5e6aa07c-0dc6-41ed-9a80-6261861df9b5,0.25,0.03,0.05388332158327103
5e6aa07c-0dc6-41ed-9a80-6261861df9b5,0.25,0.08,0.06024583801627159
5e6aa07c-0dc6-41ed-9a80-6261861df9b5,0.25,0.13,0.08484067767858505
5e6aa07c-0dc6-41ed-9a80-6261861df9b5,0.25,0.18000000000000002,0.08631016314029694
5e6aa07c-0dc6-41ed-9a80-6261861df9b5,0.25,0.23,0.0844748243689537
5e6aa07c-0dc6-41ed-9a80-6261861df9b5,0.30000000000000004,0.03,0.0525139719247818
5e6aa07c-0dc6-41ed-9a80-6261861df9b5,0.30000000000000004,0.08,0.07842730730772018
5e6aa07c-0dc6-41ed-9a80-6261861df9b5,0.30000000000000004,0.13,0.07837731391191483
5e6aa07c-0dc6-41ed-9a80-6261861df9b5,0.30000000000000004,0.18000000000000002,0.077851302921772
5e6aa07c-0dc6-41ed-9a80-6261861df9b5,0.30000000000000004,0.23,0.08130954951047897
5f779945-8caa-4a7b-8754-7fd1f1f793e1,0.0,0.03,0.05036161094903946
5f779945-8caa-4a7b-8754-7fd1f1f793e1,0.0,0.08,0.058310579508543015
5f779945-8caa-4a7b-8754-7fd1f1f793e1,0.0,0.13,0.0686468705534935
5f779945-8caa-4a7b-8754-7fd1f1f793e1,0.0,0.18000000000000002,0.07299447804689407
5f779945-8caa-4a7b-8754-7fd1f1f793e1,0.0,0.23,0.07278794795274734
5f779945-8caa-4a7b-8754-7fd1f1f793e1,0.01,0.03,0.05434487760066986
5f779945-8caa-4a7b-8754-7fd1f1f793e1,0.01,0.08,0.06158165633678436
5f779945-8caa-4a7b-8754-7fd1f1f793e1,0.01,0.13,0.06616629660129547
5f779945-8caa-4a7b-8754-7fd1f1f793e1,0.01,0.18000000000000002,0.07571057975292206
5f779945-8caa-4a7b-8754-7fd1f1f793e1,0.01,0.23,0.07287213206291199
5f779945-8caa-4a7b-8754-7fd1f1f793e1,0.02,0.03,0.04731953516602516
5f779945-8caa-4a7b-8754-7fd1f1f793e1,0.02,0.08,0.06100799888372421
5f779945-8caa-4a7b-8754-7fd1f1f793e1,0.02,0.13,0.06416454911231995
5f779945-8caa-4a7b-8754-7fd1f1f793e1,0.02,0.18000000000000002,0.06875675171613693
5f779945-8caa-4a7b-8754-7fd1f1f793e1,0.02,0.23,0.07098892331123352
5f779945-8caa-4a7b-8754-7fd1f1f793e1,0.03,0.03,0.04300757125020027
5f779945-8caa-4a7b-8754-7fd1f1f793e1,0.03,0.08,0.06351738423109055
5f779945-8caa-4a7b-8754-7fd1f1f793e1,0.03,0.13,0.06996313482522964
5f779945-8caa-4a7b-8754-7fd1f1f793e1,0.03,0.18000000000000002,0.06954881548881531
5f779945-8caa-4a7b-8754-7fd1f1f793e1,0.03,0.23,0.07511931657791138
5f779945-8caa-4a7b-8754-7fd1f1f793e1,0.04,0.03,0.048545628786087036
5f779945-8caa-4a7b-8754-7fd1f1f793e1,0.04,0.08,0.06260981410741806
5f779945-8caa-4a7b-8754-7fd1f1f793e1,0.05,0.03,0.054622676223516464
5f779945-8caa-4a7b-8754-7fd1f1f793e1,0.05,0.08,0.06360749900341034
5f779945-8caa-4a7b-8754-7fd1f1f793e1,0.05,0.13,0.06974105536937714
5f779945-8caa-4a7b-8754-7fd1f1f793e1,0.05,0.18000000000000002,0.07647959142923355
5f779945-8caa-4a7b-8754-7fd1f1f793e1,0.05,0.23,0.08696453273296356
5f779945-8caa-4a7b-8754-7fd1f1f793e1,0.1,0.03,0.05058044567704201
5f779945-8caa-4a7b-8754-7fd1f1f793e1,0.1,0.08,0.062197405844926834
5f779945-8caa-4a7b-8754-7fd1f1f793e1,0.1,0.13,0.07231198996305466
5f779945-8caa-4a7b-8754-7fd1f1f793e1,0.1,0.18000000000000002,0.08300227671861649
5f779945-8caa-4a7b-8754-7fd1f1f793e1,0.1,0.23,0.08370796591043472
5f779945-8caa-4a7b-8754-7fd1f1f793e1,0.15000000000000002,0.03,0.04843685030937195
5f779945-8caa-4a7b-8754-7fd1f1f793e1,0.15000000000000002,0.08,0.06782980263233185
5f779945-8caa-4a7b-8754-7fd1f1f793e1,0.15000000000000002,0.13,0.08164960891008377
5f779945-8caa-4a7b-8754-7fd1f1f793e1,0.15000000000000002,0.18000000000000002,0.07982311397790909
5f779945-8caa-4a7b-8754-7fd1f1f793e1,0.15000000000000002,0.23,0.07145174592733383
5f779945-8caa-4a7b-8754-7fd1f1f793e1,0.2,0.03,0.04774533212184906
5f779945-8caa-4a7b-8754-7fd1f1f793e1,0.2,0.08,0.06380171328783035
5f779945-8caa-4a7b-8754-7fd1f1f793e1,0.2,0.13,0.06866173446178436
5f779945-8caa-4a7b-8754-7fd1f1f793e1,0.2,0.18000000000000002,0.07249370217323303
5f779945-8caa-4a7b-8754-7fd1f1f793e1,0.2,0.23,0.07063291221857071
5f779945-8caa-4a7b-8754-7fd1f1f793e1,0.25,0.03,0.04779860004782677
5f779945-8caa-4a7b-8754-7fd1f1f793e1,0.25,0.08,0.06945118308067322
5f779945-8caa-4a7b-8754-7fd1f1f793e1,0.25,0.13,0.07139541953802109
5f779945-8caa-4a7b-8754-7fd1f1f793e1,0.25,0.18000000000000002,0.06854651868343353
5f779945-8caa-4a7b-8754-7fd1f1f793e1,0.25,0.23,0.06858471781015396
5f779945-8caa-4a7b-8754-7fd1f1f793e1,0.30000000000000004,0.03,0.05053635314106941
5f779945-8caa-4a7b-8754-7fd1f1f793e1,0.30000000000000004,0.08,0.05256784334778786
5f779945-8caa-4a7b-8754-7fd1f1f793e1,0.30000000000000004,0.13,0.0583699494600296
5f779945-8caa-4a7b-8754-7fd1f1f793e1,0.30000000000000004,0.18000000000000002,0.06261608004570007
5f779945-8caa-4a7b-8754-7fd1f1f793e1,0.30000000000000004,0.23,0.0618063323199749
5f8f0c1e-e903-4940-8a7b-d86bb83bbc12,0.0,0.03,0.042770642787218094
5f8f0c1e-e903-4940-8a7b-d86bb83bbc12,0.0,0.08,0.05472312122583389
5f8f0c1e-e903-4940-8a7b-d86bb83bbc12,0.0,0.13,0.06230486184358597
5f8f0c1e-e903-4940-8a7b-d86bb83bbc12,0.0,0.18000000000000002,0.06987393647432327
5f8f0c1e-e903-4940-8a7b-d86bb83bbc12,0.0,0.23,0.06954824924468994
5f8f0c1e-e903-4940-8a7b-d86bb83bbc12,0.01,0.03,0.045748330652713776
5f8f0c1e-e903-4940-8a7b-d86bb83bbc12,0.01,0.08,0.056482456624507904
5f8f0c1e-e903-4940-8a7b-d86bb83bbc12,0.01,0.13,0.06600168347358704
5f8f0c1e-e903-4940-8a7b-d86bb83bbc12,0.01,0.18000000000000002,0.07282302528619766
5f8f0c1e-e903-4940-8a7b-d86bb83bbc12,0.01,0.23,0.0704348161816597
5f8f0c1e-e903-4940-8a7b-d86bb83bbc12,0.02,0.03,0.04629575088620186
5f8f0c1e-e903-4940-8a7b-d86bb83bbc12,0.02,0.08,0.06742025166749954
5f8f0c1e-e903-4940-8a7b-d86bb83bbc12,0.02,0.13,0.0696285218000412
5f8f0c1e-e903-4940-8a7b-d86bb83bbc12,0.02,0.18000000000000002,0.07373341172933578
5f8f0c1e-e903-4940-8a7b-d86bb83bbc12,0.02,0.23,0.07063949108123779
5f8f0c1e-e903-4940-8a7b-d86bb83bbc12,0.03,0.03,0.04409584775567055
5f8f0c1e-e903-4940-8a7b-d86bb83bbc12,0.03,0.08,0.06810728460550308
5f8f0c1e-e903-4940-8a7b-d86bb83bbc12,0.03,0.13,0.06206696107983589
5f8f0c1e-e903-4940-8a7b-d86bb83bbc12,0.03,0.18000000000000002,0.07248169928789139
5f8f0c1e-e903-4940-8a7b-d86bb83bbc12,0.03,0.23,0.06999790668487549
5f8f0c1e-e903-4940-8a7b-d86bb83bbc12,0.04,0.03,0.0489632673561573
5f8f0c1e-e903-4940-8a7b-d86bb83bbc12,0.04,0.08,0.06115063279867172
5f8f0c1e-e903-4940-8a7b-d86bb83bbc12,0.05,0.03,0.05028904974460602
5f8f0c1e-e903-4940-8a7b-d86bb83bbc12,0.05,0.08,0.0632462203502655
5f8f0c1e-e903-4940-8a7b-d86bb83bbc12,0.05,0.13,0.0702957734465599
5f8f0c1e-e903-4940-8a7b-d86bb83bbc12,0.05,0.18000000000000002,0.06592757254838943
5f8f0c1e-e903-4940-8a7b-d86bb83bbc12,0.05,0.23,0.06568675488233566
5f8f0c1e-e903-4940-8a7b-d86bb83bbc12,0.1,0.03,0.05221612751483917
5f8f0c1e-e903-4940-8a7b-d86bb83bbc12,0.1,0.08,0.059923820197582245
5f8f0c1e-e903-4940-8a7b-d86bb83bbc12,0.1,0.13,0.06532847881317139
5f8f0c1e-e903-4940-8a7b-d86bb83bbc12,0.1,0.18000000000000002,0.06293205171823502
5f8f0c1e-e903-4940-8a7b-d86bb83bbc12,0.1,0.23,0.06632732599973679
5f8f0c1e-e903-4940-8a7b-d86bb83bbc12,0.15000000000000002,0.03,0.04760683327913284
5f8f0c1e-e903-4940-8a7b-d86bb83bbc12,0.15000000000000002,0.08,0.06545500457286835
5f8f0c1e-e903-4940-8a7b-d86bb83bbc12,0.15000000000000002,0.13,0.06317535042762756
5f8f0c1e-e903-4940-8a7b-d86bb83bbc12,0.15000000000000002,0.18000000000000002,0.06362809240818024
5f8f0c1e-e903-4940-8a7b-d86bb83bbc12,0.15000000000000002,0.23,0.06908302009105682
5f8f0c1e-e903-4940-8a7b-d86bb83bbc12,0.2,0.03,0.05029063671827316
5f8f0c1e-e903-4940-8a7b-d86bb83bbc12,0.2,0.08,0.05428417772054672
5f8f0c1e-e903-4940-8a7b-d86bb83bbc12,0.2,0.13,0.060203831642866135
5f8f0c1e-e903-4940-8a7b-d86bb83bbc12,0.2,0.18000000000000002,0.06412038207054138
5f8f0c1e-e903-4940-8a7b-d86bb83bbc12,0.2,0.23,0.07294733077287674
5f8f0c1e-e903-4940-8a7b-d86bb83bbc12,0.25,0.03,0.0546271912753582
5f8f0c1e-e903-4940-8a7b-d86bb83bbc12,0.25,0.08,0.05830993130803108
5f8f0c1e-e903-4940-8a7b-d86bb83bbc12,0.25,0.13,0.06006678566336632
5f8f0c1e-e903-4940-8a7b-d86bb83bbc12,0.25,0.18000000000000002,0.06676456332206726
5f8f0c1e-e903-4940-8a7b-d86bb83bbc12,0.25,0.23,0.07053100317716599
5f8f0c1e-e903-4940-8a7b-d86bb83bbc12,0.30000000000000004,0.03,0.047483015805482864
5f8f0c1e-e903-4940-8a7b-d86bb83bbc12,0.30000000000000004,0.08,0.05317140370607376
5f8f0c1e-e903-4940-8a7b-d86bb83bbc12,0.30000000000000004,0.13,0.06676922738552094
5f8f0c1e-e903-4940-8a7b-d86bb83bbc12,0.30000000000000004,0.18000000000000002,0.06711386889219284
5f8f0c1e-e903-4940-8a7b-d86bb83bbc12,0.30000000000000004,0.23,0.06709329783916473
5fabbd0c-6ca7-450d-998b-7ae4fc048c15,0.0,0.03,0.12158267945051193
5fabbd0c-6ca7-450d-998b-7ae4fc048c15,0.0,0.08,0.1713935285806656
5fabbd0c-6ca7-450d-998b-7ae4fc048c15,0.0,0.13,0.16390304267406464
5fabbd0c-6ca7-450d-998b-7ae4fc048c15,0.0,0.18000000000000002,0.12697650492191315
5fabbd0c-6ca7-450d-998b-7ae4fc048c15,0.0,0.23,0.12225106358528137
5fabbd0c-6ca7-450d-998b-7ae4fc048c15,0.01,0.03,0.1381409466266632
5fabbd0c-6ca7-450d-998b-7ae4fc048c15,0.01,0.08,0.18100576102733612
5fabbd0c-6ca7-450d-998b-7ae4fc048c15,0.01,0.13,0.16246484220027924
5fabbd0c-6ca7-450d-998b-7ae4fc048c15,0.01,0.18000000000000002,0.12776689231395721
5fabbd0c-6ca7-450d-998b-7ae4fc048c15,0.01,0.23,0.10814713686704636
5fabbd0c-6ca7-450d-998b-7ae4fc048c15,0.02,0.03,0.1405239850282669
5fabbd0c-6ca7-450d-998b-7ae4fc048c15,0.02,0.08,0.1788662075996399
5fabbd0c-6ca7-450d-998b-7ae4fc048c15,0.02,0.13,0.15000154078006744
5fabbd0c-6ca7-450d-998b-7ae4fc048c15,0.02,0.18000000000000002,0.11683427542448044
5fabbd0c-6ca7-450d-998b-7ae4fc048c15,0.02,0.23,0.11183571815490723
5fabbd0c-6ca7-450d-998b-7ae4fc048c15,0.03,0.03,0.1436915248632431
5fabbd0c-6ca7-450d-998b-7ae4fc048c15,0.03,0.08,0.16442684829235077
5fabbd0c-6ca7-450d-998b-7ae4fc048c15,0.03,0.13,0.13221116364002228
5fabbd0c-6ca7-450d-998b-7ae4fc048c15,0.03,0.18000000000000002,0.11375556141138077
5fabbd0c-6ca7-450d-998b-7ae4fc048c15,0.03,0.23,0.11524288356304169
5fabbd0c-6ca7-450d-998b-7ae4fc048c15,0.04,0.03,0.15650147199630737
5fabbd0c-6ca7-450d-998b-7ae4fc048c15,0.04,0.08,0.15773572027683258
5fabbd0c-6ca7-450d-998b-7ae4fc048c15,0.05,0.03,0.14289149641990662
5fabbd0c-6ca7-450d-998b-7ae4fc048c15,0.05,0.08,0.13836906850337982
5fabbd0c-6ca7-450d-998b-7ae4fc048c15,0.05,0.13,0.1313488781452179
5fabbd0c-6ca7-450d-998b-7ae4fc048c15,0.05,0.18000000000000002,0.13164721429347992
5fabbd0c-6ca7-450d-998b-7ae4fc048c15,0.05,0.23,0.1294298619031906
5fabbd0c-6ca7-450d-998b-7ae4fc048c15,0.1,0.03,0.10672935843467712
5fabbd0c-6ca7-450d-998b-7ae4fc048c15,0.1,0.08,0.13434110581874847
5fabbd0c-6ca7-450d-998b-7ae4fc048c15,0.1,0.13,0.1337389200925827
5fabbd0c-6ca7-450d-998b-7ae4fc048c15,0.1,0.18000000000000002,0.13011783361434937
5fabbd0c-6ca7-450d-998b-7ae4fc048c15,0.1,0.23,0.12127353250980377
5fabbd0c-6ca7-450d-998b-7ae4fc048c15,0.15000000000000002,0.03,0.0915866419672966
5fabbd0c-6ca7-450d-998b-7ae4fc048c15,0.15000000000000002,0.08,0.10788726061582565
5fabbd0c-6ca7-450d-998b-7ae4fc048c15,0.15000000000000002,0.13,0.10781662911176682
5fabbd0c-6ca7-450d-998b-7ae4fc048c15,0.15000000000000002,0.18000000000000002,0.10052379965782166
5fabbd0c-6ca7-450d-998b-7ae4fc048c15,0.15000000000000002,0.23,0.08975917100906372
5fabbd0c-6ca7-450d-998b-7ae4fc048c15,0.2,0.03,0.08126503229141235
5fabbd0c-6ca7-450d-998b-7ae4fc048c15,0.2,0.08,0.08922702074050903
5fabbd0c-6ca7-450d-998b-7ae4fc048c15,0.2,0.13,0.0836409404873848
5fabbd0c-6ca7-450d-998b-7ae4fc048c15,0.2,0.18000000000000002,0.07947645336389542
5fabbd0c-6ca7-450d-998b-7ae4fc048c15,0.2,0.23,0.08171522617340088
5fabbd0c-6ca7-450d-998b-7ae4fc048c15,0.25,0.03,0.053985074162483215
5fabbd0c-6ca7-450d-998b-7ae4fc048c15,0.25,0.08,0.07077915966510773
5fabbd0c-6ca7-450d-998b-7ae4fc048c15,0.25,0.13,0.07404124736785889
5fabbd0c-6ca7-450d-998b-7ae4fc048c15,0.25,0.18000000000000002,0.08968985080718994
5fabbd0c-6ca7-450d-998b-7ae4fc048c15,0.25,0.23,0.10533327609300613
5fabbd0c-6ca7-450d-998b-7ae4fc048c15,0.30000000000000004,0.03,0.061641693115234375
5fabbd0c-6ca7-450d-998b-7ae4fc048c15,0.30000000000000004,0.08,0.07813674956560135
5fabbd0c-6ca7-450d-998b-7ae4fc048c15,0.30000000000000004,0.13,0.09571005403995514
5fabbd0c-6ca7-450d-998b-7ae4fc048c15,0.30000000000000004,0.18000000000000002,0.11198257654905319
5fabbd0c-6ca7-450d-998b-7ae4fc048c15,0.30000000000000004,0.23,0.1177576556801796
5fec6ac3-1ae9-45d7-b318-4b0f43c9bc43,0.0,0.03,0.045784417539834976
5fec6ac3-1ae9-45d7-b318-4b0f43c9bc43,0.0,0.08,0.05700792372226715
5fec6ac3-1ae9-45d7-b318-4b0f43c9bc43,0.0,0.13,0.05817076936364174
5fec6ac3-1ae9-45d7-b318-4b0f43c9bc43,0.0,0.18000000000000002,0.06915433704853058
5fec6ac3-1ae9-45d7-b318-4b0f43c9bc43,0.0,0.23,0.06748979538679123
5fec6ac3-1ae9-45d7-b318-4b0f43c9bc43,0.01,0.03,0.04939281940460205
5fec6ac3-1ae9-45d7-b318-4b0f43c9bc43,0.01,0.08,0.05474471673369408
5fec6ac3-1ae9-45d7-b318-4b0f43c9bc43,0.01,0.13,0.06963087618350983
5fec6ac3-1ae9-45d7-b318-4b0f43c9bc43,0.01,0.18000000000000002,0.06989189982414246
5fec6ac3-1ae9-45d7-b318-4b0f43c9bc43,0.01,0.23,0.06416990607976913
5fec6ac3-1ae9-45d7-b318-4b0f43c9bc43,0.02,0.03,0.049309518188238144
5fec6ac3-1ae9-45d7-b318-4b0f43c9bc43,0.02,0.08,0.05463375896215439
5fec6ac3-1ae9-45d7-b318-4b0f43c9bc43,0.02,0.13,0.07005146145820618
5fec6ac3-1ae9-45d7-b318-4b0f43c9bc43,0.02,0.18000000000000002,0.06674735993146896
5fec6ac3-1ae9-45d7-b318-4b0f43c9bc43,0.02,0.23,0.061818115413188934
5fec6ac3-1ae9-45d7-b318-4b0f43c9bc43,0.03,0.03,0.047548964619636536
5fec6ac3-1ae9-45d7-b318-4b0f43c9bc43,0.03,0.08,0.06326429545879364
5fec6ac3-1ae9-45d7-b318-4b0f43c9bc43,0.03,0.13,0.0717720240354538
5fec6ac3-1ae9-45d7-b318-4b0f43c9bc43,0.03,0.18000000000000002,0.07135900855064392
5fec6ac3-1ae9-45d7-b318-4b0f43c9bc43,0.03,0.23,0.06085960566997528
5fec6ac3-1ae9-45d7-b318-4b0f43c9bc43,0.04,0.03,0.04829593375325203
5fec6ac3-1ae9-45d7-b318-4b0f43c9bc43,0.04,0.08,0.06976968795061111
5fec6ac3-1ae9-45d7-b318-4b0f43c9bc43,0.05,0.03,0.051731448620557785
5fec6ac3-1ae9-45d7-b318-4b0f43c9bc43,0.05,0.08,0.06100253388285637
5fec6ac3-1ae9-45d7-b318-4b0f43c9bc43,0.05,0.13,0.07089530676603317
5fec6ac3-1ae9-45d7-b318-4b0f43c9bc43,0.05,0.18000000000000002,0.06781584024429321
5fec6ac3-1ae9-45d7-b318-4b0f43c9bc43,0.05,0.23,0.05741781368851662
5fec6ac3-1ae9-45d7-b318-4b0f43c9bc43,0.1,0.03,0.04594094306230545
5fec6ac3-1ae9-45d7-b318-4b0f43c9bc43,0.1,0.08,0.057182494550943375
5fec6ac3-1ae9-45d7-b318-4b0f43c9bc43,0.1,0.13,0.060965944081544876
5fec6ac3-1ae9-45d7-b318-4b0f43c9bc43,0.1,0.18000000000000002,0.05775340273976326
5fec6ac3-1ae9-45d7-b318-4b0f43c9bc43,0.1,0.23,0.06183774769306183
5fec6ac3-1ae9-45d7-b318-4b0f43c9bc43,0.15000000000000002,0.03,0.045125797390937805
5fec6ac3-1ae9-45d7-b318-4b0f43c9bc43,0.15000000000000002,0.08,0.05741019919514656
5fec6ac3-1ae9-45d7-b318-4b0f43c9bc43,0.15000000000000002,0.13,0.06912172585725784
5fec6ac3-1ae9-45d7-b318-4b0f43c9bc43,0.15000000000000002,0.18000000000000002,0.07259613275527954
5fec6ac3-1ae9-45d7-b318-4b0f43c9bc43,0.15000000000000002,0.23,0.06740887463092804
5fec6ac3-1ae9-45d7-b318-4b0f43c9bc43,0.2,0.03,0.050288449972867966
5fec6ac3-1ae9-45d7-b318-4b0f43c9bc43,0.2,0.08,0.06692522019147873
5fec6ac3-1ae9-45d7-b318-4b0f43c9bc43,0.2,0.13,0.0721854716539383
5fec6ac3-1ae9-45d7-b318-4b0f43c9bc43,0.2,0.18000000000000002,0.06694651395082474
5fec6ac3-1ae9-45d7-b318-4b0f43c9bc43,0.2,0.23,0.069115549325943
5fec6ac3-1ae9-45d7-b318-4b0f43c9bc43,0.25,0.03,0.05460796132683754
5fec6ac3-1ae9-45d7-b318-4b0f43c9bc43,0.25,0.08,0.07631625980138779
5fec6ac3-1ae9-45d7-b318-4b0f43c9bc43,0.25,0.13,0.06693312525749207
5fec6ac3-1ae9-45d7-b318-4b0f43c9bc43,0.25,0.18000000000000002,0.06802938878536224
5fec6ac3-1ae9-45d7-b318-4b0f43c9bc43,0.25,0.23,0.07314863801002502
5fec6ac3-1ae9-45d7-b318-4b0f43c9bc43,0.30000000000000004,0.03,0.05161469429731369
5fec6ac3-1ae9-45d7-b318-4b0f43c9bc43,0.30000000000000004,0.08,0.06008969619870186
5fec6ac3-1ae9-45d7-b318-4b0f43c9bc43,0.30000000000000004,0.13,0.06609661132097244
5fec6ac3-1ae9-45d7-b318-4b0f43c9bc43,0.30000000000000004,0.18000000000000002,0.07310913503170013
5fec6ac3-1ae9-45d7-b318-4b0f43c9bc43,0.30000000000000004,0.23,0.07528345286846161
60931688-e782-4e11-9f03-c93f611c225e,0.0,0.03,0.048713319003582
60931688-e782-4e11-9f03-c93f611c225e,0.0,0.08,0.07706697285175323
60931688-e782-4e11-9f03-c93f611c225e,0.0,0.13,0.07887399941682816
60931688-e782-4e11-9f03-c93f611c225e,0.0,0.18000000000000002,0.07505447417497635
60931688-e782-4e11-9f03-c93f611c225e,0.0,0.23,0.07112245261669159
60931688-e782-4e11-9f03-c93f611c225e,0.01,0.03,0.05035064369440079
60931688-e782-4e11-9f03-c93f611c225e,0.01,0.08,0.07594485580921173
60931688-e782-4e11-9f03-c93f611c225e,0.01,0.13,0.06888777017593384
60931688-e782-4e11-9f03-c93f611c225e,0.01,0.18000000000000002,0.07715478539466858
60931688-e782-4e11-9f03-c93f611c225e,0.01,0.23,0.08141728490591049
60931688-e782-4e11-9f03-c93f611c225e,0.02,0.03,0.05479400232434273
60931688-e782-4e11-9f03-c93f611c225e,0.02,0.08,0.06602411717176437
60931688-e782-4e11-9f03-c93f611c225e,0.02,0.13,0.07576078921556473
60931688-e782-4e11-9f03-c93f611c225e,0.02,0.18000000000000002,0.07926791906356812
60931688-e782-4e11-9f03-c93f611c225e,0.02,0.23,0.08113730698823929
60931688-e782-4e11-9f03-c93f611c225e,0.03,0.03,0.050739530473947525
60931688-e782-4e11-9f03-c93f611c225e,0.03,0.08,0.06963235139846802
60931688-e782-4e11-9f03-c93f611c225e,0.03,0.13,0.07561276108026505
60931688-e782-4e11-9f03-c93f611c225e,0.03,0.18000000000000002,0.08087903261184692
60931688-e782-4e11-9f03-c93f611c225e,0.03,0.23,0.08244124054908752
60931688-e782-4e11-9f03-c93f611c225e,0.04,0.03,0.04682755842804909
60931688-e782-4e11-9f03-c93f611c225e,0.04,0.08,0.06617840379476547
60931688-e782-4e11-9f03-c93f611c225e,0.05,0.03,0.05660265311598778
60931688-e782-4e11-9f03-c93f611c225e,0.05,0.08,0.05946609377861023
60931688-e782-4e11-9f03-c93f611c225e,0.05,0.13,0.06539832055568695
60931688-e782-4e11-9f03-c93f611c225e,0.05,0.18000000000000002,0.07574884593486786
60931688-e782-4e11-9f03-c93f611c225e,0.05,0.23,0.07429555058479309
60931688-e782-4e11-9f03-c93f611c225e,0.1,0.03,0.047910477966070175
60931688-e782-4e11-9f03-c93f611c225e,0.1,0.08,0.06755872070789337
60931688-e782-4e11-9f03-c93f611c225e,0.1,0.13,0.08064817637205124
60931688-e782-4e11-9f03-c93f611c225e,0.1,0.18000000000000002,0.07667975127696991
60931688-e782-4e11-9f03-c93f611c225e,0.1,0.23,0.07348029315471649
60931688-e782-4e11-9f03-c93f611c225e,0.15000000000000002,0.03,0.051341090351343155
60931688-e782-4e11-9f03-c93f611c225e,0.15000000000000002,0.08,0.0708046481013298
60931688-e782-4e11-9f03-c93f611c225e,0.15000000000000002,0.13,0.06794961541891098
60931688-e782-4e11-9f03-c93f611c225e,0.15000000000000002,0.18000000000000002,0.06356886029243469
60931688-e782-4e11-9f03-c93f611c225e,0.15000000000000002,0.23,0.06086048111319542
60931688-e782-4e11-9f03-c93f611c225e,0.2,0.03,0.047991517931222916
60931688-e782-4e11-9f03-c93f611c225e,0.2,0.08,0.057312920689582825
60931688-e782-4e11-9f03-c93f611c225e,0.2,0.13,0.059825386852025986
60931688-e782-4e11-9f03-c93f611c225e,0.2,0.18000000000000002,0.06275833398103714
60931688-e782-4e11-9f03-c93f611c225e,0.2,0.23,0.06291350722312927
60931688-e782-4e11-9f03-c93f611c225e,0.25,0.03,0.04584008455276489
60931688-e782-4e11-9f03-c93f611c225e,0.25,0.08,0.05789000913500786
60931688-e782-4e11-9f03-c93f611c225e,0.25,0.13,0.05710476636886597
60931688-e782-4e11-9f03-c93f611c225e,0.25,0.18000000000000002,0.058560267090797424
60931688-e782-4e11-9f03-c93f611c225e,0.25,0.23,0.059463679790496826
60931688-e782-4e11-9f03-c93f611c225e,0.30000000000000004,0.03,0.04549485445022583
60931688-e782-4e11-9f03-c93f611c225e,0.30000000000000004,0.08,0.05401470884680748
60931688-e782-4e11-9f03-c93f611c225e,0.30000000000000004,0.13,0.054473910480737686
60931688-e782-4e11-9f03-c93f611c225e,0.30000000000000004,0.18000000000000002,0.05618930980563164
60931688-e782-4e11-9f03-c93f611c225e,0.30000000000000004,0.23,0.06072307005524635
60ab0094-3ab2-40c5-ba50-0f1005a4ef34,0.0,0.03,0.047191038727760315
60ab0094-3ab2-40c5-ba50-0f1005a4ef34,0.0,0.08,0.06412246078252792
60ab0094-3ab2-40c5-ba50-0f1005a4ef34,0.0,0.13,0.06037013977766037
60ab0094-3ab2-40c5-ba50-0f1005a4ef34,0.0,0.18000000000000002,0.06161392107605934
60ab0094-3ab2-40c5-ba50-0f1005a4ef34,0.0,0.23,0.06363429874181747
60ab0094-3ab2-40c5-ba50-0f1005a4ef34,0.01,0.03,0.04522978514432907
60ab0094-3ab2-40c5-ba50-0f1005a4ef34,0.01,0.08,0.05322924628853798
60ab0094-3ab2-40c5-ba50-0f1005a4ef34,0.01,0.13,0.055986352264881134
60ab0094-3ab2-40c5-ba50-0f1005a4ef34,0.01,0.18000000000000002,0.05866200104355812
60ab0094-3ab2-40c5-ba50-0f1005a4ef34,0.01,0.23,0.06129256263375282
60ab0094-3ab2-40c5-ba50-0f1005a4ef34,0.02,0.03,0.04663725197315216
60ab0094-3ab2-40c5-ba50-0f1005a4ef34,0.02,0.08,0.054967429488897324
60ab0094-3ab2-40c5-ba50-0f1005a4ef34,0.02,0.13,0.05703694745898247
60ab0094-3ab2-40c5-ba50-0f1005a4ef34,0.02,0.18000000000000002,0.06196638569235802
60ab0094-3ab2-40c5-ba50-0f1005a4ef34,0.02,0.23,0.062256328761577606
60ab0094-3ab2-40c5-ba50-0f1005a4ef34,0.03,0.03,0.05182155221700668
60ab0094-3ab2-40c5-ba50-0f1005a4ef34,0.03,0.08,0.05889156833291054
60ab0094-3ab2-40c5-ba50-0f1005a4ef34,0.03,0.13,0.05780868977308273
60ab0094-3ab2-40c5-ba50-0f1005a4ef34,0.03,0.18000000000000002,0.05840813368558884
60ab0094-3ab2-40c5-ba50-0f1005a4ef34,0.03,0.23,0.06316395848989487
60ab0094-3ab2-40c5-ba50-0f1005a4ef34,0.04,0.03,0.04779551178216934
60ab0094-3ab2-40c5-ba50-0f1005a4ef34,0.04,0.08,0.051560286432504654
60ab0094-3ab2-40c5-ba50-0f1005a4ef34,0.05,0.03,0.04748358204960823
60ab0094-3ab2-40c5-ba50-0f1005a4ef34,0.05,0.08,0.049714621156454086
60ab0094-3ab2-40c5-ba50-0f1005a4ef34,0.05,0.13,0.057391874492168427
60ab0094-3ab2-40c5-ba50-0f1005a4ef34,0.05,0.18000000000000002,0.05978192016482353
60ab0094-3ab2-40c5-ba50-0f1005a4ef34,0.05,0.23,0.06344740837812424
60ab0094-3ab2-40c5-ba50-0f1005a4ef34,0.1,0.03,0.045246098190546036
60ab0094-3ab2-40c5-ba50-0f1005a4ef34,0.1,0.08,0.05801408365368843
60ab0094-3ab2-40c5-ba50-0f1005a4ef34,0.1,0.13,0.0654018446803093
60ab0094-3ab2-40c5-ba50-0f1005a4ef34,0.1,0.18000000000000002,0.06777223199605942
60ab0094-3ab2-40c5-ba50-0f1005a4ef34,0.1,0.23,0.06615523993968964
60ab0094-3ab2-40c5-ba50-0f1005a4ef34,0.15000000000000002,0.03,0.04787884280085564
60ab0094-3ab2-40c5-ba50-0f1005a4ef34,0.15000000000000002,0.08,0.058775149285793304
60ab0094-3ab2-40c5-ba50-0f1005a4ef34,0.15000000000000002,0.13,0.06238196790218353
60ab0094-3ab2-40c5-ba50-0f1005a4ef34,0.15000000000000002,0.18000000000000002,0.06263536214828491
60ab0094-3ab2-40c5-ba50-0f1005a4ef34,0.15000000000000002,0.23,0.06953565031290054
60ab0094-3ab2-40c5-ba50-0f1005a4ef34,0.2,0.03,0.048193130642175674
60ab0094-3ab2-40c5-ba50-0f1005a4ef34,0.2,0.08,0.05742892622947693
60ab0094-3ab2-40c5-ba50-0f1005a4ef34,0.2,0.13,0.06479986757040024
60ab0094-3ab2-40c5-ba50-0f1005a4ef34,0.2,0.18000000000000002,0.07102532684803009
60ab0094-3ab2-40c5-ba50-0f1005a4ef34,0.2,0.23,0.06513110548257828
60ab0094-3ab2-40c5-ba50-0f1005a4ef34,0.25,0.03,0.0525832325220108
60ab0094-3ab2-40c5-ba50-0f1005a4ef34,0.25,0.08,0.06033385545015335
60ab0094-3ab2-40c5-ba50-0f1005a4ef34,0.25,0.13,0.07071410864591599
60ab0094-3ab2-40c5-ba50-0f1005a4ef34,0.25,0.18000000000000002,0.06915312260389328
60ab0094-3ab2-40c5-ba50-0f1005a4ef34,0.25,0.23,0.06886277347803116
60ab0094-3ab2-40c5-ba50-0f1005a4ef34,0.30000000000000004,0.03,0.056169912219047546
60ab0094-3ab2-40c5-ba50-0f1005a4ef34,0.30000000000000004,0.08,0.06280697137117386
60ab0094-3ab2-40c5-ba50-0f1005a4ef34,0.30000000000000004,0.13,0.06235240772366524
60ab0094-3ab2-40c5-ba50-0f1005a4ef34,0.30000000000000004,0.18000000000000002,0.060073044151067734
60ab0094-3ab2-40c5-ba50-0f1005a4ef34,0.30000000000000004,0.23,0.06075213477015495
60df7b6b-61dd-4044-9d41-57e0f2997e04,0.0,0.03,0.04748278111219406
60df7b6b-61dd-4044-9d41-57e0f2997e04,0.0,0.08,0.059508584439754486
60df7b6b-61dd-4044-9d41-57e0f2997e04,0.0,0.13,0.060720399022102356
60df7b6b-61dd-4044-9d41-57e0f2997e04,0.0,0.18000000000000002,0.059233490377664566
60df7b6b-61dd-4044-9d41-57e0f2997e04,0.0,0.23,0.06043630838394165
60df7b6b-61dd-4044-9d41-57e0f2997e04,0.01,0.03,0.04739530384540558
60df7b6b-61dd-4044-9d41-57e0f2997e04,0.01,0.08,0.06470872461795807
60df7b6b-61dd-4044-9d41-57e0f2997e04,0.01,0.13,0.06209459900856018
60df7b6b-61dd-4044-9d41-57e0f2997e04,0.01,0.18000000000000002,0.060950711369514465
60df7b6b-61dd-4044-9d41-57e0f2997e04,0.01,0.23,0.06130935251712799
60df7b6b-61dd-4044-9d41-57e0f2997e04,0.02,0.03,0.047848448157310486
60df7b6b-61dd-4044-9d41-57e0f2997e04,0.02,0.08,0.06787799298763275
60df7b6b-61dd-4044-9d41-57e0f2997e04,0.02,0.13,0.06078186631202698
60df7b6b-61dd-4044-9d41-57e0f2997e04,0.02,0.18000000000000002,0.05820552259683609
60df7b6b-61dd-4044-9d41-57e0f2997e04,0.02,0.23,0.06263093650341034
60df7b6b-61dd-4044-9d41-57e0f2997e04,0.03,0.03,0.0456872433423996
60df7b6b-61dd-4044-9d41-57e0f2997e04,0.03,0.08,0.058557406067848206
60df7b6b-61dd-4044-9d41-57e0f2997e04,0.03,0.13,0.05833859369158745
60df7b6b-61dd-4044-9d41-57e0f2997e04,0.03,0.18000000000000002,0.060154374688863754
60df7b6b-61dd-4044-9d41-57e0f2997e04,0.03,0.23,0.06232365220785141
60df7b6b-61dd-4044-9d41-57e0f2997e04,0.04,0.03,0.05276702344417572
60df7b6b-61dd-4044-9d41-57e0f2997e04,0.04,0.08,0.059246793389320374
60df7b6b-61dd-4044-9d41-57e0f2997e04,0.05,0.03,0.047085415571928024
60df7b6b-61dd-4044-9d41-57e0f2997e04,0.05,0.08,0.055899303406476974
60df7b6b-61dd-4044-9d41-57e0f2997e04,0.05,0.13,0.0637945681810379
60df7b6b-61dd-4044-9d41-57e0f2997e04,0.05,0.18000000000000002,0.06256323307752609
60df7b6b-61dd-4044-9d41-57e0f2997e04,0.05,0.23,0.06362766772508621
60df7b6b-61dd-4044-9d41-57e0f2997e04,0.1,0.03,0.05326921492815018
60df7b6b-61dd-4044-9d41-57e0f2997e04,0.1,0.08,0.05994907021522522
60df7b6b-61dd-4044-9d41-57e0f2997e04,0.1,0.13,0.06417437642812729
60df7b6b-61dd-4044-9d41-57e0f2997e04,0.1,0.18000000000000002,0.0692065879702568
60df7b6b-61dd-4044-9d41-57e0f2997e04,0.1,0.23,0.07808808237314224
60df7b6b-61dd-4044-9d41-57e0f2997e04,0.15000000000000002,0.03,0.04500455781817436
60df7b6b-61dd-4044-9d41-57e0f2997e04,0.15000000000000002,0.08,0.06505268067121506
60df7b6b-61dd-4044-9d41-57e0f2997e04,0.15000000000000002,0.13,0.07500512897968292
60df7b6b-61dd-4044-9d41-57e0f2997e04,0.15000000000000002,0.18000000000000002,0.0745200589299202
60df7b6b-61dd-4044-9d41-57e0f2997e04,0.15000000000000002,0.23,0.08104179799556732
60df7b6b-61dd-4044-9d41-57e0f2997e04,0.2,0.03,0.045955296605825424
60df7b6b-61dd-4044-9d41-57e0f2997e04,0.2,0.08,0.0600907988846302
60df7b6b-61dd-4044-9d41-57e0f2997e04,0.2,0.13,0.06465630978345871
60df7b6b-61dd-4044-9d41-57e0f2997e04,0.2,0.18000000000000002,0.07589158415794373
60df7b6b-61dd-4044-9d41-57e0f2997e04,0.2,0.23,0.0734921470284462
60df7b6b-61dd-4044-9d41-57e0f2997e04,0.25,0.03,0.05287513881921768
60df7b6b-61dd-4044-9d41-57e0f2997e04,0.25,0.08,0.06224390119314194
60df7b6b-61dd-4044-9d41-57e0f2997e04,0.25,0.13,0.07015185058116913
60df7b6b-61dd-4044-9d41-57e0f2997e04,0.25,0.18000000000000002,0.0658445656299591
60df7b6b-61dd-4044-9d41-57e0f2997e04,0.25,0.23,0.05938763916492462
60df7b6b-61dd-4044-9d41-57e0f2997e04,0.30000000000000004,0.03,0.052280526608228683
60df7b6b-61dd-4044-9d41-57e0f2997e04,0.30000000000000004,0.08,0.061281733214855194
60df7b6b-61dd-4044-9d41-57e0f2997e04,0.30000000000000004,0.13,0.05263257399201393
60df7b6b-61dd-4044-9d41-57e0f2997e04,0.30000000000000004,0.18000000000000002,0.059895701706409454
60df7b6b-61dd-4044-9d41-57e0f2997e04,0.30000000000000004,0.23,0.05366727337241173
61d75485-8151-45a4-ac3c-2da8285045a4,0.0,0.03,0.07778199017047882
61d75485-8151-45a4-ac3c-2da8285045a4,0.0,0.08,0.09073133021593094
61d75485-8151-45a4-ac3c-2da8285045a4,0.0,0.13,0.09750735014677048
61d75485-8151-45a4-ac3c-2da8285045a4,0.0,0.18000000000000002,0.1010831668972969
61d75485-8151-45a4-ac3c-2da8285045a4,0.0,0.23,0.09352762997150421
61d75485-8151-45a4-ac3c-2da8285045a4,0.01,0.03,0.07404492050409317
61d75485-8151-45a4-ac3c-2da8285045a4,0.01,0.08,0.0984894335269928
61d75485-8151-45a4-ac3c-2da8285045a4,0.01,0.13,0.10365371406078339
61d75485-8151-45a4-ac3c-2da8285045a4,0.01,0.18000000000000002,0.10100463032722473
61d75485-8151-45a4-ac3c-2da8285045a4,0.01,0.23,0.09496955573558807
61d75485-8151-45a4-ac3c-2da8285045a4,0.02,0.03,0.08344591408967972
61d75485-8151-45a4-ac3c-2da8285045a4,0.02,0.08,0.09854432195425034
61d75485-8151-45a4-ac3c-2da8285045a4,0.02,0.13,0.10502202063798904
61d75485-8151-45a4-ac3c-2da8285045a4,0.02,0.18000000000000002,0.10113741457462311
61d75485-8151-45a4-ac3c-2da8285045a4,0.02,0.23,0.09137637168169022
61d75485-8151-45a4-ac3c-2da8285045a4,0.03,0.03,0.07959481328725815
61d75485-8151-45a4-ac3c-2da8285045a4,0.03,0.08,0.09370096772909164
61d75485-8151-45a4-ac3c-2da8285045a4,0.03,0.13,0.10147736966609955
61d75485-8151-45a4-ac3c-2da8285045a4,0.03,0.18000000000000002,0.09373778104782104
61d75485-8151-45a4-ac3c-2da8285045a4,0.03,0.23,0.08675669133663177
61d75485-8151-45a4-ac3c-2da8285045a4,0.04,0.03,0.07783616334199905
61d75485-8151-45a4-ac3c-2da8285045a4,0.04,0.08,0.09468661993741989
61d75485-8151-45a4-ac3c-2da8285045a4,0.05,0.03,0.07390796393156052
61d75485-8151-45a4-ac3c-2da8285045a4,0.05,0.08,0.0889303982257843
61d75485-8151-45a4-ac3c-2da8285045a4,0.05,0.13,0.09500305354595184
61d75485-8151-45a4-ac3c-2da8285045a4,0.05,0.18000000000000002,0.0861394852399826
61d75485-8151-45a4-ac3c-2da8285045a4,0.05,0.23,0.07953131198883057
61d75485-8151-45a4-ac3c-2da8285045a4,0.1,0.03,0.06847607344388962
61d75485-8151-45a4-ac3c-2da8285045a4,0.1,0.08,0.08410285413265228
61d75485-8151-45a4-ac3c-2da8285045a4,0.1,0.13,0.07491888850927353
61d75485-8151-45a4-ac3c-2da8285045a4,0.1,0.18000000000000002,0.07238199561834335
61d75485-8151-45a4-ac3c-2da8285045a4,0.1,0.23,0.06992564350366592
61d75485-8151-45a4-ac3c-2da8285045a4,0.15000000000000002,0.03,0.06464793533086777
61d75485-8151-45a4-ac3c-2da8285045a4,0.15000000000000002,0.08,0.06619532406330109
61d75485-8151-45a4-ac3c-2da8285045a4,0.15000000000000002,0.13,0.06738927215337753
61d75485-8151-45a4-ac3c-2da8285045a4,0.15000000000000002,0.18000000000000002,0.06717122346162796
61d75485-8151-45a4-ac3c-2da8285045a4,0.15000000000000002,0.23,0.06450764834880829
61d75485-8151-45a4-ac3c-2da8285045a4,0.2,0.03,0.06165897473692894
61d75485-8151-45a4-ac3c-2da8285045a4,0.2,0.08,0.06550034880638123
61d75485-8151-45a4-ac3c-2da8285045a4,0.2,0.13,0.06545192003250122
61d75485-8151-45a4-ac3c-2da8285045a4,0.2,0.18000000000000002,0.06466688960790634
61d75485-8151-45a4-ac3c-2da8285045a4,0.2,0.23,0.06933791935443878
61d75485-8151-45a4-ac3c-2da8285045a4,0.25,0.03,0.055088236927986145
61d75485-8151-45a4-ac3c-2da8285045a4,0.25,0.08,0.06323134154081345
61d75485-8151-45a4-ac3c-2da8285045a4,0.25,0.13,0.0673469752073288
61d75485-8151-45a4-ac3c-2da8285045a4,0.25,0.18000000000000002,0.07101278007030487
61d75485-8151-45a4-ac3c-2da8285045a4,0.25,0.23,0.07249822467565536
61d75485-8151-45a4-ac3c-2da8285045a4,0.30000000000000004,0.03,0.07058168202638626
61d75485-8151-45a4-ac3c-2da8285045a4,0.30000000000000004,0.08,0.07253080606460571
61d75485-8151-45a4-ac3c-2da8285045a4,0.30000000000000004,0.13,0.06904590874910355
61d75485-8151-45a4-ac3c-2da8285045a4,0.30000000000000004,0.18000000000000002,0.07039394229650497
61d75485-8151-45a4-ac3c-2da8285045a4,0.30000000000000004,0.23,0.07021385431289673
61e87374-a830-4676-be3d-358b0173fd3b,0.0,0.03,0.05999831482768059
61e87374-a830-4676-be3d-358b0173fd3b,0.0,0.08,0.0696607232093811
61e87374-a830-4676-be3d-358b0173fd3b,0.0,0.13,0.06837546825408936
61e87374-a830-4676-be3d-358b0173fd3b,0.0,0.18000000000000002,0.06368260085582733
61e87374-a830-4676-be3d-358b0173fd3b,0.0,0.23,0.0714588463306427
61e87374-a830-4676-be3d-358b0173fd3b,0.01,0.03,0.0671890452504158
61e87374-a830-4676-be3d-358b0173fd3b,0.01,0.08,0.07339325547218323
61e87374-a830-4676-be3d-358b0173fd3b,0.01,0.13,0.07393655180931091
61e87374-a830-4676-be3d-358b0173fd3b,0.01,0.18000000000000002,0.07093560695648193
61e87374-a830-4676-be3d-358b0173fd3b,0.01,0.23,0.07084188610315323
61e87374-a830-4676-be3d-358b0173fd3b,0.02,0.03,0.06020112708210945
61e87374-a830-4676-be3d-358b0173fd3b,0.02,0.08,0.06262176483869553
61e87374-a830-4676-be3d-358b0173fd3b,0.02,0.13,0.06848057359457016
61e87374-a830-4676-be3d-358b0173fd3b,0.02,0.18000000000000002,0.06964639574289322
61e87374-a830-4676-be3d-358b0173fd3b,0.02,0.23,0.07339198142290115
61e87374-a830-4676-be3d-358b0173fd3b,0.03,0.03,0.05509892851114273
61e87374-a830-4676-be3d-358b0173fd3b,0.03,0.08,0.06420741975307465
61e87374-a830-4676-be3d-358b0173fd3b,0.03,0.13,0.07146146893501282
61e87374-a830-4676-be3d-358b0173fd3b,0.03,0.18000000000000002,0.06756675988435745
61e87374-a830-4676-be3d-358b0173fd3b,0.03,0.23,0.07748133689165115
61e87374-a830-4676-be3d-358b0173fd3b,0.04,0.03,0.04932347685098648
61e87374-a830-4676-be3d-358b0173fd3b,0.04,0.08,0.06303323060274124
61e87374-a830-4676-be3d-358b0173fd3b,0.05,0.03,0.04885091260075569
61e87374-a830-4676-be3d-358b0173fd3b,0.05,0.08,0.06549116224050522
61e87374-a830-4676-be3d-358b0173fd3b,0.05,0.13,0.06962177157402039
61e87374-a830-4676-be3d-358b0173fd3b,0.05,0.18000000000000002,0.06985856592655182
61e87374-a830-4676-be3d-358b0173fd3b,0.05,0.23,0.07942182570695877
61e87374-a830-4676-be3d-358b0173fd3b,0.1,0.03,0.050274115055799484
61e87374-a830-4676-be3d-358b0173fd3b,0.1,0.08,0.061526600271463394
61e87374-a830-4676-be3d-358b0173fd3b,0.1,0.13,0.06775427609682083
61e87374-a830-4676-be3d-358b0173fd3b,0.1,0.18000000000000002,0.07894731312990189
61e87374-a830-4676-be3d-358b0173fd3b,0.1,0.23,0.07565363496541977
61e87374-a830-4676-be3d-358b0173fd3b,0.15000000000000002,0.03,0.05415342375636101
61e87374-a830-4676-be3d-358b0173fd3b,0.15000000000000002,0.08,0.06533064693212509
61e87374-a830-4676-be3d-358b0173fd3b,0.15000000000000002,0.13,0.07499662041664124
61e87374-a830-4676-be3d-358b0173fd3b,0.15000000000000002,0.18000000000000002,0.0730261504650116
61e87374-a830-4676-be3d-358b0173fd3b,0.15000000000000002,0.23,0.08153731375932693
61e87374-a830-4676-be3d-358b0173fd3b,0.2,0.03,0.047483015805482864
61e87374-a830-4676-be3d-358b0173fd3b,0.2,0.08,0.06523174792528152
61e87374-a830-4676-be3d-358b0173fd3b,0.2,0.13,0.0748065635561943
61e87374-a830-4676-be3d-358b0173fd3b,0.2,0.18000000000000002,0.08213868737220764
61e87374-a830-4676-be3d-358b0173fd3b,0.2,0.23,0.08128669857978821
61e87374-a830-4676-be3d-358b0173fd3b,0.25,0.03,0.05298158526420593
61e87374-a830-4676-be3d-358b0173fd3b,0.25,0.08,0.0663980096578598
61e87374-a830-4676-be3d-358b0173fd3b,0.25,0.13,0.07428350299596786
61e87374-a830-4676-be3d-358b0173fd3b,0.25,0.18000000000000002,0.07272788882255554
61e87374-a830-4676-be3d-358b0173fd3b,0.25,0.23,0.07496799528598785
61e87374-a830-4676-be3d-358b0173fd3b,0.30000000000000004,0.03,0.049198541790246964
61e87374-a830-4676-be3d-358b0173fd3b,0.30000000000000004,0.08,0.0699327290058136
61e87374-a830-4676-be3d-358b0173fd3b,0.30000000000000004,0.13,0.06559690088033676
61e87374-a830-4676-be3d-358b0173fd3b,0.30000000000000004,0.18000000000000002,0.06852161884307861
61e87374-a830-4676-be3d-358b0173fd3b,0.30000000000000004,0.23,0.06713302433490753
623acbd8-a859-4b18-9b6d-496efb362b3e,0.0,0.03,0.046165600419044495
623acbd8-a859-4b18-9b6d-496efb362b3e,0.0,0.08,0.056161027401685715
623acbd8-a859-4b18-9b6d-496efb362b3e,0.0,0.13,0.09078949689865112
623acbd8-a859-4b18-9b6d-496efb362b3e,0.0,0.18000000000000002,0.08927763998508453
623acbd8-a859-4b18-9b6d-496efb362b3e,0.0,0.23,0.07478853315114975
623acbd8-a859-4b18-9b6d-496efb362b3e,0.01,0.03,0.04732862859964371
623acbd8-a859-4b18-9b6d-496efb362b3e,0.01,0.08,0.06148061528801918
623acbd8-a859-4b18-9b6d-496efb362b3e,0.01,0.13,0.07844778150320053
623acbd8-a859-4b18-9b6d-496efb362b3e,0.01,0.18000000000000002,0.07793176174163818
623acbd8-a859-4b18-9b6d-496efb362b3e,0.01,0.23,0.06410200893878937
623acbd8-a859-4b18-9b6d-496efb362b3e,0.02,0.03,0.045442402362823486
623acbd8-a859-4b18-9b6d-496efb362b3e,0.02,0.08,0.06600958853960037
623acbd8-a859-4b18-9b6d-496efb362b3e,0.02,0.13,0.08317912369966507
623acbd8-a859-4b18-9b6d-496efb362b3e,0.02,0.18000000000000002,0.07702323794364929
623acbd8-a859-4b18-9b6d-496efb362b3e,0.02,0.23,0.06387211382389069
623acbd8-a859-4b18-9b6d-496efb362b3e,0.03,0.03,0.04729228466749191
623acbd8-a859-4b18-9b6d-496efb362b3e,0.03,0.08,0.06781989336013794
623acbd8-a859-4b18-9b6d-496efb362b3e,0.03,0.13,0.08632384985685349
623acbd8-a859-4b18-9b6d-496efb362b3e,0.03,0.18000000000000002,0.07165812700986862
623acbd8-a859-4b18-9b6d-496efb362b3e,0.03,0.23,0.06528478115797043
623acbd8-a859-4b18-9b6d-496efb362b3e,0.04,0.03,0.049916572868824005
623acbd8-a859-4b18-9b6d-496efb362b3e,0.04,0.08,0.08165102452039719
623acbd8-a859-4b18-9b6d-496efb362b3e,0.05,0.03,0.05058204010128975
623acbd8-a859-4b18-9b6d-496efb362b3e,0.05,0.08,0.09870478510856628
623acbd8-a859-4b18-9b6d-496efb362b3e,0.05,0.13,0.09203647822141647
623acbd8-a859-4b18-9b6d-496efb362b3e,0.05,0.18000000000000002,0.07288338243961334
623acbd8-a859-4b18-9b6d-496efb362b3e,0.05,0.23,0.06942975521087646
623acbd8-a859-4b18-9b6d-496efb362b3e,0.1,0.03,0.0670338049530983
623acbd8-a859-4b18-9b6d-496efb362b3e,0.1,0.08,0.05924064293503761
623acbd8-a859-4b18-9b6d-496efb362b3e,0.1,0.13,0.055912863463163376
623acbd8-a859-4b18-9b6d-496efb362b3e,0.1,0.18000000000000002,0.06142853945493698
623acbd8-a859-4b18-9b6d-496efb362b3e,0.1,0.23,0.07080816477537155
623acbd8-a859-4b18-9b6d-496efb362b3e,0.15000000000000002,0.03,0.049568917602300644
623acbd8-a859-4b18-9b6d-496efb362b3e,0.15000000000000002,0.08,0.05548112094402313
623acbd8-a859-4b18-9b6d-496efb362b3e,0.15000000000000002,0.13,0.06981616467237473
623acbd8-a859-4b18-9b6d-496efb362b3e,0.15000000000000002,0.18000000000000002,0.07689855247735977
623acbd8-a859-4b18-9b6d-496efb362b3e,0.15000000000000002,0.23,0.07702194154262543
623acbd8-a859-4b18-9b6d-496efb362b3e,0.2,0.03,0.04531044512987137
623acbd8-a859-4b18-9b6d-496efb362b3e,0.2,0.08,0.06060684844851494
623acbd8-a859-4b18-9b6d-496efb362b3e,0.2,0.13,0.06267768889665604
623acbd8-a859-4b18-9b6d-496efb362b3e,0.2,0.18000000000000002,0.07123903930187225
623acbd8-a859-4b18-9b6d-496efb362b3e,0.2,0.23,0.07378260791301727
623acbd8-a859-4b18-9b6d-496efb362b3e,0.25,0.03,0.050877589732408524
623acbd8-a859-4b18-9b6d-496efb362b3e,0.25,0.08,0.061175622045993805
623acbd8-a859-4b18-9b6d-496efb362b3e,0.25,0.13,0.07820850610733032
623acbd8-a859-4b18-9b6d-496efb362b3e,0.25,0.18000000000000002,0.07647832483053207
623acbd8-a859-4b18-9b6d-496efb362b3e,0.25,0.23,0.07328572869300842
623acbd8-a859-4b18-9b6d-496efb362b3e,0.30000000000000004,0.03,0.049164339900016785
623acbd8-a859-4b18-9b6d-496efb362b3e,0.30000000000000004,0.08,0.06583882868289948
623acbd8-a859-4b18-9b6d-496efb362b3e,0.30000000000000004,0.13,0.06635616719722748
623acbd8-a859-4b18-9b6d-496efb362b3e,0.30000000000000004,0.18000000000000002,0.06752084195613861
623acbd8-a859-4b18-9b6d-496efb362b3e,0.30000000000000004,0.23,0.06661055237054825
628a93aa-19d2-43d1-ac3f-8488865aaf28,0.0,0.03,0.05468745902180672
628a93aa-19d2-43d1-ac3f-8488865aaf28,0.0,0.08,0.0583336167037487
628a93aa-19d2-43d1-ac3f-8488865aaf28,0.0,0.13,0.061923798173666
628a93aa-19d2-43d1-ac3f-8488865aaf28,0.0,0.18000000000000002,0.061094142496585846
628a93aa-19d2-43d1-ac3f-8488865aaf28,0.0,0.23,0.06595864146947861
628a93aa-19d2-43d1-ac3f-8488865aaf28,0.01,0.03,0.04653984308242798
628a93aa-19d2-43d1-ac3f-8488865aaf28,0.01,0.08,0.06470136344432831
628a93aa-19d2-43d1-ac3f-8488865aaf28,0.01,0.13,0.06227755546569824
628a93aa-19d2-43d1-ac3f-8488865aaf28,0.01,0.18000000000000002,0.06243373826146126
628a93aa-19d2-43d1-ac3f-8488865aaf28,0.01,0.23,0.0681314766407013
628a93aa-19d2-43d1-ac3f-8488865aaf28,0.02,0.03,0.04623619094491005
628a93aa-19d2-43d1-ac3f-8488865aaf28,0.02,0.08,0.05691612511873245
628a93aa-19d2-43d1-ac3f-8488865aaf28,0.02,0.13,0.0627029538154602
628a93aa-19d2-43d1-ac3f-8488865aaf28,0.02,0.18000000000000002,0.06448560953140259
628a93aa-19d2-43d1-ac3f-8488865aaf28,0.02,0.23,0.07303336262702942
628a93aa-19d2-43d1-ac3f-8488865aaf28,0.03,0.03,0.04602270945906639
628a93aa-19d2-43d1-ac3f-8488865aaf28,0.03,0.08,0.05983709916472435
628a93aa-19d2-43d1-ac3f-8488865aaf28,0.03,0.13,0.06476578861474991
628a93aa-19d2-43d1-ac3f-8488865aaf28,0.03,0.18000000000000002,0.06901144981384277
628a93aa-19d2-43d1-ac3f-8488865aaf28,0.03,0.23,0.07200860232114792
628a93aa-19d2-43d1-ac3f-8488865aaf28,0.04,0.03,0.047602392733097076
628a93aa-19d2-43d1-ac3f-8488865aaf28,0.04,0.08,0.057522810995578766
628a93aa-19d2-43d1-ac3f-8488865aaf28,0.05,0.03,0.047061726450920105
628a93aa-19d2-43d1-ac3f-8488865aaf28,0.05,0.08,0.05425001680850983
628a93aa-19d2-43d1-ac3f-8488865aaf28,0.05,0.13,0.06072653457522392
628a93aa-19d2-43d1-ac3f-8488865aaf28,0.05,0.18000000000000002,0.06704672425985336
628a93aa-19d2-43d1-ac3f-8488865aaf28,0.05,0.23,0.0709465891122818
628a93aa-19d2-43d1-ac3f-8488865aaf28,0.1,0.03,0.04536712169647217
628a93aa-19d2-43d1-ac3f-8488865aaf28,0.1,0.08,0.05825713649392128
628a93aa-19d2-43d1-ac3f-8488865aaf28,0.1,0.13,0.06049995869398117
628a93aa-19d2-43d1-ac3f-8488865aaf28,0.1,0.18000000000000002,0.06445121765136719
628a93aa-19d2-43d1-ac3f-8488865aaf28,0.1,0.23,0.07269895821809769
628a93aa-19d2-43d1-ac3f-8488865aaf28,0.15000000000000002,0.03,0.05411909893155098
628a93aa-19d2-43d1-ac3f-8488865aaf28,0.15000000000000002,0.08,0.06084847450256348
628a93aa-19d2-43d1-ac3f-8488865aaf28,0.15000000000000002,0.13,0.06743372976779938
628a93aa-19d2-43d1-ac3f-8488865aaf28,0.15000000000000002,0.18000000000000002,0.0727626383304596
628a93aa-19d2-43d1-ac3f-8488865aaf28,0.15000000000000002,0.23,0.07640782743692398
628a93aa-19d2-43d1-ac3f-8488865aaf28,0.2,0.03,0.055533457547426224
628a93aa-19d2-43d1-ac3f-8488865aaf28,0.2,0.08,0.06720947474241257
628a93aa-19d2-43d1-ac3f-8488865aaf28,0.2,0.13,0.07488655298948288
628a93aa-19d2-43d1-ac3f-8488865aaf28,0.2,0.18000000000000002,0.06973528116941452
628a93aa-19d2-43d1-ac3f-8488865aaf28,0.2,0.23,0.07119503617286682
628a93aa-19d2-43d1-ac3f-8488865aaf28,0.25,0.03,0.04605593532323837
628a93aa-19d2-43d1-ac3f-8488865aaf28,0.25,0.08,0.061626844108104706
628a93aa-19d2-43d1-ac3f-8488865aaf28,0.25,0.13,0.06659875810146332
628a93aa-19d2-43d1-ac3f-8488865aaf28,0.25,0.18000000000000002,0.06857984513044357
628a93aa-19d2-43d1-ac3f-8488865aaf28,0.25,0.23,0.06613104790449142
628a93aa-19d2-43d1-ac3f-8488865aaf28,0.30000000000000004,0.03,0.05673423409461975
628a93aa-19d2-43d1-ac3f-8488865aaf28,0.30000000000000004,0.08,0.05899602919816971
628a93aa-19d2-43d1-ac3f-8488865aaf28,0.30000000000000004,0.13,0.05774693563580513
628a93aa-19d2-43d1-ac3f-8488865aaf28,0.30000000000000004,0.18000000000000002,0.0621945895254612
628a93aa-19d2-43d1-ac3f-8488865aaf28,0.30000000000000004,0.23,0.06333066523075104
62b71292-e5b4-4ef8-9d0f-512fbe23f8cf,0.0,0.03,0.055843424052000046
62b71292-e5b4-4ef8-9d0f-512fbe23f8cf,0.0,0.08,0.09075447916984558
62b71292-e5b4-4ef8-9d0f-512fbe23f8cf,0.0,0.13,0.09634089469909668
62b71292-e5b4-4ef8-9d0f-512fbe23f8cf,0.0,0.18000000000000002,0.10383790731430054
62b71292-e5b4-4ef8-9d0f-512fbe23f8cf,0.0,0.23,0.10183225572109222
62b71292-e5b4-4ef8-9d0f-512fbe23f8cf,0.01,0.03,0.057326540350914
62b71292-e5b4-4ef8-9d0f-512fbe23f8cf,0.01,0.08,0.08432500809431076
62b71292-e5b4-4ef8-9d0f-512fbe23f8cf,0.01,0.13,0.09718594700098038
62b71292-e5b4-4ef8-9d0f-512fbe23f8cf,0.01,0.18000000000000002,0.10086063295602798
62b71292-e5b4-4ef8-9d0f-512fbe23f8cf,0.01,0.23,0.09316805005073547
62b71292-e5b4-4ef8-9d0f-512fbe23f8cf,0.02,0.03,0.06519530713558197
62b71292-e5b4-4ef8-9d0f-512fbe23f8cf,0.02,0.08,0.09045030921697617
62b71292-e5b4-4ef8-9d0f-512fbe23f8cf,0.02,0.13,0.09829241037368774
62b71292-e5b4-4ef8-9d0f-512fbe23f8cf,0.02,0.18000000000000002,0.09674680233001709
62b71292-e5b4-4ef8-9d0f-512fbe23f8cf,0.02,0.23,0.09415610879659653
62b71292-e5b4-4ef8-9d0f-512fbe23f8cf,0.03,0.03,0.06682819873094559
62b71292-e5b4-4ef8-9d0f-512fbe23f8cf,0.03,0.08,0.08931241929531097
62b71292-e5b4-4ef8-9d0f-512fbe23f8cf,0.03,0.13,0.09232914447784424
62b71292-e5b4-4ef8-9d0f-512fbe23f8cf,0.03,0.18000000000000002,0.09370998293161392
62b71292-e5b4-4ef8-9d0f-512fbe23f8cf,0.03,0.23,0.08800766617059708
62b71292-e5b4-4ef8-9d0f-512fbe23f8cf,0.04,0.03,0.057328008115291595
62b71292-e5b4-4ef8-9d0f-512fbe23f8cf,0.04,0.08,0.07805970311164856
62b71292-e5b4-4ef8-9d0f-512fbe23f8cf,0.05,0.03,0.06437746435403824
62b71292-e5b4-4ef8-9d0f-512fbe23f8cf,0.05,0.08,0.07619316130876541
62b71292-e5b4-4ef8-9d0f-512fbe23f8cf,0.05,0.13,0.08695533871650696
62b71292-e5b4-4ef8-9d0f-512fbe23f8cf,0.05,0.18000000000000002,0.08544351905584335
62b71292-e5b4-4ef8-9d0f-512fbe23f8cf,0.05,0.23,0.08455464243888855
62b71292-e5b4-4ef8-9d0f-512fbe23f8cf,0.1,0.03,0.05209008976817131
62b71292-e5b4-4ef8-9d0f-512fbe23f8cf,0.1,0.08,0.0608983039855957
62b71292-e5b4-4ef8-9d0f-512fbe23f8cf,0.1,0.13,0.06289385259151459
62b71292-e5b4-4ef8-9d0f-512fbe23f8cf,0.1,0.18000000000000002,0.06911645084619522
62b71292-e5b4-4ef8-9d0f-512fbe23f8cf,0.1,0.23,0.07971470803022385
62b71292-e5b4-4ef8-9d0f-512fbe23f8cf,0.15000000000000002,0.03,0.0475754588842392
62b71292-e5b4-4ef8-9d0f-512fbe23f8cf,0.15000000000000002,0.08,0.058374565094709396
62b71292-e5b4-4ef8-9d0f-512fbe23f8cf,0.15000000000000002,0.13,0.06678710132837296
62b71292-e5b4-4ef8-9d0f-512fbe23f8cf,0.15000000000000002,0.18000000000000002,0.07959252595901489
62b71292-e5b4-4ef8-9d0f-512fbe23f8cf,0.15000000000000002,0.23,0.07809077948331833
62b71292-e5b4-4ef8-9d0f-512fbe23f8cf,0.2,0.03,0.04899103194475174
62b71292-e5b4-4ef8-9d0f-512fbe23f8cf,0.2,0.08,0.05774213373661041
62b71292-e5b4-4ef8-9d0f-512fbe23f8cf,0.2,0.13,0.06812312453985214
62b71292-e5b4-4ef8-9d0f-512fbe23f8cf,0.2,0.18000000000000002,0.06710293143987656
62b71292-e5b4-4ef8-9d0f-512fbe23f8cf,0.2,0.23,0.061542294919490814
62b71292-e5b4-4ef8-9d0f-512fbe23f8cf,0.25,0.03,0.0464007742702961
62b71292-e5b4-4ef8-9d0f-512fbe23f8cf,0.25,0.08,0.06126974895596504
62b71292-e5b4-4ef8-9d0f-512fbe23f8cf,0.25,0.13,0.062008511275053024
62b71292-e5b4-4ef8-9d0f-512fbe23f8cf,0.25,0.18000000000000002,0.05833075940608978
62b71292-e5b4-4ef8-9d0f-512fbe23f8cf,0.25,0.23,0.058176103979349136
62b71292-e5b4-4ef8-9d0f-512fbe23f8cf,0.30000000000000004,0.03,0.05117552727460861
62b71292-e5b4-4ef8-9d0f-512fbe23f8cf,0.30000000000000004,0.08,0.055832844227552414
62b71292-e5b4-4ef8-9d0f-512fbe23f8cf,0.30000000000000004,0.13,0.055559635162353516
62b71292-e5b4-4ef8-9d0f-512fbe23f8cf,0.30000000000000004,0.18000000000000002,0.05818580836057663
62b71292-e5b4-4ef8-9d0f-512fbe23f8cf,0.30000000000000004,0.23,0.06419355422258377
62cb1fa9-b6be-4fad-9980-6bf178a6f50d,0.0,0.03,0.04840928688645363
62cb1fa9-b6be-4fad-9980-6bf178a6f50d,0.0,0.08,0.06543729454278946
62cb1fa9-b6be-4fad-9980-6bf178a6f50d,0.0,0.13,0.06860505044460297
62cb1fa9-b6be-4fad-9980-6bf178a6f50d,0.0,0.18000000000000002,0.06559282541275024
62cb1fa9-b6be-4fad-9980-6bf178a6f50d,0.0,0.23,0.06238999590277672
62cb1fa9-b6be-4fad-9980-6bf178a6f50d,0.01,0.03,0.04504973813891411
62cb1fa9-b6be-4fad-9980-6bf178a6f50d,0.01,0.08,0.0664203017950058
62cb1fa9-b6be-4fad-9980-6bf178a6f50d,0.01,0.13,0.07373823970556259
62cb1fa9-b6be-4fad-9980-6bf178a6f50d,0.01,0.18000000000000002,0.07270320504903793
62cb1fa9-b6be-4fad-9980-6bf178a6f50d,0.01,0.23,0.061094559729099274
62cb1fa9-b6be-4fad-9980-6bf178a6f50d,0.02,0.03,0.048334430903196335
62cb1fa9-b6be-4fad-9980-6bf178a6f50d,0.02,0.08,0.0593971312046051
62cb1fa9-b6be-4fad-9980-6bf178a6f50d,0.02,0.13,0.06904304772615433
62cb1fa9-b6be-4fad-9980-6bf178a6f50d,0.02,0.18000000000000002,0.06502234190702438
62cb1fa9-b6be-4fad-9980-6bf178a6f50d,0.02,0.23,0.06186245009303093
62cb1fa9-b6be-4fad-9980-6bf178a6f50d,0.03,0.03,0.04878408834338188
62cb1fa9-b6be-4fad-9980-6bf178a6f50d,0.03,0.08,0.06259328126907349
62cb1fa9-b6be-4fad-9980-6bf178a6f50d,0.03,0.13,0.07255613058805466
62cb1fa9-b6be-4fad-9980-6bf178a6f50d,0.03,0.18000000000000002,0.06380978971719742
62cb1fa9-b6be-4fad-9980-6bf178a6f50d,0.03,0.23,0.0599338561296463
62cb1fa9-b6be-4fad-9980-6bf178a6f50d,0.04,0.03,0.04931996390223503
62cb1fa9-b6be-4fad-9980-6bf178a6f50d,0.04,0.08,0.06756243854761124
62cb1fa9-b6be-4fad-9980-6bf178a6f50d,0.05,0.03,0.04737137630581856
62cb1fa9-b6be-4fad-9980-6bf178a6f50d,0.05,0.08,0.07088164985179901
62cb1fa9-b6be-4fad-9980-6bf178a6f50d,0.05,0.13,0.07026483118534088
62cb1fa9-b6be-4fad-9980-6bf178a6f50d,0.05,0.18000000000000002,0.06429299712181091
62cb1fa9-b6be-4fad-9980-6bf178a6f50d,0.05,0.23,0.05883454158902168
62cb1fa9-b6be-4fad-9980-6bf178a6f50d,0.1,0.03,0.050174884498119354
62cb1fa9-b6be-4fad-9980-6bf178a6f50d,0.1,0.08,0.06058434396982193
62cb1fa9-b6be-4fad-9980-6bf178a6f50d,0.1,0.13,0.06514918804168701
62cb1fa9-b6be-4fad-9980-6bf178a6f50d,0.1,0.18000000000000002,0.06006522476673126
62cb1fa9-b6be-4fad-9980-6bf178a6f50d,0.1,0.23,0.06003589183092117
62cb1fa9-b6be-4fad-9980-6bf178a6f50d,0.15000000000000002,0.03,0.04798386991024017
62cb1fa9-b6be-4fad-9980-6bf178a6f50d,0.15000000000000002,0.08,0.059220634400844574
62cb1fa9-b6be-4fad-9980-6bf178a6f50d,0.15000000000000002,0.13,0.05729222670197487
62cb1fa9-b6be-4fad-9980-6bf178a6f50d,0.15000000000000002,0.18000000000000002,0.05768309906125069
62cb1fa9-b6be-4fad-9980-6bf178a6f50d,0.15000000000000002,0.23,0.061567824333906174
62cb1fa9-b6be-4fad-9980-6bf178a6f50d,0.2,0.03,0.048227012157440186
62cb1fa9-b6be-4fad-9980-6bf178a6f50d,0.2,0.08,0.050858162343502045
62cb1fa9-b6be-4fad-9980-6bf178a6f50d,0.2,0.13,0.0637381300330162
62cb1fa9-b6be-4fad-9980-6bf178a6f50d,0.2,0.18000000000000002,0.06209118664264679
62cb1fa9-b6be-4fad-9980-6bf178a6f50d,0.2,0.23,0.059003282338380814
62cb1fa9-b6be-4fad-9980-6bf178a6f50d,0.25,0.03,0.0608920194208622
62cb1fa9-b6be-4fad-9980-6bf178a6f50d,0.25,0.08,0.05653799697756767
62cb1fa9-b6be-4fad-9980-6bf178a6f50d,0.25,0.13,0.05870187655091286
62cb1fa9-b6be-4fad-9980-6bf178a6f50d,0.25,0.18000000000000002,0.060056012123823166
62cb1fa9-b6be-4fad-9980-6bf178a6f50d,0.25,0.23,0.05818809196352959
62cb1fa9-b6be-4fad-9980-6bf178a6f50d,0.30000000000000004,0.03,0.050566501915454865
62cb1fa9-b6be-4fad-9980-6bf178a6f50d,0.30000000000000004,0.08,0.056393057107925415
62cb1fa9-b6be-4fad-9980-6bf178a6f50d,0.30000000000000004,0.13,0.05726950243115425
62cb1fa9-b6be-4fad-9980-6bf178a6f50d,0.30000000000000004,0.18000000000000002,0.05628281086683273
62cb1fa9-b6be-4fad-9980-6bf178a6f50d,0.30000000000000004,0.23,0.06475076824426651
631ecd6c-01ef-4b2c-88e3-b43ba4139918,0.0,0.03,0.04933140054345131
631ecd6c-01ef-4b2c-88e3-b43ba4139918,0.0,0.08,0.06518246978521347
631ecd6c-01ef-4b2c-88e3-b43ba4139918,0.0,0.13,0.07360628992319107
631ecd6c-01ef-4b2c-88e3-b43ba4139918,0.0,0.18000000000000002,0.07306212186813354
631ecd6c-01ef-4b2c-88e3-b43ba4139918,0.0,0.23,0.07081108540296555
631ecd6c-01ef-4b2c-88e3-b43ba4139918,0.01,0.03,0.05480267480015755
631ecd6c-01ef-4b2c-88e3-b43ba4139918,0.01,0.08,0.06575650721788406
631ecd6c-01ef-4b2c-88e3-b43ba4139918,0.01,0.13,0.07803966850042343
631ecd6c-01ef-4b2c-88e3-b43ba4139918,0.01,0.18000000000000002,0.07374701648950577
631ecd6c-01ef-4b2c-88e3-b43ba4139918,0.01,0.23,0.06730817258358002
631ecd6c-01ef-4b2c-88e3-b43ba4139918,0.02,0.03,0.05297260731458664
631ecd6c-01ef-4b2c-88e3-b43ba4139918,0.02,0.08,0.07246272265911102
631ecd6c-01ef-4b2c-88e3-b43ba4139918,0.02,0.13,0.07848511636257172
631ecd6c-01ef-4b2c-88e3-b43ba4139918,0.02,0.18000000000000002,0.07166699320077896
631ecd6c-01ef-4b2c-88e3-b43ba4139918,0.02,0.23,0.06620106846094131
631ecd6c-01ef-4b2c-88e3-b43ba4139918,0.03,0.03,0.051951099187135696
631ecd6c-01ef-4b2c-88e3-b43ba4139918,0.03,0.08,0.0689702257514
631ecd6c-01ef-4b2c-88e3-b43ba4139918,0.03,0.13,0.07145065069198608
631ecd6c-01ef-4b2c-88e3-b43ba4139918,0.03,0.18000000000000002,0.06648317724466324
631ecd6c-01ef-4b2c-88e3-b43ba4139918,0.03,0.23,0.06635291129350662
631ecd6c-01ef-4b2c-88e3-b43ba4139918,0.04,0.03,0.05077153816819191
631ecd6c-01ef-4b2c-88e3-b43ba4139918,0.04,0.08,0.05884339660406113
631ecd6c-01ef-4b2c-88e3-b43ba4139918,0.05,0.03,0.049573417752981186
631ecd6c-01ef-4b2c-88e3-b43ba4139918,0.05,0.08,0.056915123015642166
631ecd6c-01ef-4b2c-88e3-b43ba4139918,0.05,0.13,0.06755191087722778
631ecd6c-01ef-4b2c-88e3-b43ba4139918,0.05,0.18000000000000002,0.07002788037061691
631ecd6c-01ef-4b2c-88e3-b43ba4139918,0.05,0.23,0.06657956540584564
631ecd6c-01ef-4b2c-88e3-b43ba4139918,0.1,0.03,0.049897998571395874
631ecd6c-01ef-4b2c-88e3-b43ba4139918,0.1,0.08,0.0699421688914299
631ecd6c-01ef-4b2c-88e3-b43ba4139918,0.1,0.13,0.07518590241670609
631ecd6c-01ef-4b2c-88e3-b43ba4139918,0.1,0.18000000000000002,0.06648975610733032
631ecd6c-01ef-4b2c-88e3-b43ba4139918,0.1,0.23,0.07242287695407867
631ecd6c-01ef-4b2c-88e3-b43ba4139918,0.15000000000000002,0.03,0.058786798268556595
631ecd6c-01ef-4b2c-88e3-b43ba4139918,0.15000000000000002,0.08,0.05975976958870888
631ecd6c-01ef-4b2c-88e3-b43ba4139918,0.15000000000000002,0.13,0.07374926656484604
631ecd6c-01ef-4b2c-88e3-b43ba4139918,0.15000000000000002,0.18000000000000002,0.07778358459472656
631ecd6c-01ef-4b2c-88e3-b43ba4139918,0.15000000000000002,0.23,0.0776381641626358
631ecd6c-01ef-4b2c-88e3-b43ba4139918,0.2,0.03,0.05014844983816147
631ecd6c-01ef-4b2c-88e3-b43ba4139918,0.2,0.08,0.06266998499631882
631ecd6c-01ef-4b2c-88e3-b43ba4139918,0.2,0.13,0.0735563188791275
631ecd6c-01ef-4b2c-88e3-b43ba4139918,0.2,0.18000000000000002,0.07370125502347946
631ecd6c-01ef-4b2c-88e3-b43ba4139918,0.2,0.23,0.07492700219154358
631ecd6c-01ef-4b2c-88e3-b43ba4139918,0.25,0.03,0.04597575590014458
631ecd6c-01ef-4b2c-88e3-b43ba4139918,0.25,0.08,0.05895913764834404
631ecd6c-01ef-4b2c-88e3-b43ba4139918,0.25,0.13,0.07117000967264175
631ecd6c-01ef-4b2c-88e3-b43ba4139918,0.25,0.18000000000000002,0.06918507069349289
631ecd6c-01ef-4b2c-88e3-b43ba4139918,0.25,0.23,0.07239419221878052
631ecd6c-01ef-4b2c-88e3-b43ba4139918,0.30000000000000004,0.03,0.04961369186639786
631ecd6c-01ef-4b2c-88e3-b43ba4139918,0.30000000000000004,0.08,0.06385830789804459
631ecd6c-01ef-4b2c-88e3-b43ba4139918,0.30000000000000004,0.13,0.06982914358377457
631ecd6c-01ef-4b2c-88e3-b43ba4139918,0.30000000000000004,0.18000000000000002,0.07410988956689835
631ecd6c-01ef-4b2c-88e3-b43ba4139918,0.30000000000000004,0.23,0.06746062636375427
63365525-2bb7-4835-847a-71a7d4802013,0.0,0.03,0.07781446725130081
63365525-2bb7-4835-847a-71a7d4802013,0.0,0.08,0.1266288012266159
63365525-2bb7-4835-847a-71a7d4802013,0.0,0.13,0.1262916922569275
63365525-2bb7-4835-847a-71a7d4802013,0.0,0.18000000000000002,0.10089396685361862
63365525-2bb7-4835-847a-71a7d4802013,0.0,0.23,0.08544303476810455
63365525-2bb7-4835-847a-71a7d4802013,0.01,0.03,0.08664433658123016
63365525-2bb7-4835-847a-71a7d4802013,0.01,0.08,0.1337011456489563
63365525-2bb7-4835-847a-71a7d4802013,0.01,0.13,0.1266654133796692
63365525-2bb7-4835-847a-71a7d4802013,0.01,0.18000000000000002,0.10222227871417999
63365525-2bb7-4835-847a-71a7d4802013,0.01,0.23,0.0865916982293129
63365525-2bb7-4835-847a-71a7d4802013,0.02,0.03,0.09912459552288055
63365525-2bb7-4835-847a-71a7d4802013,0.02,0.08,0.13792671263217926
63365525-2bb7-4835-847a-71a7d4802013,0.02,0.13,0.12136145681142807
63365525-2bb7-4835-847a-71a7d4802013,0.02,0.18000000000000002,0.09838134050369263
63365525-2bb7-4835-847a-71a7d4802013,0.02,0.23,0.08719693869352341
63365525-2bb7-4835-847a-71a7d4802013,0.03,0.03,0.09932553768157959
63365525-2bb7-4835-847a-71a7d4802013,0.03,0.08,0.12972407042980194
63365525-2bb7-4835-847a-71a7d4802013,0.03,0.13,0.11169351637363434
63365525-2bb7-4835-847a-71a7d4802013,0.03,0.18000000000000002,0.08628031611442566
63365525-2bb7-4835-847a-71a7d4802013,0.03,0.23,0.08785222470760345
63365525-2bb7-4835-847a-71a7d4802013,0.04,0.03,0.10785023123025894
63365525-2bb7-4835-847a-71a7d4802013,0.04,0.08,0.1255715787410736
63365525-2bb7-4835-847a-71a7d4802013,0.05,0.03,0.10602713376283646
63365525-2bb7-4835-847a-71a7d4802013,0.05,0.08,0.11014324426651001
63365525-2bb7-4835-847a-71a7d4802013,0.05,0.13,0.081821970641613
63365525-2bb7-4835-847a-71a7d4802013,0.05,0.18000000000000002,0.08223950862884521
63365525-2bb7-4835-847a-71a7d4802013,0.05,0.23,0.08547814935445786
63365525-2bb7-4835-847a-71a7d4802013,0.1,0.03,0.06316960602998734
63365525-2bb7-4835-847a-71a7d4802013,0.1,0.08,0.07192492485046387
63365525-2bb7-4835-847a-71a7d4802013,0.1,0.13,0.0805036798119545
63365525-2bb7-4835-847a-71a7d4802013,0.1,0.18000000000000002,0.08350490033626556
63365525-2bb7-4835-847a-71a7d4802013,0.1,0.23,0.08108436316251755
63365525-2bb7-4835-847a-71a7d4802013,0.15000000000000002,0.03,0.05659232661128044
63365525-2bb7-4835-847a-71a7d4802013,0.15000000000000002,0.08,0.07482002675533295
63365525-2bb7-4835-847a-71a7d4802013,0.15000000000000002,0.13,0.0797709971666336
63365525-2bb7-4835-847a-71a7d4802013,0.15000000000000002,0.18000000000000002,0.07626678794622421
63365525-2bb7-4835-847a-71a7d4802013,0.15000000000000002,0.23,0.07512567937374115
63365525-2bb7-4835-847a-71a7d4802013,0.2,0.03,0.05200307443737984
63365525-2bb7-4835-847a-71a7d4802013,0.2,0.08,0.07347635924816132
63365525-2bb7-4835-847a-71a7d4802013,0.2,0.13,0.07172711938619614
63365525-2bb7-4835-847a-71a7d4802013,0.2,0.18000000000000002,0.07500768452882767
63365525-2bb7-4835-847a-71a7d4802013,0.2,0.23,0.07122771441936493
63365525-2bb7-4835-847a-71a7d4802013,0.25,0.03,0.05476248264312744
63365525-2bb7-4835-847a-71a7d4802013,0.25,0.08,0.06957721710205078
63365525-2bb7-4835-847a-71a7d4802013,0.25,0.13,0.07413045316934586
63365525-2bb7-4835-847a-71a7d4802013,0.25,0.18000000000000002,0.0686565563082695
63365525-2bb7-4835-847a-71a7d4802013,0.25,0.23,0.06946882605552673
63365525-2bb7-4835-847a-71a7d4802013,0.30000000000000004,0.03,0.0574471578001976
63365525-2bb7-4835-847a-71a7d4802013,0.30000000000000004,0.08,0.06768560409545898
63365525-2bb7-4835-847a-71a7d4802013,0.30000000000000004,0.13,0.06314091384410858
63365525-2bb7-4835-847a-71a7d4802013,0.30000000000000004,0.18000000000000002,0.0643601268529892
63365525-2bb7-4835-847a-71a7d4802013,0.30000000000000004,0.23,0.07058357447385788
634a6a0a-f353-4e29-a996-3e62387f36ce,0.0,0.03,0.0477195642888546
634a6a0a-f353-4e29-a996-3e62387f36ce,0.0,0.08,0.0642177015542984
634a6a0a-f353-4e29-a996-3e62387f36ce,0.0,0.13,0.08011690527200699
634a6a0a-f353-4e29-a996-3e62387f36ce,0.0,0.18000000000000002,0.0802079439163208
634a6a0a-f353-4e29-a996-3e62387f36ce,0.0,0.23,0.07675550132989883
634a6a0a-f353-4e29-a996-3e62387f36ce,0.01,0.03,0.04367009922862053
634a6a0a-f353-4e29-a996-3e62387f36ce,0.01,0.08,0.06543636322021484
634a6a0a-f353-4e29-a996-3e62387f36ce,0.01,0.13,0.07789245247840881
634a6a0a-f353-4e29-a996-3e62387f36ce,0.01,0.18000000000000002,0.07965200394392014
634a6a0a-f353-4e29-a996-3e62387f36ce,0.01,0.23,0.07468775659799576
634a6a0a-f353-4e29-a996-3e62387f36ce,0.02,0.03,0.0467802919447422
634a6a0a-f353-4e29-a996-3e62387f36ce,0.02,0.08,0.07131993025541306
634a6a0a-f353-4e29-a996-3e62387f36ce,0.02,0.13,0.07599600404500961
634a6a0a-f353-4e29-a996-3e62387f36ce,0.02,0.18000000000000002,0.07873900979757309
634a6a0a-f353-4e29-a996-3e62387f36ce,0.02,0.23,0.06885787844657898
634a6a0a-f353-4e29-a996-3e62387f36ce,0.03,0.03,0.046405233442783356
634a6a0a-f353-4e29-a996-3e62387f36ce,0.03,0.08,0.06588827073574066
634a6a0a-f353-4e29-a996-3e62387f36ce,0.03,0.13,0.07540736347436905
634a6a0a-f353-4e29-a996-3e62387f36ce,0.03,0.18000000000000002,0.07611049711704254
634a6a0a-f353-4e29-a996-3e62387f36ce,0.03,0.23,0.06401823461055756
634a6a0a-f353-4e29-a996-3e62387f36ce,0.04,0.03,0.05288781598210335
634a6a0a-f353-4e29-a996-3e62387f36ce,0.04,0.08,0.06388955563306808
634a6a0a-f353-4e29-a996-3e62387f36ce,0.05,0.03,0.05106723681092262
634a6a0a-f353-4e29-a996-3e62387f36ce,0.05,0.08,0.06944363564252853
634a6a0a-f353-4e29-a996-3e62387f36ce,0.05,0.13,0.07068166136741638
634a6a0a-f353-4e29-a996-3e62387f36ce,0.05,0.18000000000000002,0.06748995184898376
634a6a0a-f353-4e29-a996-3e62387f36ce,0.05,0.23,0.06653092056512833
634a6a0a-f353-4e29-a996-3e62387f36ce,0.1,0.03,0.04861588031053543
634a6a0a-f353-4e29-a996-3e62387f36ce,0.1,0.08,0.06845249235630035
634a6a0a-f353-4e29-a996-3e62387f36ce,0.1,0.13,0.06247905269265175
634a6a0a-f353-4e29-a996-3e62387f36ce,0.1,0.18000000000000002,0.06443164497613907
634a6a0a-f353-4e29-a996-3e62387f36ce,0.1,0.23,0.0702207088470459
634a6a0a-f353-4e29-a996-3e62387f36ce,0.15000000000000002,0.03,0.04681548476219177
634a6a0a-f353-4e29-a996-3e62387f36ce,0.15000000000000002,0.08,0.05589815229177475
634a6a0a-f353-4e29-a996-3e62387f36ce,0.15000000000000002,0.13,0.056595493108034134
634a6a0a-f353-4e29-a996-3e62387f36ce,0.15000000000000002,0.18000000000000002,0.060212668031454086
634a6a0a-f353-4e29-a996-3e62387f36ce,0.15000000000000002,0.23,0.056761689484119415
634a6a0a-f353-4e29-a996-3e62387f36ce,0.2,0.03,0.04567800834774971
634a6a0a-f353-4e29-a996-3e62387f36ce,0.2,0.08,0.055102236568927765
634a6a0a-f353-4e29-a996-3e62387f36ce,0.2,0.13,0.06030484288930893
634a6a0a-f353-4e29-a996-3e62387f36ce,0.2,0.18000000000000002,0.062431927770376205
634a6a0a-f353-4e29-a996-3e62387f36ce,0.2,0.23,0.0634666383266449
634a6a0a-f353-4e29-a996-3e62387f36ce,0.25,0.03,0.048771146684885025
634a6a0a-f353-4e29-a996-3e62387f36ce,0.25,0.08,0.05470596253871918
634a6a0a-f353-4e29-a996-3e62387f36ce,0.25,0.13,0.060014739632606506
634a6a0a-f353-4e29-a996-3e62387f36ce,0.25,0.18000000000000002,0.06453382223844528
634a6a0a-f353-4e29-a996-3e62387f36ce,0.25,0.23,0.06394219398498535
634a6a0a-f353-4e29-a996-3e62387f36ce,0.30000000000000004,0.03,0.04922075942158699
634a6a0a-f353-4e29-a996-3e62387f36ce,0.30000000000000004,0.08,0.056440211832523346
634a6a0a-f353-4e29-a996-3e62387f36ce,0.30000000000000004,0.13,0.05904277041554451
634a6a0a-f353-4e29-a996-3e62387f36ce,0.30000000000000004,0.18000000000000002,0.06112740561366081
634a6a0a-f353-4e29-a996-3e62387f36ce,0.30000000000000004,0.23,0.05843790993094444
6364b9be-52b9-4d3d-a99d-b2c839f40a5a,0.0,0.03,0.051230888813734055
6364b9be-52b9-4d3d-a99d-b2c839f40a5a,0.0,0.08,0.06870390474796295
6364b9be-52b9-4d3d-a99d-b2c839f40a5a,0.0,0.13,0.05902150645852089
6364b9be-52b9-4d3d-a99d-b2c839f40a5a,0.0,0.18000000000000002,0.06167657673358917
6364b9be-52b9-4d3d-a99d-b2c839f40a5a,0.0,0.23,0.06700892001390457
6364b9be-52b9-4d3d-a99d-b2c839f40a5a,0.01,0.03,0.05111464858055115
6364b9be-52b9-4d3d-a99d-b2c839f40a5a,0.01,0.08,0.06127989664673805
6364b9be-52b9-4d3d-a99d-b2c839f40a5a,0.01,0.13,0.05680615454912186
6364b9be-52b9-4d3d-a99d-b2c839f40a5a,0.01,0.18000000000000002,0.06072312965989113
6364b9be-52b9-4d3d-a99d-b2c839f40a5a,0.01,0.23,0.06424285471439362
6364b9be-52b9-4d3d-a99d-b2c839f40a5a,0.02,0.03,0.04526529833674431
6364b9be-52b9-4d3d-a99d-b2c839f40a5a,0.02,0.08,0.05407455563545227
6364b9be-52b9-4d3d-a99d-b2c839f40a5a,0.02,0.13,0.056457262486219406
6364b9be-52b9-4d3d-a99d-b2c839f40a5a,0.02,0.18000000000000002,0.06126575917005539
6364b9be-52b9-4d3d-a99d-b2c839f40a5a,0.02,0.23,0.06139731779694557
6364b9be-52b9-4d3d-a99d-b2c839f40a5a,0.03,0.03,0.04881224408745766
6364b9be-52b9-4d3d-a99d-b2c839f40a5a,0.03,0.08,0.05304330214858055
6364b9be-52b9-4d3d-a99d-b2c839f40a5a,0.03,0.13,0.05842652916908264
6364b9be-52b9-4d3d-a99d-b2c839f40a5a,0.03,0.18000000000000002,0.06037592887878418
6364b9be-52b9-4d3d-a99d-b2c839f40a5a,0.03,0.23,0.061376772820949554
6364b9be-52b9-4d3d-a99d-b2c839f40a5a,0.04,0.03,0.04572724923491478
6364b9be-52b9-4d3d-a99d-b2c839f40a5a,0.04,0.08,0.053579337894916534
6364b9be-52b9-4d3d-a99d-b2c839f40a5a,0.05,0.03,0.04544970393180847
6364b9be-52b9-4d3d-a99d-b2c839f40a5a,0.05,0.08,0.05137550085783005
6364b9be-52b9-4d3d-a99d-b2c839f40a5a,0.05,0.13,0.06427154690027237
6364b9be-52b9-4d3d-a99d-b2c839f40a5a,0.05,0.18000000000000002,0.06488793343305588
6364b9be-52b9-4d3d-a99d-b2c839f40a5a,0.05,0.23,0.06179964169859886
6364b9be-52b9-4d3d-a99d-b2c839f40a5a,0.1,0.03,0.051596663892269135
6364b9be-52b9-4d3d-a99d-b2c839f40a5a,0.1,0.08,0.06623510271310806
6364b9be-52b9-4d3d-a99d-b2c839f40a5a,0.1,0.13,0.06530364602804184
6364b9be-52b9-4d3d-a99d-b2c839f40a5a,0.1,0.18000000000000002,0.06007176265120506
6364b9be-52b9-4d3d-a99d-b2c839f40a5a,0.1,0.23,0.06444595754146576
6364b9be-52b9-4d3d-a99d-b2c839f40a5a,0.15000000000000002,0.03,0.053812168538570404
6364b9be-52b9-4d3d-a99d-b2c839f40a5a,0.15000000000000002,0.08,0.05692126229405403
6364b9be-52b9-4d3d-a99d-b2c839f40a5a,0.15000000000000002,0.13,0.05830538645386696
6364b9be-52b9-4d3d-a99d-b2c839f40a5a,0.15000000000000002,0.18000000000000002,0.061218127608299255
6364b9be-52b9-4d3d-a99d-b2c839f40a5a,0.15000000000000002,0.23,0.06816369295120239
6364b9be-52b9-4d3d-a99d-b2c839f40a5a,0.2,0.03,0.04742233827710152
6364b9be-52b9-4d3d-a99d-b2c839f40a5a,0.2,0.08,0.05617915466427803
6364b9be-52b9-4d3d-a99d-b2c839f40a5a,0.2,0.13,0.0602928102016449
6364b9be-52b9-4d3d-a99d-b2c839f40a5a,0.2,0.18000000000000002,0.06810983270406723
6364b9be-52b9-4d3d-a99d-b2c839f40a5a,0.2,0.23,0.07078000903129578
6364b9be-52b9-4d3d-a99d-b2c839f40a5a,0.25,0.03,0.04700719565153122
6364b9be-52b9-4d3d-a99d-b2c839f40a5a,0.25,0.08,0.053225453943014145
6364b9be-52b9-4d3d-a99d-b2c839f40a5a,0.25,0.13,0.06268765032291412
6364b9be-52b9-4d3d-a99d-b2c839f40a5a,0.25,0.18000000000000002,0.07357467710971832
6364b9be-52b9-4d3d-a99d-b2c839f40a5a,0.25,0.23,0.07021588832139969
6364b9be-52b9-4d3d-a99d-b2c839f40a5a,0.30000000000000004,0.03,0.04823116213083267
6364b9be-52b9-4d3d-a99d-b2c839f40a5a,0.30000000000000004,0.08,0.05478991940617561
6364b9be-52b9-4d3d-a99d-b2c839f40a5a,0.30000000000000004,0.13,0.06526868790388107
6364b9be-52b9-4d3d-a99d-b2c839f40a5a,0.30000000000000004,0.18000000000000002,0.06342731416225433
6364b9be-52b9-4d3d-a99d-b2c839f40a5a,0.30000000000000004,0.23,0.06899099051952362
639acff8-39c3-465a-b02e-72c8278bbb62,0.0,0.03,0.047708604484796524
639acff8-39c3-465a-b02e-72c8278bbb62,0.0,0.08,0.055710017681121826
639acff8-39c3-465a-b02e-72c8278bbb62,0.0,0.13,0.07351146638393402
639acff8-39c3-465a-b02e-72c8278bbb62,0.0,0.18000000000000002,0.07124052196741104
639acff8-39c3-465a-b02e-72c8278bbb62,0.0,0.23,0.06562311947345734
639acff8-39c3-465a-b02e-72c8278bbb62,0.01,0.03,0.04783022031188011
639acff8-39c3-465a-b02e-72c8278bbb62,0.01,0.08,0.06465314328670502
639acff8-39c3-465a-b02e-72c8278bbb62,0.01,0.13,0.07467904686927795
639acff8-39c3-465a-b02e-72c8278bbb62,0.01,0.18000000000000002,0.07320933043956757
639acff8-39c3-465a-b02e-72c8278bbb62,0.01,0.23,0.0663483515381813
639acff8-39c3-465a-b02e-72c8278bbb62,0.02,0.03,0.04580311477184296
639acff8-39c3-465a-b02e-72c8278bbb62,0.02,0.08,0.07094459980726242
639acff8-39c3-465a-b02e-72c8278bbb62,0.02,0.13,0.07399255037307739
639acff8-39c3-465a-b02e-72c8278bbb62,0.02,0.18000000000000002,0.07699743658304214
639acff8-39c3-465a-b02e-72c8278bbb62,0.02,0.23,0.06710977852344513
639acff8-39c3-465a-b02e-72c8278bbb62,0.03,0.03,0.04733141511678696
639acff8-39c3-465a-b02e-72c8278bbb62,0.03,0.08,0.07315915822982788
639acff8-39c3-465a-b02e-72c8278bbb62,0.03,0.13,0.08098436146974564
639acff8-39c3-465a-b02e-72c8278bbb62,0.03,0.18000000000000002,0.07568788528442383
639acff8-39c3-465a-b02e-72c8278bbb62,0.03,0.23,0.06273561716079712
639acff8-39c3-465a-b02e-72c8278bbb62,0.04,0.03,0.05088791251182556
639acff8-39c3-465a-b02e-72c8278bbb62,0.04,0.08,0.067640021443367
639acff8-39c3-465a-b02e-72c8278bbb62,0.05,0.03,0.04977383092045784
639acff8-39c3-465a-b02e-72c8278bbb62,0.05,0.08,0.07283683866262436
639acff8-39c3-465a-b02e-72c8278bbb62,0.05,0.13,0.0763225108385086
639acff8-39c3-465a-b02e-72c8278bbb62,0.05,0.18000000000000002,0.07185716181993484
639acff8-39c3-465a-b02e-72c8278bbb62,0.05,0.23,0.07224338501691818
639acff8-39c3-465a-b02e-72c8278bbb62,0.1,0.03,0.046574193984270096
639acff8-39c3-465a-b02e-72c8278bbb62,0.1,0.08,0.05419183149933815
639acff8-39c3-465a-b02e-72c8278bbb62,0.1,0.13,0.06553840637207031
639acff8-39c3-465a-b02e-72c8278bbb62,0.1,0.18000000000000002,0.07507183402776718
639acff8-39c3-465a-b02e-72c8278bbb62,0.1,0.23,0.06996414065361023
639acff8-39c3-465a-b02e-72c8278bbb62,0.15000000000000002,0.03,0.046387653797864914
639acff8-39c3-465a-b02e-72c8278bbb62,0.15000000000000002,0.08,0.05895372852683067
639acff8-39c3-465a-b02e-72c8278bbb62,0.15000000000000002,0.13,0.06845442950725555
639acff8-39c3-465a-b02e-72c8278bbb62,0.15000000000000002,0.18000000000000002,0.06771340221166611
639acff8-39c3-465a-b02e-72c8278bbb62,0.15000000000000002,0.23,0.06710875034332275
639acff8-39c3-465a-b02e-72c8278bbb62,0.2,0.03,0.05612052232027054
639acff8-39c3-465a-b02e-72c8278bbb62,0.2,0.08,0.056623537093400955
639acff8-39c3-465a-b02e-72c8278bbb62,0.2,0.13,0.06809888035058975
639acff8-39c3-465a-b02e-72c8278bbb62,0.2,0.18000000000000002,0.06410026550292969
639acff8-39c3-465a-b02e-72c8278bbb62,0.2,0.23,0.05777137726545334
639acff8-39c3-465a-b02e-72c8278bbb62,0.25,0.03,0.04636332020163536
639acff8-39c3-465a-b02e-72c8278bbb62,0.25,0.08,0.054389551281929016
639acff8-39c3-465a-b02e-72c8278bbb62,0.25,0.13,0.055887576192617416
639acff8-39c3-465a-b02e-72c8278bbb62,0.25,0.18000000000000002,0.05696024000644684
639acff8-39c3-465a-b02e-72c8278bbb62,0.25,0.23,0.06606964766979218
639acff8-39c3-465a-b02e-72c8278bbb62,0.30000000000000004,0.03,0.0515206977725029
639acff8-39c3-465a-b02e-72c8278bbb62,0.30000000000000004,0.08,0.05542294681072235
639acff8-39c3-465a-b02e-72c8278bbb62,0.30000000000000004,0.13,0.05670347809791565
639acff8-39c3-465a-b02e-72c8278bbb62,0.30000000000000004,0.18000000000000002,0.06601467728614807
639acff8-39c3-465a-b02e-72c8278bbb62,0.30000000000000004,0.23,0.07182454317808151
63ec3273-61da-4f8c-a168-268f17c3ce9b,0.0,0.03,0.05012677609920502
63ec3273-61da-4f8c-a168-268f17c3ce9b,0.0,0.08,0.05304153263568878
63ec3273-61da-4f8c-a168-268f17c3ce9b,0.0,0.13,0.06507086008787155
63ec3273-61da-4f8c-a168-268f17c3ce9b,0.0,0.18000000000000002,0.06633361428976059
63ec3273-61da-4f8c-a168-268f17c3ce9b,0.0,0.23,0.06306077539920807
63ec3273-61da-4f8c-a168-268f17c3ce9b,0.01,0.03,0.04365662485361099
63ec3273-61da-4f8c-a168-268f17c3ce9b,0.01,0.08,0.06298592686653137
63ec3273-61da-4f8c-a168-268f17c3ce9b,0.01,0.13,0.071285679936409
63ec3273-61da-4f8c-a168-268f17c3ce9b,0.01,0.18000000000000002,0.06398364156484604
63ec3273-61da-4f8c-a168-268f17c3ce9b,0.01,0.23,0.0674043521285057
63ec3273-61da-4f8c-a168-268f17c3ce9b,0.02,0.03,0.04668959602713585
63ec3273-61da-4f8c-a168-268f17c3ce9b,0.02,0.08,0.06839889287948608
63ec3273-61da-4f8c-a168-268f17c3ce9b,0.02,0.13,0.06818923354148865
63ec3273-61da-4f8c-a168-268f17c3ce9b,0.02,0.18000000000000002,0.06617788970470428
63ec3273-61da-4f8c-a168-268f17c3ce9b,0.02,0.23,0.06794551759958267
63ec3273-61da-4f8c-a168-268f17c3ce9b,0.03,0.03,0.05151588097214699
63ec3273-61da-4f8c-a168-268f17c3ce9b,0.03,0.08,0.06273916363716125
63ec3273-61da-4f8c-a168-268f17c3ce9b,0.03,0.13,0.06588250398635864
63ec3273-61da-4f8c-a168-268f17c3ce9b,0.03,0.18000000000000002,0.07125557214021683
63ec3273-61da-4f8c-a168-268f17c3ce9b,0.03,0.23,0.06457220762968063
63ec3273-61da-4f8c-a168-268f17c3ce9b,0.04,0.03,0.05248584225773811
63ec3273-61da-4f8c-a168-268f17c3ce9b,0.04,0.08,0.06277233362197876
63ec3273-61da-4f8c-a168-268f17c3ce9b,0.05,0.03,0.053442079573869705
63ec3273-61da-4f8c-a168-268f17c3ce9b,0.05,0.08,0.05637422949075699
63ec3273-61da-4f8c-a168-268f17c3ce9b,0.05,0.13,0.06055523827672005
63ec3273-61da-4f8c-a168-268f17c3ce9b,0.05,0.18000000000000002,0.06260224431753159
63ec3273-61da-4f8c-a168-268f17c3ce9b,0.05,0.23,0.056751202791929245
63ec3273-61da-4f8c-a168-268f17c3ce9b,0.1,0.03,0.04690788313746452
63ec3273-61da-4f8c-a168-268f17c3ce9b,0.1,0.08,0.054616592824459076
63ec3273-61da-4f8c-a168-268f17c3ce9b,0.1,0.13,0.06298215687274933
63ec3273-61da-4f8c-a168-268f17c3ce9b,0.1,0.18000000000000002,0.06112544238567352
63ec3273-61da-4f8c-a168-268f17c3ce9b,0.1,0.23,0.056137677282094955
63ec3273-61da-4f8c-a168-268f17c3ce9b,0.15000000000000002,0.03,0.046279676258563995
63ec3273-61da-4f8c-a168-268f17c3ce9b,0.15000000000000002,0.08,0.06048768758773804
63ec3273-61da-4f8c-a168-268f17c3ce9b,0.15000000000000002,0.13,0.05905561149120331
63ec3273-61da-4f8c-a168-268f17c3ce9b,0.15000000000000002,0.18000000000000002,0.05793990567326546
63ec3273-61da-4f8c-a168-268f17c3ce9b,0.15000000000000002,0.23,0.06005444750189781
63ec3273-61da-4f8c-a168-268f17c3ce9b,0.2,0.03,0.05087784305214882
63ec3273-61da-4f8c-a168-268f17c3ce9b,0.2,0.08,0.05718503147363663
63ec3273-61da-4f8c-a168-268f17c3ce9b,0.2,0.13,0.059952881187200546
63ec3273-61da-4f8c-a168-268f17c3ce9b,0.2,0.18000000000000002,0.06137131154537201
63ec3273-61da-4f8c-a168-268f17c3ce9b,0.2,0.23,0.05935424193739891
63ec3273-61da-4f8c-a168-268f17c3ce9b,0.25,0.03,0.0453680083155632
63ec3273-61da-4f8c-a168-268f17c3ce9b,0.25,0.08,0.05911979451775551
63ec3273-61da-4f8c-a168-268f17c3ce9b,0.25,0.13,0.06299421936273575
63ec3273-61da-4f8c-a168-268f17c3ce9b,0.25,0.18000000000000002,0.059653494507074356
63ec3273-61da-4f8c-a168-268f17c3ce9b,0.25,0.23,0.06031613051891327
63ec3273-61da-4f8c-a168-268f17c3ce9b,0.30000000000000004,0.03,0.05119573697447777
63ec3273-61da-4f8c-a168-268f17c3ce9b,0.30000000000000004,0.08,0.059399548918008804
63ec3273-61da-4f8c-a168-268f17c3ce9b,0.30000000000000004,0.13,0.05905831605195999
63ec3273-61da-4f8c-a168-268f17c3ce9b,0.30000000000000004,0.18000000000000002,0.06056581065058708
63ec3273-61da-4f8c-a168-268f17c3ce9b,0.30000000000000004,0.23,0.06761463731527328
644aa210-b0ec-4dfb-95cc-324c6227d9c6,0.0,0.03,0.12138433754444122
644aa210-b0ec-4dfb-95cc-324c6227d9c6,0.0,0.08,0.25421658158302307
644aa210-b0ec-4dfb-95cc-324c6227d9c6,0.0,0.13,0.2816954553127289
644aa210-b0ec-4dfb-95cc-324c6227d9c6,0.0,0.18000000000000002,0.23865798115730286
644aa210-b0ec-4dfb-95cc-324c6227d9c6,0.0,0.23,0.19682928919792175
644aa210-b0ec-4dfb-95cc-324c6227d9c6,0.01,0.03,0.14050208032131195
644aa210-b0ec-4dfb-95cc-324c6227d9c6,0.01,0.08,0.24458973109722137
644aa210-b0ec-4dfb-95cc-324c6227d9c6,0.01,0.13,0.2417747527360916
644aa210-b0ec-4dfb-95cc-324c6227d9c6,0.01,0.18000000000000002,0.1954812854528427
644aa210-b0ec-4dfb-95cc-324c6227d9c6,0.01,0.23,0.15215985476970673
644aa210-b0ec-4dfb-95cc-324c6227d9c6,0.02,0.03,0.1715809553861618
644aa210-b0ec-4dfb-95cc-324c6227d9c6,0.02,0.08,0.254089891910553
644aa210-b0ec-4dfb-95cc-324c6227d9c6,0.02,0.13,0.23382554948329926
644aa210-b0ec-4dfb-95cc-324c6227d9c6,0.02,0.18000000000000002,0.18375159800052643
644aa210-b0ec-4dfb-95cc-324c6227d9c6,0.02,0.23,0.14497773349285126
644aa210-b0ec-4dfb-95cc-324c6227d9c6,0.03,0.03,0.1916273981332779
644aa210-b0ec-4dfb-95cc-324c6227d9c6,0.03,0.08,0.25927039980888367
644aa210-b0ec-4dfb-95cc-324c6227d9c6,0.03,0.13,0.22028717398643494
644aa210-b0ec-4dfb-95cc-324c6227d9c6,0.03,0.18000000000000002,0.1680476814508438
644aa210-b0ec-4dfb-95cc-324c6227d9c6,0.03,0.23,0.13639946281909943
644aa210-b0ec-4dfb-95cc-324c6227d9c6,0.04,0.03,0.2057849019765854
644aa210-b0ec-4dfb-95cc-324c6227d9c6,0.04,0.08,0.24998848140239716
644aa210-b0ec-4dfb-95cc-324c6227d9c6,0.05,0.03,0.25226765871047974
644aa210-b0ec-4dfb-95cc-324c6227d9c6,0.05,0.08,0.26822516322135925
644aa210-b0ec-4dfb-95cc-324c6227d9c6,0.05,0.13,0.21004806458950043
644aa210-b0ec-4dfb-95cc-324c6227d9c6,0.05,0.18000000000000002,0.16261562705039978
644aa210-b0ec-4dfb-95cc-324c6227d9c6,0.05,0.23,0.1292346715927124
644aa210-b0ec-4dfb-95cc-324c6227d9c6,0.1,0.03,0.1516866236925125
644aa210-b0ec-4dfb-95cc-324c6227d9c6,0.1,0.08,0.11213456839323044
644aa210-b0ec-4dfb-95cc-324c6227d9c6,0.1,0.13,0.08716084063053131
644aa210-b0ec-4dfb-95cc-324c6227d9c6,0.1,0.18000000000000002,0.0786377564072609
644aa210-b0ec-4dfb-95cc-324c6227d9c6,0.1,0.23,0.08265705406665802
644aa210-b0ec-4dfb-95cc-324c6227d9c6,0.15000000000000002,0.03,0.05930609256029129
644aa210-b0ec-4dfb-95cc-324c6227d9c6,0.15000000000000002,0.08,0.07885174453258514
644aa210-b0ec-4dfb-95cc-324c6227d9c6,0.15000000000000002,0.13,0.09162977337837219
644aa210-b0ec-4dfb-95cc-324c6227d9c6,0.15000000000000002,0.18000000000000002,0.09955600649118423
644aa210-b0ec-4dfb-95cc-324c6227d9c6,0.15000000000000002,0.23,0.10325229167938232
644aa210-b0ec-4dfb-95cc-324c6227d9c6,0.2,0.03,0.06863194704055786
644aa210-b0ec-4dfb-95cc-324c6227d9c6,0.2,0.08,0.08541592955589294
644aa210-b0ec-4dfb-95cc-324c6227d9c6,0.2,0.13,0.09851305931806564
644aa210-b0ec-4dfb-95cc-324c6227d9c6,0.2,0.18000000000000002,0.10192806273698807
644aa210-b0ec-4dfb-95cc-324c6227d9c6,0.2,0.23,0.09794916957616806
644aa210-b0ec-4dfb-95cc-324c6227d9c6,0.25,0.03,0.058338090777397156
644aa210-b0ec-4dfb-95cc-324c6227d9c6,0.25,0.08,0.08365458250045776
644aa210-b0ec-4dfb-95cc-324c6227d9c6,0.25,0.13,0.08855530619621277
644aa210-b0ec-4dfb-95cc-324c6227d9c6,0.25,0.18000000000000002,0.08411327749490738
644aa210-b0ec-4dfb-95cc-324c6227d9c6,0.25,0.23,0.08629311621189117
644aa210-b0ec-4dfb-95cc-324c6227d9c6,0.30000000000000004,0.03,0.06783481687307358
644aa210-b0ec-4dfb-95cc-324c6227d9c6,0.30000000000000004,0.08,0.07551728188991547
644aa210-b0ec-4dfb-95cc-324c6227d9c6,0.30000000000000004,0.13,0.07503069192171097
644aa210-b0ec-4dfb-95cc-324c6227d9c6,0.30000000000000004,0.18000000000000002,0.08028426766395569
644aa210-b0ec-4dfb-95cc-324c6227d9c6,0.30000000000000004,0.23,0.08156856894493103
646bdc6f-ccf6-4ab1-8fed-6df6462b42e2,0.0,0.03,0.05092676356434822
646bdc6f-ccf6-4ab1-8fed-6df6462b42e2,0.0,0.08,0.0749727413058281
646bdc6f-ccf6-4ab1-8fed-6df6462b42e2,0.0,0.13,0.0836571604013443
646bdc6f-ccf6-4ab1-8fed-6df6462b42e2,0.0,0.18000000000000002,0.08952780067920685
646bdc6f-ccf6-4ab1-8fed-6df6462b42e2,0.0,0.23,0.10021542757749557
646bdc6f-ccf6-4ab1-8fed-6df6462b42e2,0.01,0.03,0.0500250868499279
646bdc6f-ccf6-4ab1-8fed-6df6462b42e2,0.01,0.08,0.07384686917066574
646bdc6f-ccf6-4ab1-8fed-6df6462b42e2,0.01,0.13,0.08002401888370514
646bdc6f-ccf6-4ab1-8fed-6df6462b42e2,0.01,0.18000000000000002,0.09503096342086792
646bdc6f-ccf6-4ab1-8fed-6df6462b42e2,0.01,0.23,0.09520860761404037
646bdc6f-ccf6-4ab1-8fed-6df6462b42e2,0.02,0.03,0.05164157599210739
646bdc6f-ccf6-4ab1-8fed-6df6462b42e2,0.02,0.08,0.07222052663564682
646bdc6f-ccf6-4ab1-8fed-6df6462b42e2,0.02,0.13,0.08451303839683533
646bdc6f-ccf6-4ab1-8fed-6df6462b42e2,0.02,0.18000000000000002,0.09275698661804199
646bdc6f-ccf6-4ab1-8fed-6df6462b42e2,0.02,0.23,0.09323734045028687
646bdc6f-ccf6-4ab1-8fed-6df6462b42e2,0.03,0.03,0.05423808842897415
646bdc6f-ccf6-4ab1-8fed-6df6462b42e2,0.03,0.08,0.07128660380840302
646bdc6f-ccf6-4ab1-8fed-6df6462b42e2,0.03,0.13,0.08378016948699951
646bdc6f-ccf6-4ab1-8fed-6df6462b42e2,0.03,0.18000000000000002,0.08853386342525482
646bdc6f-ccf6-4ab1-8fed-6df6462b42e2,0.03,0.23,0.08667236566543579
646bdc6f-ccf6-4ab1-8fed-6df6462b42e2,0.04,0.03,0.05257697403430939
646bdc6f-ccf6-4ab1-8fed-6df6462b42e2,0.04,0.08,0.0800309106707573
646bdc6f-ccf6-4ab1-8fed-6df6462b42e2,0.05,0.03,0.05307565629482269
646bdc6f-ccf6-4ab1-8fed-6df6462b42e2,0.05,0.08,0.07312311977148056
646bdc6f-ccf6-4ab1-8fed-6df6462b42e2,0.05,0.13,0.08214141428470612
646bdc6f-ccf6-4ab1-8fed-6df6462b42e2,0.05,0.18000000000000002,0.09330158680677414
646bdc6f-ccf6-4ab1-8fed-6df6462b42e2,0.05,0.23,0.08566079288721085
646bdc6f-ccf6-4ab1-8fed-6df6462b42e2,0.1,0.03,0.05323701724410057
646bdc6f-ccf6-4ab1-8fed-6df6462b42e2,0.1,0.08,0.06845921277999878
646bdc6f-ccf6-4ab1-8fed-6df6462b42e2,0.1,0.13,0.07948687672615051
646bdc6f-ccf6-4ab1-8fed-6df6462b42e2,0.1,0.18000000000000002,0.07173607498407364
646bdc6f-ccf6-4ab1-8fed-6df6462b42e2,0.1,0.23,0.0690280869603157
646bdc6f-ccf6-4ab1-8fed-6df6462b42e2,0.15000000000000002,0.03,0.05143675580620766
646bdc6f-ccf6-4ab1-8fed-6df6462b42e2,0.15000000000000002,0.08,0.06487591564655304
646bdc6f-ccf6-4ab1-8fed-6df6462b42e2,0.15000000000000002,0.13,0.062442973256111145
646bdc6f-ccf6-4ab1-8fed-6df6462b42e2,0.15000000000000002,0.18000000000000002,0.06141640245914459
646bdc6f-ccf6-4ab1-8fed-6df6462b42e2,0.15000000000000002,0.23,0.06222740560770035
646bdc6f-ccf6-4ab1-8fed-6df6462b42e2,0.2,0.03,0.04598778486251831
646bdc6f-ccf6-4ab1-8fed-6df6462b42e2,0.2,0.08,0.06248590722680092
646bdc6f-ccf6-4ab1-8fed-6df6462b42e2,0.2,0.13,0.06300883740186691
646bdc6f-ccf6-4ab1-8fed-6df6462b42e2,0.2,0.18000000000000002,0.06539427489042282
646bdc6f-ccf6-4ab1-8fed-6df6462b42e2,0.2,0.23,0.0642765685915947
646bdc6f-ccf6-4ab1-8fed-6df6462b42e2,0.25,0.03,0.04759186878800392
646bdc6f-ccf6-4ab1-8fed-6df6462b42e2,0.25,0.08,0.05516517162322998
646bdc6f-ccf6-4ab1-8fed-6df6462b42e2,0.25,0.13,0.0683603286743164
646bdc6f-ccf6-4ab1-8fed-6df6462b42e2,0.25,0.18000000000000002,0.06808117777109146
646bdc6f-ccf6-4ab1-8fed-6df6462b42e2,0.25,0.23,0.06571616977453232
646bdc6f-ccf6-4ab1-8fed-6df6462b42e2,0.30000000000000004,0.03,0.04901677370071411
646bdc6f-ccf6-4ab1-8fed-6df6462b42e2,0.30000000000000004,0.08,0.060939278453588486
646bdc6f-ccf6-4ab1-8fed-6df6462b42e2,0.30000000000000004,0.13,0.06838177889585495
646bdc6f-ccf6-4ab1-8fed-6df6462b42e2,0.30000000000000004,0.18000000000000002,0.06352835148572922
646bdc6f-ccf6-4ab1-8fed-6df6462b42e2,0.30000000000000004,0.23,0.06451959162950516
64a6b1d5-962e-4856-a230-8cdc4e787931,0.0,0.03,0.053371611982584
64a6b1d5-962e-4856-a230-8cdc4e787931,0.0,0.08,0.08732616156339645
64a6b1d5-962e-4856-a230-8cdc4e787931,0.0,0.13,0.10144749283790588
64a6b1d5-962e-4856-a230-8cdc4e787931,0.0,0.18000000000000002,0.0936574935913086
64a6b1d5-962e-4856-a230-8cdc4e787931,0.0,0.23,0.08582429587841034
64a6b1d5-962e-4856-a230-8cdc4e787931,0.01,0.03,0.04879240319132805
64a6b1d5-962e-4856-a230-8cdc4e787931,0.01,0.08,0.08882685750722885
64a6b1d5-962e-4856-a230-8cdc4e787931,0.01,0.13,0.0957491472363472
64a6b1d5-962e-4856-a230-8cdc4e787931,0.01,0.18000000000000002,0.09059879183769226
64a6b1d5-962e-4856-a230-8cdc4e787931,0.01,0.23,0.08589328825473785
64a6b1d5-962e-4856-a230-8cdc4e787931,0.02,0.03,0.05278415605425835
64a6b1d5-962e-4856-a230-8cdc4e787931,0.02,0.08,0.08835633099079132
64a6b1d5-962e-4856-a230-8cdc4e787931,0.02,0.13,0.09512846916913986
64a6b1d5-962e-4856-a230-8cdc4e787931,0.02,0.18000000000000002,0.0893818736076355
64a6b1d5-962e-4856-a230-8cdc4e787931,0.02,0.23,0.08740973472595215
64a6b1d5-962e-4856-a230-8cdc4e787931,0.03,0.03,0.05944830924272537
64a6b1d5-962e-4856-a230-8cdc4e787931,0.03,0.08,0.0856267586350441
64a6b1d5-962e-4856-a230-8cdc4e787931,0.03,0.13,0.08870788663625717
64a6b1d5-962e-4856-a230-8cdc4e787931,0.03,0.18000000000000002,0.08542639762163162
64a6b1d5-962e-4856-a230-8cdc4e787931,0.03,0.23,0.08360067754983902
64a6b1d5-962e-4856-a230-8cdc4e787931,0.04,0.03,0.05979142338037491
64a6b1d5-962e-4856-a230-8cdc4e787931,0.04,0.08,0.08668888360261917
64a6b1d5-962e-4856-a230-8cdc4e787931,0.05,0.03,0.06627069413661957
64a6b1d5-962e-4856-a230-8cdc4e787931,0.05,0.08,0.0909826010465622
64a6b1d5-962e-4856-a230-8cdc4e787931,0.05,0.13,0.08735450357198715
64a6b1d5-962e-4856-a230-8cdc4e787931,0.05,0.18000000000000002,0.07778888940811157
64a6b1d5-962e-4856-a230-8cdc4e787931,0.05,0.23,0.0750778317451477
64a6b1d5-962e-4856-a230-8cdc4e787931,0.1,0.03,0.04855453222990036
64a6b1d5-962e-4856-a230-8cdc4e787931,0.1,0.08,0.05893012881278992
64a6b1d5-962e-4856-a230-8cdc4e787931,0.1,0.13,0.06791858375072479
64a6b1d5-962e-4856-a230-8cdc4e787931,0.1,0.18000000000000002,0.07248792052268982
64a6b1d5-962e-4856-a230-8cdc4e787931,0.1,0.23,0.06951828300952911
64a6b1d5-962e-4856-a230-8cdc4e787931,0.15000000000000002,0.03,0.04541975259780884
64a6b1d5-962e-4856-a230-8cdc4e787931,0.15000000000000002,0.08,0.058969736099243164
64a6b1d5-962e-4856-a230-8cdc4e787931,0.15000000000000002,0.13,0.0627158060669899
64a6b1d5-962e-4856-a230-8cdc4e787931,0.15000000000000002,0.18000000000000002,0.06673556566238403
64a6b1d5-962e-4856-a230-8cdc4e787931,0.15000000000000002,0.23,0.06389589607715607
64a6b1d5-962e-4856-a230-8cdc4e787931,0.2,0.03,0.05980897694826126
64a6b1d5-962e-4856-a230-8cdc4e787931,0.2,0.08,0.05535561218857765
64a6b1d5-962e-4856-a230-8cdc4e787931,0.2,0.13,0.05900880694389343
64a6b1d5-962e-4856-a230-8cdc4e787931,0.2,0.18000000000000002,0.06217197701334953
64a6b1d5-962e-4856-a230-8cdc4e787931,0.2,0.23,0.0650133416056633
64a6b1d5-962e-4856-a230-8cdc4e787931,0.25,0.03,0.04893343895673752
64a6b1d5-962e-4856-a230-8cdc4e787931,0.25,0.08,0.05759821832180023
64a6b1d5-962e-4856-a230-8cdc4e787931,0.25,0.13,0.061757996678352356
64a6b1d5-962e-4856-a230-8cdc4e787931,0.25,0.18000000000000002,0.06408153474330902
64a6b1d5-962e-4856-a230-8cdc4e787931,0.25,0.23,0.06076506897807121
64a6b1d5-962e-4856-a230-8cdc4e787931,0.30000000000000004,0.03,0.04339265078306198
64a6b1d5-962e-4856-a230-8cdc4e787931,0.30000000000000004,0.08,0.05551811680197716
64a6b1d5-962e-4856-a230-8cdc4e787931,0.30000000000000004,0.13,0.06271059066057205
64a6b1d5-962e-4856-a230-8cdc4e787931,0.30000000000000004,0.18000000000000002,0.06532107293605804
64a6b1d5-962e-4856-a230-8cdc4e787931,0.30000000000000004,0.23,0.06018337607383728
6581e0dc-c7c8-4dad-8ddf-76f297987e92,0.0,0.03,0.05081848055124283
6581e0dc-c7c8-4dad-8ddf-76f297987e92,0.0,0.08,0.05825890973210335
6581e0dc-c7c8-4dad-8ddf-76f297987e92,0.0,0.13,0.06329231709241867
6581e0dc-c7c8-4dad-8ddf-76f297987e92,0.0,0.18000000000000002,0.06394188851118088
6581e0dc-c7c8-4dad-8ddf-76f297987e92,0.0,0.23,0.06346452236175537
6581e0dc-c7c8-4dad-8ddf-76f297987e92,0.01,0.03,0.04689928516745567
6581e0dc-c7c8-4dad-8ddf-76f297987e92,0.01,0.08,0.056373849511146545
6581e0dc-c7c8-4dad-8ddf-76f297987e92,0.01,0.13,0.07231908291578293
6581e0dc-c7c8-4dad-8ddf-76f297987e92,0.01,0.18000000000000002,0.07239597290754318
6581e0dc-c7c8-4dad-8ddf-76f297987e92,0.01,0.23,0.07990575581789017
6581e0dc-c7c8-4dad-8ddf-76f297987e92,0.02,0.03,0.04636067897081375
6581e0dc-c7c8-4dad-8ddf-76f297987e92,0.02,0.08,0.06304571032524109
6581e0dc-c7c8-4dad-8ddf-76f297987e92,0.02,0.13,0.07583048194646835
6581e0dc-c7c8-4dad-8ddf-76f297987e92,0.02,0.18000000000000002,0.0748462975025177
6581e0dc-c7c8-4dad-8ddf-76f297987e92,0.02,0.23,0.08018581569194794
6581e0dc-c7c8-4dad-8ddf-76f297987e92,0.03,0.03,0.0452316589653492
6581e0dc-c7c8-4dad-8ddf-76f297987e92,0.03,0.08,0.059731870889663696
6581e0dc-c7c8-4dad-8ddf-76f297987e92,0.03,0.13,0.07754765450954437
6581e0dc-c7c8-4dad-8ddf-76f297987e92,0.03,0.18000000000000002,0.07161290943622589
6581e0dc-c7c8-4dad-8ddf-76f297987e92,0.03,0.23,0.07670954614877701
6581e0dc-c7c8-4dad-8ddf-76f297987e92,0.04,0.03,0.04743677377700806
6581e0dc-c7c8-4dad-8ddf-76f297987e92,0.04,0.08,0.07077807933092117
6581e0dc-c7c8-4dad-8ddf-76f297987e92,0.05,0.03,0.0494208037853241
6581e0dc-c7c8-4dad-8ddf-76f297987e92,0.05,0.08,0.07891713082790375
6581e0dc-c7c8-4dad-8ddf-76f297987e92,0.05,0.13,0.07480289787054062
6581e0dc-c7c8-4dad-8ddf-76f297987e92,0.05,0.18000000000000002,0.07152348011732101
6581e0dc-c7c8-4dad-8ddf-76f297987e92,0.05,0.23,0.07504457235336304
6581e0dc-c7c8-4dad-8ddf-76f297987e92,0.1,0.03,0.051357679069042206
6581e0dc-c7c8-4dad-8ddf-76f297987e92,0.1,0.08,0.06547236442565918
6581e0dc-c7c8-4dad-8ddf-76f297987e92,0.1,0.13,0.0697079449892044
6581e0dc-c7c8-4dad-8ddf-76f297987e92,0.1,0.18000000000000002,0.07423245161771774
6581e0dc-c7c8-4dad-8ddf-76f297987e92,0.1,0.23,0.07101645320653915
6581e0dc-c7c8-4dad-8ddf-76f297987e92,0.15000000000000002,0.03,0.04788155481219292
6581e0dc-c7c8-4dad-8ddf-76f297987e92,0.15000000000000002,0.08,0.06166009604930878
6581e0dc-c7c8-4dad-8ddf-76f297987e92,0.15000000000000002,0.13,0.07371920347213745
6581e0dc-c7c8-4dad-8ddf-76f297987e92,0.15000000000000002,0.18000000000000002,0.06943725049495697
6581e0dc-c7c8-4dad-8ddf-76f297987e92,0.15000000000000002,0.23,0.06735176593065262
6581e0dc-c7c8-4dad-8ddf-76f297987e92,0.2,0.03,0.05287111550569534
6581e0dc-c7c8-4dad-8ddf-76f297987e92,0.2,0.08,0.0627988800406456
6581e0dc-c7c8-4dad-8ddf-76f297987e92,0.2,0.13,0.06618275493383408
6581e0dc-c7c8-4dad-8ddf-76f297987e92,0.2,0.18000000000000002,0.06404757499694824
6581e0dc-c7c8-4dad-8ddf-76f297987e92,0.2,0.23,0.06031014770269394
6581e0dc-c7c8-4dad-8ddf-76f297987e92,0.25,0.03,0.050991348922252655
6581e0dc-c7c8-4dad-8ddf-76f297987e92,0.25,0.08,0.05814196914434433
6581e0dc-c7c8-4dad-8ddf-76f297987e92,0.25,0.13,0.05275106802582741
6581e0dc-c7c8-4dad-8ddf-76f297987e92,0.25,0.18000000000000002,0.060077864676713943
6581e0dc-c7c8-4dad-8ddf-76f297987e92,0.25,0.23,0.06242883577942848
6581e0dc-c7c8-4dad-8ddf-76f297987e92,0.30000000000000004,0.03,0.04931030794978142
6581e0dc-c7c8-4dad-8ddf-76f297987e92,0.30000000000000004,0.08,0.05740656703710556
6581e0dc-c7c8-4dad-8ddf-76f297987e92,0.30000000000000004,0.13,0.06447313725948334
6581e0dc-c7c8-4dad-8ddf-76f297987e92,0.30000000000000004,0.18000000000000002,0.058942995965480804
6581e0dc-c7c8-4dad-8ddf-76f297987e92,0.30000000000000004,0.23,0.05489996448159218
6599b8a6-965c-4ca3-bd01-1382d787b103,0.0,0.03,0.05128287151455879
6599b8a6-965c-4ca3-bd01-1382d787b103,0.0,0.08,0.07493419945240021
6599b8a6-965c-4ca3-bd01-1382d787b103,0.0,0.13,0.07381387799978256
6599b8a6-965c-4ca3-bd01-1382d787b103,0.0,0.18000000000000002,0.07264505326747894
6599b8a6-965c-4ca3-bd01-1382d787b103,0.0,0.23,0.08572529256343842
6599b8a6-965c-4ca3-bd01-1382d787b103,0.01,0.03,0.05604584142565727
6599b8a6-965c-4ca3-bd01-1382d787b103,0.01,0.08,0.07533112168312073
6599b8a6-965c-4ca3-bd01-1382d787b103,0.01,0.13,0.06849469989538193
6599b8a6-965c-4ca3-bd01-1382d787b103,0.01,0.18000000000000002,0.078116275370121
6599b8a6-965c-4ca3-bd01-1382d787b103,0.01,0.23,0.09021169692277908
6599b8a6-965c-4ca3-bd01-1382d787b103,0.02,0.03,0.064959816634655
6599b8a6-965c-4ca3-bd01-1382d787b103,0.02,0.08,0.07696551829576492
6599b8a6-965c-4ca3-bd01-1382d787b103,0.02,0.13,0.06719403713941574
6599b8a6-965c-4ca3-bd01-1382d787b103,0.02,0.18000000000000002,0.07774316519498825
6599b8a6-965c-4ca3-bd01-1382d787b103,0.02,0.23,0.08788491785526276
6599b8a6-965c-4ca3-bd01-1382d787b103,0.03,0.03,0.05937580019235611
6599b8a6-965c-4ca3-bd01-1382d787b103,0.03,0.08,0.06401880830526352
6599b8a6-965c-4ca3-bd01-1382d787b103,0.03,0.13,0.06512320786714554
6599b8a6-965c-4ca3-bd01-1382d787b103,0.03,0.18000000000000002,0.07802896201610565
6599b8a6-965c-4ca3-bd01-1382d787b103,0.03,0.23,0.08434320241212845
6599b8a6-965c-4ca3-bd01-1382d787b103,0.04,0.03,0.04888378828763962
6599b8a6-965c-4ca3-bd01-1382d787b103,0.04,0.08,0.060461562126874924
6599b8a6-965c-4ca3-bd01-1382d787b103,0.05,0.03,0.0502503477036953
6599b8a6-965c-4ca3-bd01-1382d787b103,0.05,0.08,0.061122357845306396
6599b8a6-965c-4ca3-bd01-1382d787b103,0.05,0.13,0.06868834048509598
6599b8a6-965c-4ca3-bd01-1382d787b103,0.05,0.18000000000000002,0.07490222156047821
6599b8a6-965c-4ca3-bd01-1382d787b103,0.05,0.23,0.07715213298797607
6599b8a6-965c-4ca3-bd01-1382d787b103,0.1,0.03,0.052260130643844604
6599b8a6-965c-4ca3-bd01-1382d787b103,0.1,0.08,0.06514231115579605
6599b8a6-965c-4ca3-bd01-1382d787b103,0.1,0.13,0.0669800415635109
6599b8a6-965c-4ca3-bd01-1382d787b103,0.1,0.18000000000000002,0.0758557915687561
6599b8a6-965c-4ca3-bd01-1382d787b103,0.1,0.23,0.08166501671075821
6599b8a6-965c-4ca3-bd01-1382d787b103,0.15000000000000002,0.03,0.05003094673156738
6599b8a6-965c-4ca3-bd01-1382d787b103,0.15000000000000002,0.08,0.06901388615369797
6599b8a6-965c-4ca3-bd01-1382d787b103,0.15000000000000002,0.13,0.08067753165960312
6599b8a6-965c-4ca3-bd01-1382d787b103,0.15000000000000002,0.18000000000000002,0.08543349802494049
6599b8a6-965c-4ca3-bd01-1382d787b103,0.15000000000000002,0.23,0.08668775856494904
6599b8a6-965c-4ca3-bd01-1382d787b103,0.2,0.03,0.051849957555532455
6599b8a6-965c-4ca3-bd01-1382d787b103,0.2,0.08,0.07104074209928513
6599b8a6-965c-4ca3-bd01-1382d787b103,0.2,0.13,0.07401840388774872
6599b8a6-965c-4ca3-bd01-1382d787b103,0.2,0.18000000000000002,0.07300792634487152
6599b8a6-965c-4ca3-bd01-1382d787b103,0.2,0.23,0.07662652432918549
6599b8a6-965c-4ca3-bd01-1382d787b103,0.25,0.03,0.05210451781749725
6599b8a6-965c-4ca3-bd01-1382d787b103,0.25,0.08,0.07065901160240173
6599b8a6-965c-4ca3-bd01-1382d787b103,0.25,0.13,0.07270412147045135
6599b8a6-965c-4ca3-bd01-1382d787b103,0.25,0.18000000000000002,0.068323515355587
6599b8a6-965c-4ca3-bd01-1382d787b103,0.25,0.23,0.06580507755279541
6599b8a6-965c-4ca3-bd01-1382d787b103,0.30000000000000004,0.03,0.04614204540848732
6599b8a6-965c-4ca3-bd01-1382d787b103,0.30000000000000004,0.08,0.06390389055013657
6599b8a6-965c-4ca3-bd01-1382d787b103,0.30000000000000004,0.13,0.06877956539392471
6599b8a6-965c-4ca3-bd01-1382d787b103,0.30000000000000004,0.18000000000000002,0.06960532069206238
6599b8a6-965c-4ca3-bd01-1382d787b103,0.30000000000000004,0.23,0.06884145736694336
65d53242-d456-4d8c-af73-46d30e970555,0.0,0.03,0.09752286225557327
65d53242-d456-4d8c-af73-46d30e970555,0.0,0.08,0.12863902747631073
65d53242-d456-4d8c-af73-46d30e970555,0.0,0.13,0.13288702070713043
65d53242-d456-4d8c-af73-46d30e970555,0.0,0.18000000000000002,0.1333603858947754
65d53242-d456-4d8c-af73-46d30e970555,0.0,0.23,0.13881538808345795
65d53242-d456-4d8c-af73-46d30e970555,0.01,0.03,0.10425188392400742
65d53242-d456-4d8c-af73-46d30e970555,0.01,0.08,0.1255578100681305
65d53242-d456-4d8c-af73-46d30e970555,0.01,0.13,0.12921833992004395
65d53242-d456-4d8c-af73-46d30e970555,0.01,0.18000000000000002,0.12453021854162216
65d53242-d456-4d8c-af73-46d30e970555,0.01,0.23,0.12526369094848633
65d53242-d456-4d8c-af73-46d30e970555,0.02,0.03,0.0932934433221817
65d53242-d456-4d8c-af73-46d30e970555,0.02,0.08,0.13569480180740356
65d53242-d456-4d8c-af73-46d30e970555,0.02,0.13,0.12818968296051025
65d53242-d456-4d8c-af73-46d30e970555,0.02,0.18000000000000002,0.1270589381456375
65d53242-d456-4d8c-af73-46d30e970555,0.02,0.23,0.12462498992681503
65d53242-d456-4d8c-af73-46d30e970555,0.03,0.03,0.09749683737754822
65d53242-d456-4d8c-af73-46d30e970555,0.03,0.08,0.12742003798484802
65d53242-d456-4d8c-af73-46d30e970555,0.03,0.13,0.12635545432567596
65d53242-d456-4d8c-af73-46d30e970555,0.03,0.18000000000000002,0.12567998468875885
65d53242-d456-4d8c-af73-46d30e970555,0.03,0.23,0.12284810841083527
65d53242-d456-4d8c-af73-46d30e970555,0.04,0.03,0.09245704859495163
65d53242-d456-4d8c-af73-46d30e970555,0.04,0.08,0.11251363903284073
65d53242-d456-4d8c-af73-46d30e970555,0.05,0.03,0.09989501535892487
65d53242-d456-4d8c-af73-46d30e970555,0.05,0.08,0.1204991489648819
65d53242-d456-4d8c-af73-46d30e970555,0.05,0.13,0.12176331877708435
65d53242-d456-4d8c-af73-46d30e970555,0.05,0.18000000000000002,0.12782010436058044
65d53242-d456-4d8c-af73-46d30e970555,0.05,0.23,0.11617259681224823
65d53242-d456-4d8c-af73-46d30e970555,0.1,0.03,0.057739246636629105
65d53242-d456-4d8c-af73-46d30e970555,0.1,0.08,0.08411619067192078
65d53242-d456-4d8c-af73-46d30e970555,0.1,0.13,0.09915266185998917
65d53242-d456-4d8c-af73-46d30e970555,0.1,0.18000000000000002,0.08987915515899658
65d53242-d456-4d8c-af73-46d30e970555,0.1,0.23,0.08141913264989853
65d53242-d456-4d8c-af73-46d30e970555,0.15000000000000002,0.03,0.07215917110443115
65d53242-d456-4d8c-af73-46d30e970555,0.15000000000000002,0.08,0.0863197073340416
65d53242-d456-4d8c-af73-46d30e970555,0.15000000000000002,0.13,0.07730894535779953
65d53242-d456-4d8c-af73-46d30e970555,0.15000000000000002,0.18000000000000002,0.07778685539960861
65d53242-d456-4d8c-af73-46d30e970555,0.15000000000000002,0.23,0.07783585786819458
65d53242-d456-4d8c-af73-46d30e970555,0.2,0.03,0.06517844647169113
65d53242-d456-4d8c-af73-46d30e970555,0.2,0.08,0.06820213049650192
65d53242-d456-4d8c-af73-46d30e970555,0.2,0.13,0.0763777568936348
65d53242-d456-4d8c-af73-46d30e970555,0.2,0.18000000000000002,0.07848870754241943
65d53242-d456-4d8c-af73-46d30e970555,0.2,0.23,0.08062216639518738
65d53242-d456-4d8c-af73-46d30e970555,0.25,0.03,0.05524130538105965
65d53242-d456-4d8c-af73-46d30e970555,0.25,0.08,0.07385531812906265
65d53242-d456-4d8c-af73-46d30e970555,0.25,0.13,0.07497715204954147
65d53242-d456-4d8c-af73-46d30e970555,0.25,0.18000000000000002,0.08670999854803085
65d53242-d456-4d8c-af73-46d30e970555,0.25,0.23,0.10562825947999954
65d53242-d456-4d8c-af73-46d30e970555,0.30000000000000004,0.03,0.055293008685112
65d53242-d456-4d8c-af73-46d30e970555,0.30000000000000004,0.08,0.07103916257619858
65d53242-d456-4d8c-af73-46d30e970555,0.30000000000000004,0.13,0.08885544538497925
65d53242-d456-4d8c-af73-46d30e970555,0.30000000000000004,0.18000000000000002,0.1091085821390152
65d53242-d456-4d8c-af73-46d30e970555,0.30000000000000004,0.23,0.12365518510341644
664c9919-9c73-44fe-b8bd-7c95f4cd33db,0.0,0.03,0.04466532915830612
664c9919-9c73-44fe-b8bd-7c95f4cd33db,0.0,0.08,0.05686388164758682
664c9919-9c73-44fe-b8bd-7c95f4cd33db,0.0,0.13,0.06070834770798683
664c9919-9c73-44fe-b8bd-7c95f4cd33db,0.0,0.18000000000000002,0.06413984298706055
664c9919-9c73-44fe-b8bd-7c95f4cd33db,0.0,0.23,0.06082755699753761
664c9919-9c73-44fe-b8bd-7c95f4cd33db,0.01,0.03,0.04801412299275398
664c9919-9c73-44fe-b8bd-7c95f4cd33db,0.01,0.08,0.05686822161078453
664c9919-9c73-44fe-b8bd-7c95f4cd33db,0.01,0.13,0.06149810925126076
664c9919-9c73-44fe-b8bd-7c95f4cd33db,0.01,0.18000000000000002,0.06734924763441086
664c9919-9c73-44fe-b8bd-7c95f4cd33db,0.01,0.23,0.0598737895488739
664c9919-9c73-44fe-b8bd-7c95f4cd33db,0.02,0.03,0.04862450063228607
664c9919-9c73-44fe-b8bd-7c95f4cd33db,0.02,0.08,0.05887792631983757
664c9919-9c73-44fe-b8bd-7c95f4cd33db,0.02,0.13,0.06384012848138809
664c9919-9c73-44fe-b8bd-7c95f4cd33db,0.02,0.18000000000000002,0.06650617718696594
664c9919-9c73-44fe-b8bd-7c95f4cd33db,0.02,0.23,0.05763036012649536
664c9919-9c73-44fe-b8bd-7c95f4cd33db,0.03,0.03,0.04752516746520996
664c9919-9c73-44fe-b8bd-7c95f4cd33db,0.03,0.08,0.05761951953172684
664c9919-9c73-44fe-b8bd-7c95f4cd33db,0.03,0.13,0.06157591566443443
664c9919-9c73-44fe-b8bd-7c95f4cd33db,0.03,0.18000000000000002,0.058905553072690964
664c9919-9c73-44fe-b8bd-7c95f4cd33db,0.03,0.23,0.060848914086818695
664c9919-9c73-44fe-b8bd-7c95f4cd33db,0.04,0.03,0.04362288489937782
664c9919-9c73-44fe-b8bd-7c95f4cd33db,0.04,0.08,0.059055525809526443
664c9919-9c73-44fe-b8bd-7c95f4cd33db,0.05,0.03,0.05301198735833168
664c9919-9c73-44fe-b8bd-7c95f4cd33db,0.05,0.08,0.055628277361392975
664c9919-9c73-44fe-b8bd-7c95f4cd33db,0.05,0.13,0.06731485575437546
664c9919-9c73-44fe-b8bd-7c95f4cd33db,0.05,0.18000000000000002,0.06204868480563164
664c9919-9c73-44fe-b8bd-7c95f4cd33db,0.05,0.23,0.05824560299515724
664c9919-9c73-44fe-b8bd-7c95f4cd33db,0.1,0.03,0.0524383969604969
664c9919-9c73-44fe-b8bd-7c95f4cd33db,0.1,0.08,0.06154833361506462
664c9919-9c73-44fe-b8bd-7c95f4cd33db,0.1,0.13,0.06807086616754532
664c9919-9c73-44fe-b8bd-7c95f4cd33db,0.1,0.18000000000000002,0.0627063661813736
664c9919-9c73-44fe-b8bd-7c95f4cd33db,0.1,0.23,0.06306741386651993
664c9919-9c73-44fe-b8bd-7c95f4cd33db,0.15000000000000002,0.03,0.051775719970464706
664c9919-9c73-44fe-b8bd-7c95f4cd33db,0.15000000000000002,0.08,0.0661870464682579
664c9919-9c73-44fe-b8bd-7c95f4cd33db,0.15000000000000002,0.13,0.06470087915658951
664c9919-9c73-44fe-b8bd-7c95f4cd33db,0.15000000000000002,0.18000000000000002,0.06354852020740509
664c9919-9c73-44fe-b8bd-7c95f4cd33db,0.15000000000000002,0.23,0.07194431871175766
664c9919-9c73-44fe-b8bd-7c95f4cd33db,0.2,0.03,0.04749540239572525
664c9919-9c73-44fe-b8bd-7c95f4cd33db,0.2,0.08,0.058350563049316406
664c9919-9c73-44fe-b8bd-7c95f4cd33db,0.2,0.13,0.06080373749136925
664c9919-9c73-44fe-b8bd-7c95f4cd33db,0.2,0.18000000000000002,0.07203031331300735
664c9919-9c73-44fe-b8bd-7c95f4cd33db,0.2,0.23,0.06861880421638489
664c9919-9c73-44fe-b8bd-7c95f4cd33db,0.25,0.03,0.04410416632890701
664c9919-9c73-44fe-b8bd-7c95f4cd33db,0.25,0.08,0.05612187460064888
664c9919-9c73-44fe-b8bd-7c95f4cd33db,0.25,0.13,0.06578832864761353
664c9919-9c73-44fe-b8bd-7c95f4cd33db,0.25,0.18000000000000002,0.06274562329053879
664c9919-9c73-44fe-b8bd-7c95f4cd33db,0.25,0.23,0.07063227146863937
664c9919-9c73-44fe-b8bd-7c95f4cd33db,0.30000000000000004,0.03,0.04820190370082855
664c9919-9c73-44fe-b8bd-7c95f4cd33db,0.30000000000000004,0.08,0.060942988842725754
664c9919-9c73-44fe-b8bd-7c95f4cd33db,0.30000000000000004,0.13,0.06563616544008255
664c9919-9c73-44fe-b8bd-7c95f4cd33db,0.30000000000000004,0.18000000000000002,0.07434473931789398
664c9919-9c73-44fe-b8bd-7c95f4cd33db,0.30000000000000004,0.23,0.07641690224409103
66746c62-5d15-41be-9b5e-37594f287473,0.0,0.03,0.057599086314439774
66746c62-5d15-41be-9b5e-37594f287473,0.0,0.08,0.06564927101135254
66746c62-5d15-41be-9b5e-37594f287473,0.0,0.13,0.06500023603439331
66746c62-5d15-41be-9b5e-37594f287473,0.0,0.18000000000000002,0.07134868204593658
66746c62-5d15-41be-9b5e-37594f287473,0.0,0.23,0.07683906704187393
66746c62-5d15-41be-9b5e-37594f287473,0.01,0.03,0.049233339726924896
66746c62-5d15-41be-9b5e-37594f287473,0.01,0.08,0.0612037368118763
66746c62-5d15-41be-9b5e-37594f287473,0.01,0.13,0.07302385568618774
66746c62-5d15-41be-9b5e-37594f287473,0.01,0.18000000000000002,0.06836466491222382
66746c62-5d15-41be-9b5e-37594f287473,0.01,0.23,0.08368237316608429
66746c62-5d15-41be-9b5e-37594f287473,0.02,0.03,0.04783939942717552
66746c62-5d15-41be-9b5e-37594f287473,0.02,0.08,0.06540887802839279
66746c62-5d15-41be-9b5e-37594f287473,0.02,0.13,0.0705660879611969
66746c62-5d15-41be-9b5e-37594f287473,0.02,0.18000000000000002,0.07597973942756653
66746c62-5d15-41be-9b5e-37594f287473,0.02,0.23,0.0828016921877861
66746c62-5d15-41be-9b5e-37594f287473,0.03,0.03,0.049307599663734436
66746c62-5d15-41be-9b5e-37594f287473,0.03,0.08,0.056968651711940765
66746c62-5d15-41be-9b5e-37594f287473,0.03,0.13,0.06565212458372116
66746c62-5d15-41be-9b5e-37594f287473,0.03,0.18000000000000002,0.07524421811103821
66746c62-5d15-41be-9b5e-37594f287473,0.03,0.23,0.07586264610290527
66746c62-5d15-41be-9b5e-37594f287473,0.04,0.03,0.04746423289179802
66746c62-5d15-41be-9b5e-37594f287473,0.04,0.08,0.061827559024095535
66746c62-5d15-41be-9b5e-37594f287473,0.05,0.03,0.045680802315473557
66746c62-5d15-41be-9b5e-37594f287473,0.05,0.08,0.06764932721853256
66746c62-5d15-41be-9b5e-37594f287473,0.05,0.13,0.06647279858589172
66746c62-5d15-41be-9b5e-37594f287473,0.05,0.18000000000000002,0.07498892396688461
66746c62-5d15-41be-9b5e-37594f287473,0.05,0.23,0.07285744696855545
66746c62-5d15-41be-9b5e-37594f287473,0.1,0.03,0.04979287460446358
66746c62-5d15-41be-9b5e-37594f287473,0.1,0.08,0.06057698279619217
66746c62-5d15-41be-9b5e-37594f287473,0.1,0.13,0.06796751916408539
66746c62-5d15-41be-9b5e-37594f287473,0.1,0.18000000000000002,0.07111657410860062
66746c62-5d15-41be-9b5e-37594f287473,0.1,0.23,0.077692411839962
66746c62-5d15-41be-9b5e-37594f287473,0.15000000000000002,0.03,0.05487767979502678
66746c62-5d15-41be-9b5e-37594f287473,0.15000000000000002,0.08,0.05939905345439911
66746c62-5d15-41be-9b5e-37594f287473,0.15000000000000002,0.13,0.06737833470106125
66746c62-5d15-41be-9b5e-37594f287473,0.15000000000000002,0.18000000000000002,0.07480129599571228
66746c62-5d15-41be-9b5e-37594f287473,0.15000000000000002,0.23,0.0769207552075386
66746c62-5d15-41be-9b5e-37594f287473,0.2,0.03,0.05185617506504059
66746c62-5d15-41be-9b5e-37594f287473,0.2,0.08,0.059138499200344086
66746c62-5d15-41be-9b5e-37594f287473,0.2,0.13,0.07299577444791794
66746c62-5d15-41be-9b5e-37594f287473,0.2,0.18000000000000002,0.07985355705022812
66746c62-5d15-41be-9b5e-37594f287473,0.2,0.23,0.07587258517742157
66746c62-5d15-41be-9b5e-37594f287473,0.25,0.03,0.048403963446617126
66746c62-5d15-41be-9b5e-37594f287473,0.25,0.08,0.068337082862854
66746c62-5d15-41be-9b5e-37594f287473,0.25,0.13,0.0744129940867424
66746c62-5d15-41be-9b5e-37594f287473,0.25,0.18000000000000002,0.0729973092675209
66746c62-5d15-41be-9b5e-37594f287473,0.25,0.23,0.07271763682365417
66746c62-5d15-41be-9b5e-37594f287473,0.30000000000000004,0.03,0.0541200190782547
66746c62-5d15-41be-9b5e-37594f287473,0.30000000000000004,0.08,0.06324619799852371
66746c62-5d15-41be-9b5e-37594f287473,0.30000000000000004,0.13,0.06615711003541946
66746c62-5d15-41be-9b5e-37594f287473,0.30000000000000004,0.18000000000000002,0.07787460833787918
66746c62-5d15-41be-9b5e-37594f287473,0.30000000000000004,0.23,0.09947621077299118
66f04368-9b92-465d-b271-677a295366db,0.0,0.03,0.05167992413043976
66f04368-9b92-465d-b271-677a295366db,0.0,0.08,0.06728844344615936
66f04368-9b92-465d-b271-677a295366db,0.0,0.13,0.0701313391327858
66f04368-9b92-465d-b271-677a295366db,0.0,0.18000000000000002,0.07075566053390503
66f04368-9b92-465d-b271-677a295366db,0.0,0.23,0.07263582199811935
66f04368-9b92-465d-b271-677a295366db,0.01,0.03,0.04634504020214081
66f04368-9b92-465d-b271-677a295366db,0.01,0.08,0.06286220997571945
66f04368-9b92-465d-b271-677a295366db,0.01,0.13,0.06752267479896545
66f04368-9b92-465d-b271-677a295366db,0.01,0.18000000000000002,0.07720343768596649
66f04368-9b92-465d-b271-677a295366db,0.01,0.23,0.07423849403858185
66f04368-9b92-465d-b271-677a295366db,0.02,0.03,0.04955306276679039
66f04368-9b92-465d-b271-677a295366db,0.02,0.08,0.05729358270764351
66f04368-9b92-465d-b271-677a295366db,0.02,0.13,0.06542691588401794
66f04368-9b92-465d-b271-677a295366db,0.02,0.18000000000000002,0.07452624291181564
66f04368-9b92-465d-b271-677a295366db,0.02,0.23,0.06902221590280533
66f04368-9b92-465d-b271-677a295366db,0.03,0.03,0.04650415852665901
66f04368-9b92-465d-b271-677a295366db,0.03,0.08,0.06374415010213852
66f04368-9b92-465d-b271-677a295366db,0.03,0.13,0.06032894179224968
66f04368-9b92-465d-b271-677a295366db,0.03,0.18000000000000002,0.07055287808179855
66f04368-9b92-465d-b271-677a295366db,0.03,0.23,0.06235204637050629
66f04368-9b92-465d-b271-677a295366db,0.04,0.03,0.04936389997601509
66f04368-9b92-465d-b271-677a295366db,0.04,0.08,0.056875817477703094
66f04368-9b92-465d-b271-677a295366db,0.05,0.03,0.05108107253909111
66f04368-9b92-465d-b271-677a295366db,0.05,0.08,0.05573653429746628
66f04368-9b92-465d-b271-677a295366db,0.05,0.13,0.05765416473150253
66f04368-9b92-465d-b271-677a295366db,0.05,0.18000000000000002,0.058810409158468246
66f04368-9b92-465d-b271-677a295366db,0.05,0.23,0.05842114984989166
66f04368-9b92-465d-b271-677a295366db,0.1,0.03,0.04816557466983795
66f04368-9b92-465d-b271-677a295366db,0.1,0.08,0.05640317499637604
66f04368-9b92-465d-b271-677a295366db,0.1,0.13,0.0616026446223259
66f04368-9b92-465d-b271-677a295366db,0.1,0.18000000000000002,0.06018449738621712
66f04368-9b92-465d-b271-677a295366db,0.1,0.23,0.06236029788851738
66f04368-9b92-465d-b271-677a295366db,0.15000000000000002,0.03,0.050834327936172485
66f04368-9b92-465d-b271-677a295366db,0.15000000000000002,0.08,0.06109539791941643
66f04368-9b92-465d-b271-677a295366db,0.15000000000000002,0.13,0.059058740735054016
66f04368-9b92-465d-b271-677a295366db,0.15000000000000002,0.18000000000000002,0.06198965013027191
66f04368-9b92-465d-b271-677a295366db,0.15000000000000002,0.23,0.06747373938560486
66f04368-9b92-465d-b271-677a295366db,0.2,0.03,0.04860873520374298
66f04368-9b92-465d-b271-677a295366db,0.2,0.08,0.0567348338663578
66f04368-9b92-465d-b271-677a295366db,0.2,0.13,0.06869780272245407
66f04368-9b92-465d-b271-677a295366db,0.2,0.18000000000000002,0.07994548231363297
66f04368-9b92-465d-b271-677a295366db,0.2,0.23,0.07833566516637802
66f04368-9b92-465d-b271-677a295366db,0.25,0.03,0.04714919626712799
66f04368-9b92-465d-b271-677a295366db,0.25,0.08,0.06441983580589294
66f04368-9b92-465d-b271-677a295366db,0.25,0.13,0.07651308178901672
66f04368-9b92-465d-b271-677a295366db,0.25,0.18000000000000002,0.0724407210946083
66f04368-9b92-465d-b271-677a295366db,0.25,0.23,0.06883519142866135
66f04368-9b92-465d-b271-677a295366db,0.30000000000000004,0.03,0.04689190536737442
66f04368-9b92-465d-b271-677a295366db,0.30000000000000004,0.08,0.05753541737794876
66f04368-9b92-465d-b271-677a295366db,0.30000000000000004,0.13,0.061695415526628494
66f04368-9b92-465d-b271-677a295366db,0.30000000000000004,0.18000000000000002,0.06957901269197464
66f04368-9b92-465d-b271-677a295366db,0.30000000000000004,0.23,0.07283233106136322
670e8119-1542-4911-9358-9ce6a307054e,0.0,0.03,0.08435802906751633
670e8119-1542-4911-9358-9ce6a307054e,0.0,0.08,0.0980493351817131
670e8119-1542-4911-9358-9ce6a307054e,0.0,0.13,0.11702961474657059
670e8119-1542-4911-9358-9ce6a307054e,0.0,0.18000000000000002,0.1177327036857605
670e8119-1542-4911-9358-9ce6a307054e,0.0,0.23,0.12450479716062546
670e8119-1542-4911-9358-9ce6a307054e,0.01,0.03,0.06401482224464417
670e8119-1542-4911-9358-9ce6a307054e,0.01,0.08,0.10027588158845901
670e8119-1542-4911-9358-9ce6a307054e,0.01,0.13,0.10721666365861893
670e8119-1542-4911-9358-9ce6a307054e,0.01,0.18000000000000002,0.10604418069124222
670e8119-1542-4911-9358-9ce6a307054e,0.01,0.23,0.11427778005599976
670e8119-1542-4911-9358-9ce6a307054e,0.02,0.03,0.06503069400787354
670e8119-1542-4911-9358-9ce6a307054e,0.02,0.08,0.1052844226360321
670e8119-1542-4911-9358-9ce6a307054e,0.02,0.13,0.10200119018554688
670e8119-1542-4911-9358-9ce6a307054e,0.02,0.18000000000000002,0.10760753601789474
670e8119-1542-4911-9358-9ce6a307054e,0.02,0.23,0.11203834414482117
670e8119-1542-4911-9358-9ce6a307054e,0.03,0.03,0.08057499676942825
670e8119-1542-4911-9358-9ce6a307054e,0.03,0.08,0.09626679867506027
670e8119-1542-4911-9358-9ce6a307054e,0.03,0.13,0.10340603440999985
670e8119-1542-4911-9358-9ce6a307054e,0.03,0.18000000000000002,0.10501818358898163
670e8119-1542-4911-9358-9ce6a307054e,0.03,0.23,0.10977239161729813
670e8119-1542-4911-9358-9ce6a307054e,0.04,0.03,0.06799307465553284
670e8119-1542-4911-9358-9ce6a307054e,0.04,0.08,0.08569622039794922
670e8119-1542-4911-9358-9ce6a307054e,0.05,0.03,0.08467678725719452
670e8119-1542-4911-9358-9ce6a307054e,0.05,0.08,0.10060574114322662
670e8119-1542-4911-9358-9ce6a307054e,0.05,0.13,0.10155094414949417
670e8119-1542-4911-9358-9ce6a307054e,0.05,0.18000000000000002,0.10714385658502579
670e8119-1542-4911-9358-9ce6a307054e,0.05,0.23,0.10571598261594772
670e8119-1542-4911-9358-9ce6a307054e,0.1,0.03,0.07213591784238815
670e8119-1542-4911-9358-9ce6a307054e,0.1,0.08,0.08373882621526718
670e8119-1542-4911-9358-9ce6a307054e,0.1,0.13,0.09947110712528229
670e8119-1542-4911-9358-9ce6a307054e,0.1,0.18000000000000002,0.09295833110809326
670e8119-1542-4911-9358-9ce6a307054e,0.1,0.23,0.09003907442092896
670e8119-1542-4911-9358-9ce6a307054e,0.15000000000000002,0.03,0.08840872347354889
670e8119-1542-4911-9358-9ce6a307054e,0.15000000000000002,0.08,0.08813536167144775
670e8119-1542-4911-9358-9ce6a307054e,0.15000000000000002,0.13,0.0899098664522171
670e8119-1542-4911-9358-9ce6a307054e,0.15000000000000002,0.18000000000000002,0.08891971409320831
670e8119-1542-4911-9358-9ce6a307054e,0.15000000000000002,0.23,0.11169584840536118
670e8119-1542-4911-9358-9ce6a307054e,0.2,0.03,0.06628505140542984
670e8119-1542-4911-9358-9ce6a307054e,0.2,0.08,0.0851481631398201
670e8119-1542-4911-9358-9ce6a307054e,0.2,0.13,0.09154675900936127
670e8119-1542-4911-9358-9ce6a307054e,0.2,0.18000000000000002,0.1173732653260231
670e8119-1542-4911-9358-9ce6a307054e,0.2,0.23,0.12622641026973724
670e8119-1542-4911-9358-9ce6a307054e,0.25,0.03,0.07313325256109238
670e8119-1542-4911-9358-9ce6a307054e,0.25,0.08,0.07304687798023224
670e8119-1542-4911-9358-9ce6a307054e,0.25,0.13,0.10477550327777863
670e8119-1542-4911-9358-9ce6a307054e,0.25,0.18000000000000002,0.11615104973316193
670e8119-1542-4911-9358-9ce6a307054e,0.25,0.23,0.13564196228981018
670e8119-1542-4911-9358-9ce6a307054e,0.30000000000000004,0.03,0.06718514114618301
670e8119-1542-4911-9358-9ce6a307054e,0.30000000000000004,0.08,0.10528687387704849
670e8119-1542-4911-9358-9ce6a307054e,0.30000000000000004,0.13,0.1192089319229126
670e8119-1542-4911-9358-9ce6a307054e,0.30000000000000004,0.18000000000000002,0.13804751634597778
670e8119-1542-4911-9358-9ce6a307054e,0.30000000000000004,0.23,0.13331082463264465
67a6ba44-10b7-4ed0-a23a-d5da336fecf5,0.0,0.03,0.050715528428554535
67a6ba44-10b7-4ed0-a23a-d5da336fecf5,0.0,0.08,0.06212206184864044
67a6ba44-10b7-4ed0-a23a-d5da336fecf5,0.0,0.13,0.07001902163028717
67a6ba44-10b7-4ed0-a23a-d5da336fecf5,0.0,0.18000000000000002,0.07676330953836441
67a6ba44-10b7-4ed0-a23a-d5da336fecf5,0.0,0.23,0.07763416320085526
67a6ba44-10b7-4ed0-a23a-d5da336fecf5,0.01,0.03,0.04924803972244263
67a6ba44-10b7-4ed0-a23a-d5da336fecf5,0.01,0.08,0.0631072074174881
67a6ba44-10b7-4ed0-a23a-d5da336fecf5,0.01,0.13,0.07041969895362854
67a6ba44-10b7-4ed0-a23a-d5da336fecf5,0.01,0.18000000000000002,0.0707627460360527
67a6ba44-10b7-4ed0-a23a-d5da336fecf5,0.01,0.23,0.07172263413667679
67a6ba44-10b7-4ed0-a23a-d5da336fecf5,0.02,0.03,0.04482071101665497
67a6ba44-10b7-4ed0-a23a-d5da336fecf5,0.02,0.08,0.06167156994342804
67a6ba44-10b7-4ed0-a23a-d5da336fecf5,0.02,0.13,0.07245321571826935
67a6ba44-10b7-4ed0-a23a-d5da336fecf5,0.02,0.18000000000000002,0.06915023177862167
67a6ba44-10b7-4ed0-a23a-d5da336fecf5,0.02,0.23,0.07160620391368866
67a6ba44-10b7-4ed0-a23a-d5da336fecf5,0.03,0.03,0.0478099025785923
67a6ba44-10b7-4ed0-a23a-d5da336fecf5,0.03,0.08,0.06986049562692642
67a6ba44-10b7-4ed0-a23a-d5da336fecf5,0.03,0.13,0.07159776240587234
67a6ba44-10b7-4ed0-a23a-d5da336fecf5,0.03,0.18000000000000002,0.07332349568605423
67a6ba44-10b7-4ed0-a23a-d5da336fecf5,0.03,0.23,0.07155285030603409
67a6ba44-10b7-4ed0-a23a-d5da336fecf5,0.04,0.03,0.04718756303191185
67a6ba44-10b7-4ed0-a23a-d5da336fecf5,0.04,0.08,0.0648740902543068
67a6ba44-10b7-4ed0-a23a-d5da336fecf5,0.05,0.03,0.05249331519007683
67a6ba44-10b7-4ed0-a23a-d5da336fecf5,0.05,0.08,0.06300432980060577
67a6ba44-10b7-4ed0-a23a-d5da336fecf5,0.05,0.13,0.06746894121170044
67a6ba44-10b7-4ed0-a23a-d5da336fecf5,0.05,0.18000000000000002,0.06907077133655548
67a6ba44-10b7-4ed0-a23a-d5da336fecf5,0.05,0.23,0.06760779023170471
67a6ba44-10b7-4ed0-a23a-d5da336fecf5,0.1,0.03,0.046366721391677856
67a6ba44-10b7-4ed0-a23a-d5da336fecf5,0.1,0.08,0.058617863804101944
67a6ba44-10b7-4ed0-a23a-d5da336fecf5,0.1,0.13,0.060538966208696365
67a6ba44-10b7-4ed0-a23a-d5da336fecf5,0.1,0.18000000000000002,0.06646383553743362
67a6ba44-10b7-4ed0-a23a-d5da336fecf5,0.1,0.23,0.07180789858102798
67a6ba44-10b7-4ed0-a23a-d5da336fecf5,0.15000000000000002,0.03,0.049910768866539
67a6ba44-10b7-4ed0-a23a-d5da336fecf5,0.15000000000000002,0.08,0.05769946798682213
67a6ba44-10b7-4ed0-a23a-d5da336fecf5,0.15000000000000002,0.13,0.07380793988704681
67a6ba44-10b7-4ed0-a23a-d5da336fecf5,0.15000000000000002,0.18000000000000002,0.07057617604732513
67a6ba44-10b7-4ed0-a23a-d5da336fecf5,0.15000000000000002,0.23,0.07057313621044159
67a6ba44-10b7-4ed0-a23a-d5da336fecf5,0.2,0.03,0.04959140345454216
67a6ba44-10b7-4ed0-a23a-d5da336fecf5,0.2,0.08,0.06523976475000381
67a6ba44-10b7-4ed0-a23a-d5da336fecf5,0.2,0.13,0.07655740529298782
67a6ba44-10b7-4ed0-a23a-d5da336fecf5,0.2,0.18000000000000002,0.07503751665353775
67a6ba44-10b7-4ed0-a23a-d5da336fecf5,0.2,0.23,0.07238582521677017
67a6ba44-10b7-4ed0-a23a-d5da336fecf5,0.25,0.03,0.05195949971675873
67a6ba44-10b7-4ed0-a23a-d5da336fecf5,0.25,0.08,0.06306455284357071
67a6ba44-10b7-4ed0-a23a-d5da336fecf5,0.25,0.13,0.06385479122400284
67a6ba44-10b7-4ed0-a23a-d5da336fecf5,0.25,0.18000000000000002,0.06669396907091141
67a6ba44-10b7-4ed0-a23a-d5da336fecf5,0.25,0.23,0.07608446478843689
67a6ba44-10b7-4ed0-a23a-d5da336fecf5,0.30000000000000004,0.03,0.05088445544242859
67a6ba44-10b7-4ed0-a23a-d5da336fecf5,0.30000000000000004,0.08,0.06495451927185059
67a6ba44-10b7-4ed0-a23a-d5da336fecf5,0.30000000000000004,0.13,0.05990029126405716
67a6ba44-10b7-4ed0-a23a-d5da336fecf5,0.30000000000000004,0.18000000000000002,0.06946857273578644
67a6ba44-10b7-4ed0-a23a-d5da336fecf5,0.30000000000000004,0.23,0.07415640354156494
68936cca-d5da-4a7e-801b-dbc90acb8ad0,0.0,0.03,0.07518845796585083
68936cca-d5da-4a7e-801b-dbc90acb8ad0,0.0,0.08,0.12204527854919434
68936cca-d5da-4a7e-801b-dbc90acb8ad0,0.0,0.13,0.12699662148952484
68936cca-d5da-4a7e-801b-dbc90acb8ad0,0.0,0.18000000000000002,0.10290176421403885
68936cca-d5da-4a7e-801b-dbc90acb8ad0,0.0,0.23,0.08992734551429749
68936cca-d5da-4a7e-801b-dbc90acb8ad0,0.01,0.03,0.06982331722974777
68936cca-d5da-4a7e-801b-dbc90acb8ad0,0.01,0.08,0.10679571330547333
68936cca-d5da-4a7e-801b-dbc90acb8ad0,0.01,0.13,0.10029633343219757
68936cca-d5da-4a7e-801b-dbc90acb8ad0,0.01,0.18000000000000002,0.09067133814096451
68936cca-d5da-4a7e-801b-dbc90acb8ad0,0.01,0.23,0.08521577715873718
68936cca-d5da-4a7e-801b-dbc90acb8ad0,0.02,0.03,0.07401499152183533
68936cca-d5da-4a7e-801b-dbc90acb8ad0,0.02,0.08,0.10489294677972794
68936cca-d5da-4a7e-801b-dbc90acb8ad0,0.02,0.13,0.09456537663936615
68936cca-d5da-4a7e-801b-dbc90acb8ad0,0.02,0.18000000000000002,0.0843333825469017
68936cca-d5da-4a7e-801b-dbc90acb8ad0,0.02,0.23,0.08333705365657806
68936cca-d5da-4a7e-801b-dbc90acb8ad0,0.03,0.03,0.07876163721084595
68936cca-d5da-4a7e-801b-dbc90acb8ad0,0.03,0.08,0.09364903718233109
68936cca-d5da-4a7e-801b-dbc90acb8ad0,0.03,0.13,0.09067866206169128
68936cca-d5da-4a7e-801b-dbc90acb8ad0,0.03,0.18000000000000002,0.07727506011724472
68936cca-d5da-4a7e-801b-dbc90acb8ad0,0.03,0.23,0.07531585544347763
68936cca-d5da-4a7e-801b-dbc90acb8ad0,0.04,0.03,0.07007888704538345
68936cca-d5da-4a7e-801b-dbc90acb8ad0,0.04,0.08,0.08892050385475159
68936cca-d5da-4a7e-801b-dbc90acb8ad0,0.05,0.03,0.06823030114173889
68936cca-d5da-4a7e-801b-dbc90acb8ad0,0.05,0.08,0.0826808363199234
68936cca-d5da-4a7e-801b-dbc90acb8ad0,0.05,0.13,0.06650613993406296
68936cca-d5da-4a7e-801b-dbc90acb8ad0,0.05,0.18000000000000002,0.06733892858028412
68936cca-d5da-4a7e-801b-dbc90acb8ad0,0.05,0.23,0.06706199049949646
68936cca-d5da-4a7e-801b-dbc90acb8ad0,0.1,0.03,0.043363336473703384
68936cca-d5da-4a7e-801b-dbc90acb8ad0,0.1,0.08,0.059182845056056976
68936cca-d5da-4a7e-801b-dbc90acb8ad0,0.1,0.13,0.06436017900705338
68936cca-d5da-4a7e-801b-dbc90acb8ad0,0.1,0.18000000000000002,0.0690549984574318
68936cca-d5da-4a7e-801b-dbc90acb8ad0,0.1,0.23,0.06830684840679169
68936cca-d5da-4a7e-801b-dbc90acb8ad0,0.15000000000000002,0.03,0.04493710398674011
68936cca-d5da-4a7e-801b-dbc90acb8ad0,0.15000000000000002,0.08,0.06270845979452133
68936cca-d5da-4a7e-801b-dbc90acb8ad0,0.15000000000000002,0.13,0.06585099548101425
68936cca-d5da-4a7e-801b-dbc90acb8ad0,0.15000000000000002,0.18000000000000002,0.06481189280748367
68936cca-d5da-4a7e-801b-dbc90acb8ad0,0.15000000000000002,0.23,0.07012075930833817
68936cca-d5da-4a7e-801b-dbc90acb8ad0,0.2,0.03,0.04713885486125946
68936cca-d5da-4a7e-801b-dbc90acb8ad0,0.2,0.08,0.05858715623617172
68936cca-d5da-4a7e-801b-dbc90acb8ad0,0.2,0.13,0.06429394334554672
68936cca-d5da-4a7e-801b-dbc90acb8ad0,0.2,0.18000000000000002,0.07316599041223526
68936cca-d5da-4a7e-801b-dbc90acb8ad0,0.2,0.23,0.07614454627037048
68936cca-d5da-4a7e-801b-dbc90acb8ad0,0.25,0.03,0.0489899106323719
68936cca-d5da-4a7e-801b-dbc90acb8ad0,0.25,0.08,0.059990931302309036
68936cca-d5da-4a7e-801b-dbc90acb8ad0,0.25,0.13,0.06802751868963242
68936cca-d5da-4a7e-801b-dbc90acb8ad0,0.25,0.18000000000000002,0.07190908491611481
68936cca-d5da-4a7e-801b-dbc90acb8ad0,0.25,0.23,0.07115679979324341
68936cca-d5da-4a7e-801b-dbc90acb8ad0,0.30000000000000004,0.03,0.052409712225198746
68936cca-d5da-4a7e-801b-dbc90acb8ad0,0.30000000000000004,0.08,0.06487966328859329
68936cca-d5da-4a7e-801b-dbc90acb8ad0,0.30000000000000004,0.13,0.0725589394569397
68936cca-d5da-4a7e-801b-dbc90acb8ad0,0.30000000000000004,0.18000000000000002,0.06794138252735138
68936cca-d5da-4a7e-801b-dbc90acb8ad0,0.30000000000000004,0.23,0.07039418071508408
68aaa367-b883-4a79-8908-fb8d1ff303f8,0.0,0.03,0.12820588052272797
68aaa367-b883-4a79-8908-fb8d1ff303f8,0.0,0.08,0.18240013718605042
68aaa367-b883-4a79-8908-fb8d1ff303f8,0.0,0.13,0.13427497446537018
68aaa367-b883-4a79-8908-fb8d1ff303f8,0.0,0.18000000000000002,0.10252558439970016
68aaa367-b883-4a79-8908-fb8d1ff303f8,0.0,0.23,0.09092151373624802
68aaa367-b883-4a79-8908-fb8d1ff303f8,0.01,0.03,0.1255650669336319
68aaa367-b883-4a79-8908-fb8d1ff303f8,0.01,0.08,0.14794069528579712
68aaa367-b883-4a79-8908-fb8d1ff303f8,0.01,0.13,0.1022709459066391
68aaa367-b883-4a79-8908-fb8d1ff303f8,0.01,0.18000000000000002,0.08263066411018372
68aaa367-b883-4a79-8908-fb8d1ff303f8,0.01,0.23,0.07328081130981445
68aaa367-b883-4a79-8908-fb8d1ff303f8,0.02,0.03,0.12921498715877533
68aaa367-b883-4a79-8908-fb8d1ff303f8,0.02,0.08,0.13328315317630768
68aaa367-b883-4a79-8908-fb8d1ff303f8,0.02,0.13,0.08101391792297363
68aaa367-b883-4a79-8908-fb8d1ff303f8,0.02,0.18000000000000002,0.07677959650754929
68aaa367-b883-4a79-8908-fb8d1ff303f8,0.02,0.23,0.06844131648540497
68aaa367-b883-4a79-8908-fb8d1ff303f8,0.03,0.03,0.11731045693159103
68aaa367-b883-4a79-8908-fb8d1ff303f8,0.03,0.08,0.10396850109100342
68aaa367-b883-4a79-8908-fb8d1ff303f8,0.03,0.13,0.07152498513460159
68aaa367-b883-4a79-8908-fb8d1ff303f8,0.03,0.18000000000000002,0.06700089573860168
68aaa367-b883-4a79-8908-fb8d1ff303f8,0.03,0.23,0.06741568446159363
68aaa367-b883-4a79-8908-fb8d1ff303f8,0.04,0.03,0.1109447330236435
68aaa367-b883-4a79-8908-fb8d1ff303f8,0.04,0.08,0.06850596517324448
68aaa367-b883-4a79-8908-fb8d1ff303f8,0.05,0.03,0.08307677507400513
68aaa367-b883-4a79-8908-fb8d1ff303f8,0.05,0.08,0.051971133798360825
68aaa367-b883-4a79-8908-fb8d1ff303f8,0.05,0.13,0.05928502976894379
68aaa367-b883-4a79-8908-fb8d1ff303f8,0.05,0.18000000000000002,0.06533139199018478
68aaa367-b883-4a79-8908-fb8d1ff303f8,0.05,0.23,0.07097756862640381
68aaa367-b883-4a79-8908-fb8d1ff303f8,0.1,0.03,0.057175129652023315
68aaa367-b883-4a79-8908-fb8d1ff303f8,0.1,0.08,0.07189644873142242
68aaa367-b883-4a79-8908-fb8d1ff303f8,0.1,0.13,0.07294727861881256
68aaa367-b883-4a79-8908-fb8d1ff303f8,0.1,0.18000000000000002,0.07864299416542053
68aaa367-b883-4a79-8908-fb8d1ff303f8,0.1,0.23,0.07579898834228516
68aaa367-b883-4a79-8908-fb8d1ff303f8,0.15000000000000002,0.03,0.05102178826928139
68aaa367-b883-4a79-8908-fb8d1ff303f8,0.15000000000000002,0.08,0.05920727550983429
68aaa367-b883-4a79-8908-fb8d1ff303f8,0.15000000000000002,0.13,0.0705903023481369
68aaa367-b883-4a79-8908-fb8d1ff303f8,0.15000000000000002,0.18000000000000002,0.07514241337776184
68aaa367-b883-4a79-8908-fb8d1ff303f8,0.15000000000000002,0.23,0.06714293360710144
68aaa367-b883-4a79-8908-fb8d1ff303f8,0.2,0.03,0.04570362716913223
68aaa367-b883-4a79-8908-fb8d1ff303f8,0.2,0.08,0.06374014914035797
68aaa367-b883-4a79-8908-fb8d1ff303f8,0.2,0.13,0.07063928246498108
68aaa367-b883-4a79-8908-fb8d1ff303f8,0.2,0.18000000000000002,0.06893914192914963
68aaa367-b883-4a79-8908-fb8d1ff303f8,0.2,0.23,0.06881216913461685
68aaa367-b883-4a79-8908-fb8d1ff303f8,0.25,0.03,0.04842234402894974
68aaa367-b883-4a79-8908-fb8d1ff303f8,0.25,0.08,0.056115057319402695
68aaa367-b883-4a79-8908-fb8d1ff303f8,0.25,0.13,0.061883118003606796
68aaa367-b883-4a79-8908-fb8d1ff303f8,0.25,0.18000000000000002,0.06554915010929108
68aaa367-b883-4a79-8908-fb8d1ff303f8,0.25,0.23,0.05920705571770668
68aaa367-b883-4a79-8908-fb8d1ff303f8,0.30000000000000004,0.03,0.04689795523881912
68aaa367-b883-4a79-8908-fb8d1ff303f8,0.30000000000000004,0.08,0.05219708010554314
68aaa367-b883-4a79-8908-fb8d1ff303f8,0.30000000000000004,0.13,0.0614238977432251
68aaa367-b883-4a79-8908-fb8d1ff303f8,0.30000000000000004,0.18000000000000002,0.056899964809417725
68aaa367-b883-4a79-8908-fb8d1ff303f8,0.30000000000000004,0.23,0.06425604969263077
6903ae64-e0fa-4de6-a63c-f95d1bb12351,0.0,0.03,0.04813280701637268
6903ae64-e0fa-4de6-a63c-f95d1bb12351,0.0,0.08,0.05689017474651337
6903ae64-e0fa-4de6-a63c-f95d1bb12351,0.0,0.13,0.06504964828491211
6903ae64-e0fa-4de6-a63c-f95d1bb12351,0.0,0.18000000000000002,0.05922166258096695
6903ae64-e0fa-4de6-a63c-f95d1bb12351,0.0,0.23,0.056546565145254135
6903ae64-e0fa-4de6-a63c-f95d1bb12351,0.01,0.03,0.04468537122011185
6903ae64-e0fa-4de6-a63c-f95d1bb12351,0.01,0.08,0.06632697582244873
6903ae64-e0fa-4de6-a63c-f95d1bb12351,0.01,0.13,0.06412947177886963
6903ae64-e0fa-4de6-a63c-f95d1bb12351,0.01,0.18000000000000002,0.06724381446838379
6903ae64-e0fa-4de6-a63c-f95d1bb12351,0.01,0.23,0.060851216316223145
6903ae64-e0fa-4de6-a63c-f95d1bb12351,0.02,0.03,0.04638522490859032
6903ae64-e0fa-4de6-a63c-f95d1bb12351,0.02,0.08,0.06782181560993195
6903ae64-e0fa-4de6-a63c-f95d1bb12351,0.02,0.13,0.064033143222332
6903ae64-e0fa-4de6-a63c-f95d1bb12351,0.02,0.18000000000000002,0.06518536806106567
6903ae64-e0fa-4de6-a63c-f95d1bb12351,0.02,0.23,0.061341073364019394
6903ae64-e0fa-4de6-a63c-f95d1bb12351,0.03,0.03,0.05350904166698456
6903ae64-e0fa-4de6-a63c-f95d1bb12351,0.03,0.08,0.06796026229858398
6903ae64-e0fa-4de6-a63c-f95d1bb12351,0.03,0.13,0.06379910558462143
6903ae64-e0fa-4de6-a63c-f95d1bb12351,0.03,0.18000000000000002,0.058976735919713974
6903ae64-e0fa-4de6-a63c-f95d1bb12351,0.03,0.23,0.06069279834628105
6903ae64-e0fa-4de6-a63c-f95d1bb12351,0.04,0.03,0.054399389773607254
6903ae64-e0fa-4de6-a63c-f95d1bb12351,0.04,0.08,0.06312499195337296
6903ae64-e0fa-4de6-a63c-f95d1bb12351,0.05,0.03,0.0549127571284771
6903ae64-e0fa-4de6-a63c-f95d1bb12351,0.05,0.08,0.058240942656993866
6903ae64-e0fa-4de6-a63c-f95d1bb12351,0.05,0.13,0.06100577861070633
6903ae64-e0fa-4de6-a63c-f95d1bb12351,0.05,0.18000000000000002,0.05980199947953224
6903ae64-e0fa-4de6-a63c-f95d1bb12351,0.05,0.23,0.061080992221832275
6903ae64-e0fa-4de6-a63c-f95d1bb12351,0.1,0.03,0.04904397577047348
6903ae64-e0fa-4de6-a63c-f95d1bb12351,0.1,0.08,0.05444638058543205
6903ae64-e0fa-4de6-a63c-f95d1bb12351,0.1,0.13,0.05500146001577377
6903ae64-e0fa-4de6-a63c-f95d1bb12351,0.1,0.18000000000000002,0.055488117039203644
6903ae64-e0fa-4de6-a63c-f95d1bb12351,0.1,0.23,0.06303736567497253
6903ae64-e0fa-4de6-a63c-f95d1bb12351,0.15000000000000002,0.03,0.0546327568590641
6903ae64-e0fa-4de6-a63c-f95d1bb12351,0.15000000000000002,0.08,0.05544525384902954
6903ae64-e0fa-4de6-a63c-f95d1bb12351,0.15000000000000002,0.13,0.05578920245170593
6903ae64-e0fa-4de6-a63c-f95d1bb12351,0.15000000000000002,0.18000000000000002,0.06446781009435654
6903ae64-e0fa-4de6-a63c-f95d1bb12351,0.15000000000000002,0.23,0.0769074484705925
6903ae64-e0fa-4de6-a63c-f95d1bb12351,0.2,0.03,0.04909876734018326
6903ae64-e0fa-4de6-a63c-f95d1bb12351,0.2,0.08,0.05509091168642044
6903ae64-e0fa-4de6-a63c-f95d1bb12351,0.2,0.13,0.060462020337581635
6903ae64-e0fa-4de6-a63c-f95d1bb12351,0.2,0.18000000000000002,0.08004804700613022
6903ae64-e0fa-4de6-a63c-f95d1bb12351,0.2,0.23,0.0901903286576271
6903ae64-e0fa-4de6-a63c-f95d1bb12351,0.25,0.03,0.045624762773513794
6903ae64-e0fa-4de6-a63c-f95d1bb12351,0.25,0.08,0.05947263538837433
6903ae64-e0fa-4de6-a63c-f95d1bb12351,0.25,0.13,0.07529217004776001
6903ae64-e0fa-4de6-a63c-f95d1bb12351,0.25,0.18000000000000002,0.08901777118444443
6903ae64-e0fa-4de6-a63c-f95d1bb12351,0.25,0.23,0.09368912130594254
6903ae64-e0fa-4de6-a63c-f95d1bb12351,0.30000000000000004,0.03,0.05514083430171013
6903ae64-e0fa-4de6-a63c-f95d1bb12351,0.30000000000000004,0.08,0.07568762451410294
6903ae64-e0fa-4de6-a63c-f95d1bb12351,0.30000000000000004,0.13,0.08866944164037704
6903ae64-e0fa-4de6-a63c-f95d1bb12351,0.30000000000000004,0.18000000000000002,0.08906980603933334
6903ae64-e0fa-4de6-a63c-f95d1bb12351,0.30000000000000004,0.23,0.0939183160662651
690892bc-95ec-46fc-a2f9-8d60c71a98a8,0.0,0.03,0.05051161348819733
690892bc-95ec-46fc-a2f9-8d60c71a98a8,0.0,0.08,0.06511810421943665
690892bc-95ec-46fc-a2f9-8d60c71a98a8,0.0,0.13,0.07328816503286362
690892bc-95ec-46fc-a2f9-8d60c71a98a8,0.0,0.18000000000000002,0.0833432748913765
690892bc-95ec-46fc-a2f9-8d60c71a98a8,0.0,0.23,0.0800759494304657
690892bc-95ec-46fc-a2f9-8d60c71a98a8,0.01,0.03,0.04790952056646347
690892bc-95ec-46fc-a2f9-8d60c71a98a8,0.01,0.08,0.06767024844884872
690892bc-95ec-46fc-a2f9-8d60c71a98a8,0.01,0.13,0.07442334294319153
690892bc-95ec-46fc-a2f9-8d60c71a98a8,0.01,0.18000000000000002,0.08239143341779709
690892bc-95ec-46fc-a2f9-8d60c71a98a8,0.01,0.23,0.0794709324836731
690892bc-95ec-46fc-a2f9-8d60c71a98a8,0.02,0.03,0.05595279857516289
690892bc-95ec-46fc-a2f9-8d60c71a98a8,0.02,0.08,0.06666797399520874
690892bc-95ec-46fc-a2f9-8d60c71a98a8,0.02,0.13,0.07648790627717972
690892bc-95ec-46fc-a2f9-8d60c71a98a8,0.02,0.18000000000000002,0.08119753748178482
690892bc-95ec-46fc-a2f9-8d60c71a98a8,0.02,0.23,0.07617079466581345
690892bc-95ec-46fc-a2f9-8d60c71a98a8,0.03,0.03,0.04875221848487854
690892bc-95ec-46fc-a2f9-8d60c71a98a8,0.03,0.08,0.06358865648508072
690892bc-95ec-46fc-a2f9-8d60c71a98a8,0.03,0.13,0.08341258764266968
690892bc-95ec-46fc-a2f9-8d60c71a98a8,0.03,0.18000000000000002,0.07938919216394424
690892bc-95ec-46fc-a2f9-8d60c71a98a8,0.03,0.23,0.07280871272087097
690892bc-95ec-46fc-a2f9-8d60c71a98a8,0.04,0.03,0.050082094967365265
690892bc-95ec-46fc-a2f9-8d60c71a98a8,0.04,0.08,0.06963281333446503
690892bc-95ec-46fc-a2f9-8d60c71a98a8,0.05,0.03,0.04939762502908707
690892bc-95ec-46fc-a2f9-8d60c71a98a8,0.05,0.08,0.064804308116436
690892bc-95ec-46fc-a2f9-8d60c71a98a8,0.05,0.13,0.07713882625102997
690892bc-95ec-46fc-a2f9-8d60c71a98a8,0.05,0.18000000000000002,0.07965876907110214
690892bc-95ec-46fc-a2f9-8d60c71a98a8,0.05,0.23,0.0699806809425354
690892bc-95ec-46fc-a2f9-8d60c71a98a8,0.1,0.03,0.05461156368255615
690892bc-95ec-46fc-a2f9-8d60c71a98a8,0.1,0.08,0.07350519299507141
690892bc-95ec-46fc-a2f9-8d60c71a98a8,0.1,0.13,0.07672969251871109
690892bc-95ec-46fc-a2f9-8d60c71a98a8,0.1,0.18000000000000002,0.0674964189529419
690892bc-95ec-46fc-a2f9-8d60c71a98a8,0.1,0.23,0.07848387956619263
690892bc-95ec-46fc-a2f9-8d60c71a98a8,0.15000000000000002,0.03,0.0516323521733284
690892bc-95ec-46fc-a2f9-8d60c71a98a8,0.15000000000000002,0.08,0.07127407193183899
690892bc-95ec-46fc-a2f9-8d60c71a98a8,0.15000000000000002,0.13,0.07370978593826294
690892bc-95ec-46fc-a2f9-8d60c71a98a8,0.15000000000000002,0.18000000000000002,0.08364534378051758
690892bc-95ec-46fc-a2f9-8d60c71a98a8,0.15000000000000002,0.23,0.08787532150745392
690892bc-95ec-46fc-a2f9-8d60c71a98a8,0.2,0.03,0.05441737920045853
690892bc-95ec-46fc-a2f9-8d60c71a98a8,0.2,0.08,0.07329519838094711
690892bc-95ec-46fc-a2f9-8d60c71a98a8,0.2,0.13,0.08535612374544144
690892bc-95ec-46fc-a2f9-8d60c71a98a8,0.2,0.18000000000000002,0.08732341229915619
690892bc-95ec-46fc-a2f9-8d60c71a98a8,0.2,0.23,0.08958620578050613
690892bc-95ec-46fc-a2f9-8d60c71a98a8,0.25,0.03,0.05400004982948303
690892bc-95ec-46fc-a2f9-8d60c71a98a8,0.25,0.08,0.062448229640722275
690892bc-95ec-46fc-a2f9-8d60c71a98a8,0.25,0.13,0.0696762278676033
690892bc-95ec-46fc-a2f9-8d60c71a98a8,0.25,0.18000000000000002,0.07734498381614685
690892bc-95ec-46fc-a2f9-8d60c71a98a8,0.25,0.23,0.07358606904745102
690892bc-95ec-46fc-a2f9-8d60c71a98a8,0.30000000000000004,0.03,0.052092295140028
690892bc-95ec-46fc-a2f9-8d60c71a98a8,0.30000000000000004,0.08,0.07411476969718933
690892bc-95ec-46fc-a2f9-8d60c71a98a8,0.30000000000000004,0.13,0.07007160037755966
690892bc-95ec-46fc-a2f9-8d60c71a98a8,0.30000000000000004,0.18000000000000002,0.07235201448202133
690892bc-95ec-46fc-a2f9-8d60c71a98a8,0.30000000000000004,0.23,0.07130058109760284
69316d93-58fd-4136-99d1-d58be4c38731,0.0,0.03,0.14108474552631378
69316d93-58fd-4136-99d1-d58be4c38731,0.0,0.08,0.20329713821411133
69316d93-58fd-4136-99d1-d58be4c38731,0.0,0.13,0.2052914947271347
69316d93-58fd-4136-99d1-d58be4c38731,0.0,0.18000000000000002,0.18648922443389893
69316d93-58fd-4136-99d1-d58be4c38731,0.0,0.23,0.168940469622612
69316d93-58fd-4136-99d1-d58be4c38731,0.01,0.03,0.12166581302881241
69316d93-58fd-4136-99d1-d58be4c38731,0.01,0.08,0.16410081088542938
69316d93-58fd-4136-99d1-d58be4c38731,0.01,0.13,0.15531542897224426
69316d93-58fd-4136-99d1-d58be4c38731,0.01,0.18000000000000002,0.1367802619934082
69316d93-58fd-4136-99d1-d58be4c38731,0.01,0.23,0.12348663806915283
69316d93-58fd-4136-99d1-d58be4c38731,0.02,0.03,0.12830671668052673
69316d93-58fd-4136-99d1-d58be4c38731,0.02,0.08,0.16781549155712128
69316d93-58fd-4136-99d1-d58be4c38731,0.02,0.13,0.1496727615594864
69316d93-58fd-4136-99d1-d58be4c38731,0.02,0.18000000000000002,0.12964776158332825
69316d93-58fd-4136-99d1-d58be4c38731,0.02,0.23,0.11533845216035843
69316d93-58fd-4136-99d1-d58be4c38731,0.03,0.03,0.13643160462379456
69316d93-58fd-4136-99d1-d58be4c38731,0.03,0.08,0.16800186038017273
69316d93-58fd-4136-99d1-d58be4c38731,0.03,0.13,0.14299276471138
69316d93-58fd-4136-99d1-d58be4c38731,0.03,0.18000000000000002,0.12286251783370972
69316d93-58fd-4136-99d1-d58be4c38731,0.03,0.23,0.10828994959592819
69316d93-58fd-4136-99d1-d58be4c38731,0.04,0.03,0.14995895326137543
69316d93-58fd-4136-99d1-d58be4c38731,0.04,0.08,0.1620561182498932
69316d93-58fd-4136-99d1-d58be4c38731,0.05,0.03,0.17676667869091034
69316d93-58fd-4136-99d1-d58be4c38731,0.05,0.08,0.18359221518039703
69316d93-58fd-4136-99d1-d58be4c38731,0.05,0.13,0.15787965059280396
69316d93-58fd-4136-99d1-d58be4c38731,0.05,0.18000000000000002,0.14000581204891205
69316d93-58fd-4136-99d1-d58be4c38731,0.05,0.23,0.11786571890115738
69316d93-58fd-4136-99d1-d58be4c38731,0.1,0.03,0.10757534205913544
69316d93-58fd-4136-99d1-d58be4c38731,0.1,0.08,0.10537293553352356
69316d93-58fd-4136-99d1-d58be4c38731,0.1,0.13,0.09497082233428955
69316d93-58fd-4136-99d1-d58be4c38731,0.1,0.18000000000000002,0.08378657698631287
69316d93-58fd-4136-99d1-d58be4c38731,0.1,0.23,0.07559627294540405
69316d93-58fd-4136-99d1-d58be4c38731,0.15000000000000002,0.03,0.07781154662370682
69316d93-58fd-4136-99d1-d58be4c38731,0.15000000000000002,0.08,0.07512788474559784
69316d93-58fd-4136-99d1-d58be4c38731,0.15000000000000002,0.13,0.06966471672058105
69316d93-58fd-4136-99d1-d58be4c38731,0.15000000000000002,0.18000000000000002,0.06779055297374725
69316d93-58fd-4136-99d1-d58be4c38731,0.15000000000000002,0.23,0.06729155033826828
69316d93-58fd-4136-99d1-d58be4c38731,0.2,0.03,0.05289068445563316
69316d93-58fd-4136-99d1-d58be4c38731,0.2,0.08,0.05434461310505867
69316d93-58fd-4136-99d1-d58be4c38731,0.2,0.13,0.058978259563446045
69316d93-58fd-4136-99d1-d58be4c38731,0.2,0.18000000000000002,0.0642666444182396
69316d93-58fd-4136-99d1-d58be4c38731,0.2,0.23,0.07005912810564041
69316d93-58fd-4136-99d1-d58be4c38731,0.25,0.03,0.05392447113990784
69316d93-58fd-4136-99d1-d58be4c38731,0.25,0.08,0.05740782991051674
69316d93-58fd-4136-99d1-d58be4c38731,0.25,0.13,0.06484224647283554
69316d93-58fd-4136-99d1-d58be4c38731,0.25,0.18000000000000002,0.07017849385738373
69316d93-58fd-4136-99d1-d58be4c38731,0.25,0.23,0.07685346156358719
69316d93-58fd-4136-99d1-d58be4c38731,0.30000000000000004,0.03,0.055357251316308975
69316d93-58fd-4136-99d1-d58be4c38731,0.30000000000000004,0.08,0.06028806418180466
69316d93-58fd-4136-99d1-d58be4c38731,0.30000000000000004,0.13,0.06837919354438782
69316d93-58fd-4136-99d1-d58be4c38731,0.30000000000000004,0.18000000000000002,0.07557213306427002
69316d93-58fd-4136-99d1-d58be4c38731,0.30000000000000004,0.23,0.07588157057762146
694441ad-eed5-46af-8c96-49073079ec48,0.0,0.03,0.055354081094264984
694441ad-eed5-46af-8c96-49073079ec48,0.0,0.08,0.09259146451950073
694441ad-eed5-46af-8c96-49073079ec48,0.0,0.13,0.10063302516937256
694441ad-eed5-46af-8c96-49073079ec48,0.0,0.18000000000000002,0.10041894763708115
694441ad-eed5-46af-8c96-49073079ec48,0.0,0.23,0.09534991532564163
694441ad-eed5-46af-8c96-49073079ec48,0.01,0.03,0.06525605171918869
694441ad-eed5-46af-8c96-49073079ec48,0.01,0.08,0.09471423923969269
694441ad-eed5-46af-8c96-49073079ec48,0.01,0.13,0.09039328247308731
694441ad-eed5-46af-8c96-49073079ec48,0.01,0.18000000000000002,0.09088048338890076
694441ad-eed5-46af-8c96-49073079ec48,0.01,0.23,0.08593879640102386
694441ad-eed5-46af-8c96-49073079ec48,0.02,0.03,0.07398197054862976
694441ad-eed5-46af-8c96-49073079ec48,0.02,0.08,0.0981597751379013
694441ad-eed5-46af-8c96-49073079ec48,0.02,0.13,0.08841636776924133
694441ad-eed5-46af-8c96-49073079ec48,0.02,0.18000000000000002,0.08891652524471283
694441ad-eed5-46af-8c96-49073079ec48,0.02,0.23,0.08460014313459396
694441ad-eed5-46af-8c96-49073079ec48,0.03,0.03,0.077058345079422
694441ad-eed5-46af-8c96-49073079ec48,0.03,0.08,0.10057622194290161
694441ad-eed5-46af-8c96-49073079ec48,0.03,0.13,0.09024613350629807
694441ad-eed5-46af-8c96-49073079ec48,0.03,0.18000000000000002,0.08979418873786926
694441ad-eed5-46af-8c96-49073079ec48,0.03,0.23,0.08556025475263596
694441ad-eed5-46af-8c96-49073079ec48,0.04,0.03,0.07528232783079147
694441ad-eed5-46af-8c96-49073079ec48,0.04,0.08,0.09463182836771011
694441ad-eed5-46af-8c96-49073079ec48,0.05,0.03,0.08244821429252625
694441ad-eed5-46af-8c96-49073079ec48,0.05,0.08,0.10539021342992783
694441ad-eed5-46af-8c96-49073079ec48,0.05,0.13,0.10697141289710999
694441ad-eed5-46af-8c96-49073079ec48,0.05,0.18000000000000002,0.09781695157289505
694441ad-eed5-46af-8c96-49073079ec48,0.05,0.23,0.08657411485910416
694441ad-eed5-46af-8c96-49073079ec48,0.1,0.03,0.07336082309484482
694441ad-eed5-46af-8c96-49073079ec48,0.1,0.08,0.09250029921531677
694441ad-eed5-46af-8c96-49073079ec48,0.1,0.13,0.08867641538381577
694441ad-eed5-46af-8c96-49073079ec48,0.1,0.18000000000000002,0.08045658469200134
694441ad-eed5-46af-8c96-49073079ec48,0.1,0.23,0.07709680497646332
694441ad-eed5-46af-8c96-49073079ec48,0.15000000000000002,0.03,0.06169477105140686
694441ad-eed5-46af-8c96-49073079ec48,0.15000000000000002,0.08,0.07696074992418289
694441ad-eed5-46af-8c96-49073079ec48,0.15000000000000002,0.13,0.07981926202774048
694441ad-eed5-46af-8c96-49073079ec48,0.15000000000000002,0.18000000000000002,0.06953960657119751
694441ad-eed5-46af-8c96-49073079ec48,0.15000000000000002,0.23,0.07200745493173599
694441ad-eed5-46af-8c96-49073079ec48,0.2,0.03,0.06449722498655319
694441ad-eed5-46af-8c96-49073079ec48,0.2,0.08,0.07440973818302155
694441ad-eed5-46af-8c96-49073079ec48,0.2,0.13,0.06983771175146103
694441ad-eed5-46af-8c96-49073079ec48,0.2,0.18000000000000002,0.07668668031692505
694441ad-eed5-46af-8c96-49073079ec48,0.2,0.23,0.0792592391371727
694441ad-eed5-46af-8c96-49073079ec48,0.25,0.03,0.05106666311621666
694441ad-eed5-46af-8c96-49073079ec48,0.25,0.08,0.06892460584640503
694441ad-eed5-46af-8c96-49073079ec48,0.25,0.13,0.08353089541196823
694441ad-eed5-46af-8c96-49073079ec48,0.25,0.18000000000000002,0.08616326749324799
694441ad-eed5-46af-8c96-49073079ec48,0.25,0.23,0.07696758210659027
694441ad-eed5-46af-8c96-49073079ec48,0.30000000000000004,0.03,0.07436533272266388
694441ad-eed5-46af-8c96-49073079ec48,0.30000000000000004,0.08,0.0902484729886055
694441ad-eed5-46af-8c96-49073079ec48,0.30000000000000004,0.13,0.08903670310974121
694441ad-eed5-46af-8c96-49073079ec48,0.30000000000000004,0.18000000000000002,0.07555605471134186
694441ad-eed5-46af-8c96-49073079ec48,0.30000000000000004,0.23,0.06885385513305664
6a40a054-c0ef-4201-b78d-db1310c0a7ff,0.0,0.03,0.053602930158376694
6a40a054-c0ef-4201-b78d-db1310c0a7ff,0.0,0.08,0.06969510763883591
6a40a054-c0ef-4201-b78d-db1310c0a7ff,0.0,0.13,0.07562008500099182
6a40a054-c0ef-4201-b78d-db1310c0a7ff,0.0,0.18000000000000002,0.06832490116357803
6a40a054-c0ef-4201-b78d-db1310c0a7ff,0.0,0.23,0.06933843344449997
6a40a054-c0ef-4201-b78d-db1310c0a7ff,0.01,0.03,0.05585557967424393
6a40a054-c0ef-4201-b78d-db1310c0a7ff,0.01,0.08,0.06389425694942474
6a40a054-c0ef-4201-b78d-db1310c0a7ff,0.01,0.13,0.06961214542388916
6a40a054-c0ef-4201-b78d-db1310c0a7ff,0.01,0.18000000000000002,0.06316675990819931
6a40a054-c0ef-4201-b78d-db1310c0a7ff,0.01,0.23,0.0661587193608284
6a40a054-c0ef-4201-b78d-db1310c0a7ff,0.02,0.03,0.0522114560008049
6a40a054-c0ef-4201-b78d-db1310c0a7ff,0.02,0.08,0.06160673126578331
6a40a054-c0ef-4201-b78d-db1310c0a7ff,0.02,0.13,0.06405030190944672
6a40a054-c0ef-4201-b78d-db1310c0a7ff,0.02,0.18000000000000002,0.06235990300774574
6a40a054-c0ef-4201-b78d-db1310c0a7ff,0.02,0.23,0.06755146384239197
6a40a054-c0ef-4201-b78d-db1310c0a7ff,0.03,0.03,0.04657323285937309
6a40a054-c0ef-4201-b78d-db1310c0a7ff,0.03,0.08,0.06332023441791534
6a40a054-c0ef-4201-b78d-db1310c0a7ff,0.03,0.13,0.06370227783918381
6a40a054-c0ef-4201-b78d-db1310c0a7ff,0.03,0.18000000000000002,0.06626464426517487
6a40a054-c0ef-4201-b78d-db1310c0a7ff,0.03,0.23,0.06425447762012482
6a40a054-c0ef-4201-b78d-db1310c0a7ff,0.04,0.03,0.048978835344314575
6a40a054-c0ef-4201-b78d-db1310c0a7ff,0.04,0.08,0.05240374058485031
6a40a054-c0ef-4201-b78d-db1310c0a7ff,0.05,0.03,0.04875031113624573
6a40a054-c0ef-4201-b78d-db1310c0a7ff,0.05,0.08,0.06066139414906502
6a40a054-c0ef-4201-b78d-db1310c0a7ff,0.05,0.13,0.06049685180187225
6a40a054-c0ef-4201-b78d-db1310c0a7ff,0.05,0.18000000000000002,0.06620793044567108
6a40a054-c0ef-4201-b78d-db1310c0a7ff,0.05,0.23,0.06758400797843933
6a40a054-c0ef-4201-b78d-db1310c0a7ff,0.1,0.03,0.051074109971523285
6a40a054-c0ef-4201-b78d-db1310c0a7ff,0.1,0.08,0.06244267150759697
6a40a054-c0ef-4201-b78d-db1310c0a7ff,0.1,0.13,0.06465110182762146
6a40a054-c0ef-4201-b78d-db1310c0a7ff,0.1,0.18000000000000002,0.0750901848077774
6a40a054-c0ef-4201-b78d-db1310c0a7ff,0.1,0.23,0.07511729747056961
6a40a054-c0ef-4201-b78d-db1310c0a7ff,0.15000000000000002,0.03,0.04570393264293671
6a40a054-c0ef-4201-b78d-db1310c0a7ff,0.15000000000000002,0.08,0.05713401362299919
6a40a054-c0ef-4201-b78d-db1310c0a7ff,0.15000000000000002,0.13,0.07083588093519211
6a40a054-c0ef-4201-b78d-db1310c0a7ff,0.15000000000000002,0.18000000000000002,0.07320111989974976
6a40a054-c0ef-4201-b78d-db1310c0a7ff,0.15000000000000002,0.23,0.06831979006528854
6a40a054-c0ef-4201-b78d-db1310c0a7ff,0.2,0.03,0.045626603066921234
6a40a054-c0ef-4201-b78d-db1310c0a7ff,0.2,0.08,0.06943941116333008
6a40a054-c0ef-4201-b78d-db1310c0a7ff,0.2,0.13,0.07024092972278595
6a40a054-c0ef-4201-b78d-db1310c0a7ff,0.2,0.18000000000000002,0.0663943886756897
6a40a054-c0ef-4201-b78d-db1310c0a7ff,0.2,0.23,0.07009235769510269
6a40a054-c0ef-4201-b78d-db1310c0a7ff,0.25,0.03,0.052579786628484726
6a40a054-c0ef-4201-b78d-db1310c0a7ff,0.25,0.08,0.06547552347183228
6a40a054-c0ef-4201-b78d-db1310c0a7ff,0.25,0.13,0.06743797659873962
6a40a054-c0ef-4201-b78d-db1310c0a7ff,0.25,0.18000000000000002,0.06407078355550766
6a40a054-c0ef-4201-b78d-db1310c0a7ff,0.25,0.23,0.06765373051166534
6a40a054-c0ef-4201-b78d-db1310c0a7ff,0.30000000000000004,0.03,0.05652501434087753
6a40a054-c0ef-4201-b78d-db1310c0a7ff,0.30000000000000004,0.08,0.07948331534862518
6a40a054-c0ef-4201-b78d-db1310c0a7ff,0.30000000000000004,0.13,0.07073349505662918
6a40a054-c0ef-4201-b78d-db1310c0a7ff,0.30000000000000004,0.18000000000000002,0.06509503722190857
6a40a054-c0ef-4201-b78d-db1310c0a7ff,0.30000000000000004,0.23,0.06831446290016174
6a7be784-afed-44e1-b002-fe0a9bf142ce,0.0,0.03,0.0503419004380703
6a7be784-afed-44e1-b002-fe0a9bf142ce,0.0,0.08,0.059059858322143555
6a7be784-afed-44e1-b002-fe0a9bf142ce,0.0,0.13,0.07020210474729538
6a7be784-afed-44e1-b002-fe0a9bf142ce,0.0,0.18000000000000002,0.0644630715250969
6a7be784-afed-44e1-b002-fe0a9bf142ce,0.0,0.23,0.06003637984395027
6a7be784-afed-44e1-b002-fe0a9bf142ce,0.01,0.03,0.04660806804895401
6a7be784-afed-44e1-b002-fe0a9bf142ce,0.01,0.08,0.057420484721660614
6a7be784-afed-44e1-b002-fe0a9bf142ce,0.01,0.13,0.06492092460393906
6a7be784-afed-44e1-b002-fe0a9bf142ce,0.01,0.18000000000000002,0.05875277519226074
6a7be784-afed-44e1-b002-fe0a9bf142ce,0.01,0.23,0.059930577874183655
6a7be784-afed-44e1-b002-fe0a9bf142ce,0.02,0.03,0.04511192813515663
6a7be784-afed-44e1-b002-fe0a9bf142ce,0.02,0.08,0.05703645944595337
6a7be784-afed-44e1-b002-fe0a9bf142ce,0.02,0.13,0.06683003902435303
6a7be784-afed-44e1-b002-fe0a9bf142ce,0.02,0.18000000000000002,0.06192803382873535
6a7be784-afed-44e1-b002-fe0a9bf142ce,0.02,0.23,0.06380322575569153
6a7be784-afed-44e1-b002-fe0a9bf142ce,0.03,0.03,0.05014470964670181
6a7be784-afed-44e1-b002-fe0a9bf142ce,0.03,0.08,0.06763961166143417
6a7be784-afed-44e1-b002-fe0a9bf142ce,0.03,0.13,0.06762979179620743
6a7be784-afed-44e1-b002-fe0a9bf142ce,0.03,0.18000000000000002,0.06081485003232956
6a7be784-afed-44e1-b002-fe0a9bf142ce,0.03,0.23,0.0610106885433197
6a7be784-afed-44e1-b002-fe0a9bf142ce,0.04,0.03,0.046833768486976624
6a7be784-afed-44e1-b002-fe0a9bf142ce,0.04,0.08,0.06423414498567581
6a7be784-afed-44e1-b002-fe0a9bf142ce,0.05,0.03,0.04857446253299713
6a7be784-afed-44e1-b002-fe0a9bf142ce,0.05,0.08,0.06276065856218338
6a7be784-afed-44e1-b002-fe0a9bf142ce,0.05,0.13,0.06274865567684174
6a7be784-afed-44e1-b002-fe0a9bf142ce,0.05,0.18000000000000002,0.06655286997556686
6a7be784-afed-44e1-b002-fe0a9bf142ce,0.05,0.23,0.06525919586420059
6a7be784-afed-44e1-b002-fe0a9bf142ce,0.1,0.03,0.04585741460323334
6a7be784-afed-44e1-b002-fe0a9bf142ce,0.1,0.08,0.0513293594121933
6a7be784-afed-44e1-b002-fe0a9bf142ce,0.1,0.13,0.05609949305653572
6a7be784-afed-44e1-b002-fe0a9bf142ce,0.1,0.18000000000000002,0.06059001386165619
6a7be784-afed-44e1-b002-fe0a9bf142ce,0.1,0.23,0.06428692489862442
6a7be784-afed-44e1-b002-fe0a9bf142ce,0.15000000000000002,0.03,0.047132112085819244
6a7be784-afed-44e1-b002-fe0a9bf142ce,0.15000000000000002,0.08,0.05580746382474899
6a7be784-afed-44e1-b002-fe0a9bf142ce,0.15000000000000002,0.13,0.05664024502038956
6a7be784-afed-44e1-b002-fe0a9bf142ce,0.15000000000000002,0.18000000000000002,0.06283516436815262
6a7be784-afed-44e1-b002-fe0a9bf142ce,0.15000000000000002,0.23,0.06705108284950256
6a7be784-afed-44e1-b002-fe0a9bf142ce,0.2,0.03,0.054816264659166336
6a7be784-afed-44e1-b002-fe0a9bf142ce,0.2,0.08,0.05781316012144089
6a7be784-afed-44e1-b002-fe0a9bf142ce,0.2,0.13,0.06072194129228592
6a7be784-afed-44e1-b002-fe0a9bf142ce,0.2,0.18000000000000002,0.06754196435213089
6a7be784-afed-44e1-b002-fe0a9bf142ce,0.2,0.23,0.06195400655269623
6a7be784-afed-44e1-b002-fe0a9bf142ce,0.25,0.03,0.04794883355498314
6a7be784-afed-44e1-b002-fe0a9bf142ce,0.25,0.08,0.059455763548612595
6a7be784-afed-44e1-b002-fe0a9bf142ce,0.25,0.13,0.06751663982868195
6a7be784-afed-44e1-b002-fe0a9bf142ce,0.25,0.18000000000000002,0.06531129032373428
6a7be784-afed-44e1-b002-fe0a9bf142ce,0.25,0.23,0.06105779856443405
6a7be784-afed-44e1-b002-fe0a9bf142ce,0.30000000000000004,0.03,0.04808012768626213
6a7be784-afed-44e1-b002-fe0a9bf142ce,0.30000000000000004,0.08,0.06588350236415863
6a7be784-afed-44e1-b002-fe0a9bf142ce,0.30000000000000004,0.13,0.060862693935632706
6a7be784-afed-44e1-b002-fe0a9bf142ce,0.30000000000000004,0.18000000000000002,0.06281786412000656
6a7be784-afed-44e1-b002-fe0a9bf142ce,0.30000000000000004,0.23,0.06201210245490074
6aa9780c-9dfe-413f-a8a7-9c1d610e30ac,0.0,0.03,0.06827147305011749
6aa9780c-9dfe-413f-a8a7-9c1d610e30ac,0.0,0.08,0.07565143704414368
6aa9780c-9dfe-413f-a8a7-9c1d610e30ac,0.0,0.13,0.09847896546125412
6aa9780c-9dfe-413f-a8a7-9c1d610e30ac,0.0,0.18000000000000002,0.11218057572841644
6aa9780c-9dfe-413f-a8a7-9c1d610e30ac,0.0,0.23,0.1261763870716095
6aa9780c-9dfe-413f-a8a7-9c1d610e30ac,0.01,0.03,0.06652387231588364
6aa9780c-9dfe-413f-a8a7-9c1d610e30ac,0.01,0.08,0.08449948579072952
6aa9780c-9dfe-413f-a8a7-9c1d610e30ac,0.01,0.13,0.10015352070331573
6aa9780c-9dfe-413f-a8a7-9c1d610e30ac,0.01,0.18000000000000002,0.12560677528381348
6aa9780c-9dfe-413f-a8a7-9c1d610e30ac,0.01,0.23,0.1307768076658249
6aa9780c-9dfe-413f-a8a7-9c1d610e30ac,0.02,0.03,0.0662284642457962
6aa9780c-9dfe-413f-a8a7-9c1d610e30ac,0.02,0.08,0.07538455724716187
6aa9780c-9dfe-413f-a8a7-9c1d610e30ac,0.02,0.13,0.11716164648532867
6aa9780c-9dfe-413f-a8a7-9c1d610e30ac,0.02,0.18000000000000002,0.12319352477788925
6aa9780c-9dfe-413f-a8a7-9c1d610e30ac,0.02,0.23,0.12411252409219742
6aa9780c-9dfe-413f-a8a7-9c1d610e30ac,0.03,0.03,0.0662284642457962
6aa9780c-9dfe-413f-a8a7-9c1d610e30ac,0.03,0.08,0.07538455724716187
6aa9780c-9dfe-413f-a8a7-9c1d610e30ac,0.03,0.13,0.11716164648532867
6aa9780c-9dfe-413f-a8a7-9c1d610e30ac,0.03,0.18000000000000002,0.12319352477788925
6aa9780c-9dfe-413f-a8a7-9c1d610e30ac,0.03,0.23,0.12411252409219742
6aa9780c-9dfe-413f-a8a7-9c1d610e30ac,0.04,0.03,0.0662284642457962
6aa9780c-9dfe-413f-a8a7-9c1d610e30ac,0.04,0.08,0.09379895031452179
6aa9780c-9dfe-413f-a8a7-9c1d610e30ac,0.05,0.03,0.0
6aa9780c-9dfe-413f-a8a7-9c1d610e30ac,0.05,0.08,0.07867033034563065
6aa9780c-9dfe-413f-a8a7-9c1d610e30ac,0.05,0.13,0.10235880315303802
6aa9780c-9dfe-413f-a8a7-9c1d610e30ac,0.05,0.18000000000000002,0.12956203520298004
6aa9780c-9dfe-413f-a8a7-9c1d610e30ac,0.05,0.23,0.13258293271064758
6aa9780c-9dfe-413f-a8a7-9c1d610e30ac,0.1,0.03,0.07591132074594498
6aa9780c-9dfe-413f-a8a7-9c1d610e30ac,0.1,0.08,0.10406169295310974
6aa9780c-9dfe-413f-a8a7-9c1d610e30ac,0.1,0.13,0.13094545900821686
6aa9780c-9dfe-413f-a8a7-9c1d610e30ac,0.1,0.18000000000000002,0.1329643428325653
6aa9780c-9dfe-413f-a8a7-9c1d610e30ac,0.1,0.23,0.12879931926727295
6aa9780c-9dfe-413f-a8a7-9c1d610e30ac,0.15000000000000002,0.03,0.0
6aa9780c-9dfe-413f-a8a7-9c1d610e30ac,0.15000000000000002,0.08,0.09047216176986694
6aa9780c-9dfe-413f-a8a7-9c1d610e30ac,0.15000000000000002,0.13,0.11067613214254379
6aa9780c-9dfe-413f-a8a7-9c1d610e30ac,0.15000000000000002,0.18000000000000002,0.135813370347023
6aa9780c-9dfe-413f-a8a7-9c1d610e30ac,0.15000000000000002,0.23,0.14404426515102386
6aa9780c-9dfe-413f-a8a7-9c1d610e30ac,0.2,0.03,0.0671864002943039
6aa9780c-9dfe-413f-a8a7-9c1d610e30ac,0.2,0.08,0.0940849781036377
6aa9780c-9dfe-413f-a8a7-9c1d610e30ac,0.2,0.13,0.13402432203292847
6aa9780c-9dfe-413f-a8a7-9c1d610e30ac,0.2,0.18000000000000002,0.14185091853141785
6aa9780c-9dfe-413f-a8a7-9c1d610e30ac,0.2,0.23,0.15864019095897675
6aa9780c-9dfe-413f-a8a7-9c1d610e30ac,0.25,0.03,0.0
6aa9780c-9dfe-413f-a8a7-9c1d610e30ac,0.25,0.08,0.10420820862054825
6aa9780c-9dfe-413f-a8a7-9c1d610e30ac,0.25,0.13,0.12328004091978073
6aa9780c-9dfe-413f-a8a7-9c1d610e30ac,0.25,0.18000000000000002,0.14710643887519836
6aa9780c-9dfe-413f-a8a7-9c1d610e30ac,0.25,0.23,0.1449250429868698
6aa9780c-9dfe-413f-a8a7-9c1d610e30ac,0.30000000000000004,0.03,0.08237873762845993
6aa9780c-9dfe-413f-a8a7-9c1d610e30ac,0.30000000000000004,0.08,0.10695088654756546
6aa9780c-9dfe-413f-a8a7-9c1d610e30ac,0.30000000000000004,0.13,0.1413557231426239
6aa9780c-9dfe-413f-a8a7-9c1d610e30ac,0.30000000000000004,0.18000000000000002,0.14403903484344482
6aa9780c-9dfe-413f-a8a7-9c1d610e30ac,0.30000000000000004,0.23,0.14389672875404358
6c0abd7a-8c5e-4715-a614-6aee22b9fd6f,0.0,0.03,0.1209917664527893
6c0abd7a-8c5e-4715-a614-6aee22b9fd6f,0.0,0.08,0.2437770664691925
6c0abd7a-8c5e-4715-a614-6aee22b9fd6f,0.0,0.13,0.2597156763076782
6c0abd7a-8c5e-4715-a614-6aee22b9fd6f,0.0,0.18000000000000002,0.24957920610904694
6c0abd7a-8c5e-4715-a614-6aee22b9fd6f,0.0,0.23,0.23293443024158478
6c0abd7a-8c5e-4715-a614-6aee22b9fd6f,0.01,0.03,0.15346145629882812
6c0abd7a-8c5e-4715-a614-6aee22b9fd6f,0.01,0.08,0.24982944130897522
6c0abd7a-8c5e-4715-a614-6aee22b9fd6f,0.01,0.13,0.25748807191848755
6c0abd7a-8c5e-4715-a614-6aee22b9fd6f,0.01,0.18000000000000002,0.2421034723520279
6c0abd7a-8c5e-4715-a614-6aee22b9fd6f,0.01,0.23,0.22513210773468018
6c0abd7a-8c5e-4715-a614-6aee22b9fd6f,0.02,0.03,0.1597462147474289
6c0abd7a-8c5e-4715-a614-6aee22b9fd6f,0.02,0.08,0.2546497583389282
6c0abd7a-8c5e-4715-a614-6aee22b9fd6f,0.02,0.13,0.2562173008918762
6c0abd7a-8c5e-4715-a614-6aee22b9fd6f,0.02,0.18000000000000002,0.23539462685585022
6c0abd7a-8c5e-4715-a614-6aee22b9fd6f,0.02,0.23,0.21749204397201538
6c0abd7a-8c5e-4715-a614-6aee22b9fd6f,0.03,0.03,0.1971808224916458
6c0abd7a-8c5e-4715-a614-6aee22b9fd6f,0.03,0.08,0.26024624705314636
6c0abd7a-8c5e-4715-a614-6aee22b9fd6f,0.03,0.13,0.2466713935136795
6c0abd7a-8c5e-4715-a614-6aee22b9fd6f,0.03,0.18000000000000002,0.22565680742263794
6c0abd7a-8c5e-4715-a614-6aee22b9fd6f,0.03,0.23,0.20593641698360443
6c0abd7a-8c5e-4715-a614-6aee22b9fd6f,0.04,0.03,0.21366001665592194
6c0abd7a-8c5e-4715-a614-6aee22b9fd6f,0.04,0.08,0.25144365429878235
6c0abd7a-8c5e-4715-a614-6aee22b9fd6f,0.05,0.03,0.22464142739772797
6c0abd7a-8c5e-4715-a614-6aee22b9fd6f,0.05,0.08,0.23519495129585266
6c0abd7a-8c5e-4715-a614-6aee22b9fd6f,0.05,0.13,0.21943151950836182
6c0abd7a-8c5e-4715-a614-6aee22b9fd6f,0.05,0.18000000000000002,0.20026391744613647
6c0abd7a-8c5e-4715-a614-6aee22b9fd6f,0.05,0.23,0.17711950838565826
6c0abd7a-8c5e-4715-a614-6aee22b9fd6f,0.1,0.03,0.12458231300115585
6c0abd7a-8c5e-4715-a614-6aee22b9fd6f,0.1,0.08,0.13536976277828217
6c0abd7a-8c5e-4715-a614-6aee22b9fd6f,0.1,0.13,0.12548384070396423
6c0abd7a-8c5e-4715-a614-6aee22b9fd6f,0.1,0.18000000000000002,0.10757683217525482
6c0abd7a-8c5e-4715-a614-6aee22b9fd6f,0.1,0.23,0.08748447149991989
6c0abd7a-8c5e-4715-a614-6aee22b9fd6f,0.15000000000000002,0.03,0.07308903336524963
6c0abd7a-8c5e-4715-a614-6aee22b9fd6f,0.15000000000000002,0.08,0.08213356137275696
6c0abd7a-8c5e-4715-a614-6aee22b9fd6f,0.15000000000000002,0.13,0.06659435480833054
6c0abd7a-8c5e-4715-a614-6aee22b9fd6f,0.15000000000000002,0.18000000000000002,0.0700831338763237
6c0abd7a-8c5e-4715-a614-6aee22b9fd6f,0.15000000000000002,0.23,0.07417619973421097
6c0abd7a-8c5e-4715-a614-6aee22b9fd6f,0.2,0.03,0.048412781208753586
6c0abd7a-8c5e-4715-a614-6aee22b9fd6f,0.2,0.08,0.061873696744441986
6c0abd7a-8c5e-4715-a614-6aee22b9fd6f,0.2,0.13,0.06685910373926163
6c0abd7a-8c5e-4715-a614-6aee22b9fd6f,0.2,0.18000000000000002,0.07008902728557587
6c0abd7a-8c5e-4715-a614-6aee22b9fd6f,0.2,0.23,0.06650163233280182
6c0abd7a-8c5e-4715-a614-6aee22b9fd6f,0.25,0.03,0.053927257657051086
6c0abd7a-8c5e-4715-a614-6aee22b9fd6f,0.25,0.08,0.07029752433300018
6c0abd7a-8c5e-4715-a614-6aee22b9fd6f,0.25,0.13,0.07487666606903076
6c0abd7a-8c5e-4715-a614-6aee22b9fd6f,0.25,0.18000000000000002,0.06486466526985168
6c0abd7a-8c5e-4715-a614-6aee22b9fd6f,0.25,0.23,0.06704352796077728
6c0abd7a-8c5e-4715-a614-6aee22b9fd6f,0.30000000000000004,0.03,0.05496760830283165
6c0abd7a-8c5e-4715-a614-6aee22b9fd6f,0.30000000000000004,0.08,0.0645451694726944
6c0abd7a-8c5e-4715-a614-6aee22b9fd6f,0.30000000000000004,0.13,0.06292418390512466
6c0abd7a-8c5e-4715-a614-6aee22b9fd6f,0.30000000000000004,0.18000000000000002,0.06866919249296188
6c0abd7a-8c5e-4715-a614-6aee22b9fd6f,0.30000000000000004,0.23,0.0685170367360115
6c39fb2f-d0bd-4ce0-803a-b152d92457ae,0.0,0.03,0.06226947531104088
6c39fb2f-d0bd-4ce0-803a-b152d92457ae,0.0,0.08,0.06924298405647278
6c39fb2f-d0bd-4ce0-803a-b152d92457ae,0.0,0.13,0.08879021555185318
6c39fb2f-d0bd-4ce0-803a-b152d92457ae,0.0,0.18000000000000002,0.08848334848880768
6c39fb2f-d0bd-4ce0-803a-b152d92457ae,0.0,0.23,0.08932235836982727
6c39fb2f-d0bd-4ce0-803a-b152d92457ae,0.01,0.03,0.05794775113463402
6c39fb2f-d0bd-4ce0-803a-b152d92457ae,0.01,0.08,0.07222893089056015
6c39fb2f-d0bd-4ce0-803a-b152d92457ae,0.01,0.13,0.08564697206020355
6c39fb2f-d0bd-4ce0-803a-b152d92457ae,0.01,0.18000000000000002,0.08928511291742325
6c39fb2f-d0bd-4ce0-803a-b152d92457ae,0.01,0.23,0.0878276601433754
6c39fb2f-d0bd-4ce0-803a-b152d92457ae,0.02,0.03,0.055484239012002945
6c39fb2f-d0bd-4ce0-803a-b152d92457ae,0.02,0.08,0.08019887655973434
6c39fb2f-d0bd-4ce0-803a-b152d92457ae,0.02,0.13,0.08043719083070755
6c39fb2f-d0bd-4ce0-803a-b152d92457ae,0.02,0.18000000000000002,0.08589829504489899
6c39fb2f-d0bd-4ce0-803a-b152d92457ae,0.02,0.23,0.08693274110555649
6c39fb2f-d0bd-4ce0-803a-b152d92457ae,0.03,0.03,0.05851774290204048
6c39fb2f-d0bd-4ce0-803a-b152d92457ae,0.03,0.08,0.0695720985531807
6c39fb2f-d0bd-4ce0-803a-b152d92457ae,0.03,0.13,0.09013467282056808
6c39fb2f-d0bd-4ce0-803a-b152d92457ae,0.03,0.18000000000000002,0.08488588780164719
6c39fb2f-d0bd-4ce0-803a-b152d92457ae,0.03,0.23,0.0849357470870018
6c39fb2f-d0bd-4ce0-803a-b152d92457ae,0.04,0.03,0.055630963295698166
6c39fb2f-d0bd-4ce0-803a-b152d92457ae,0.04,0.08,0.06865435093641281
6c39fb2f-d0bd-4ce0-803a-b152d92457ae,0.05,0.03,0.0584891177713871
6c39fb2f-d0bd-4ce0-803a-b152d92457ae,0.05,0.08,0.08778586238622665
6c39fb2f-d0bd-4ce0-803a-b152d92457ae,0.05,0.13,0.08550205826759338
6c39fb2f-d0bd-4ce0-803a-b152d92457ae,0.05,0.18000000000000002,0.09204009175300598
6c39fb2f-d0bd-4ce0-803a-b152d92457ae,0.05,0.23,0.08023671805858612
6c39fb2f-d0bd-4ce0-803a-b152d92457ae,0.1,0.03,0.07637807726860046
6c39fb2f-d0bd-4ce0-803a-b152d92457ae,0.1,0.08,0.0757882297039032
6c39fb2f-d0bd-4ce0-803a-b152d92457ae,0.1,0.13,0.08898395299911499
6c39fb2f-d0bd-4ce0-803a-b152d92457ae,0.1,0.18000000000000002,0.07973361760377884
6c39fb2f-d0bd-4ce0-803a-b152d92457ae,0.1,0.23,0.07694096118211746
6c39fb2f-d0bd-4ce0-803a-b152d92457ae,0.15000000000000002,0.03,0.06358404457569122
6c39fb2f-d0bd-4ce0-803a-b152d92457ae,0.15000000000000002,0.08,0.08643132448196411
6c39fb2f-d0bd-4ce0-803a-b152d92457ae,0.15000000000000002,0.13,0.08419737964868546
6c39fb2f-d0bd-4ce0-803a-b152d92457ae,0.15000000000000002,0.18000000000000002,0.08861890435218811
6c39fb2f-d0bd-4ce0-803a-b152d92457ae,0.15000000000000002,0.23,0.09186048805713654
6c39fb2f-d0bd-4ce0-803a-b152d92457ae,0.2,0.03,0.09422368556261063
6c39fb2f-d0bd-4ce0-803a-b152d92457ae,0.2,0.08,0.0948982983827591
6c39fb2f-d0bd-4ce0-803a-b152d92457ae,0.2,0.13,0.08765145391225815
6c39fb2f-d0bd-4ce0-803a-b152d92457ae,0.2,0.18000000000000002,0.09566782414913177
6c39fb2f-d0bd-4ce0-803a-b152d92457ae,0.2,0.23,0.11457231640815735
6c39fb2f-d0bd-4ce0-803a-b152d92457ae,0.25,0.03,0.07518452405929565
6c39fb2f-d0bd-4ce0-803a-b152d92457ae,0.25,0.08,0.10412368178367615
6c39fb2f-d0bd-4ce0-803a-b152d92457ae,0.25,0.13,0.09898657351732254
6c39fb2f-d0bd-4ce0-803a-b152d92457ae,0.25,0.18000000000000002,0.11964794993400574
6c39fb2f-d0bd-4ce0-803a-b152d92457ae,0.25,0.23,0.11047506332397461
6c39fb2f-d0bd-4ce0-803a-b152d92457ae,0.30000000000000004,0.03,0.09322839230298996
6c39fb2f-d0bd-4ce0-803a-b152d92457ae,0.30000000000000004,0.08,0.08327663689851761
6c39fb2f-d0bd-4ce0-803a-b152d92457ae,0.30000000000000004,0.13,0.09880891442298889
6c39fb2f-d0bd-4ce0-803a-b152d92457ae,0.30000000000000004,0.18000000000000002,0.08862472325563431
6c39fb2f-d0bd-4ce0-803a-b152d92457ae,0.30000000000000004,0.23,0.08237103372812271
6cd36202-46a6-4e28-af9e-2b69f598ad7e,0.0,0.03,0.05150588974356651
6cd36202-46a6-4e28-af9e-2b69f598ad7e,0.0,0.08,0.05976814404129982
6cd36202-46a6-4e28-af9e-2b69f598ad7e,0.0,0.13,0.06421568989753723
6cd36202-46a6-4e28-af9e-2b69f598ad7e,0.0,0.18000000000000002,0.07115016132593155
6cd36202-46a6-4e28-af9e-2b69f598ad7e,0.0,0.23,0.06977967172861099
6cd36202-46a6-4e28-af9e-2b69f598ad7e,0.01,0.03,0.04903825744986534
6cd36202-46a6-4e28-af9e-2b69f598ad7e,0.01,0.08,0.060676176100969315
6cd36202-46a6-4e28-af9e-2b69f598ad7e,0.01,0.13,0.0657532587647438
6cd36202-46a6-4e28-af9e-2b69f598ad7e,0.01,0.18000000000000002,0.07113742083311081
6cd36202-46a6-4e28-af9e-2b69f598ad7e,0.01,0.23,0.07408227026462555
6cd36202-46a6-4e28-af9e-2b69f598ad7e,0.02,0.03,0.05126921832561493
6cd36202-46a6-4e28-af9e-2b69f598ad7e,0.02,0.08,0.057084180414676666
6cd36202-46a6-4e28-af9e-2b69f598ad7e,0.02,0.13,0.06656888127326965
6cd36202-46a6-4e28-af9e-2b69f598ad7e,0.02,0.18000000000000002,0.0651506632566452
6cd36202-46a6-4e28-af9e-2b69f598ad7e,0.02,0.23,0.07643412053585052
6cd36202-46a6-4e28-af9e-2b69f598ad7e,0.03,0.03,0.04499310255050659
6cd36202-46a6-4e28-af9e-2b69f598ad7e,0.03,0.08,0.06186914071440697
6cd36202-46a6-4e28-af9e-2b69f598ad7e,0.03,0.13,0.07375406473875046
6cd36202-46a6-4e28-af9e-2b69f598ad7e,0.03,0.18000000000000002,0.06841960549354553
6cd36202-46a6-4e28-af9e-2b69f598ad7e,0.03,0.23,0.07871117442846298
6cd36202-46a6-4e28-af9e-2b69f598ad7e,0.04,0.03,0.05137059837579727
6cd36202-46a6-4e28-af9e-2b69f598ad7e,0.04,0.08,0.05998803675174713
6cd36202-46a6-4e28-af9e-2b69f598ad7e,0.05,0.03,0.04918619617819786
6cd36202-46a6-4e28-af9e-2b69f598ad7e,0.05,0.08,0.06001119315624237
6cd36202-46a6-4e28-af9e-2b69f598ad7e,0.05,0.13,0.062439218163490295
6cd36202-46a6-4e28-af9e-2b69f598ad7e,0.05,0.18000000000000002,0.0721542090177536
6cd36202-46a6-4e28-af9e-2b69f598ad7e,0.05,0.23,0.09039412438869476
6cd36202-46a6-4e28-af9e-2b69f598ad7e,0.1,0.03,0.04998689517378807
6cd36202-46a6-4e28-af9e-2b69f598ad7e,0.1,0.08,0.05692270025610924
6cd36202-46a6-4e28-af9e-2b69f598ad7e,0.1,0.13,0.07160678505897522
6cd36202-46a6-4e28-af9e-2b69f598ad7e,0.1,0.18000000000000002,0.09286578744649887
6cd36202-46a6-4e28-af9e-2b69f598ad7e,0.1,0.23,0.09403788298368454
6cd36202-46a6-4e28-af9e-2b69f598ad7e,0.15000000000000002,0.03,0.05223488062620163
6cd36202-46a6-4e28-af9e-2b69f598ad7e,0.15000000000000002,0.08,0.06726855784654617
6cd36202-46a6-4e28-af9e-2b69f598ad7e,0.15000000000000002,0.13,0.09306090325117111
6cd36202-46a6-4e28-af9e-2b69f598ad7e,0.15000000000000002,0.18000000000000002,0.09476630389690399
6cd36202-46a6-4e28-af9e-2b69f598ad7e,0.15000000000000002,0.23,0.08339016884565353
6cd36202-46a6-4e28-af9e-2b69f598ad7e,0.2,0.03,0.049927353858947754
6cd36202-46a6-4e28-af9e-2b69f598ad7e,0.2,0.08,0.08178180456161499
6cd36202-46a6-4e28-af9e-2b69f598ad7e,0.2,0.13,0.08464071899652481
6cd36202-46a6-4e28-af9e-2b69f598ad7e,0.2,0.18000000000000002,0.071456678211689
6cd36202-46a6-4e28-af9e-2b69f598ad7e,0.2,0.23,0.06689395755529404
6cd36202-46a6-4e28-af9e-2b69f598ad7e,0.25,0.03,0.05639846622943878
6cd36202-46a6-4e28-af9e-2b69f598ad7e,0.25,0.08,0.06380870193243027
6cd36202-46a6-4e28-af9e-2b69f598ad7e,0.25,0.13,0.06278832256793976
6cd36202-46a6-4e28-af9e-2b69f598ad7e,0.25,0.18000000000000002,0.06214655190706253
6cd36202-46a6-4e28-af9e-2b69f598ad7e,0.25,0.23,0.060598887503147125
6cd36202-46a6-4e28-af9e-2b69f598ad7e,0.30000000000000004,0.03,0.04859502986073494
6cd36202-46a6-4e28-af9e-2b69f598ad7e,0.30000000000000004,0.08,0.05293774604797363
6cd36202-46a6-4e28-af9e-2b69f598ad7e,0.30000000000000004,0.13,0.0554397776722908
6cd36202-46a6-4e28-af9e-2b69f598ad7e,0.30000000000000004,0.18000000000000002,0.05735446512699127
6cd36202-46a6-4e28-af9e-2b69f598ad7e,0.30000000000000004,0.23,0.05823751911520958
6d27725c-cfcb-494e-b2cc-5c58b1bd4693,0.0,0.03,0.04559660702943802
6d27725c-cfcb-494e-b2cc-5c58b1bd4693,0.0,0.08,0.06321975588798523
6d27725c-cfcb-494e-b2cc-5c58b1bd4693,0.0,0.13,0.0696682333946228
6d27725c-cfcb-494e-b2cc-5c58b1bd4693,0.0,0.18000000000000002,0.0672692209482193
6d27725c-cfcb-494e-b2cc-5c58b1bd4693,0.0,0.23,0.0703522115945816
6d27725c-cfcb-494e-b2cc-5c58b1bd4693,0.01,0.03,0.04566159471869469
6d27725c-cfcb-494e-b2cc-5c58b1bd4693,0.01,0.08,0.059776611626148224
6d27725c-cfcb-494e-b2cc-5c58b1bd4693,0.01,0.13,0.06684943288564682
6d27725c-cfcb-494e-b2cc-5c58b1bd4693,0.01,0.18000000000000002,0.06839554011821747
6d27725c-cfcb-494e-b2cc-5c58b1bd4693,0.01,0.23,0.06710265576839447
6d27725c-cfcb-494e-b2cc-5c58b1bd4693,0.02,0.03,0.04753369837999344
6d27725c-cfcb-494e-b2cc-5c58b1bd4693,0.02,0.08,0.062382880598306656
6d27725c-cfcb-494e-b2cc-5c58b1bd4693,0.02,0.13,0.06324880570173264
6d27725c-cfcb-494e-b2cc-5c58b1bd4693,0.02,0.18000000000000002,0.06695199012756348
6d27725c-cfcb-494e-b2cc-5c58b1bd4693,0.02,0.23,0.06959158182144165
6d27725c-cfcb-494e-b2cc-5c58b1bd4693,0.03,0.03,0.0517512746155262
6d27725c-cfcb-494e-b2cc-5c58b1bd4693,0.03,0.08,0.06172746792435646
6d27725c-cfcb-494e-b2cc-5c58b1bd4693,0.03,0.13,0.06710148602724075
6d27725c-cfcb-494e-b2cc-5c58b1bd4693,0.03,0.18000000000000002,0.06548209488391876
6d27725c-cfcb-494e-b2cc-5c58b1bd4693,0.03,0.23,0.06427564471960068
6d27725c-cfcb-494e-b2cc-5c58b1bd4693,0.04,0.03,0.05632495507597923
6d27725c-cfcb-494e-b2cc-5c58b1bd4693,0.04,0.08,0.06243353709578514
6d27725c-cfcb-494e-b2cc-5c58b1bd4693,0.05,0.03,0.050200894474983215
6d27725c-cfcb-494e-b2cc-5c58b1bd4693,0.05,0.08,0.05801311507821083
6d27725c-cfcb-494e-b2cc-5c58b1bd4693,0.05,0.13,0.06177810579538345
6d27725c-cfcb-494e-b2cc-5c58b1bd4693,0.05,0.18000000000000002,0.06452982872724533
6d27725c-cfcb-494e-b2cc-5c58b1bd4693,0.05,0.23,0.06988663226366043
6d27725c-cfcb-494e-b2cc-5c58b1bd4693,0.1,0.03,0.04977214336395264
6d27725c-cfcb-494e-b2cc-5c58b1bd4693,0.1,0.08,0.06932612508535385
6d27725c-cfcb-494e-b2cc-5c58b1bd4693,0.1,0.13,0.07283871620893478
6d27725c-cfcb-494e-b2cc-5c58b1bd4693,0.1,0.18000000000000002,0.06396119296550751
6d27725c-cfcb-494e-b2cc-5c58b1bd4693,0.1,0.23,0.05994328483939171
6d27725c-cfcb-494e-b2cc-5c58b1bd4693,0.15000000000000002,0.03,0.04612325504422188
6d27725c-cfcb-494e-b2cc-5c58b1bd4693,0.15000000000000002,0.08,0.05931716412305832
6d27725c-cfcb-494e-b2cc-5c58b1bd4693,0.15000000000000002,0.13,0.06438862532377243
6d27725c-cfcb-494e-b2cc-5c58b1bd4693,0.15000000000000002,0.18000000000000002,0.05949699878692627
6d27725c-cfcb-494e-b2cc-5c58b1bd4693,0.15000000000000002,0.23,0.06434199213981628
6d27725c-cfcb-494e-b2cc-5c58b1bd4693,0.2,0.03,0.0486677922308445
6d27725c-cfcb-494e-b2cc-5c58b1bd4693,0.2,0.08,0.057422734797000885
6d27725c-cfcb-494e-b2cc-5c58b1bd4693,0.2,0.13,0.054772019386291504
6d27725c-cfcb-494e-b2cc-5c58b1bd4693,0.2,0.18000000000000002,0.06579457223415375
6d27725c-cfcb-494e-b2cc-5c58b1bd4693,0.2,0.23,0.0836101770401001
6d27725c-cfcb-494e-b2cc-5c58b1bd4693,0.25,0.03,0.048558078706264496
6d27725c-cfcb-494e-b2cc-5c58b1bd4693,0.25,0.08,0.053546056151390076
6d27725c-cfcb-494e-b2cc-5c58b1bd4693,0.25,0.13,0.06555468589067459
6d27725c-cfcb-494e-b2cc-5c58b1bd4693,0.25,0.18000000000000002,0.09027212858200073
6d27725c-cfcb-494e-b2cc-5c58b1bd4693,0.25,0.23,0.09036777913570404
6d27725c-cfcb-494e-b2cc-5c58b1bd4693,0.30000000000000004,0.03,0.04757177084684372
6d27725c-cfcb-494e-b2cc-5c58b1bd4693,0.30000000000000004,0.08,0.06298472732305527
6d27725c-cfcb-494e-b2cc-5c58b1bd4693,0.30000000000000004,0.13,0.08445156365633011
6d27725c-cfcb-494e-b2cc-5c58b1bd4693,0.30000000000000004,0.18000000000000002,0.08331376314163208
6d27725c-cfcb-494e-b2cc-5c58b1bd4693,0.30000000000000004,0.23,0.0837574452161789
6d9e793f-88b1-4dce-a4b8-54698cf183c7,0.0,0.03,0.056397922337055206
6d9e793f-88b1-4dce-a4b8-54698cf183c7,0.0,0.08,0.07052920758724213
6d9e793f-88b1-4dce-a4b8-54698cf183c7,0.0,0.13,0.08820917457342148
6d9e793f-88b1-4dce-a4b8-54698cf183c7,0.0,0.18000000000000002,0.09026900678873062
6d9e793f-88b1-4dce-a4b8-54698cf183c7,0.0,0.23,0.07674170285463333
6d9e793f-88b1-4dce-a4b8-54698cf183c7,0.01,0.03,0.05843108892440796
6d9e793f-88b1-4dce-a4b8-54698cf183c7,0.01,0.08,0.07676380127668381
6d9e793f-88b1-4dce-a4b8-54698cf183c7,0.01,0.13,0.089329294860363
6d9e793f-88b1-4dce-a4b8-54698cf183c7,0.01,0.18000000000000002,0.09092046320438385
6d9e793f-88b1-4dce-a4b8-54698cf183c7,0.01,0.23,0.07522020488977432
6d9e793f-88b1-4dce-a4b8-54698cf183c7,0.02,0.03,0.05768827721476555
6d9e793f-88b1-4dce-a4b8-54698cf183c7,0.02,0.08,0.07762657105922699
6d9e793f-88b1-4dce-a4b8-54698cf183c7,0.02,0.13,0.09102828055620193
6d9e793f-88b1-4dce-a4b8-54698cf183c7,0.02,0.18000000000000002,0.08478338271379471
6d9e793f-88b1-4dce-a4b8-54698cf183c7,0.02,0.23,0.07712791115045547
6d9e793f-88b1-4dce-a4b8-54698cf183c7,0.03,0.03,0.06176098808646202
6d9e793f-88b1-4dce-a4b8-54698cf183c7,0.03,0.08,0.08264441788196564
6d9e793f-88b1-4dce-a4b8-54698cf183c7,0.03,0.13,0.09329884499311447
6d9e793f-88b1-4dce-a4b8-54698cf183c7,0.03,0.18000000000000002,0.08320652693510056
6d9e793f-88b1-4dce-a4b8-54698cf183c7,0.03,0.23,0.07634320110082626
6d9e793f-88b1-4dce-a4b8-54698cf183c7,0.04,0.03,0.0536779910326004
6d9e793f-88b1-4dce-a4b8-54698cf183c7,0.04,0.08,0.0830131247639656
6d9e793f-88b1-4dce-a4b8-54698cf183c7,0.05,0.03,0.05155540257692337
6d9e793f-88b1-4dce-a4b8-54698cf183c7,0.05,0.08,0.07847419381141663
6d9e793f-88b1-4dce-a4b8-54698cf183c7,0.05,0.13,0.08177299797534943
6d9e793f-88b1-4dce-a4b8-54698cf183c7,0.05,0.18000000000000002,0.07863770425319672
6d9e793f-88b1-4dce-a4b8-54698cf183c7,0.05,0.23,0.07374121993780136
6d9e793f-88b1-4dce-a4b8-54698cf183c7,0.1,0.03,0.05819874629378319
6d9e793f-88b1-4dce-a4b8-54698cf183c7,0.1,0.08,0.07490047067403793
6d9e793f-88b1-4dce-a4b8-54698cf183c7,0.1,0.13,0.07693194597959518
6d9e793f-88b1-4dce-a4b8-54698cf183c7,0.1,0.18000000000000002,0.07923942059278488
6d9e793f-88b1-4dce-a4b8-54698cf183c7,0.1,0.23,0.08676715195178986
6d9e793f-88b1-4dce-a4b8-54698cf183c7,0.15000000000000002,0.03,0.05841709300875664
6d9e793f-88b1-4dce-a4b8-54698cf183c7,0.15000000000000002,0.08,0.06489785015583038
6d9e793f-88b1-4dce-a4b8-54698cf183c7,0.15000000000000002,0.13,0.0776495486497879
6d9e793f-88b1-4dce-a4b8-54698cf183c7,0.15000000000000002,0.18000000000000002,0.08561182767152786
6d9e793f-88b1-4dce-a4b8-54698cf183c7,0.15000000000000002,0.23,0.0860317200422287
6d9e793f-88b1-4dce-a4b8-54698cf183c7,0.2,0.03,0.0498800165951252
6d9e793f-88b1-4dce-a4b8-54698cf183c7,0.2,0.08,0.063181571662426
6d9e793f-88b1-4dce-a4b8-54698cf183c7,0.2,0.13,0.0755535215139389
6d9e793f-88b1-4dce-a4b8-54698cf183c7,0.2,0.18000000000000002,0.08010150492191315
6d9e793f-88b1-4dce-a4b8-54698cf183c7,0.2,0.23,0.0898524820804596
6d9e793f-88b1-4dce-a4b8-54698cf183c7,0.25,0.03,0.05268131196498871
6d9e793f-88b1-4dce-a4b8-54698cf183c7,0.25,0.08,0.06347277760505676
6d9e793f-88b1-4dce-a4b8-54698cf183c7,0.25,0.13,0.07561575621366501
6d9e793f-88b1-4dce-a4b8-54698cf183c7,0.25,0.18000000000000002,0.08888395130634308
6d9e793f-88b1-4dce-a4b8-54698cf183c7,0.25,0.23,0.09694882482290268
6d9e793f-88b1-4dce-a4b8-54698cf183c7,0.30000000000000004,0.03,0.05183699354529381
6d9e793f-88b1-4dce-a4b8-54698cf183c7,0.30000000000000004,0.08,0.06611094623804092
6d9e793f-88b1-4dce-a4b8-54698cf183c7,0.30000000000000004,0.13,0.08182089775800705
6d9e793f-88b1-4dce-a4b8-54698cf183c7,0.30000000000000004,0.18000000000000002,0.09445575624704361
6d9e793f-88b1-4dce-a4b8-54698cf183c7,0.30000000000000004,0.23,0.10419443994760513
6e3dcfd2-0527-4c37-aa06-aa30c833ce94,0.0,0.03,0.10084844380617142
6e3dcfd2-0527-4c37-aa06-aa30c833ce94,0.0,0.08,0.11280752718448639
6e3dcfd2-0527-4c37-aa06-aa30c833ce94,0.0,0.13,0.10493949800729752
6e3dcfd2-0527-4c37-aa06-aa30c833ce94,0.0,0.18000000000000002,0.08656809478998184
6e3dcfd2-0527-4c37-aa06-aa30c833ce94,0.0,0.23,0.08595278859138489
6e3dcfd2-0527-4c37-aa06-aa30c833ce94,0.01,0.03,0.10022906213998795
6e3dcfd2-0527-4c37-aa06-aa30c833ce94,0.01,0.08,0.11626450717449188
6e3dcfd2-0527-4c37-aa06-aa30c833ce94,0.01,0.13,0.10106571018695831
6e3dcfd2-0527-4c37-aa06-aa30c833ce94,0.01,0.18000000000000002,0.09599956125020981
6e3dcfd2-0527-4c37-aa06-aa30c833ce94,0.01,0.23,0.0920051634311676
6e3dcfd2-0527-4c37-aa06-aa30c833ce94,0.02,0.03,0.10189898312091827
6e3dcfd2-0527-4c37-aa06-aa30c833ce94,0.02,0.08,0.11291298270225525
6e3dcfd2-0527-4c37-aa06-aa30c833ce94,0.02,0.13,0.09750496596097946
6e3dcfd2-0527-4c37-aa06-aa30c833ce94,0.02,0.18000000000000002,0.096414715051651
6e3dcfd2-0527-4c37-aa06-aa30c833ce94,0.02,0.23,0.093109630048275
6e3dcfd2-0527-4c37-aa06-aa30c833ce94,0.03,0.03,0.107161745429039
6e3dcfd2-0527-4c37-aa06-aa30c833ce94,0.03,0.08,0.1002737507224083
6e3dcfd2-0527-4c37-aa06-aa30c833ce94,0.03,0.13,0.09677793085575104
6e3dcfd2-0527-4c37-aa06-aa30c833ce94,0.03,0.18000000000000002,0.0960889458656311
6e3dcfd2-0527-4c37-aa06-aa30c833ce94,0.03,0.23,0.09113363176584244
6e3dcfd2-0527-4c37-aa06-aa30c833ce94,0.04,0.03,0.0872553214430809
6e3dcfd2-0527-4c37-aa06-aa30c833ce94,0.04,0.08,0.09592447429895401
6e3dcfd2-0527-4c37-aa06-aa30c833ce94,0.05,0.03,0.08730922639369965
6e3dcfd2-0527-4c37-aa06-aa30c833ce94,0.05,0.08,0.09083311259746552
6e3dcfd2-0527-4c37-aa06-aa30c833ce94,0.05,0.13,0.09657011181116104
6e3dcfd2-0527-4c37-aa06-aa30c833ce94,0.05,0.18000000000000002,0.09112075716257095
6e3dcfd2-0527-4c37-aa06-aa30c833ce94,0.05,0.23,0.08152376115322113
6e3dcfd2-0527-4c37-aa06-aa30c833ce94,0.1,0.03,0.09010642021894455
6e3dcfd2-0527-4c37-aa06-aa30c833ce94,0.1,0.08,0.09654397517442703
6e3dcfd2-0527-4c37-aa06-aa30c833ce94,0.1,0.13,0.08657705038785934
6e3dcfd2-0527-4c37-aa06-aa30c833ce94,0.1,0.18000000000000002,0.0794374868273735
6e3dcfd2-0527-4c37-aa06-aa30c833ce94,0.1,0.23,0.07934065163135529
6e3dcfd2-0527-4c37-aa06-aa30c833ce94,0.15000000000000002,0.03,0.0692969337105751
6e3dcfd2-0527-4c37-aa06-aa30c833ce94,0.15000000000000002,0.08,0.07915092259645462
6e3dcfd2-0527-4c37-aa06-aa30c833ce94,0.15000000000000002,0.13,0.0861465185880661
6e3dcfd2-0527-4c37-aa06-aa30c833ce94,0.15000000000000002,0.18000000000000002,0.08263302594423294
6e3dcfd2-0527-4c37-aa06-aa30c833ce94,0.15000000000000002,0.23,0.0780990868806839
6e3dcfd2-0527-4c37-aa06-aa30c833ce94,0.2,0.03,0.06694335490465164
6e3dcfd2-0527-4c37-aa06-aa30c833ce94,0.2,0.08,0.08171818405389786
6e3dcfd2-0527-4c37-aa06-aa30c833ce94,0.2,0.13,0.07829906791448593
6e3dcfd2-0527-4c37-aa06-aa30c833ce94,0.2,0.18000000000000002,0.07304438203573227
6e3dcfd2-0527-4c37-aa06-aa30c833ce94,0.2,0.23,0.06848647445440292
6e3dcfd2-0527-4c37-aa06-aa30c833ce94,0.25,0.03,0.060027334839105606
6e3dcfd2-0527-4c37-aa06-aa30c833ce94,0.25,0.08,0.06718599796295166
6e3dcfd2-0527-4c37-aa06-aa30c833ce94,0.25,0.13,0.06482946872711182
6e3dcfd2-0527-4c37-aa06-aa30c833ce94,0.25,0.18000000000000002,0.05744388327002525
6e3dcfd2-0527-4c37-aa06-aa30c833ce94,0.25,0.23,0.05822980776429176
6e3dcfd2-0527-4c37-aa06-aa30c833ce94,0.30000000000000004,0.03,0.06005866825580597
6e3dcfd2-0527-4c37-aa06-aa30c833ce94,0.30000000000000004,0.08,0.05707365646958351
6e3dcfd2-0527-4c37-aa06-aa30c833ce94,0.30000000000000004,0.13,0.06110573559999466
6e3dcfd2-0527-4c37-aa06-aa30c833ce94,0.30000000000000004,0.18000000000000002,0.059129126369953156
6e3dcfd2-0527-4c37-aa06-aa30c833ce94,0.30000000000000004,0.23,0.06120892986655235
6e7fda0c-8c33-4b6f-9d91-5bc38412631a,0.0,0.03,0.04470588639378548
6e7fda0c-8c33-4b6f-9d91-5bc38412631a,0.0,0.08,0.05131988227367401
6e7fda0c-8c33-4b6f-9d91-5bc38412631a,0.0,0.13,0.06671692430973053
6e7fda0c-8c33-4b6f-9d91-5bc38412631a,0.0,0.18000000000000002,0.06415145099163055
6e7fda0c-8c33-4b6f-9d91-5bc38412631a,0.0,0.23,0.06502410024404526
6e7fda0c-8c33-4b6f-9d91-5bc38412631a,0.01,0.03,0.04424208030104637
6e7fda0c-8c33-4b6f-9d91-5bc38412631a,0.01,0.08,0.05492934212088585
6e7fda0c-8c33-4b6f-9d91-5bc38412631a,0.01,0.13,0.062467385083436966
6e7fda0c-8c33-4b6f-9d91-5bc38412631a,0.01,0.18000000000000002,0.07089768350124359
6e7fda0c-8c33-4b6f-9d91-5bc38412631a,0.01,0.23,0.06191122531890869
6e7fda0c-8c33-4b6f-9d91-5bc38412631a,0.02,0.03,0.04551234096288681
6e7fda0c-8c33-4b6f-9d91-5bc38412631a,0.02,0.08,0.05837027356028557
6e7fda0c-8c33-4b6f-9d91-5bc38412631a,0.02,0.13,0.06594457477331161
6e7fda0c-8c33-4b6f-9d91-5bc38412631a,0.02,0.18000000000000002,0.07162812352180481
6e7fda0c-8c33-4b6f-9d91-5bc38412631a,0.02,0.23,0.06411756575107574
6e7fda0c-8c33-4b6f-9d91-5bc38412631a,0.03,0.03,0.0471983477473259
6e7fda0c-8c33-4b6f-9d91-5bc38412631a,0.03,0.08,0.06441293656826019
6e7fda0c-8c33-4b6f-9d91-5bc38412631a,0.03,0.13,0.06591400504112244
6e7fda0c-8c33-4b6f-9d91-5bc38412631a,0.03,0.18000000000000002,0.06820704787969589
6e7fda0c-8c33-4b6f-9d91-5bc38412631a,0.03,0.23,0.062424879521131516
6e7fda0c-8c33-4b6f-9d91-5bc38412631a,0.04,0.03,0.04253207892179489
6e7fda0c-8c33-4b6f-9d91-5bc38412631a,0.04,0.08,0.06337485462427139
6e7fda0c-8c33-4b6f-9d91-5bc38412631a,0.05,0.03,0.04530693590641022
6e7fda0c-8c33-4b6f-9d91-5bc38412631a,0.05,0.08,0.06475573033094406
6e7fda0c-8c33-4b6f-9d91-5bc38412631a,0.05,0.13,0.06156548485159874
6e7fda0c-8c33-4b6f-9d91-5bc38412631a,0.05,0.18000000000000002,0.061692673712968826
6e7fda0c-8c33-4b6f-9d91-5bc38412631a,0.05,0.23,0.05487335845828056
6e7fda0c-8c33-4b6f-9d91-5bc38412631a,0.1,0.03,0.04677227884531021
6e7fda0c-8c33-4b6f-9d91-5bc38412631a,0.1,0.08,0.05269881337881088
6e7fda0c-8c33-4b6f-9d91-5bc38412631a,0.1,0.13,0.06261444091796875
6e7fda0c-8c33-4b6f-9d91-5bc38412631a,0.1,0.18000000000000002,0.05966496840119362
6e7fda0c-8c33-4b6f-9d91-5bc38412631a,0.1,0.23,0.06516802310943604
6e7fda0c-8c33-4b6f-9d91-5bc38412631a,0.15000000000000002,0.03,0.04727466404438019
6e7fda0c-8c33-4b6f-9d91-5bc38412631a,0.15000000000000002,0.08,0.05099880322813988
6e7fda0c-8c33-4b6f-9d91-5bc38412631a,0.15000000000000002,0.13,0.05486242100596428
6e7fda0c-8c33-4b6f-9d91-5bc38412631a,0.15000000000000002,0.18000000000000002,0.0638030543923378
6e7fda0c-8c33-4b6f-9d91-5bc38412631a,0.15000000000000002,0.23,0.06714291125535965
6e7fda0c-8c33-4b6f-9d91-5bc38412631a,0.2,0.03,0.0416572242975235
6e7fda0c-8c33-4b6f-9d91-5bc38412631a,0.2,0.08,0.05184260010719299
6e7fda0c-8c33-4b6f-9d91-5bc38412631a,0.2,0.13,0.06422310322523117
6e7fda0c-8c33-4b6f-9d91-5bc38412631a,0.2,0.18000000000000002,0.05643608048558235
6e7fda0c-8c33-4b6f-9d91-5bc38412631a,0.2,0.23,0.0635795146226883
6e7fda0c-8c33-4b6f-9d91-5bc38412631a,0.25,0.03,0.045342978090047836
6e7fda0c-8c33-4b6f-9d91-5bc38412631a,0.25,0.08,0.0586688369512558
6e7fda0c-8c33-4b6f-9d91-5bc38412631a,0.25,0.13,0.05839606001973152
6e7fda0c-8c33-4b6f-9d91-5bc38412631a,0.25,0.18000000000000002,0.06175342947244644
6e7fda0c-8c33-4b6f-9d91-5bc38412631a,0.25,0.23,0.0664268508553505
6e7fda0c-8c33-4b6f-9d91-5bc38412631a,0.30000000000000004,0.03,0.052944403141736984
6e7fda0c-8c33-4b6f-9d91-5bc38412631a,0.30000000000000004,0.08,0.05554746091365814
6e7fda0c-8c33-4b6f-9d91-5bc38412631a,0.30000000000000004,0.13,0.05780211091041565
6e7fda0c-8c33-4b6f-9d91-5bc38412631a,0.30000000000000004,0.18000000000000002,0.06439612060785294
6e7fda0c-8c33-4b6f-9d91-5bc38412631a,0.30000000000000004,0.23,0.05997125804424286
6ebadbfb-9926-4f33-a4fb-a40a43357d65,0.0,0.03,0.06052398309111595
6ebadbfb-9926-4f33-a4fb-a40a43357d65,0.0,0.08,0.07886870950460434
6ebadbfb-9926-4f33-a4fb-a40a43357d65,0.0,0.13,0.09128770232200623
6ebadbfb-9926-4f33-a4fb-a40a43357d65,0.0,0.18000000000000002,0.08994119614362717
6ebadbfb-9926-4f33-a4fb-a40a43357d65,0.0,0.23,0.08676643669605255
6ebadbfb-9926-4f33-a4fb-a40a43357d65,0.01,0.03,0.06608995795249939
6ebadbfb-9926-4f33-a4fb-a40a43357d65,0.01,0.08,0.0862698033452034
6ebadbfb-9926-4f33-a4fb-a40a43357d65,0.01,0.13,0.08991686254739761
6ebadbfb-9926-4f33-a4fb-a40a43357d65,0.01,0.18000000000000002,0.08386560529470444
6ebadbfb-9926-4f33-a4fb-a40a43357d65,0.01,0.23,0.0818769633769989
6ebadbfb-9926-4f33-a4fb-a40a43357d65,0.02,0.03,0.0707281157374382
6ebadbfb-9926-4f33-a4fb-a40a43357d65,0.02,0.08,0.09241089224815369
6ebadbfb-9926-4f33-a4fb-a40a43357d65,0.02,0.13,0.08861328661441803
6ebadbfb-9926-4f33-a4fb-a40a43357d65,0.02,0.18000000000000002,0.08617707341909409
6ebadbfb-9926-4f33-a4fb-a40a43357d65,0.02,0.23,0.08297736942768097
6ebadbfb-9926-4f33-a4fb-a40a43357d65,0.03,0.03,0.06729796528816223
6ebadbfb-9926-4f33-a4fb-a40a43357d65,0.03,0.08,0.08577192574739456
6ebadbfb-9926-4f33-a4fb-a40a43357d65,0.03,0.13,0.08716331422328949
6ebadbfb-9926-4f33-a4fb-a40a43357d65,0.03,0.18000000000000002,0.08222547173500061
6ebadbfb-9926-4f33-a4fb-a40a43357d65,0.03,0.23,0.07853487879037857
6ebadbfb-9926-4f33-a4fb-a40a43357d65,0.04,0.03,0.06597667932510376
6ebadbfb-9926-4f33-a4fb-a40a43357d65,0.04,0.08,0.08258503675460815
6ebadbfb-9926-4f33-a4fb-a40a43357d65,0.05,0.03,0.06281507015228271
6ebadbfb-9926-4f33-a4fb-a40a43357d65,0.05,0.08,0.09216620028018951
6ebadbfb-9926-4f33-a4fb-a40a43357d65,0.05,0.13,0.08848173171281815
6ebadbfb-9926-4f33-a4fb-a40a43357d65,0.05,0.18000000000000002,0.08442644029855728
6ebadbfb-9926-4f33-a4fb-a40a43357d65,0.05,0.23,0.08201366662979126
6ebadbfb-9926-4f33-a4fb-a40a43357d65,0.1,0.03,0.0729747787117958
6ebadbfb-9926-4f33-a4fb-a40a43357d65,0.1,0.08,0.07592801004648209
6ebadbfb-9926-4f33-a4fb-a40a43357d65,0.1,0.13,0.07390017062425613
6ebadbfb-9926-4f33-a4fb-a40a43357d65,0.1,0.18000000000000002,0.07240770012140274
6ebadbfb-9926-4f33-a4fb-a40a43357d65,0.1,0.23,0.06657246500253677
6ebadbfb-9926-4f33-a4fb-a40a43357d65,0.15000000000000002,0.03,0.056732818484306335
6ebadbfb-9926-4f33-a4fb-a40a43357d65,0.15000000000000002,0.08,0.06307625025510788
6ebadbfb-9926-4f33-a4fb-a40a43357d65,0.15000000000000002,0.13,0.06471038609743118
6ebadbfb-9926-4f33-a4fb-a40a43357d65,0.15000000000000002,0.18000000000000002,0.06384126842021942
6ebadbfb-9926-4f33-a4fb-a40a43357d65,0.15000000000000002,0.23,0.06618060916662216
6ebadbfb-9926-4f33-a4fb-a40a43357d65,0.2,0.03,0.05078042671084404
6ebadbfb-9926-4f33-a4fb-a40a43357d65,0.2,0.08,0.06258612126111984
6ebadbfb-9926-4f33-a4fb-a40a43357d65,0.2,0.13,0.06203029304742813
6ebadbfb-9926-4f33-a4fb-a40a43357d65,0.2,0.18000000000000002,0.06503189355134964
6ebadbfb-9926-4f33-a4fb-a40a43357d65,0.2,0.23,0.06631287187337875
6ebadbfb-9926-4f33-a4fb-a40a43357d65,0.25,0.03,0.050237465649843216
6ebadbfb-9926-4f33-a4fb-a40a43357d65,0.25,0.08,0.059741925448179245
6ebadbfb-9926-4f33-a4fb-a40a43357d65,0.25,0.13,0.06461779028177261
6ebadbfb-9926-4f33-a4fb-a40a43357d65,0.25,0.18000000000000002,0.06445242464542389
6ebadbfb-9926-4f33-a4fb-a40a43357d65,0.25,0.23,0.06662973761558533
6ebadbfb-9926-4f33-a4fb-a40a43357d65,0.30000000000000004,0.03,0.049910448491573334
6ebadbfb-9926-4f33-a4fb-a40a43357d65,0.30000000000000004,0.08,0.0610424280166626
6ebadbfb-9926-4f33-a4fb-a40a43357d65,0.30000000000000004,0.13,0.061785098165273666
6ebadbfb-9926-4f33-a4fb-a40a43357d65,0.30000000000000004,0.18000000000000002,0.06594181060791016
6ebadbfb-9926-4f33-a4fb-a40a43357d65,0.30000000000000004,0.23,0.06506852060556412
6f43426d-e640-4677-9d61-20e398dee5e8,0.0,0.03,0.056992609053850174
6f43426d-e640-4677-9d61-20e398dee5e8,0.0,0.08,0.08081531524658203
6f43426d-e640-4677-9d61-20e398dee5e8,0.0,0.13,0.09773481637239456
6f43426d-e640-4677-9d61-20e398dee5e8,0.0,0.18000000000000002,0.0876336395740509
6f43426d-e640-4677-9d61-20e398dee5e8,0.0,0.23,0.08836999535560608
6f43426d-e640-4677-9d61-20e398dee5e8,0.01,0.03,0.058474842458963394
6f43426d-e640-4677-9d61-20e398dee5e8,0.01,0.08,0.09121266007423401
6f43426d-e640-4677-9d61-20e398dee5e8,0.01,0.13,0.10007409751415253
6f43426d-e640-4677-9d61-20e398dee5e8,0.01,0.18000000000000002,0.09220820665359497
6f43426d-e640-4677-9d61-20e398dee5e8,0.01,0.23,0.08599157631397247
6f43426d-e640-4677-9d61-20e398dee5e8,0.02,0.03,0.053080540150403976
6f43426d-e640-4677-9d61-20e398dee5e8,0.02,0.08,0.09418231248855591
6f43426d-e640-4677-9d61-20e398dee5e8,0.02,0.13,0.09740132093429565
6f43426d-e640-4677-9d61-20e398dee5e8,0.02,0.18000000000000002,0.0887768343091011
6f43426d-e640-4677-9d61-20e398dee5e8,0.02,0.23,0.08049721270799637
6f43426d-e640-4677-9d61-20e398dee5e8,0.03,0.03,0.04925128072500229
6f43426d-e640-4677-9d61-20e398dee5e8,0.03,0.08,0.09498439729213715
6f43426d-e640-4677-9d61-20e398dee5e8,0.03,0.13,0.0877901017665863
6f43426d-e640-4677-9d61-20e398dee5e8,0.03,0.18000000000000002,0.08840376883745193
6f43426d-e640-4677-9d61-20e398dee5e8,0.03,0.23,0.07992448657751083
6f43426d-e640-4677-9d61-20e398dee5e8,0.04,0.03,0.061202798038721085
6f43426d-e640-4677-9d61-20e398dee5e8,0.04,0.08,0.09238509833812714
6f43426d-e640-4677-9d61-20e398dee5e8,0.05,0.03,0.07434738427400589
6f43426d-e640-4677-9d61-20e398dee5e8,0.05,0.08,0.09131136536598206
6f43426d-e640-4677-9d61-20e398dee5e8,0.05,0.13,0.08390815556049347
6f43426d-e640-4677-9d61-20e398dee5e8,0.05,0.18000000000000002,0.08013002574443817
6f43426d-e640-4677-9d61-20e398dee5e8,0.05,0.23,0.07360634207725525
6f43426d-e640-4677-9d61-20e398dee5e8,0.1,0.03,0.061593543738126755
6f43426d-e640-4677-9d61-20e398dee5e8,0.1,0.08,0.0694187730550766
6f43426d-e640-4677-9d61-20e398dee5e8,0.1,0.13,0.06977616995573044
6f43426d-e640-4677-9d61-20e398dee5e8,0.1,0.18000000000000002,0.06774535775184631
6f43426d-e640-4677-9d61-20e398dee5e8,0.1,0.23,0.07263871282339096
6f43426d-e640-4677-9d61-20e398dee5e8,0.15000000000000002,0.03,0.05233898013830185
6f43426d-e640-4677-9d61-20e398dee5e8,0.15000000000000002,0.08,0.06427034735679626
6f43426d-e640-4677-9d61-20e398dee5e8,0.15000000000000002,0.13,0.0744183138012886
6f43426d-e640-4677-9d61-20e398dee5e8,0.15000000000000002,0.18000000000000002,0.07992482930421829
6f43426d-e640-4677-9d61-20e398dee5e8,0.15000000000000002,0.23,0.08287394791841507
6f43426d-e640-4677-9d61-20e398dee5e8,0.2,0.03,0.05733876675367355
6f43426d-e640-4677-9d61-20e398dee5e8,0.2,0.08,0.064809650182724
6f43426d-e640-4677-9d61-20e398dee5e8,0.2,0.13,0.07195638120174408
6f43426d-e640-4677-9d61-20e398dee5e8,0.2,0.18000000000000002,0.0775514543056488
6f43426d-e640-4677-9d61-20e398dee5e8,0.2,0.23,0.08057300001382828
6f43426d-e640-4677-9d61-20e398dee5e8,0.25,0.03,0.04901821166276932
6f43426d-e640-4677-9d61-20e398dee5e8,0.25,0.08,0.06443411856889725
6f43426d-e640-4677-9d61-20e398dee5e8,0.25,0.13,0.07342197000980377
6f43426d-e640-4677-9d61-20e398dee5e8,0.25,0.18000000000000002,0.0782071202993393
6f43426d-e640-4677-9d61-20e398dee5e8,0.25,0.23,0.08272721618413925
6f43426d-e640-4677-9d61-20e398dee5e8,0.30000000000000004,0.03,0.057709917426109314
6f43426d-e640-4677-9d61-20e398dee5e8,0.30000000000000004,0.08,0.06739146262407303
6f43426d-e640-4677-9d61-20e398dee5e8,0.30000000000000004,0.13,0.07741154730319977
6f43426d-e640-4677-9d61-20e398dee5e8,0.30000000000000004,0.18000000000000002,0.08177090436220169
6f43426d-e640-4677-9d61-20e398dee5e8,0.30000000000000004,0.23,0.07736910134553909
6f4cd049-8aa6-4e25-8801-7b20794e9c8e,0.0,0.03,0.04750053957104683
6f4cd049-8aa6-4e25-8801-7b20794e9c8e,0.0,0.08,0.07204488664865494
6f4cd049-8aa6-4e25-8801-7b20794e9c8e,0.0,0.13,0.0684395357966423
6f4cd049-8aa6-4e25-8801-7b20794e9c8e,0.0,0.18000000000000002,0.06924290955066681
6f4cd049-8aa6-4e25-8801-7b20794e9c8e,0.0,0.23,0.07027864456176758
6f4cd049-8aa6-4e25-8801-7b20794e9c8e,0.01,0.03,0.046729493886232376
6f4cd049-8aa6-4e25-8801-7b20794e9c8e,0.01,0.08,0.06260015815496445
6f4cd049-8aa6-4e25-8801-7b20794e9c8e,0.01,0.13,0.06217031553387642
6f4cd049-8aa6-4e25-8801-7b20794e9c8e,0.01,0.18000000000000002,0.06794175505638123
6f4cd049-8aa6-4e25-8801-7b20794e9c8e,0.01,0.23,0.06723949313163757
6f4cd049-8aa6-4e25-8801-7b20794e9c8e,0.02,0.03,0.04997884854674339
6f4cd049-8aa6-4e25-8801-7b20794e9c8e,0.02,0.08,0.06831877678632736
6f4cd049-8aa6-4e25-8801-7b20794e9c8e,0.02,0.13,0.06278101354837418
6f4cd049-8aa6-4e25-8801-7b20794e9c8e,0.02,0.18000000000000002,0.06350920349359512
6f4cd049-8aa6-4e25-8801-7b20794e9c8e,0.02,0.23,0.06307315081357956
6f4cd049-8aa6-4e25-8801-7b20794e9c8e,0.03,0.03,0.0482439324259758
6f4cd049-8aa6-4e25-8801-7b20794e9c8e,0.03,0.08,0.07345591485500336
6f4cd049-8aa6-4e25-8801-7b20794e9c8e,0.03,0.13,0.05989602208137512
6f4cd049-8aa6-4e25-8801-7b20794e9c8e,0.03,0.18000000000000002,0.06284163147211075
6f4cd049-8aa6-4e25-8801-7b20794e9c8e,0.03,0.23,0.062432773411273956
6f4cd049-8aa6-4e25-8801-7b20794e9c8e,0.04,0.03,0.05087427422404289
6f4cd049-8aa6-4e25-8801-7b20794e9c8e,0.04,0.08,0.06350972503423691
6f4cd049-8aa6-4e25-8801-7b20794e9c8e,0.05,0.03,0.055904995650053024
6f4cd049-8aa6-4e25-8801-7b20794e9c8e,0.05,0.08,0.057681042701005936
6f4cd049-8aa6-4e25-8801-7b20794e9c8e,0.05,0.13,0.06149734556674957
6f4cd049-8aa6-4e25-8801-7b20794e9c8e,0.05,0.18000000000000002,0.06082884967327118
6f4cd049-8aa6-4e25-8801-7b20794e9c8e,0.05,0.23,0.0684482753276825
6f4cd049-8aa6-4e25-8801-7b20794e9c8e,0.1,0.03,0.047123830765485764
6f4cd049-8aa6-4e25-8801-7b20794e9c8e,0.1,0.08,0.06287436187267303
6f4cd049-8aa6-4e25-8801-7b20794e9c8e,0.1,0.13,0.06611042469739914
6f4cd049-8aa6-4e25-8801-7b20794e9c8e,0.1,0.18000000000000002,0.07488280534744263
6f4cd049-8aa6-4e25-8801-7b20794e9c8e,0.1,0.23,0.07829032838344574
6f4cd049-8aa6-4e25-8801-7b20794e9c8e,0.15000000000000002,0.03,0.045060690492391586
6f4cd049-8aa6-4e25-8801-7b20794e9c8e,0.15000000000000002,0.08,0.06114153191447258
6f4cd049-8aa6-4e25-8801-7b20794e9c8e,0.15000000000000002,0.13,0.06998451054096222
6f4cd049-8aa6-4e25-8801-7b20794e9c8e,0.15000000000000002,0.18000000000000002,0.07130289822816849
6f4cd049-8aa6-4e25-8801-7b20794e9c8e,0.15000000000000002,0.23,0.07149104028940201
6f4cd049-8aa6-4e25-8801-7b20794e9c8e,0.2,0.03,0.04968522489070892
6f4cd049-8aa6-4e25-8801-7b20794e9c8e,0.2,0.08,0.06808996945619583
6f4cd049-8aa6-4e25-8801-7b20794e9c8e,0.2,0.13,0.07259529829025269
6f4cd049-8aa6-4e25-8801-7b20794e9c8e,0.2,0.18000000000000002,0.0728115439414978
6f4cd049-8aa6-4e25-8801-7b20794e9c8e,0.2,0.23,0.07262291759252548
6f4cd049-8aa6-4e25-8801-7b20794e9c8e,0.25,0.03,0.05557558313012123
6f4cd049-8aa6-4e25-8801-7b20794e9c8e,0.25,0.08,0.06734505295753479
6f4cd049-8aa6-4e25-8801-7b20794e9c8e,0.25,0.13,0.06700719147920609
6f4cd049-8aa6-4e25-8801-7b20794e9c8e,0.25,0.18000000000000002,0.06879336386919022
6f4cd049-8aa6-4e25-8801-7b20794e9c8e,0.25,0.23,0.07866381853818893
6f4cd049-8aa6-4e25-8801-7b20794e9c8e,0.30000000000000004,0.03,0.04626616835594177
6f4cd049-8aa6-4e25-8801-7b20794e9c8e,0.30000000000000004,0.08,0.061379995197057724
6f4cd049-8aa6-4e25-8801-7b20794e9c8e,0.30000000000000004,0.13,0.0719212219119072
6f4cd049-8aa6-4e25-8801-7b20794e9c8e,0.30000000000000004,0.18000000000000002,0.075636126101017
6f4cd049-8aa6-4e25-8801-7b20794e9c8e,0.30000000000000004,0.23,0.07615314424037933
6f72b6cc-7b75-4fba-b2ab-1bb23a7336bc,0.0,0.03,0.045541610568761826
6f72b6cc-7b75-4fba-b2ab-1bb23a7336bc,0.0,0.08,0.0752519816160202
6f72b6cc-7b75-4fba-b2ab-1bb23a7336bc,0.0,0.13,0.07653918862342834
6f72b6cc-7b75-4fba-b2ab-1bb23a7336bc,0.0,0.18000000000000002,0.06978674232959747
6f72b6cc-7b75-4fba-b2ab-1bb23a7336bc,0.0,0.23,0.07048892229795456
6f72b6cc-7b75-4fba-b2ab-1bb23a7336bc,0.01,0.03,0.04685157909989357
6f72b6cc-7b75-4fba-b2ab-1bb23a7336bc,0.01,0.08,0.07066065073013306
6f72b6cc-7b75-4fba-b2ab-1bb23a7336bc,0.01,0.13,0.07018508017063141
6f72b6cc-7b75-4fba-b2ab-1bb23a7336bc,0.01,0.18000000000000002,0.07016094028949738
6f72b6cc-7b75-4fba-b2ab-1bb23a7336bc,0.01,0.23,0.07324826717376709
6f72b6cc-7b75-4fba-b2ab-1bb23a7336bc,0.02,0.03,0.05041441693902016
6f72b6cc-7b75-4fba-b2ab-1bb23a7336bc,0.02,0.08,0.07178942859172821
6f72b6cc-7b75-4fba-b2ab-1bb23a7336bc,0.02,0.13,0.07059197127819061
6f72b6cc-7b75-4fba-b2ab-1bb23a7336bc,0.02,0.18000000000000002,0.06982848793268204
6f72b6cc-7b75-4fba-b2ab-1bb23a7336bc,0.02,0.23,0.07249783724546432
6f72b6cc-7b75-4fba-b2ab-1bb23a7336bc,0.03,0.03,0.05693749710917473
6f72b6cc-7b75-4fba-b2ab-1bb23a7336bc,0.03,0.08,0.07495355606079102
6f72b6cc-7b75-4fba-b2ab-1bb23a7336bc,0.03,0.13,0.07020280510187149
6f72b6cc-7b75-4fba-b2ab-1bb23a7336bc,0.03,0.18000000000000002,0.07017415761947632
6f72b6cc-7b75-4fba-b2ab-1bb23a7336bc,0.03,0.23,0.06856363266706467
6f72b6cc-7b75-4fba-b2ab-1bb23a7336bc,0.04,0.03,0.05606939643621445
6f72b6cc-7b75-4fba-b2ab-1bb23a7336bc,0.04,0.08,0.06312344968318939
6f72b6cc-7b75-4fba-b2ab-1bb23a7336bc,0.05,0.03,0.05142661929130554
6f72b6cc-7b75-4fba-b2ab-1bb23a7336bc,0.05,0.08,0.06016254797577858
6f72b6cc-7b75-4fba-b2ab-1bb23a7336bc,0.05,0.13,0.06809138506650925
6f72b6cc-7b75-4fba-b2ab-1bb23a7336bc,0.05,0.18000000000000002,0.06819421797990799
6f72b6cc-7b75-4fba-b2ab-1bb23a7336bc,0.05,0.23,0.0706438422203064
6f72b6cc-7b75-4fba-b2ab-1bb23a7336bc,0.1,0.03,0.047719407826662064
6f72b6cc-7b75-4fba-b2ab-1bb23a7336bc,0.1,0.08,0.060055263340473175
6f72b6cc-7b75-4fba-b2ab-1bb23a7336bc,0.1,0.13,0.06759008020162582
6f72b6cc-7b75-4fba-b2ab-1bb23a7336bc,0.1,0.18000000000000002,0.06974966824054718
6f72b6cc-7b75-4fba-b2ab-1bb23a7336bc,0.1,0.23,0.06635353714227676
6f72b6cc-7b75-4fba-b2ab-1bb23a7336bc,0.15000000000000002,0.03,0.04785133898258209
6f72b6cc-7b75-4fba-b2ab-1bb23a7336bc,0.15000000000000002,0.08,0.061271071434020996
6f72b6cc-7b75-4fba-b2ab-1bb23a7336bc,0.15000000000000002,0.13,0.06361106038093567
6f72b6cc-7b75-4fba-b2ab-1bb23a7336bc,0.15000000000000002,0.18000000000000002,0.06321965903043747
6f72b6cc-7b75-4fba-b2ab-1bb23a7336bc,0.15000000000000002,0.23,0.06433135271072388
6f72b6cc-7b75-4fba-b2ab-1bb23a7336bc,0.2,0.03,0.04909001663327217
6f72b6cc-7b75-4fba-b2ab-1bb23a7336bc,0.2,0.08,0.062398772686719894
6f72b6cc-7b75-4fba-b2ab-1bb23a7336bc,0.2,0.13,0.06545861065387726
6f72b6cc-7b75-4fba-b2ab-1bb23a7336bc,0.2,0.18000000000000002,0.06652839481830597
6f72b6cc-7b75-4fba-b2ab-1bb23a7336bc,0.2,0.23,0.06656694412231445
6f72b6cc-7b75-4fba-b2ab-1bb23a7336bc,0.25,0.03,0.051603976637125015
6f72b6cc-7b75-4fba-b2ab-1bb23a7336bc,0.25,0.08,0.061022043228149414
6f72b6cc-7b75-4fba-b2ab-1bb23a7336bc,0.25,0.13,0.06223607435822487
6f72b6cc-7b75-4fba-b2ab-1bb23a7336bc,0.25,0.18000000000000002,0.06740861386060715
6f72b6cc-7b75-4fba-b2ab-1bb23a7336bc,0.25,0.23,0.06815746426582336
6f72b6cc-7b75-4fba-b2ab-1bb23a7336bc,0.30000000000000004,0.03,0.053730811923742294
6f72b6cc-7b75-4fba-b2ab-1bb23a7336bc,0.30000000000000004,0.08,0.05796544998884201
6f72b6cc-7b75-4fba-b2ab-1bb23a7336bc,0.30000000000000004,0.13,0.0640060156583786
6f72b6cc-7b75-4fba-b2ab-1bb23a7336bc,0.30000000000000004,0.18000000000000002,0.06501350551843643
6f72b6cc-7b75-4fba-b2ab-1bb23a7336bc,0.30000000000000004,0.23,0.062420640140771866
6fd3d80a-faac-47d0-b064-e15e4f3a2749,0.0,0.03,0.08673413842916489
6fd3d80a-faac-47d0-b064-e15e4f3a2749,0.0,0.08,0.15180237591266632
6fd3d80a-faac-47d0-b064-e15e4f3a2749,0.0,0.13,0.15683308243751526
6fd3d80a-faac-47d0-b064-e15e4f3a2749,0.0,0.18000000000000002,0.14302602410316467
6fd3d80a-faac-47d0-b064-e15e4f3a2749,0.0,0.23,0.12354714423418045
6fd3d80a-faac-47d0-b064-e15e4f3a2749,0.01,0.03,0.07819116860628128
6fd3d80a-faac-47d0-b064-e15e4f3a2749,0.01,0.08,0.1346665769815445
6fd3d80a-faac-47d0-b064-e15e4f3a2749,0.01,0.13,0.1473217010498047
6fd3d80a-faac-47d0-b064-e15e4f3a2749,0.01,0.18000000000000002,0.12417222559452057
6fd3d80a-faac-47d0-b064-e15e4f3a2749,0.01,0.23,0.10647561401128769
6fd3d80a-faac-47d0-b064-e15e4f3a2749,0.02,0.03,0.09488596767187119
6fd3d80a-faac-47d0-b064-e15e4f3a2749,0.02,0.08,0.1421693116426468
6fd3d80a-faac-47d0-b064-e15e4f3a2749,0.02,0.13,0.14292499423027039
6fd3d80a-faac-47d0-b064-e15e4f3a2749,0.02,0.18000000000000002,0.11893503367900848
6fd3d80a-faac-47d0-b064-e15e4f3a2749,0.02,0.23,0.10573723167181015
6fd3d80a-faac-47d0-b064-e15e4f3a2749,0.03,0.03,0.0910794734954834
6fd3d80a-faac-47d0-b064-e15e4f3a2749,0.03,0.08,0.14171646535396576
6fd3d80a-faac-47d0-b064-e15e4f3a2749,0.03,0.13,0.1345224231481552
6fd3d80a-faac-47d0-b064-e15e4f3a2749,0.03,0.18000000000000002,0.10993938148021698
6fd3d80a-faac-47d0-b064-e15e4f3a2749,0.03,0.23,0.10062115639448166
6fd3d80a-faac-47d0-b064-e15e4f3a2749,0.04,0.03,0.10452937334775925
6fd3d80a-faac-47d0-b064-e15e4f3a2749,0.04,0.08,0.13812074065208435
6fd3d80a-faac-47d0-b064-e15e4f3a2749,0.05,0.03,0.11317364871501923
6fd3d80a-faac-47d0-b064-e15e4f3a2749,0.05,0.08,0.13140586018562317
6fd3d80a-faac-47d0-b064-e15e4f3a2749,0.05,0.13,0.1169075071811676
6fd3d80a-faac-47d0-b064-e15e4f3a2749,0.05,0.18000000000000002,0.09604661911725998
6fd3d80a-faac-47d0-b064-e15e4f3a2749,0.05,0.23,0.08696481585502625
6fd3d80a-faac-47d0-b064-e15e4f3a2749,0.1,0.03,0.05959952250123024
6fd3d80a-faac-47d0-b064-e15e4f3a2749,0.1,0.08,0.060321271419525146
6fd3d80a-faac-47d0-b064-e15e4f3a2749,0.1,0.13,0.06357185542583466
6fd3d80a-faac-47d0-b064-e15e4f3a2749,0.1,0.18000000000000002,0.06229136511683464
6fd3d80a-faac-47d0-b064-e15e4f3a2749,0.1,0.23,0.06369990110397339
6fd3d80a-faac-47d0-b064-e15e4f3a2749,0.15000000000000002,0.03,0.05497776344418526
6fd3d80a-faac-47d0-b064-e15e4f3a2749,0.15000000000000002,0.08,0.07842428237199783
6fd3d80a-faac-47d0-b064-e15e4f3a2749,0.15000000000000002,0.13,0.06617304682731628
6fd3d80a-faac-47d0-b064-e15e4f3a2749,0.15000000000000002,0.18000000000000002,0.06688613444566727
6fd3d80a-faac-47d0-b064-e15e4f3a2749,0.15000000000000002,0.23,0.06940431892871857
6fd3d80a-faac-47d0-b064-e15e4f3a2749,0.2,0.03,0.05551086366176605
6fd3d80a-faac-47d0-b064-e15e4f3a2749,0.2,0.08,0.05927856266498566
6fd3d80a-faac-47d0-b064-e15e4f3a2749,0.2,0.13,0.06778036803007126
6fd3d80a-faac-47d0-b064-e15e4f3a2749,0.2,0.18000000000000002,0.0753176286816597
6fd3d80a-faac-47d0-b064-e15e4f3a2749,0.2,0.23,0.07714429497718811
6fd3d80a-faac-47d0-b064-e15e4f3a2749,0.25,0.03,0.047677118331193924
6fd3d80a-faac-47d0-b064-e15e4f3a2749,0.25,0.08,0.06551101803779602
6fd3d80a-faac-47d0-b064-e15e4f3a2749,0.25,0.13,0.06958555430173874
6fd3d80a-faac-47d0-b064-e15e4f3a2749,0.25,0.18000000000000002,0.0689190998673439
6fd3d80a-faac-47d0-b064-e15e4f3a2749,0.25,0.23,0.07237942516803741
6fd3d80a-faac-47d0-b064-e15e4f3a2749,0.30000000000000004,0.03,0.0472240149974823
6fd3d80a-faac-47d0-b064-e15e4f3a2749,0.30000000000000004,0.08,0.06098193675279617
6fd3d80a-faac-47d0-b064-e15e4f3a2749,0.30000000000000004,0.13,0.06682076305150986
6fd3d80a-faac-47d0-b064-e15e4f3a2749,0.30000000000000004,0.18000000000000002,0.07036575675010681
6fd3d80a-faac-47d0-b064-e15e4f3a2749,0.30000000000000004,0.23,0.073516845703125
7004cd4d-e71a-4d2d-b296-5b2e19139135,0.0,0.03,0.05333070829510689
7004cd4d-e71a-4d2d-b296-5b2e19139135,0.0,0.08,0.061619628220796585
7004cd4d-e71a-4d2d-b296-5b2e19139135,0.0,0.13,0.06556781381368637
7004cd4d-e71a-4d2d-b296-5b2e19139135,0.0,0.18000000000000002,0.07269246131181717
7004cd4d-e71a-4d2d-b296-5b2e19139135,0.0,0.23,0.07377389818429947
7004cd4d-e71a-4d2d-b296-5b2e19139135,0.01,0.03,0.04719158262014389
7004cd4d-e71a-4d2d-b296-5b2e19139135,0.01,0.08,0.05776252597570419
7004cd4d-e71a-4d2d-b296-5b2e19139135,0.01,0.13,0.06612540036439896
7004cd4d-e71a-4d2d-b296-5b2e19139135,0.01,0.18000000000000002,0.07245802134275436
7004cd4d-e71a-4d2d-b296-5b2e19139135,0.01,0.23,0.07244367897510529
7004cd4d-e71a-4d2d-b296-5b2e19139135,0.02,0.03,0.04447942227125168
7004cd4d-e71a-4d2d-b296-5b2e19139135,0.02,0.08,0.059650398790836334
7004cd4d-e71a-4d2d-b296-5b2e19139135,0.02,0.13,0.07379177957773209
7004cd4d-e71a-4d2d-b296-5b2e19139135,0.02,0.18000000000000002,0.07514001429080963
7004cd4d-e71a-4d2d-b296-5b2e19139135,0.02,0.23,0.0721016451716423
7004cd4d-e71a-4d2d-b296-5b2e19139135,0.03,0.03,0.04344119876623154
7004cd4d-e71a-4d2d-b296-5b2e19139135,0.03,0.08,0.061913784593343735
7004cd4d-e71a-4d2d-b296-5b2e19139135,0.03,0.13,0.06809893995523453
7004cd4d-e71a-4d2d-b296-5b2e19139135,0.03,0.18000000000000002,0.07596337050199509
7004cd4d-e71a-4d2d-b296-5b2e19139135,0.03,0.23,0.07069151848554611
7004cd4d-e71a-4d2d-b296-5b2e19139135,0.04,0.03,0.05364947021007538
7004cd4d-e71a-4d2d-b296-5b2e19139135,0.04,0.08,0.06180483102798462
7004cd4d-e71a-4d2d-b296-5b2e19139135,0.05,0.03,0.04938116297125816
7004cd4d-e71a-4d2d-b296-5b2e19139135,0.05,0.08,0.06410646438598633
7004cd4d-e71a-4d2d-b296-5b2e19139135,0.05,0.13,0.06901570409536362
7004cd4d-e71a-4d2d-b296-5b2e19139135,0.05,0.18000000000000002,0.06816952675580978
7004cd4d-e71a-4d2d-b296-5b2e19139135,0.05,0.23,0.06650435924530029
7004cd4d-e71a-4d2d-b296-5b2e19139135,0.1,0.03,0.052628010511398315
7004cd4d-e71a-4d2d-b296-5b2e19139135,0.1,0.08,0.05967238172888756
7004cd4d-e71a-4d2d-b296-5b2e19139135,0.1,0.13,0.06411964446306229
7004cd4d-e71a-4d2d-b296-5b2e19139135,0.1,0.18000000000000002,0.06405740231275558
7004cd4d-e71a-4d2d-b296-5b2e19139135,0.1,0.23,0.06448130309581757
7004cd4d-e71a-4d2d-b296-5b2e19139135,0.15000000000000002,0.03,0.050081100314855576
7004cd4d-e71a-4d2d-b296-5b2e19139135,0.15000000000000002,0.08,0.05707450956106186
7004cd4d-e71a-4d2d-b296-5b2e19139135,0.15000000000000002,0.13,0.07004682719707489
7004cd4d-e71a-4d2d-b296-5b2e19139135,0.15000000000000002,0.18000000000000002,0.06752961874008179
7004cd4d-e71a-4d2d-b296-5b2e19139135,0.15000000000000002,0.23,0.06036132946610451
7004cd4d-e71a-4d2d-b296-5b2e19139135,0.2,0.03,0.046446554362773895
7004cd4d-e71a-4d2d-b296-5b2e19139135,0.2,0.08,0.060635875910520554
7004cd4d-e71a-4d2d-b296-5b2e19139135,0.2,0.13,0.06809531897306442
7004cd4d-e71a-4d2d-b296-5b2e19139135,0.2,0.18000000000000002,0.065252386033535
7004cd4d-e71a-4d2d-b296-5b2e19139135,0.2,0.23,0.06019033119082451
7004cd4d-e71a-4d2d-b296-5b2e19139135,0.25,0.03,0.04755469411611557
7004cd4d-e71a-4d2d-b296-5b2e19139135,0.25,0.08,0.05525767803192139
7004cd4d-e71a-4d2d-b296-5b2e19139135,0.25,0.13,0.06921142339706421
7004cd4d-e71a-4d2d-b296-5b2e19139135,0.25,0.18000000000000002,0.06371530890464783
7004cd4d-e71a-4d2d-b296-5b2e19139135,0.25,0.23,0.055667925626039505
7004cd4d-e71a-4d2d-b296-5b2e19139135,0.30000000000000004,0.03,0.04684266448020935
7004cd4d-e71a-4d2d-b296-5b2e19139135,0.30000000000000004,0.08,0.0661504715681076
7004cd4d-e71a-4d2d-b296-5b2e19139135,0.30000000000000004,0.13,0.05900228023529053
7004cd4d-e71a-4d2d-b296-5b2e19139135,0.30000000000000004,0.18000000000000002,0.059484634548425674
7004cd4d-e71a-4d2d-b296-5b2e19139135,0.30000000000000004,0.23,0.06625597923994064
7034ecca-8fbc-4621-bc2f-af092e262fb5,0.0,0.03,0.054133426398038864
7034ecca-8fbc-4621-bc2f-af092e262fb5,0.0,0.08,0.0631319135427475
7034ecca-8fbc-4621-bc2f-af092e262fb5,0.0,0.13,0.06922068446874619
7034ecca-8fbc-4621-bc2f-af092e262fb5,0.0,0.18000000000000002,0.07078922539949417
7034ecca-8fbc-4621-bc2f-af092e262fb5,0.0,0.23,0.06541340053081512
7034ecca-8fbc-4621-bc2f-af092e262fb5,0.01,0.03,0.05833118036389351
7034ecca-8fbc-4621-bc2f-af092e262fb5,0.01,0.08,0.06344766169786453
7034ecca-8fbc-4621-bc2f-af092e262fb5,0.01,0.13,0.06304307281970978
7034ecca-8fbc-4621-bc2f-af092e262fb5,0.01,0.18000000000000002,0.06425736099481583
7034ecca-8fbc-4621-bc2f-af092e262fb5,0.01,0.23,0.06198966130614281
7034ecca-8fbc-4621-bc2f-af092e262fb5,0.02,0.03,0.05317405238747597
7034ecca-8fbc-4621-bc2f-af092e262fb5,0.02,0.08,0.06379585713148117
7034ecca-8fbc-4621-bc2f-af092e262fb5,0.02,0.13,0.06717991083860397
7034ecca-8fbc-4621-bc2f-af092e262fb5,0.02,0.18000000000000002,0.06504231691360474
7034ecca-8fbc-4621-bc2f-af092e262fb5,0.02,0.23,0.06069711595773697
7034ecca-8fbc-4621-bc2f-af092e262fb5,0.03,0.03,0.04641620069742203
7034ecca-8fbc-4621-bc2f-af092e262fb5,0.03,0.08,0.060096412897109985
7034ecca-8fbc-4621-bc2f-af092e262fb5,0.03,0.13,0.06362689286470413
7034ecca-8fbc-4621-bc2f-af092e262fb5,0.03,0.18000000000000002,0.06145498901605606
7034ecca-8fbc-4621-bc2f-af092e262fb5,0.03,0.23,0.05732523649930954
7034ecca-8fbc-4621-bc2f-af092e262fb5,0.04,0.03,0.05166162550449371
7034ecca-8fbc-4621-bc2f-af092e262fb5,0.04,0.08,0.06068592518568039
7034ecca-8fbc-4621-bc2f-af092e262fb5,0.05,0.03,0.05535917729139328
7034ecca-8fbc-4621-bc2f-af092e262fb5,0.05,0.08,0.0643531009554863
7034ecca-8fbc-4621-bc2f-af092e262fb5,0.05,0.13,0.06604473292827606
7034ecca-8fbc-4621-bc2f-af092e262fb5,0.05,0.18000000000000002,0.05964841693639755
7034ecca-8fbc-4621-bc2f-af092e262fb5,0.05,0.23,0.05774955078959465
7034ecca-8fbc-4621-bc2f-af092e262fb5,0.1,0.03,0.04641750082373619
7034ecca-8fbc-4621-bc2f-af092e262fb5,0.1,0.08,0.0588533878326416
7034ecca-8fbc-4621-bc2f-af092e262fb5,0.1,0.13,0.060101304203271866
7034ecca-8fbc-4621-bc2f-af092e262fb5,0.1,0.18000000000000002,0.05857790261507034
7034ecca-8fbc-4621-bc2f-af092e262fb5,0.1,0.23,0.05936466157436371
7034ecca-8fbc-4621-bc2f-af092e262fb5,0.15000000000000002,0.03,0.05121048167347908
7034ecca-8fbc-4621-bc2f-af092e262fb5,0.15000000000000002,0.08,0.05905642360448837
7034ecca-8fbc-4621-bc2f-af092e262fb5,0.15000000000000002,0.13,0.061502642929553986
7034ecca-8fbc-4621-bc2f-af092e262fb5,0.15000000000000002,0.18000000000000002,0.0633229985833168
7034ecca-8fbc-4621-bc2f-af092e262fb5,0.15000000000000002,0.23,0.06770670413970947
7034ecca-8fbc-4621-bc2f-af092e262fb5,0.2,0.03,0.04711505398154259
7034ecca-8fbc-4621-bc2f-af092e262fb5,0.2,0.08,0.05413072183728218
7034ecca-8fbc-4621-bc2f-af092e262fb5,0.2,0.13,0.06412810832262039
7034ecca-8fbc-4621-bc2f-af092e262fb5,0.2,0.18000000000000002,0.07366450130939484
7034ecca-8fbc-4621-bc2f-af092e262fb5,0.2,0.23,0.07174830883741379
7034ecca-8fbc-4621-bc2f-af092e262fb5,0.25,0.03,0.059724025428295135
7034ecca-8fbc-4621-bc2f-af092e262fb5,0.25,0.08,0.06648905575275421
7034ecca-8fbc-4621-bc2f-af092e262fb5,0.25,0.13,0.07283202558755875
7034ecca-8fbc-4621-bc2f-af092e262fb5,0.25,0.18000000000000002,0.06932373344898224
7034ecca-8fbc-4621-bc2f-af092e262fb5,0.25,0.23,0.06853434443473816
7034ecca-8fbc-4621-bc2f-af092e262fb5,0.30000000000000004,0.03,0.05235104635357857
7034ecca-8fbc-4621-bc2f-af092e262fb5,0.30000000000000004,0.08,0.07120582461357117
7034ecca-8fbc-4621-bc2f-af092e262fb5,0.30000000000000004,0.13,0.06482725590467453
7034ecca-8fbc-4621-bc2f-af092e262fb5,0.30000000000000004,0.18000000000000002,0.06433629244565964
7034ecca-8fbc-4621-bc2f-af092e262fb5,0.30000000000000004,0.23,0.06453035771846771
70986f2e-7e56-49e5-b95e-8da9412cc7f5,0.0,0.03,0.047190092504024506
70986f2e-7e56-49e5-b95e-8da9412cc7f5,0.0,0.08,0.05957561358809471
70986f2e-7e56-49e5-b95e-8da9412cc7f5,0.0,0.13,0.06994178146123886
70986f2e-7e56-49e5-b95e-8da9412cc7f5,0.0,0.18000000000000002,0.06294133514165878
70986f2e-7e56-49e5-b95e-8da9412cc7f5,0.0,0.23,0.06088341400027275
70986f2e-7e56-49e5-b95e-8da9412cc7f5,0.01,0.03,0.045141104608774185
70986f2e-7e56-49e5-b95e-8da9412cc7f5,0.01,0.08,0.06423250585794449
70986f2e-7e56-49e5-b95e-8da9412cc7f5,0.01,0.13,0.06776944547891617
70986f2e-7e56-49e5-b95e-8da9412cc7f5,0.01,0.18000000000000002,0.06015234440565109
70986f2e-7e56-49e5-b95e-8da9412cc7f5,0.01,0.23,0.06172976642847061
70986f2e-7e56-49e5-b95e-8da9412cc7f5,0.02,0.03,0.04798474162817001
70986f2e-7e56-49e5-b95e-8da9412cc7f5,0.02,0.08,0.06016097590327263
70986f2e-7e56-49e5-b95e-8da9412cc7f5,0.02,0.13,0.06590665876865387
70986f2e-7e56-49e5-b95e-8da9412cc7f5,0.02,0.18000000000000002,0.06132238730788231
70986f2e-7e56-49e5-b95e-8da9412cc7f5,0.02,0.23,0.06194577366113663
70986f2e-7e56-49e5-b95e-8da9412cc7f5,0.03,0.03,0.04754822328686714
70986f2e-7e56-49e5-b95e-8da9412cc7f5,0.03,0.08,0.06688526272773743
70986f2e-7e56-49e5-b95e-8da9412cc7f5,0.03,0.13,0.06296507269144058
70986f2e-7e56-49e5-b95e-8da9412cc7f5,0.03,0.18000000000000002,0.05962266027927399
70986f2e-7e56-49e5-b95e-8da9412cc7f5,0.03,0.23,0.06585580855607986
70986f2e-7e56-49e5-b95e-8da9412cc7f5,0.04,0.03,0.04818582534790039
70986f2e-7e56-49e5-b95e-8da9412cc7f5,0.04,0.08,0.07175634801387787
70986f2e-7e56-49e5-b95e-8da9412cc7f5,0.05,0.03,0.048210687935352325
70986f2e-7e56-49e5-b95e-8da9412cc7f5,0.05,0.08,0.0638502687215805
70986f2e-7e56-49e5-b95e-8da9412cc7f5,0.05,0.13,0.05875762179493904
70986f2e-7e56-49e5-b95e-8da9412cc7f5,0.05,0.18000000000000002,0.061417438089847565
70986f2e-7e56-49e5-b95e-8da9412cc7f5,0.05,0.23,0.06331124156713486
70986f2e-7e56-49e5-b95e-8da9412cc7f5,0.1,0.03,0.045715656131505966
70986f2e-7e56-49e5-b95e-8da9412cc7f5,0.1,0.08,0.052314165979623795
70986f2e-7e56-49e5-b95e-8da9412cc7f5,0.1,0.13,0.06316667050123215
70986f2e-7e56-49e5-b95e-8da9412cc7f5,0.1,0.18000000000000002,0.0648346096277237
70986f2e-7e56-49e5-b95e-8da9412cc7f5,0.1,0.23,0.06606563925743103
70986f2e-7e56-49e5-b95e-8da9412cc7f5,0.15000000000000002,0.03,0.04750879108905792
70986f2e-7e56-49e5-b95e-8da9412cc7f5,0.15000000000000002,0.08,0.05898667871952057
70986f2e-7e56-49e5-b95e-8da9412cc7f5,0.15000000000000002,0.13,0.06505127251148224
70986f2e-7e56-49e5-b95e-8da9412cc7f5,0.15000000000000002,0.18000000000000002,0.06482252478599548
70986f2e-7e56-49e5-b95e-8da9412cc7f5,0.15000000000000002,0.23,0.060103777796030045
70986f2e-7e56-49e5-b95e-8da9412cc7f5,0.2,0.03,0.051080234348773956
70986f2e-7e56-49e5-b95e-8da9412cc7f5,0.2,0.08,0.0652855858206749
70986f2e-7e56-49e5-b95e-8da9412cc7f5,0.2,0.13,0.06260163336992264
70986f2e-7e56-49e5-b95e-8da9412cc7f5,0.2,0.18000000000000002,0.06204719468951225
70986f2e-7e56-49e5-b95e-8da9412cc7f5,0.2,0.23,0.06681030243635178
70986f2e-7e56-49e5-b95e-8da9412cc7f5,0.25,0.03,0.05389590933918953
70986f2e-7e56-49e5-b95e-8da9412cc7f5,0.25,0.08,0.0636516883969307
70986f2e-7e56-49e5-b95e-8da9412cc7f5,0.25,0.13,0.0632065087556839
70986f2e-7e56-49e5-b95e-8da9412cc7f5,0.25,0.18000000000000002,0.06935685873031616
70986f2e-7e56-49e5-b95e-8da9412cc7f5,0.25,0.23,0.07476767152547836
70986f2e-7e56-49e5-b95e-8da9412cc7f5,0.30000000000000004,0.03,0.04663963243365288
70986f2e-7e56-49e5-b95e-8da9412cc7f5,0.30000000000000004,0.08,0.06310158222913742
70986f2e-7e56-49e5-b95e-8da9412cc7f5,0.30000000000000004,0.13,0.06635872274637222
70986f2e-7e56-49e5-b95e-8da9412cc7f5,0.30000000000000004,0.18000000000000002,0.06868245452642441
70986f2e-7e56-49e5-b95e-8da9412cc7f5,0.30000000000000004,0.23,0.0683583989739418
7155cc5a-3aa2-4dc0-b7d7-3cbd4fbef57e,0.0,0.03,0.047645870596170425
7155cc5a-3aa2-4dc0-b7d7-3cbd4fbef57e,0.0,0.08,0.05803769454360008
7155cc5a-3aa2-4dc0-b7d7-3cbd4fbef57e,0.0,0.13,0.07195588201284409
7155cc5a-3aa2-4dc0-b7d7-3cbd4fbef57e,0.0,0.18000000000000002,0.06934426724910736
7155cc5a-3aa2-4dc0-b7d7-3cbd4fbef57e,0.0,0.23,0.08056630939245224
7155cc5a-3aa2-4dc0-b7d7-3cbd4fbef57e,0.01,0.03,0.045779503881931305
7155cc5a-3aa2-4dc0-b7d7-3cbd4fbef57e,0.01,0.08,0.06379170715808868
7155cc5a-3aa2-4dc0-b7d7-3cbd4fbef57e,0.01,0.13,0.07184202969074249
7155cc5a-3aa2-4dc0-b7d7-3cbd4fbef57e,0.01,0.18000000000000002,0.07314281910657883
7155cc5a-3aa2-4dc0-b7d7-3cbd4fbef57e,0.01,0.23,0.08003446459770203
7155cc5a-3aa2-4dc0-b7d7-3cbd4fbef57e,0.02,0.03,0.04739415645599365
7155cc5a-3aa2-4dc0-b7d7-3cbd4fbef57e,0.02,0.08,0.05799351632595062
7155cc5a-3aa2-4dc0-b7d7-3cbd4fbef57e,0.02,0.13,0.06510810554027557
7155cc5a-3aa2-4dc0-b7d7-3cbd4fbef57e,0.02,0.18000000000000002,0.07297533750534058
7155cc5a-3aa2-4dc0-b7d7-3cbd4fbef57e,0.02,0.23,0.07499881088733673
7155cc5a-3aa2-4dc0-b7d7-3cbd4fbef57e,0.03,0.03,0.05071573331952095
7155cc5a-3aa2-4dc0-b7d7-3cbd4fbef57e,0.03,0.08,0.05840790271759033
7155cc5a-3aa2-4dc0-b7d7-3cbd4fbef57e,0.03,0.13,0.06938356161117554
7155cc5a-3aa2-4dc0-b7d7-3cbd4fbef57e,0.03,0.18000000000000002,0.07724259048700333
7155cc5a-3aa2-4dc0-b7d7-3cbd4fbef57e,0.03,0.23,0.07996407896280289
7155cc5a-3aa2-4dc0-b7d7-3cbd4fbef57e,0.04,0.03,0.04659496620297432
7155cc5a-3aa2-4dc0-b7d7-3cbd4fbef57e,0.04,0.08,0.06179889291524887
7155cc5a-3aa2-4dc0-b7d7-3cbd4fbef57e,0.05,0.03,0.04934494569897652
7155cc5a-3aa2-4dc0-b7d7-3cbd4fbef57e,0.05,0.08,0.06161722540855408
7155cc5a-3aa2-4dc0-b7d7-3cbd4fbef57e,0.05,0.13,0.06798719614744186
7155cc5a-3aa2-4dc0-b7d7-3cbd4fbef57e,0.05,0.18000000000000002,0.07950577139854431
7155cc5a-3aa2-4dc0-b7d7-3cbd4fbef57e,0.05,0.23,0.075546033680439
7155cc5a-3aa2-4dc0-b7d7-3cbd4fbef57e,0.1,0.03,0.051752969622612
7155cc5a-3aa2-4dc0-b7d7-3cbd4fbef57e,0.1,0.08,0.06898365169763565
7155cc5a-3aa2-4dc0-b7d7-3cbd4fbef57e,0.1,0.13,0.07387638092041016
7155cc5a-3aa2-4dc0-b7d7-3cbd4fbef57e,0.1,0.18000000000000002,0.07541359961032867
7155cc5a-3aa2-4dc0-b7d7-3cbd4fbef57e,0.1,0.23,0.08155276626348495
7155cc5a-3aa2-4dc0-b7d7-3cbd4fbef57e,0.15000000000000002,0.03,0.04734954237937927
7155cc5a-3aa2-4dc0-b7d7-3cbd4fbef57e,0.15000000000000002,0.08,0.0630389153957367
7155cc5a-3aa2-4dc0-b7d7-3cbd4fbef57e,0.15000000000000002,0.13,0.07158123701810837
7155cc5a-3aa2-4dc0-b7d7-3cbd4fbef57e,0.15000000000000002,0.18000000000000002,0.07973603904247284
7155cc5a-3aa2-4dc0-b7d7-3cbd4fbef57e,0.15000000000000002,0.23,0.07758156955242157
7155cc5a-3aa2-4dc0-b7d7-3cbd4fbef57e,0.2,0.03,0.053835880011320114
7155cc5a-3aa2-4dc0-b7d7-3cbd4fbef57e,0.2,0.08,0.05648519843816757
7155cc5a-3aa2-4dc0-b7d7-3cbd4fbef57e,0.2,0.13,0.06615576148033142
7155cc5a-3aa2-4dc0-b7d7-3cbd4fbef57e,0.2,0.18000000000000002,0.06814093142747879
7155cc5a-3aa2-4dc0-b7d7-3cbd4fbef57e,0.2,0.23,0.07215891033411026
7155cc5a-3aa2-4dc0-b7d7-3cbd4fbef57e,0.25,0.03,0.05233607813715935
7155cc5a-3aa2-4dc0-b7d7-3cbd4fbef57e,0.25,0.08,0.06409037858247757
7155cc5a-3aa2-4dc0-b7d7-3cbd4fbef57e,0.25,0.13,0.07077807188034058
7155cc5a-3aa2-4dc0-b7d7-3cbd4fbef57e,0.25,0.18000000000000002,0.0723787471652031
7155cc5a-3aa2-4dc0-b7d7-3cbd4fbef57e,0.25,0.23,0.07728883624076843
7155cc5a-3aa2-4dc0-b7d7-3cbd4fbef57e,0.30000000000000004,0.03,0.05000695586204529
7155cc5a-3aa2-4dc0-b7d7-3cbd4fbef57e,0.30000000000000004,0.08,0.06891000270843506
7155cc5a-3aa2-4dc0-b7d7-3cbd4fbef57e,0.30000000000000004,0.13,0.07246509194374084
7155cc5a-3aa2-4dc0-b7d7-3cbd4fbef57e,0.30000000000000004,0.18000000000000002,0.07308444380760193
7155cc5a-3aa2-4dc0-b7d7-3cbd4fbef57e,0.30000000000000004,0.23,0.07333202660083771
717ff30c-3684-4ff4-9f60-6d34cda18292,0.0,0.03,0.04963574558496475
717ff30c-3684-4ff4-9f60-6d34cda18292,0.0,0.08,0.06204374134540558
717ff30c-3684-4ff4-9f60-6d34cda18292,0.0,0.13,0.06496315449476242
717ff30c-3684-4ff4-9f60-6d34cda18292,0.0,0.18000000000000002,0.07573045790195465
717ff30c-3684-4ff4-9f60-6d34cda18292,0.0,0.23,0.08122150599956512
717ff30c-3684-4ff4-9f60-6d34cda18292,0.01,0.03,0.048893675208091736
717ff30c-3684-4ff4-9f60-6d34cda18292,0.01,0.08,0.057640817016363144
717ff30c-3684-4ff4-9f60-6d34cda18292,0.01,0.13,0.07157965749502182
717ff30c-3684-4ff4-9f60-6d34cda18292,0.01,0.18000000000000002,0.07311824709177017
717ff30c-3684-4ff4-9f60-6d34cda18292,0.01,0.23,0.07802937179803848
717ff30c-3684-4ff4-9f60-6d34cda18292,0.02,0.03,0.05001276358962059
717ff30c-3684-4ff4-9f60-6d34cda18292,0.02,0.08,0.06242954358458519
717ff30c-3684-4ff4-9f60-6d34cda18292,0.02,0.13,0.06781947612762451
717ff30c-3684-4ff4-9f60-6d34cda18292,0.02,0.18000000000000002,0.07763520628213882
717ff30c-3684-4ff4-9f60-6d34cda18292,0.02,0.23,0.07649792730808258
717ff30c-3684-4ff4-9f60-6d34cda18292,0.03,0.03,0.05664784088730812
717ff30c-3684-4ff4-9f60-6d34cda18292,0.03,0.08,0.06263305246829987
717ff30c-3684-4ff4-9f60-6d34cda18292,0.03,0.13,0.0710127055644989
717ff30c-3684-4ff4-9f60-6d34cda18292,0.03,0.18000000000000002,0.07520953565835953
717ff30c-3684-4ff4-9f60-6d34cda18292,0.03,0.23,0.07787874341011047
717ff30c-3684-4ff4-9f60-6d34cda18292,0.04,0.03,0.05647287517786026
717ff30c-3684-4ff4-9f60-6d34cda18292,0.04,0.08,0.0618227943778038
717ff30c-3684-4ff4-9f60-6d34cda18292,0.05,0.03,0.046014416962862015
717ff30c-3684-4ff4-9f60-6d34cda18292,0.05,0.08,0.0584036223590374
717ff30c-3684-4ff4-9f60-6d34cda18292,0.05,0.13,0.0685235932469368
717ff30c-3684-4ff4-9f60-6d34cda18292,0.05,0.18000000000000002,0.07512924820184708
717ff30c-3684-4ff4-9f60-6d34cda18292,0.05,0.23,0.07738368958234787
717ff30c-3684-4ff4-9f60-6d34cda18292,0.1,0.03,0.04679017886519432
717ff30c-3684-4ff4-9f60-6d34cda18292,0.1,0.08,0.06979648023843765
717ff30c-3684-4ff4-9f60-6d34cda18292,0.1,0.13,0.0769827663898468
717ff30c-3684-4ff4-9f60-6d34cda18292,0.1,0.18000000000000002,0.08260829746723175
717ff30c-3684-4ff4-9f60-6d34cda18292,0.1,0.23,0.08806347846984863
717ff30c-3684-4ff4-9f60-6d34cda18292,0.15000000000000002,0.03,0.053765129297971725
717ff30c-3684-4ff4-9f60-6d34cda18292,0.15000000000000002,0.08,0.06743182241916656
717ff30c-3684-4ff4-9f60-6d34cda18292,0.15000000000000002,0.13,0.0768192708492279
717ff30c-3684-4ff4-9f60-6d34cda18292,0.15000000000000002,0.18000000000000002,0.08192583918571472
717ff30c-3684-4ff4-9f60-6d34cda18292,0.15000000000000002,0.23,0.0936112031340599
717ff30c-3684-4ff4-9f60-6d34cda18292,0.2,0.03,0.05412204936146736
717ff30c-3684-4ff4-9f60-6d34cda18292,0.2,0.08,0.06708034127950668
717ff30c-3684-4ff4-9f60-6d34cda18292,0.2,0.13,0.07095581293106079
717ff30c-3684-4ff4-9f60-6d34cda18292,0.2,0.18000000000000002,0.08605584502220154
717ff30c-3684-4ff4-9f60-6d34cda18292,0.2,0.23,0.08750029653310776
717ff30c-3684-4ff4-9f60-6d34cda18292,0.25,0.03,0.05579984560608864
717ff30c-3684-4ff4-9f60-6d34cda18292,0.25,0.08,0.05983483046293259
717ff30c-3684-4ff4-9f60-6d34cda18292,0.25,0.13,0.07636565715074539
717ff30c-3684-4ff4-9f60-6d34cda18292,0.25,0.18000000000000002,0.0791902169585228
717ff30c-3684-4ff4-9f60-6d34cda18292,0.25,0.23,0.07477355003356934
717ff30c-3684-4ff4-9f60-6d34cda18292,0.30000000000000004,0.03,0.04844529181718826
717ff30c-3684-4ff4-9f60-6d34cda18292,0.30000000000000004,0.08,0.06467726826667786
717ff30c-3684-4ff4-9f60-6d34cda18292,0.30000000000000004,0.13,0.06829610466957092
717ff30c-3684-4ff4-9f60-6d34cda18292,0.30000000000000004,0.18000000000000002,0.06587682664394379
717ff30c-3684-4ff4-9f60-6d34cda18292,0.30000000000000004,0.23,0.06797380745410919
72398d89-a0e8-43a5-bd9f-4ecdd8b16246,0.0,0.03,0.058779384940862656
72398d89-a0e8-43a5-bd9f-4ecdd8b16246,0.0,0.08,0.0702286809682846
72398d89-a0e8-43a5-bd9f-4ecdd8b16246,0.0,0.13,0.08107326924800873
72398d89-a0e8-43a5-bd9f-4ecdd8b16246,0.0,0.18000000000000002,0.07821562141180038
72398d89-a0e8-43a5-bd9f-4ecdd8b16246,0.0,0.23,0.0783044621348381
72398d89-a0e8-43a5-bd9f-4ecdd8b16246,0.01,0.03,0.0576125830411911
72398d89-a0e8-43a5-bd9f-4ecdd8b16246,0.01,0.08,0.07708607614040375
72398d89-a0e8-43a5-bd9f-4ecdd8b16246,0.01,0.13,0.0817897617816925
72398d89-a0e8-43a5-bd9f-4ecdd8b16246,0.01,0.18000000000000002,0.0803389698266983
72398d89-a0e8-43a5-bd9f-4ecdd8b16246,0.01,0.23,0.07035114616155624
72398d89-a0e8-43a5-bd9f-4ecdd8b16246,0.02,0.03,0.05623868107795715
72398d89-a0e8-43a5-bd9f-4ecdd8b16246,0.02,0.08,0.06950542330741882
72398d89-a0e8-43a5-bd9f-4ecdd8b16246,0.02,0.13,0.07407867163419724
72398d89-a0e8-43a5-bd9f-4ecdd8b16246,0.02,0.18000000000000002,0.07345272600650787
72398d89-a0e8-43a5-bd9f-4ecdd8b16246,0.02,0.23,0.06827367097139359
72398d89-a0e8-43a5-bd9f-4ecdd8b16246,0.03,0.03,0.05793396383523941
72398d89-a0e8-43a5-bd9f-4ecdd8b16246,0.03,0.08,0.07383774220943451
72398d89-a0e8-43a5-bd9f-4ecdd8b16246,0.03,0.13,0.0755157396197319
72398d89-a0e8-43a5-bd9f-4ecdd8b16246,0.03,0.18000000000000002,0.07412807643413544
72398d89-a0e8-43a5-bd9f-4ecdd8b16246,0.03,0.23,0.06474000960588455
72398d89-a0e8-43a5-bd9f-4ecdd8b16246,0.04,0.03,0.05419400334358215
72398d89-a0e8-43a5-bd9f-4ecdd8b16246,0.04,0.08,0.07426126301288605
72398d89-a0e8-43a5-bd9f-4ecdd8b16246,0.05,0.03,0.05169060081243515
72398d89-a0e8-43a5-bd9f-4ecdd8b16246,0.05,0.08,0.07018554210662842
72398d89-a0e8-43a5-bd9f-4ecdd8b16246,0.05,0.13,0.07256203144788742
72398d89-a0e8-43a5-bd9f-4ecdd8b16246,0.05,0.18000000000000002,0.07049719244241714
72398d89-a0e8-43a5-bd9f-4ecdd8b16246,0.05,0.23,0.07182332128286362
72398d89-a0e8-43a5-bd9f-4ecdd8b16246,0.1,0.03,0.05470878258347511
72398d89-a0e8-43a5-bd9f-4ecdd8b16246,0.1,0.08,0.06265251338481903
72398d89-a0e8-43a5-bd9f-4ecdd8b16246,0.1,0.13,0.06949220597743988
72398d89-a0e8-43a5-bd9f-4ecdd8b16246,0.1,0.18000000000000002,0.07149174809455872
72398d89-a0e8-43a5-bd9f-4ecdd8b16246,0.1,0.23,0.07723075896501541
72398d89-a0e8-43a5-bd9f-4ecdd8b16246,0.15000000000000002,0.03,0.05087386444211006
72398d89-a0e8-43a5-bd9f-4ecdd8b16246,0.15000000000000002,0.08,0.061246152967214584
72398d89-a0e8-43a5-bd9f-4ecdd8b16246,0.15000000000000002,0.13,0.07372970134019852
72398d89-a0e8-43a5-bd9f-4ecdd8b16246,0.15000000000000002,0.18000000000000002,0.08316344022750854
72398d89-a0e8-43a5-bd9f-4ecdd8b16246,0.15000000000000002,0.23,0.09303273260593414
72398d89-a0e8-43a5-bd9f-4ecdd8b16246,0.2,0.03,0.05308854579925537
72398d89-a0e8-43a5-bd9f-4ecdd8b16246,0.2,0.08,0.07283543050289154
72398d89-a0e8-43a5-bd9f-4ecdd8b16246,0.2,0.13,0.0825311616063118
72398d89-a0e8-43a5-bd9f-4ecdd8b16246,0.2,0.18000000000000002,0.09280508011579514
72398d89-a0e8-43a5-bd9f-4ecdd8b16246,0.2,0.23,0.10044709593057632
72398d89-a0e8-43a5-bd9f-4ecdd8b16246,0.25,0.03,0.05720716714859009
72398d89-a0e8-43a5-bd9f-4ecdd8b16246,0.25,0.08,0.08071425557136536
72398d89-a0e8-43a5-bd9f-4ecdd8b16246,0.25,0.13,0.08981594443321228
72398d89-a0e8-43a5-bd9f-4ecdd8b16246,0.25,0.18000000000000002,0.09716712683439255
72398d89-a0e8-43a5-bd9f-4ecdd8b16246,0.25,0.23,0.10321570187807083
72398d89-a0e8-43a5-bd9f-4ecdd8b16246,0.30000000000000004,0.03,0.05528092756867409
72398d89-a0e8-43a5-bd9f-4ecdd8b16246,0.30000000000000004,0.08,0.08232203125953674
72398d89-a0e8-43a5-bd9f-4ecdd8b16246,0.30000000000000004,0.13,0.08728189766407013
72398d89-a0e8-43a5-bd9f-4ecdd8b16246,0.30000000000000004,0.18000000000000002,0.09198632091283798
72398d89-a0e8-43a5-bd9f-4ecdd8b16246,0.30000000000000004,0.23,0.09190963208675385
723ecf3b-3ab4-4c69-8029-dff4f6bcdebf,0.0,0.03,0.05582130327820778
723ecf3b-3ab4-4c69-8029-dff4f6bcdebf,0.0,0.08,0.08868129551410675
723ecf3b-3ab4-4c69-8029-dff4f6bcdebf,0.0,0.13,0.08388186991214752
723ecf3b-3ab4-4c69-8029-dff4f6bcdebf,0.0,0.18000000000000002,0.07586930692195892
723ecf3b-3ab4-4c69-8029-dff4f6bcdebf,0.0,0.23,0.07855964452028275
723ecf3b-3ab4-4c69-8029-dff4f6bcdebf,0.01,0.03,0.055048421025276184
723ecf3b-3ab4-4c69-8029-dff4f6bcdebf,0.01,0.08,0.08911330252885818
723ecf3b-3ab4-4c69-8029-dff4f6bcdebf,0.01,0.13,0.0805281549692154
723ecf3b-3ab4-4c69-8029-dff4f6bcdebf,0.01,0.18000000000000002,0.0785871222615242
723ecf3b-3ab4-4c69-8029-dff4f6bcdebf,0.01,0.23,0.08274412155151367
723ecf3b-3ab4-4c69-8029-dff4f6bcdebf,0.02,0.03,0.06704753637313843
723ecf3b-3ab4-4c69-8029-dff4f6bcdebf,0.02,0.08,0.08882123976945877
723ecf3b-3ab4-4c69-8029-dff4f6bcdebf,0.02,0.13,0.08034516125917435
723ecf3b-3ab4-4c69-8029-dff4f6bcdebf,0.02,0.18000000000000002,0.0779678151011467
723ecf3b-3ab4-4c69-8029-dff4f6bcdebf,0.02,0.23,0.07993284612894058
723ecf3b-3ab4-4c69-8029-dff4f6bcdebf,0.03,0.03,0.06823460012674332
723ecf3b-3ab4-4c69-8029-dff4f6bcdebf,0.03,0.08,0.08230607211589813
723ecf3b-3ab4-4c69-8029-dff4f6bcdebf,0.03,0.13,0.08042620122432709
723ecf3b-3ab4-4c69-8029-dff4f6bcdebf,0.03,0.18000000000000002,0.0820893943309784
723ecf3b-3ab4-4c69-8029-dff4f6bcdebf,0.03,0.23,0.08005180954933167
723ecf3b-3ab4-4c69-8029-dff4f6bcdebf,0.04,0.03,0.07922011613845825
723ecf3b-3ab4-4c69-8029-dff4f6bcdebf,0.04,0.08,0.08119652420282364
723ecf3b-3ab4-4c69-8029-dff4f6bcdebf,0.05,0.03,0.06717650592327118
723ecf3b-3ab4-4c69-8029-dff4f6bcdebf,0.05,0.08,0.08264264464378357
723ecf3b-3ab4-4c69-8029-dff4f6bcdebf,0.05,0.13,0.08147820830345154
723ecf3b-3ab4-4c69-8029-dff4f6bcdebf,0.05,0.18000000000000002,0.07863990217447281
723ecf3b-3ab4-4c69-8029-dff4f6bcdebf,0.05,0.23,0.0765903890132904
723ecf3b-3ab4-4c69-8029-dff4f6bcdebf,0.1,0.03,0.059711989015340805
723ecf3b-3ab4-4c69-8029-dff4f6bcdebf,0.1,0.08,0.0651528611779213
723ecf3b-3ab4-4c69-8029-dff4f6bcdebf,0.1,0.13,0.0730571523308754
723ecf3b-3ab4-4c69-8029-dff4f6bcdebf,0.1,0.18000000000000002,0.06858792901039124
723ecf3b-3ab4-4c69-8029-dff4f6bcdebf,0.1,0.23,0.06623046845197678
723ecf3b-3ab4-4c69-8029-dff4f6bcdebf,0.15000000000000002,0.03,0.0482841320335865
723ecf3b-3ab4-4c69-8029-dff4f6bcdebf,0.15000000000000002,0.08,0.06583592295646667
723ecf3b-3ab4-4c69-8029-dff4f6bcdebf,0.15000000000000002,0.13,0.06184437498450279
723ecf3b-3ab4-4c69-8029-dff4f6bcdebf,0.15000000000000002,0.18000000000000002,0.06627680361270905
723ecf3b-3ab4-4c69-8029-dff4f6bcdebf,0.15000000000000002,0.23,0.06962329149246216
723ecf3b-3ab4-4c69-8029-dff4f6bcdebf,0.2,0.03,0.045370496809482574
723ecf3b-3ab4-4c69-8029-dff4f6bcdebf,0.2,0.08,0.05918252840638161
723ecf3b-3ab4-4c69-8029-dff4f6bcdebf,0.2,0.13,0.06452077627182007
723ecf3b-3ab4-4c69-8029-dff4f6bcdebf,0.2,0.18000000000000002,0.06921025365591049
723ecf3b-3ab4-4c69-8029-dff4f6bcdebf,0.2,0.23,0.07858195155858994
723ecf3b-3ab4-4c69-8029-dff4f6bcdebf,0.25,0.03,0.047167226672172546
723ecf3b-3ab4-4c69-8029-dff4f6bcdebf,0.25,0.08,0.06520296633243561
723ecf3b-3ab4-4c69-8029-dff4f6bcdebf,0.25,0.13,0.0644882395863533
723ecf3b-3ab4-4c69-8029-dff4f6bcdebf,0.25,0.18000000000000002,0.07684564590454102
723ecf3b-3ab4-4c69-8029-dff4f6bcdebf,0.25,0.23,0.08631104975938797
723ecf3b-3ab4-4c69-8029-dff4f6bcdebf,0.30000000000000004,0.03,0.04882339388132095
723ecf3b-3ab4-4c69-8029-dff4f6bcdebf,0.30000000000000004,0.08,0.06287366896867752
723ecf3b-3ab4-4c69-8029-dff4f6bcdebf,0.30000000000000004,0.13,0.077325239777565
723ecf3b-3ab4-4c69-8029-dff4f6bcdebf,0.30000000000000004,0.18000000000000002,0.08718688786029816
723ecf3b-3ab4-4c69-8029-dff4f6bcdebf,0.30000000000000004,0.23,0.08596694469451904
728097c2-3cf1-4666-9007-34c531d47853,0.0,0.03,0.048249389976263046
728097c2-3cf1-4666-9007-34c531d47853,0.0,0.08,0.05679037794470787
728097c2-3cf1-4666-9007-34c531d47853,0.0,0.13,0.06522488594055176
728097c2-3cf1-4666-9007-34c531d47853,0.0,0.18000000000000002,0.07141457498073578
728097c2-3cf1-4666-9007-34c531d47853,0.0,0.23,0.07782047241926193
728097c2-3cf1-4666-9007-34c531d47853,0.01,0.03,0.046772122383117676
728097c2-3cf1-4666-9007-34c531d47853,0.01,0.08,0.053850214928388596
728097c2-3cf1-4666-9007-34c531d47853,0.01,0.13,0.06580658257007599
728097c2-3cf1-4666-9007-34c531d47853,0.01,0.18000000000000002,0.0744960755109787
728097c2-3cf1-4666-9007-34c531d47853,0.01,0.23,0.07443149387836456
728097c2-3cf1-4666-9007-34c531d47853,0.02,0.03,0.04269864782691002
728097c2-3cf1-4666-9007-34c531d47853,0.02,0.08,0.0526331290602684
728097c2-3cf1-4666-9007-34c531d47853,0.02,0.13,0.06729842722415924
728097c2-3cf1-4666-9007-34c531d47853,0.02,0.18000000000000002,0.07420159876346588
728097c2-3cf1-4666-9007-34c531d47853,0.02,0.23,0.07289934158325195
728097c2-3cf1-4666-9007-34c531d47853,0.03,0.03,0.04826691001653671
728097c2-3cf1-4666-9007-34c531d47853,0.03,0.08,0.056676361709833145
728097c2-3cf1-4666-9007-34c531d47853,0.03,0.13,0.07353705167770386
728097c2-3cf1-4666-9007-34c531d47853,0.03,0.18000000000000002,0.07305184006690979
728097c2-3cf1-4666-9007-34c531d47853,0.03,0.23,0.07875626534223557
728097c2-3cf1-4666-9007-34c531d47853,0.04,0.03,0.04599872604012489
728097c2-3cf1-4666-9007-34c531d47853,0.04,0.08,0.06399895995855331
728097c2-3cf1-4666-9007-34c531d47853,0.05,0.03,0.047405846416950226
728097c2-3cf1-4666-9007-34c531d47853,0.05,0.08,0.06550602614879608
728097c2-3cf1-4666-9007-34c531d47853,0.05,0.13,0.0720149353146553
728097c2-3cf1-4666-9007-34c531d47853,0.05,0.18000000000000002,0.0781453400850296
728097c2-3cf1-4666-9007-34c531d47853,0.05,0.23,0.07334554195404053
728097c2-3cf1-4666-9007-34c531d47853,0.1,0.03,0.04768519103527069
728097c2-3cf1-4666-9007-34c531d47853,0.1,0.08,0.057848602533340454
728097c2-3cf1-4666-9007-34c531d47853,0.1,0.13,0.06884237378835678
728097c2-3cf1-4666-9007-34c531d47853,0.1,0.18000000000000002,0.06578772515058517
728097c2-3cf1-4666-9007-34c531d47853,0.1,0.23,0.06913842260837555
728097c2-3cf1-4666-9007-34c531d47853,0.15000000000000002,0.03,0.05325217545032501
728097c2-3cf1-4666-9007-34c531d47853,0.15000000000000002,0.08,0.061160728335380554
728097c2-3cf1-4666-9007-34c531d47853,0.15000000000000002,0.13,0.06312734633684158
728097c2-3cf1-4666-9007-34c531d47853,0.15000000000000002,0.18000000000000002,0.06671705096960068
728097c2-3cf1-4666-9007-34c531d47853,0.15000000000000002,0.23,0.0652846097946167
728097c2-3cf1-4666-9007-34c531d47853,0.2,0.03,0.046064894646406174
728097c2-3cf1-4666-9007-34c531d47853,0.2,0.08,0.05323731154203415
728097c2-3cf1-4666-9007-34c531d47853,0.2,0.13,0.061971187591552734
728097c2-3cf1-4666-9007-34c531d47853,0.2,0.18000000000000002,0.058244094252586365
728097c2-3cf1-4666-9007-34c531d47853,0.2,0.23,0.05611550062894821
728097c2-3cf1-4666-9007-34c531d47853,0.25,0.03,0.045665252953767776
728097c2-3cf1-4666-9007-34c531d47853,0.25,0.08,0.060602299869060516
728097c2-3cf1-4666-9007-34c531d47853,0.25,0.13,0.059650663286447525
728097c2-3cf1-4666-9007-34c531d47853,0.25,0.18000000000000002,0.057903364300727844
728097c2-3cf1-4666-9007-34c531d47853,0.25,0.23,0.062149643898010254
728097c2-3cf1-4666-9007-34c531d47853,0.30000000000000004,0.03,0.044171396642923355
728097c2-3cf1-4666-9007-34c531d47853,0.30000000000000004,0.08,0.052203256636857986
728097c2-3cf1-4666-9007-34c531d47853,0.30000000000000004,0.13,0.0579582117497921
728097c2-3cf1-4666-9007-34c531d47853,0.30000000000000004,0.18000000000000002,0.06214860454201698
728097c2-3cf1-4666-9007-34c531d47853,0.30000000000000004,0.23,0.06239479407668114
7291465a-8309-4fc0-8d5f-5258a42b4684,0.0,0.03,0.04757481813430786
7291465a-8309-4fc0-8d5f-5258a42b4684,0.0,0.08,0.05994458124041557
7291465a-8309-4fc0-8d5f-5258a42b4684,0.0,0.13,0.06780687719583511
7291465a-8309-4fc0-8d5f-5258a42b4684,0.0,0.18000000000000002,0.07635572552680969
7291465a-8309-4fc0-8d5f-5258a42b4684,0.0,0.23,0.07513733208179474
7291465a-8309-4fc0-8d5f-5258a42b4684,0.01,0.03,0.049311887472867966
7291465a-8309-4fc0-8d5f-5258a42b4684,0.01,0.08,0.06028590723872185
7291465a-8309-4fc0-8d5f-5258a42b4684,0.01,0.13,0.07347365468740463
7291465a-8309-4fc0-8d5f-5258a42b4684,0.01,0.18000000000000002,0.0786963552236557
7291465a-8309-4fc0-8d5f-5258a42b4684,0.01,0.23,0.07234972715377808
7291465a-8309-4fc0-8d5f-5258a42b4684,0.02,0.03,0.04514656588435173
7291465a-8309-4fc0-8d5f-5258a42b4684,0.02,0.08,0.06263397634029388
7291465a-8309-4fc0-8d5f-5258a42b4684,0.02,0.13,0.07488376647233963
7291465a-8309-4fc0-8d5f-5258a42b4684,0.02,0.18000000000000002,0.0753629133105278
7291465a-8309-4fc0-8d5f-5258a42b4684,0.02,0.23,0.07385697960853577
7291465a-8309-4fc0-8d5f-5258a42b4684,0.03,0.03,0.04391035437583923
7291465a-8309-4fc0-8d5f-5258a42b4684,0.03,0.08,0.06109177693724632
7291465a-8309-4fc0-8d5f-5258a42b4684,0.03,0.13,0.07260999828577042
7291465a-8309-4fc0-8d5f-5258a42b4684,0.03,0.18000000000000002,0.07315533608198166
7291465a-8309-4fc0-8d5f-5258a42b4684,0.03,0.23,0.07114800065755844
7291465a-8309-4fc0-8d5f-5258a42b4684,0.04,0.03,0.05415911599993706
7291465a-8309-4fc0-8d5f-5258a42b4684,0.04,0.08,0.061609502881765366
7291465a-8309-4fc0-8d5f-5258a42b4684,0.05,0.03,0.04521799460053444
7291465a-8309-4fc0-8d5f-5258a42b4684,0.05,0.08,0.05975036323070526
7291465a-8309-4fc0-8d5f-5258a42b4684,0.05,0.13,0.07116863131523132
7291465a-8309-4fc0-8d5f-5258a42b4684,0.05,0.18000000000000002,0.07083474844694138
7291465a-8309-4fc0-8d5f-5258a42b4684,0.05,0.23,0.07082703709602356
7291465a-8309-4fc0-8d5f-5258a42b4684,0.1,0.03,0.05161823704838753
7291465a-8309-4fc0-8d5f-5258a42b4684,0.1,0.08,0.06506610661745071
7291465a-8309-4fc0-8d5f-5258a42b4684,0.1,0.13,0.07074782252311707
7291465a-8309-4fc0-8d5f-5258a42b4684,0.1,0.18000000000000002,0.0780259370803833
7291465a-8309-4fc0-8d5f-5258a42b4684,0.1,0.23,0.08304320275783539
7291465a-8309-4fc0-8d5f-5258a42b4684,0.15000000000000002,0.03,0.04862342029809952
7291465a-8309-4fc0-8d5f-5258a42b4684,0.15000000000000002,0.08,0.062137357890605927
7291465a-8309-4fc0-8d5f-5258a42b4684,0.15000000000000002,0.13,0.07484705746173859
7291465a-8309-4fc0-8d5f-5258a42b4684,0.15000000000000002,0.18000000000000002,0.08004263788461685
7291465a-8309-4fc0-8d5f-5258a42b4684,0.15000000000000002,0.23,0.08098594099283218
7291465a-8309-4fc0-8d5f-5258a42b4684,0.2,0.03,0.05075549706816673
7291465a-8309-4fc0-8d5f-5258a42b4684,0.2,0.08,0.06585044413805008
7291465a-8309-4fc0-8d5f-5258a42b4684,0.2,0.13,0.07188925892114639
7291465a-8309-4fc0-8d5f-5258a42b4684,0.2,0.18000000000000002,0.07395479828119278
7291465a-8309-4fc0-8d5f-5258a42b4684,0.2,0.23,0.07610958069562912
7291465a-8309-4fc0-8d5f-5258a42b4684,0.25,0.03,0.048574842512607574
7291465a-8309-4fc0-8d5f-5258a42b4684,0.25,0.08,0.056249070912599564
7291465a-8309-4fc0-8d5f-5258a42b4684,0.25,0.13,0.061090242117643356
7291465a-8309-4fc0-8d5f-5258a42b4684,0.25,0.18000000000000002,0.07229416817426682
7291465a-8309-4fc0-8d5f-5258a42b4684,0.25,0.23,0.07415588945150375
7291465a-8309-4fc0-8d5f-5258a42b4684,0.30000000000000004,0.03,0.04320790246129036
7291465a-8309-4fc0-8d5f-5258a42b4684,0.30000000000000004,0.08,0.05277935415506363
7291465a-8309-4fc0-8d5f-5258a42b4684,0.30000000000000004,0.13,0.06914342194795609
7291465a-8309-4fc0-8d5f-5258a42b4684,0.30000000000000004,0.18000000000000002,0.07056178897619247
7291465a-8309-4fc0-8d5f-5258a42b4684,0.30000000000000004,0.23,0.07321559637784958
73531e0a-a73d-4f0b-a8bc-e85b675920f6,0.0,0.03,0.0536247193813324
73531e0a-a73d-4f0b-a8bc-e85b675920f6,0.0,0.08,0.0822996124625206
73531e0a-a73d-4f0b-a8bc-e85b675920f6,0.0,0.13,0.08933626115322113
73531e0a-a73d-4f0b-a8bc-e85b675920f6,0.0,0.18000000000000002,0.07535167038440704
73531e0a-a73d-4f0b-a8bc-e85b675920f6,0.0,0.23,0.07851433008909225
73531e0a-a73d-4f0b-a8bc-e85b675920f6,0.01,0.03,0.057712774723768234
73531e0a-a73d-4f0b-a8bc-e85b675920f6,0.01,0.08,0.0833299532532692
73531e0a-a73d-4f0b-a8bc-e85b675920f6,0.01,0.13,0.08138725161552429
73531e0a-a73d-4f0b-a8bc-e85b675920f6,0.01,0.18000000000000002,0.07985057681798935
73531e0a-a73d-4f0b-a8bc-e85b675920f6,0.01,0.23,0.07785718142986298
73531e0a-a73d-4f0b-a8bc-e85b675920f6,0.02,0.03,0.05743815749883652
73531e0a-a73d-4f0b-a8bc-e85b675920f6,0.02,0.08,0.08778960257768631
73531e0a-a73d-4f0b-a8bc-e85b675920f6,0.02,0.13,0.08319108188152313
73531e0a-a73d-4f0b-a8bc-e85b675920f6,0.02,0.18000000000000002,0.07971765100955963
73531e0a-a73d-4f0b-a8bc-e85b675920f6,0.02,0.23,0.0758509635925293
73531e0a-a73d-4f0b-a8bc-e85b675920f6,0.03,0.03,0.062035057693719864
73531e0a-a73d-4f0b-a8bc-e85b675920f6,0.03,0.08,0.07916150242090225
73531e0a-a73d-4f0b-a8bc-e85b675920f6,0.03,0.13,0.0802411213517189
73531e0a-a73d-4f0b-a8bc-e85b675920f6,0.03,0.18000000000000002,0.07695190608501434
73531e0a-a73d-4f0b-a8bc-e85b675920f6,0.03,0.23,0.07471528649330139
73531e0a-a73d-4f0b-a8bc-e85b675920f6,0.04,0.03,0.06373127549886703
73531e0a-a73d-4f0b-a8bc-e85b675920f6,0.04,0.08,0.0799974575638771
73531e0a-a73d-4f0b-a8bc-e85b675920f6,0.05,0.03,0.06221156194806099
73531e0a-a73d-4f0b-a8bc-e85b675920f6,0.05,0.08,0.07789850234985352
73531e0a-a73d-4f0b-a8bc-e85b675920f6,0.05,0.13,0.07572359591722488
73531e0a-a73d-4f0b-a8bc-e85b675920f6,0.05,0.18000000000000002,0.07689724117517471
73531e0a-a73d-4f0b-a8bc-e85b675920f6,0.05,0.23,0.07201504707336426
73531e0a-a73d-4f0b-a8bc-e85b675920f6,0.1,0.03,0.058973491191864014
73531e0a-a73d-4f0b-a8bc-e85b675920f6,0.1,0.08,0.06768693774938583
73531e0a-a73d-4f0b-a8bc-e85b675920f6,0.1,0.13,0.07470466196537018
73531e0a-a73d-4f0b-a8bc-e85b675920f6,0.1,0.18000000000000002,0.06589626520872116
73531e0a-a73d-4f0b-a8bc-e85b675920f6,0.1,0.23,0.06506755948066711
73531e0a-a73d-4f0b-a8bc-e85b675920f6,0.15000000000000002,0.03,0.05167344585061073
73531e0a-a73d-4f0b-a8bc-e85b675920f6,0.15000000000000002,0.08,0.061918992549180984
73531e0a-a73d-4f0b-a8bc-e85b675920f6,0.15000000000000002,0.13,0.05650097876787186
73531e0a-a73d-4f0b-a8bc-e85b675920f6,0.15000000000000002,0.18000000000000002,0.05930602177977562
73531e0a-a73d-4f0b-a8bc-e85b675920f6,0.15000000000000002,0.23,0.06259112060070038
73531e0a-a73d-4f0b-a8bc-e85b675920f6,0.2,0.03,0.04504692181944847
73531e0a-a73d-4f0b-a8bc-e85b675920f6,0.2,0.08,0.05786869674921036
73531e0a-a73d-4f0b-a8bc-e85b675920f6,0.2,0.13,0.058649856597185135
73531e0a-a73d-4f0b-a8bc-e85b675920f6,0.2,0.18000000000000002,0.06358084082603455
73531e0a-a73d-4f0b-a8bc-e85b675920f6,0.2,0.23,0.06399942934513092
73531e0a-a73d-4f0b-a8bc-e85b675920f6,0.25,0.03,0.04570622742176056
73531e0a-a73d-4f0b-a8bc-e85b675920f6,0.25,0.08,0.06634990870952606
73531e0a-a73d-4f0b-a8bc-e85b675920f6,0.25,0.13,0.062150318175554276
73531e0a-a73d-4f0b-a8bc-e85b675920f6,0.25,0.18000000000000002,0.06168145686388016
73531e0a-a73d-4f0b-a8bc-e85b675920f6,0.25,0.23,0.061240047216415405
73531e0a-a73d-4f0b-a8bc-e85b675920f6,0.30000000000000004,0.03,0.057189181447029114
73531e0a-a73d-4f0b-a8bc-e85b675920f6,0.30000000000000004,0.08,0.0584227629005909
73531e0a-a73d-4f0b-a8bc-e85b675920f6,0.30000000000000004,0.13,0.05750761181116104
73531e0a-a73d-4f0b-a8bc-e85b675920f6,0.30000000000000004,0.18000000000000002,0.05760659649968147
73531e0a-a73d-4f0b-a8bc-e85b675920f6,0.30000000000000004,0.23,0.056275028735399246
73647369-ec80-41a2-85c9-c3bf528949b3,0.0,0.03,0.07048362493515015
73647369-ec80-41a2-85c9-c3bf528949b3,0.0,0.08,0.12341904640197754
73647369-ec80-41a2-85c9-c3bf528949b3,0.0,0.13,0.1273869425058365
73647369-ec80-41a2-85c9-c3bf528949b3,0.0,0.18000000000000002,0.11662977188825607
73647369-ec80-41a2-85c9-c3bf528949b3,0.0,0.23,0.10294459015130997
73647369-ec80-41a2-85c9-c3bf528949b3,0.01,0.03,0.07843752950429916
73647369-ec80-41a2-85c9-c3bf528949b3,0.01,0.08,0.1096196249127388
73647369-ec80-41a2-85c9-c3bf528949b3,0.01,0.13,0.12129703164100647
73647369-ec80-41a2-85c9-c3bf528949b3,0.01,0.18000000000000002,0.10981641709804535
73647369-ec80-41a2-85c9-c3bf528949b3,0.01,0.23,0.09689736366271973
73647369-ec80-41a2-85c9-c3bf528949b3,0.02,0.03,0.08007903397083282
73647369-ec80-41a2-85c9-c3bf528949b3,0.02,0.08,0.11504118889570236
73647369-ec80-41a2-85c9-c3bf528949b3,0.02,0.13,0.11926287412643433
73647369-ec80-41a2-85c9-c3bf528949b3,0.02,0.18000000000000002,0.10434583574533463
73647369-ec80-41a2-85c9-c3bf528949b3,0.02,0.23,0.09156376123428345
73647369-ec80-41a2-85c9-c3bf528949b3,0.03,0.03,0.0779763013124466
73647369-ec80-41a2-85c9-c3bf528949b3,0.03,0.08,0.12408529222011566
73647369-ec80-41a2-85c9-c3bf528949b3,0.03,0.13,0.1169300451874733
73647369-ec80-41a2-85c9-c3bf528949b3,0.03,0.18000000000000002,0.10120754688978195
73647369-ec80-41a2-85c9-c3bf528949b3,0.03,0.23,0.08987371623516083
73647369-ec80-41a2-85c9-c3bf528949b3,0.04,0.03,0.08288990706205368
73647369-ec80-41a2-85c9-c3bf528949b3,0.04,0.08,0.10425002872943878
73647369-ec80-41a2-85c9-c3bf528949b3,0.05,0.03,0.08899808675050735
73647369-ec80-41a2-85c9-c3bf528949b3,0.05,0.08,0.10161157697439194
73647369-ec80-41a2-85c9-c3bf528949b3,0.05,0.13,0.09142427891492844
73647369-ec80-41a2-85c9-c3bf528949b3,0.05,0.18000000000000002,0.09096115082502365
73647369-ec80-41a2-85c9-c3bf528949b3,0.05,0.23,0.09672164171934128
73647369-ec80-41a2-85c9-c3bf528949b3,0.1,0.03,0.06949424743652344
73647369-ec80-41a2-85c9-c3bf528949b3,0.1,0.08,0.08148272335529327
73647369-ec80-41a2-85c9-c3bf528949b3,0.1,0.13,0.09431426227092743
73647369-ec80-41a2-85c9-c3bf528949b3,0.1,0.18000000000000002,0.09747182577848434
73647369-ec80-41a2-85c9-c3bf528949b3,0.1,0.23,0.09829211235046387
73647369-ec80-41a2-85c9-c3bf528949b3,0.15000000000000002,0.03,0.06935117393732071
73647369-ec80-41a2-85c9-c3bf528949b3,0.15000000000000002,0.08,0.0804690420627594
73647369-ec80-41a2-85c9-c3bf528949b3,0.15000000000000002,0.13,0.08791619539260864
73647369-ec80-41a2-85c9-c3bf528949b3,0.15000000000000002,0.18000000000000002,0.09468121826648712
73647369-ec80-41a2-85c9-c3bf528949b3,0.15000000000000002,0.23,0.10549217462539673
73647369-ec80-41a2-85c9-c3bf528949b3,0.2,0.03,0.07085409015417099
73647369-ec80-41a2-85c9-c3bf528949b3,0.2,0.08,0.08261186629533768
73647369-ec80-41a2-85c9-c3bf528949b3,0.2,0.13,0.09102334082126617
73647369-ec80-41a2-85c9-c3bf528949b3,0.2,0.18000000000000002,0.10150226950645447
73647369-ec80-41a2-85c9-c3bf528949b3,0.2,0.23,0.10670119524002075
73647369-ec80-41a2-85c9-c3bf528949b3,0.25,0.03,0.07205618917942047
73647369-ec80-41a2-85c9-c3bf528949b3,0.25,0.08,0.08117367327213287
73647369-ec80-41a2-85c9-c3bf528949b3,0.25,0.13,0.09618761390447617
73647369-ec80-41a2-85c9-c3bf528949b3,0.25,0.18000000000000002,0.10018918663263321
73647369-ec80-41a2-85c9-c3bf528949b3,0.25,0.23,0.1054968610405922
73647369-ec80-41a2-85c9-c3bf528949b3,0.30000000000000004,0.03,0.06533610820770264
73647369-ec80-41a2-85c9-c3bf528949b3,0.30000000000000004,0.08,0.08790700882673264
73647369-ec80-41a2-85c9-c3bf528949b3,0.30000000000000004,0.13,0.09298037737607956
73647369-ec80-41a2-85c9-c3bf528949b3,0.30000000000000004,0.18000000000000002,0.09923281520605087
73647369-ec80-41a2-85c9-c3bf528949b3,0.30000000000000004,0.23,0.10656324774026871
739ccd2d-0044-4a01-8c9b-0c7a65851f32,0.0,0.03,0.053795985877513885
739ccd2d-0044-4a01-8c9b-0c7a65851f32,0.0,0.08,0.06930174678564072
739ccd2d-0044-4a01-8c9b-0c7a65851f32,0.0,0.13,0.07446689903736115
739ccd2d-0044-4a01-8c9b-0c7a65851f32,0.0,0.18000000000000002,0.0807078629732132
739ccd2d-0044-4a01-8c9b-0c7a65851f32,0.0,0.23,0.07679686695337296
739ccd2d-0044-4a01-8c9b-0c7a65851f32,0.01,0.03,0.05935404449701309
739ccd2d-0044-4a01-8c9b-0c7a65851f32,0.01,0.08,0.05810939520597458
739ccd2d-0044-4a01-8c9b-0c7a65851f32,0.01,0.13,0.07292607426643372
739ccd2d-0044-4a01-8c9b-0c7a65851f32,0.01,0.18000000000000002,0.07966266572475433
739ccd2d-0044-4a01-8c9b-0c7a65851f32,0.01,0.23,0.07846572995185852
739ccd2d-0044-4a01-8c9b-0c7a65851f32,0.02,0.03,0.06151965260505676
739ccd2d-0044-4a01-8c9b-0c7a65851f32,0.02,0.08,0.06751199066638947
739ccd2d-0044-4a01-8c9b-0c7a65851f32,0.02,0.13,0.07503822445869446
739ccd2d-0044-4a01-8c9b-0c7a65851f32,0.02,0.18000000000000002,0.07679792493581772
739ccd2d-0044-4a01-8c9b-0c7a65851f32,0.02,0.23,0.07635834813117981
739ccd2d-0044-4a01-8c9b-0c7a65851f32,0.03,0.03,0.04676949977874756
739ccd2d-0044-4a01-8c9b-0c7a65851f32,0.03,0.08,0.07595575600862503
739ccd2d-0044-4a01-8c9b-0c7a65851f32,0.03,0.13,0.07928591221570969
739ccd2d-0044-4a01-8c9b-0c7a65851f32,0.03,0.18000000000000002,0.07894066721200943
739ccd2d-0044-4a01-8c9b-0c7a65851f32,0.03,0.23,0.0804198607802391
739ccd2d-0044-4a01-8c9b-0c7a65851f32,0.04,0.03,0.05951397866010666
739ccd2d-0044-4a01-8c9b-0c7a65851f32,0.04,0.08,0.0640605092048645
739ccd2d-0044-4a01-8c9b-0c7a65851f32,0.05,0.03,0.06850875169038773
739ccd2d-0044-4a01-8c9b-0c7a65851f32,0.05,0.08,0.0688542053103447
739ccd2d-0044-4a01-8c9b-0c7a65851f32,0.05,0.13,0.0854848250746727
739ccd2d-0044-4a01-8c9b-0c7a65851f32,0.05,0.18000000000000002,0.08401637524366379
739ccd2d-0044-4a01-8c9b-0c7a65851f32,0.05,0.23,0.08458501100540161
739ccd2d-0044-4a01-8c9b-0c7a65851f32,0.1,0.03,0.0539531335234642
739ccd2d-0044-4a01-8c9b-0c7a65851f32,0.1,0.08,0.07835986465215683
739ccd2d-0044-4a01-8c9b-0c7a65851f32,0.1,0.13,0.07904504239559174
739ccd2d-0044-4a01-8c9b-0c7a65851f32,0.1,0.18000000000000002,0.07590651512145996
739ccd2d-0044-4a01-8c9b-0c7a65851f32,0.1,0.23,0.07591255754232407
739ccd2d-0044-4a01-8c9b-0c7a65851f32,0.15000000000000002,0.03,0.050433143973350525
739ccd2d-0044-4a01-8c9b-0c7a65851f32,0.15000000000000002,0.08,0.0648118406534195
739ccd2d-0044-4a01-8c9b-0c7a65851f32,0.15000000000000002,0.13,0.07126367092132568
739ccd2d-0044-4a01-8c9b-0c7a65851f32,0.15000000000000002,0.18000000000000002,0.07020349055528641
739ccd2d-0044-4a01-8c9b-0c7a65851f32,0.15000000000000002,0.23,0.07157886773347855
739ccd2d-0044-4a01-8c9b-0c7a65851f32,0.2,0.03,0.05245772749185562
739ccd2d-0044-4a01-8c9b-0c7a65851f32,0.2,0.08,0.0640229657292366
739ccd2d-0044-4a01-8c9b-0c7a65851f32,0.2,0.13,0.07373688369989395
739ccd2d-0044-4a01-8c9b-0c7a65851f32,0.2,0.18000000000000002,0.07757390290498734
739ccd2d-0044-4a01-8c9b-0c7a65851f32,0.2,0.23,0.07831992208957672
739ccd2d-0044-4a01-8c9b-0c7a65851f32,0.25,0.03,0.0553358718752861
739ccd2d-0044-4a01-8c9b-0c7a65851f32,0.25,0.08,0.06831575930118561
739ccd2d-0044-4a01-8c9b-0c7a65851f32,0.25,0.13,0.07323181629180908
739ccd2d-0044-4a01-8c9b-0c7a65851f32,0.25,0.18000000000000002,0.07190293073654175
739ccd2d-0044-4a01-8c9b-0c7a65851f32,0.25,0.23,0.06654362380504608
739ccd2d-0044-4a01-8c9b-0c7a65851f32,0.30000000000000004,0.03,0.049839816987514496
739ccd2d-0044-4a01-8c9b-0c7a65851f32,0.30000000000000004,0.08,0.06621924787759781
739ccd2d-0044-4a01-8c9b-0c7a65851f32,0.30000000000000004,0.13,0.07011211663484573
739ccd2d-0044-4a01-8c9b-0c7a65851f32,0.30000000000000004,0.18000000000000002,0.06419622898101807
739ccd2d-0044-4a01-8c9b-0c7a65851f32,0.30000000000000004,0.23,0.06967083364725113
73d1fa1a-ba65-42a4-a841-e5e53d36cd5d,0.0,0.03,0.15261995792388916
73d1fa1a-ba65-42a4-a841-e5e53d36cd5d,0.0,0.08,0.25852981209754944
73d1fa1a-ba65-42a4-a841-e5e53d36cd5d,0.0,0.13,0.28059667348861694
73d1fa1a-ba65-42a4-a841-e5e53d36cd5d,0.0,0.18000000000000002,0.2519596815109253
73d1fa1a-ba65-42a4-a841-e5e53d36cd5d,0.0,0.23,0.21566930413246155
73d1fa1a-ba65-42a4-a841-e5e53d36cd5d,0.01,0.03,0.14677689969539642
73d1fa1a-ba65-42a4-a841-e5e53d36cd5d,0.01,0.08,0.20422138273715973
73d1fa1a-ba65-42a4-a841-e5e53d36cd5d,0.01,0.13,0.2065901905298233
73d1fa1a-ba65-42a4-a841-e5e53d36cd5d,0.01,0.18000000000000002,0.18638943135738373
73d1fa1a-ba65-42a4-a841-e5e53d36cd5d,0.01,0.23,0.16401933133602142
73d1fa1a-ba65-42a4-a841-e5e53d36cd5d,0.02,0.03,0.1607363075017929
73d1fa1a-ba65-42a4-a841-e5e53d36cd5d,0.02,0.08,0.20753034949302673
73d1fa1a-ba65-42a4-a841-e5e53d36cd5d,0.02,0.13,0.20122157037258148
73d1fa1a-ba65-42a4-a841-e5e53d36cd5d,0.02,0.18000000000000002,0.1809777170419693
73d1fa1a-ba65-42a4-a841-e5e53d36cd5d,0.02,0.23,0.15569329261779785
73d1fa1a-ba65-42a4-a841-e5e53d36cd5d,0.03,0.03,0.16380663216114044
73d1fa1a-ba65-42a4-a841-e5e53d36cd5d,0.03,0.08,0.20819534361362457
73d1fa1a-ba65-42a4-a841-e5e53d36cd5d,0.03,0.13,0.19659848511219025
73d1fa1a-ba65-42a4-a841-e5e53d36cd5d,0.03,0.18000000000000002,0.17025230824947357
73d1fa1a-ba65-42a4-a841-e5e53d36cd5d,0.03,0.23,0.14868344366550446
73d1fa1a-ba65-42a4-a841-e5e53d36cd5d,0.04,0.03,0.17234161496162415
73d1fa1a-ba65-42a4-a841-e5e53d36cd5d,0.04,0.08,0.19902007281780243
73d1fa1a-ba65-42a4-a841-e5e53d36cd5d,0.05,0.03,0.23725610971450806
73d1fa1a-ba65-42a4-a841-e5e53d36cd5d,0.05,0.08,0.2645614445209503
73d1fa1a-ba65-42a4-a841-e5e53d36cd5d,0.05,0.13,0.22430026531219482
73d1fa1a-ba65-42a4-a841-e5e53d36cd5d,0.05,0.18000000000000002,0.18281115591526031
73d1fa1a-ba65-42a4-a841-e5e53d36cd5d,0.05,0.23,0.15401685237884521
73d1fa1a-ba65-42a4-a841-e5e53d36cd5d,0.1,0.03,0.16073457896709442
73d1fa1a-ba65-42a4-a841-e5e53d36cd5d,0.1,0.08,0.14253738522529602
73d1fa1a-ba65-42a4-a841-e5e53d36cd5d,0.1,0.13,0.1085924580693245
73d1fa1a-ba65-42a4-a841-e5e53d36cd5d,0.1,0.18000000000000002,0.08839874714612961
73d1fa1a-ba65-42a4-a841-e5e53d36cd5d,0.1,0.23,0.07973595708608627
73d1fa1a-ba65-42a4-a841-e5e53d36cd5d,0.15000000000000002,0.03,0.0678226575255394
73d1fa1a-ba65-42a4-a841-e5e53d36cd5d,0.15000000000000002,0.08,0.06602126359939575
73d1fa1a-ba65-42a4-a841-e5e53d36cd5d,0.15000000000000002,0.13,0.06769926100969315
73d1fa1a-ba65-42a4-a841-e5e53d36cd5d,0.15000000000000002,0.18000000000000002,0.07429485023021698
73d1fa1a-ba65-42a4-a841-e5e53d36cd5d,0.15000000000000002,0.23,0.0809839516878128
73d1fa1a-ba65-42a4-a841-e5e53d36cd5d,0.2,0.03,0.05584614351391792
73d1fa1a-ba65-42a4-a841-e5e53d36cd5d,0.2,0.08,0.07645212858915329
73d1fa1a-ba65-42a4-a841-e5e53d36cd5d,0.2,0.13,0.07503818720579147
73d1fa1a-ba65-42a4-a841-e5e53d36cd5d,0.2,0.18000000000000002,0.07931070029735565
73d1fa1a-ba65-42a4-a841-e5e53d36cd5d,0.2,0.23,0.08156392723321915
73d1fa1a-ba65-42a4-a841-e5e53d36cd5d,0.25,0.03,0.05772668123245239
73d1fa1a-ba65-42a4-a841-e5e53d36cd5d,0.25,0.08,0.07372463494539261
73d1fa1a-ba65-42a4-a841-e5e53d36cd5d,0.25,0.13,0.07672683894634247
73d1fa1a-ba65-42a4-a841-e5e53d36cd5d,0.25,0.18000000000000002,0.0780860036611557
73d1fa1a-ba65-42a4-a841-e5e53d36cd5d,0.25,0.23,0.08190738409757614
73d1fa1a-ba65-42a4-a841-e5e53d36cd5d,0.30000000000000004,0.03,0.05959673598408699
73d1fa1a-ba65-42a4-a841-e5e53d36cd5d,0.30000000000000004,0.08,0.07187273353338242
73d1fa1a-ba65-42a4-a841-e5e53d36cd5d,0.30000000000000004,0.13,0.07329587638378143
73d1fa1a-ba65-42a4-a841-e5e53d36cd5d,0.30000000000000004,0.18000000000000002,0.07806626707315445
73d1fa1a-ba65-42a4-a841-e5e53d36cd5d,0.30000000000000004,0.23,0.07639148086309433
74b7ca8d-2a4e-4075-8a7a-1baa28abb6b6,0.0,0.03,0.05820469930768013
74b7ca8d-2a4e-4075-8a7a-1baa28abb6b6,0.0,0.08,0.07338529825210571
74b7ca8d-2a4e-4075-8a7a-1baa28abb6b6,0.0,0.13,0.0680619329214096
74b7ca8d-2a4e-4075-8a7a-1baa28abb6b6,0.0,0.18000000000000002,0.06864634156227112
74b7ca8d-2a4e-4075-8a7a-1baa28abb6b6,0.0,0.23,0.07657138258218765
74b7ca8d-2a4e-4075-8a7a-1baa28abb6b6,0.01,0.03,0.0630292296409607
74b7ca8d-2a4e-4075-8a7a-1baa28abb6b6,0.01,0.08,0.07067741453647614
74b7ca8d-2a4e-4075-8a7a-1baa28abb6b6,0.01,0.13,0.06518008559942245
74b7ca8d-2a4e-4075-8a7a-1baa28abb6b6,0.01,0.18000000000000002,0.06752258539199829
74b7ca8d-2a4e-4075-8a7a-1baa28abb6b6,0.01,0.23,0.07110092788934708
74b7ca8d-2a4e-4075-8a7a-1baa28abb6b6,0.02,0.03,0.06438546627759933
74b7ca8d-2a4e-4075-8a7a-1baa28abb6b6,0.02,0.08,0.06220616027712822
74b7ca8d-2a4e-4075-8a7a-1baa28abb6b6,0.02,0.13,0.06556862592697144
74b7ca8d-2a4e-4075-8a7a-1baa28abb6b6,0.02,0.18000000000000002,0.0687231793999672
74b7ca8d-2a4e-4075-8a7a-1baa28abb6b6,0.02,0.23,0.07088121771812439
74b7ca8d-2a4e-4075-8a7a-1baa28abb6b6,0.03,0.03,0.05174891650676727
74b7ca8d-2a4e-4075-8a7a-1baa28abb6b6,0.03,0.08,0.057386789470911026
74b7ca8d-2a4e-4075-8a7a-1baa28abb6b6,0.03,0.13,0.06518139690160751
74b7ca8d-2a4e-4075-8a7a-1baa28abb6b6,0.03,0.18000000000000002,0.07035407423973083
74b7ca8d-2a4e-4075-8a7a-1baa28abb6b6,0.03,0.23,0.06589893996715546
74b7ca8d-2a4e-4075-8a7a-1baa28abb6b6,0.04,0.03,0.04901249334216118
74b7ca8d-2a4e-4075-8a7a-1baa28abb6b6,0.04,0.08,0.05614842474460602
74b7ca8d-2a4e-4075-8a7a-1baa28abb6b6,0.05,0.03,0.052671972662210464
74b7ca8d-2a4e-4075-8a7a-1baa28abb6b6,0.05,0.08,0.05820639431476593
74b7ca8d-2a4e-4075-8a7a-1baa28abb6b6,0.05,0.13,0.06526090204715729
74b7ca8d-2a4e-4075-8a7a-1baa28abb6b6,0.05,0.18000000000000002,0.06831223517656326
74b7ca8d-2a4e-4075-8a7a-1baa28abb6b6,0.05,0.23,0.0638556256890297
74b7ca8d-2a4e-4075-8a7a-1baa28abb6b6,0.1,0.03,0.0489170216023922
74b7ca8d-2a4e-4075-8a7a-1baa28abb6b6,0.1,0.08,0.06471893936395645
74b7ca8d-2a4e-4075-8a7a-1baa28abb6b6,0.1,0.13,0.06699419021606445
74b7ca8d-2a4e-4075-8a7a-1baa28abb6b6,0.1,0.18000000000000002,0.07127229124307632
74b7ca8d-2a4e-4075-8a7a-1baa28abb6b6,0.1,0.23,0.06898412853479385
74b7ca8d-2a4e-4075-8a7a-1baa28abb6b6,0.15000000000000002,0.03,0.04972828924655914
74b7ca8d-2a4e-4075-8a7a-1baa28abb6b6,0.15000000000000002,0.08,0.0613061897456646
74b7ca8d-2a4e-4075-8a7a-1baa28abb6b6,0.15000000000000002,0.13,0.06690682470798492
74b7ca8d-2a4e-4075-8a7a-1baa28abb6b6,0.15000000000000002,0.18000000000000002,0.06359895318746567
74b7ca8d-2a4e-4075-8a7a-1baa28abb6b6,0.15000000000000002,0.23,0.06089634820818901
74b7ca8d-2a4e-4075-8a7a-1baa28abb6b6,0.2,0.03,0.04930455982685089
74b7ca8d-2a4e-4075-8a7a-1baa28abb6b6,0.2,0.08,0.05668490752577782
74b7ca8d-2a4e-4075-8a7a-1baa28abb6b6,0.2,0.13,0.06408209353685379
74b7ca8d-2a4e-4075-8a7a-1baa28abb6b6,0.2,0.18000000000000002,0.0629793033003807
74b7ca8d-2a4e-4075-8a7a-1baa28abb6b6,0.2,0.23,0.0637897178530693
74b7ca8d-2a4e-4075-8a7a-1baa28abb6b6,0.25,0.03,0.05241909623146057
74b7ca8d-2a4e-4075-8a7a-1baa28abb6b6,0.25,0.08,0.0610794872045517
74b7ca8d-2a4e-4075-8a7a-1baa28abb6b6,0.25,0.13,0.06686930358409882
74b7ca8d-2a4e-4075-8a7a-1baa28abb6b6,0.25,0.18000000000000002,0.06305312365293503
74b7ca8d-2a4e-4075-8a7a-1baa28abb6b6,0.25,0.23,0.062157440930604935
74b7ca8d-2a4e-4075-8a7a-1baa28abb6b6,0.30000000000000004,0.03,0.05858566239476204
74b7ca8d-2a4e-4075-8a7a-1baa28abb6b6,0.30000000000000004,0.08,0.06137838587164879
74b7ca8d-2a4e-4075-8a7a-1baa28abb6b6,0.30000000000000004,0.13,0.06322170794010162
74b7ca8d-2a4e-4075-8a7a-1baa28abb6b6,0.30000000000000004,0.18000000000000002,0.05845210701227188
74b7ca8d-2a4e-4075-8a7a-1baa28abb6b6,0.30000000000000004,0.23,0.060174696147441864
7570cd29-a2f8-448d-b547-b4ff5bb5f426,0.0,0.03,0.11313363164663315
7570cd29-a2f8-448d-b547-b4ff5bb5f426,0.0,0.08,0.18082281947135925
7570cd29-a2f8-448d-b547-b4ff5bb5f426,0.0,0.13,0.21801680326461792
7570cd29-a2f8-448d-b547-b4ff5bb5f426,0.0,0.18000000000000002,0.23357832431793213
7570cd29-a2f8-448d-b547-b4ff5bb5f426,0.0,0.23,0.22298195958137512
7570cd29-a2f8-448d-b547-b4ff5bb5f426,0.01,0.03,0.12312914431095123
7570cd29-a2f8-448d-b547-b4ff5bb5f426,0.01,0.08,0.16324381530284882
7570cd29-a2f8-448d-b547-b4ff5bb5f426,0.01,0.13,0.19575302302837372
7570cd29-a2f8-448d-b547-b4ff5bb5f426,0.01,0.18000000000000002,0.20042012631893158
7570cd29-a2f8-448d-b547-b4ff5bb5f426,0.01,0.23,0.18093958497047424
7570cd29-a2f8-448d-b547-b4ff5bb5f426,0.02,0.03,0.14042781293392181
7570cd29-a2f8-448d-b547-b4ff5bb5f426,0.02,0.08,0.17251215875148773
7570cd29-a2f8-448d-b547-b4ff5bb5f426,0.02,0.13,0.2027878761291504
7570cd29-a2f8-448d-b547-b4ff5bb5f426,0.02,0.18000000000000002,0.19511358439922333
7570cd29-a2f8-448d-b547-b4ff5bb5f426,0.02,0.23,0.1770789921283722
7570cd29-a2f8-448d-b547-b4ff5bb5f426,0.03,0.03,0.13694137334823608
7570cd29-a2f8-448d-b547-b4ff5bb5f426,0.03,0.08,0.17599603533744812
7570cd29-a2f8-448d-b547-b4ff5bb5f426,0.03,0.13,0.20135439932346344
7570cd29-a2f8-448d-b547-b4ff5bb5f426,0.03,0.18000000000000002,0.1891622096300125
7570cd29-a2f8-448d-b547-b4ff5bb5f426,0.03,0.23,0.16777142882347107
7570cd29-a2f8-448d-b547-b4ff5bb5f426,0.04,0.03,0.12733592092990875
7570cd29-a2f8-448d-b547-b4ff5bb5f426,0.04,0.08,0.17538142204284668
7570cd29-a2f8-448d-b547-b4ff5bb5f426,0.05,0.03,0.1477784812450409
7570cd29-a2f8-448d-b547-b4ff5bb5f426,0.05,0.08,0.20281162858009338
7570cd29-a2f8-448d-b547-b4ff5bb5f426,0.05,0.13,0.21800868213176727
7570cd29-a2f8-448d-b547-b4ff5bb5f426,0.05,0.18000000000000002,0.202464297413826
7570cd29-a2f8-448d-b547-b4ff5bb5f426,0.05,0.23,0.1837064027786255
7570cd29-a2f8-448d-b547-b4ff5bb5f426,0.1,0.03,0.15319974720478058
7570cd29-a2f8-448d-b547-b4ff5bb5f426,0.1,0.08,0.17869701981544495
7570cd29-a2f8-448d-b547-b4ff5bb5f426,0.1,0.13,0.15968526899814606
7570cd29-a2f8-448d-b547-b4ff5bb5f426,0.1,0.18000000000000002,0.13892023265361786
7570cd29-a2f8-448d-b547-b4ff5bb5f426,0.1,0.23,0.12884272634983063
7570cd29-a2f8-448d-b547-b4ff5bb5f426,0.15000000000000002,0.03,0.10605918616056442
7570cd29-a2f8-448d-b547-b4ff5bb5f426,0.15000000000000002,0.08,0.10207509994506836
7570cd29-a2f8-448d-b547-b4ff5bb5f426,0.15000000000000002,0.13,0.08542358875274658
7570cd29-a2f8-448d-b547-b4ff5bb5f426,0.15000000000000002,0.18000000000000002,0.08020419627428055
7570cd29-a2f8-448d-b547-b4ff5bb5f426,0.15000000000000002,0.23,0.0815911591053009
7570cd29-a2f8-448d-b547-b4ff5bb5f426,0.2,0.03,0.05746249482035637
7570cd29-a2f8-448d-b547-b4ff5bb5f426,0.2,0.08,0.06242143362760544
7570cd29-a2f8-448d-b547-b4ff5bb5f426,0.2,0.13,0.06060260906815529
7570cd29-a2f8-448d-b547-b4ff5bb5f426,0.2,0.18000000000000002,0.05695214495062828
7570cd29-a2f8-448d-b547-b4ff5bb5f426,0.2,0.23,0.055247075855731964
7570cd29-a2f8-448d-b547-b4ff5bb5f426,0.25,0.03,0.050700683146715164
7570cd29-a2f8-448d-b547-b4ff5bb5f426,0.25,0.08,0.05949976295232773
7570cd29-a2f8-448d-b547-b4ff5bb5f426,0.25,0.13,0.05093224719166756
7570cd29-a2f8-448d-b547-b4ff5bb5f426,0.25,0.18000000000000002,0.05074025318026543
7570cd29-a2f8-448d-b547-b4ff5bb5f426,0.25,0.23,0.05625596269965172
7570cd29-a2f8-448d-b547-b4ff5bb5f426,0.30000000000000004,0.03,0.048895545303821564
7570cd29-a2f8-448d-b547-b4ff5bb5f426,0.30000000000000004,0.08,0.04635731503367424
7570cd29-a2f8-448d-b547-b4ff5bb5f426,0.30000000000000004,0.13,0.050370391458272934
7570cd29-a2f8-448d-b547-b4ff5bb5f426,0.30000000000000004,0.18000000000000002,0.059295061975717545
7570cd29-a2f8-448d-b547-b4ff5bb5f426,0.30000000000000004,0.23,0.062228333204984665
7581fb5d-5341-4553-9aef-4fce8ab10c10,0.0,0.03,0.04408479109406471
7581fb5d-5341-4553-9aef-4fce8ab10c10,0.0,0.08,0.057477548718452454
7581fb5d-5341-4553-9aef-4fce8ab10c10,0.0,0.13,0.06448744237422943
7581fb5d-5341-4553-9aef-4fce8ab10c10,0.0,0.18000000000000002,0.061502303928136826
7581fb5d-5341-4553-9aef-4fce8ab10c10,0.0,0.23,0.06419986486434937
7581fb5d-5341-4553-9aef-4fce8ab10c10,0.01,0.03,0.047109488397836685
7581fb5d-5341-4553-9aef-4fce8ab10c10,0.01,0.08,0.06128070876002312
7581fb5d-5341-4553-9aef-4fce8ab10c10,0.01,0.13,0.06450340151786804
7581fb5d-5341-4553-9aef-4fce8ab10c10,0.01,0.18000000000000002,0.06273367255926132
7581fb5d-5341-4553-9aef-4fce8ab10c10,0.01,0.23,0.061248429119586945
7581fb5d-5341-4553-9aef-4fce8ab10c10,0.02,0.03,0.050994034856557846
7581fb5d-5341-4553-9aef-4fce8ab10c10,0.02,0.08,0.06265934556722641
7581fb5d-5341-4553-9aef-4fce8ab10c10,0.02,0.13,0.06675770878791809
7581fb5d-5341-4553-9aef-4fce8ab10c10,0.02,0.18000000000000002,0.06584472954273224
7581fb5d-5341-4553-9aef-4fce8ab10c10,0.02,0.23,0.06313321739435196
7581fb5d-5341-4553-9aef-4fce8ab10c10,0.03,0.03,0.047055549919605255
7581fb5d-5341-4553-9aef-4fce8ab10c10,0.03,0.08,0.06142628565430641
7581fb5d-5341-4553-9aef-4fce8ab10c10,0.03,0.13,0.07104447484016418
7581fb5d-5341-4553-9aef-4fce8ab10c10,0.03,0.18000000000000002,0.06556586176156998
7581fb5d-5341-4553-9aef-4fce8ab10c10,0.03,0.23,0.06293544918298721
7581fb5d-5341-4553-9aef-4fce8ab10c10,0.04,0.03,0.04920407757163048
7581fb5d-5341-4553-9aef-4fce8ab10c10,0.04,0.08,0.06116247549653053
7581fb5d-5341-4553-9aef-4fce8ab10c10,0.05,0.03,0.05118048936128616
7581fb5d-5341-4553-9aef-4fce8ab10c10,0.05,0.08,0.06666544079780579
7581fb5d-5341-4553-9aef-4fce8ab10c10,0.05,0.13,0.06219728663563728
7581fb5d-5341-4553-9aef-4fce8ab10c10,0.05,0.18000000000000002,0.06022856384515762
7581fb5d-5341-4553-9aef-4fce8ab10c10,0.05,0.23,0.06603969633579254
7581fb5d-5341-4553-9aef-4fce8ab10c10,0.1,0.03,0.048342958092689514
7581fb5d-5341-4553-9aef-4fce8ab10c10,0.1,0.08,0.05851253494620323
7581fb5d-5341-4553-9aef-4fce8ab10c10,0.1,0.13,0.05666330084204674
7581fb5d-5341-4553-9aef-4fce8ab10c10,0.1,0.18000000000000002,0.06791813671588898
7581fb5d-5341-4553-9aef-4fce8ab10c10,0.1,0.23,0.07248400896787643
7581fb5d-5341-4553-9aef-4fce8ab10c10,0.15000000000000002,0.03,0.0472000390291214
7581fb5d-5341-4553-9aef-4fce8ab10c10,0.15000000000000002,0.08,0.05456187203526497
7581fb5d-5341-4553-9aef-4fce8ab10c10,0.15000000000000002,0.13,0.06328819692134857
7581fb5d-5341-4553-9aef-4fce8ab10c10,0.15000000000000002,0.18000000000000002,0.07036484032869339
7581fb5d-5341-4553-9aef-4fce8ab10c10,0.15000000000000002,0.23,0.07336156070232391
7581fb5d-5341-4553-9aef-4fce8ab10c10,0.2,0.03,0.05249112471938133
7581fb5d-5341-4553-9aef-4fce8ab10c10,0.2,0.08,0.06385686993598938
7581fb5d-5341-4553-9aef-4fce8ab10c10,0.2,0.13,0.06786967068910599
7581fb5d-5341-4553-9aef-4fce8ab10c10,0.2,0.18000000000000002,0.07169631123542786
7581fb5d-5341-4553-9aef-4fce8ab10c10,0.2,0.23,0.07235037535429001
7581fb5d-5341-4553-9aef-4fce8ab10c10,0.25,0.03,0.04641852527856827
7581fb5d-5341-4553-9aef-4fce8ab10c10,0.25,0.08,0.05993989109992981
7581fb5d-5341-4553-9aef-4fce8ab10c10,0.25,0.13,0.07000886648893356
7581fb5d-5341-4553-9aef-4fce8ab10c10,0.25,0.18000000000000002,0.07224322855472565
7581fb5d-5341-4553-9aef-4fce8ab10c10,0.25,0.23,0.0757865309715271
7581fb5d-5341-4553-9aef-4fce8ab10c10,0.30000000000000004,0.03,0.04857282340526581
7581fb5d-5341-4553-9aef-4fce8ab10c10,0.30000000000000004,0.08,0.06400559842586517
7581fb5d-5341-4553-9aef-4fce8ab10c10,0.30000000000000004,0.13,0.06857345253229141
7581fb5d-5341-4553-9aef-4fce8ab10c10,0.30000000000000004,0.18000000000000002,0.07654032111167908
7581fb5d-5341-4553-9aef-4fce8ab10c10,0.30000000000000004,0.23,0.06961467117071152
75c34ce3-0181-469b-ad7f-0a1bbad570c9,0.0,0.03,0.0
75c34ce3-0181-469b-ad7f-0a1bbad570c9,0.0,0.08,0.0
75c34ce3-0181-469b-ad7f-0a1bbad570c9,0.0,0.13,0.0
75c34ce3-0181-469b-ad7f-0a1bbad570c9,0.0,0.18000000000000002,0.0
75c34ce3-0181-469b-ad7f-0a1bbad570c9,0.0,0.23,0.0
75c34ce3-0181-469b-ad7f-0a1bbad570c9,0.01,0.03,0.0
75c34ce3-0181-469b-ad7f-0a1bbad570c9,0.01,0.08,0.0
75c34ce3-0181-469b-ad7f-0a1bbad570c9,0.01,0.13,0.0
75c34ce3-0181-469b-ad7f-0a1bbad570c9,0.01,0.18000000000000002,0.0
75c34ce3-0181-469b-ad7f-0a1bbad570c9,0.01,0.23,0.0
75c34ce3-0181-469b-ad7f-0a1bbad570c9,0.02,0.03,0.0
75c34ce3-0181-469b-ad7f-0a1bbad570c9,0.02,0.08,0.0
75c34ce3-0181-469b-ad7f-0a1bbad570c9,0.02,0.13,0.0
75c34ce3-0181-469b-ad7f-0a1bbad570c9,0.02,0.18000000000000002,0.0
75c34ce3-0181-469b-ad7f-0a1bbad570c9,0.02,0.23,0.0
75c34ce3-0181-469b-ad7f-0a1bbad570c9,0.03,0.03,0.0
75c34ce3-0181-469b-ad7f-0a1bbad570c9,0.03,0.08,0.0
75c34ce3-0181-469b-ad7f-0a1bbad570c9,0.03,0.13,0.0
75c34ce3-0181-469b-ad7f-0a1bbad570c9,0.03,0.18000000000000002,0.0
75c34ce3-0181-469b-ad7f-0a1bbad570c9,0.03,0.23,0.0
75c34ce3-0181-469b-ad7f-0a1bbad570c9,0.04,0.03,0.0
75c34ce3-0181-469b-ad7f-0a1bbad570c9,0.04,0.08,0.0
75c34ce3-0181-469b-ad7f-0a1bbad570c9,0.05,0.03,0.0
75c34ce3-0181-469b-ad7f-0a1bbad570c9,0.05,0.08,0.0
75c34ce3-0181-469b-ad7f-0a1bbad570c9,0.05,0.13,0.0
75c34ce3-0181-469b-ad7f-0a1bbad570c9,0.05,0.18000000000000002,0.0
75c34ce3-0181-469b-ad7f-0a1bbad570c9,0.05,0.23,0.0
75c34ce3-0181-469b-ad7f-0a1bbad570c9,0.1,0.03,0.0
75c34ce3-0181-469b-ad7f-0a1bbad570c9,0.1,0.08,0.0
75c34ce3-0181-469b-ad7f-0a1bbad570c9,0.1,0.13,0.0
75c34ce3-0181-469b-ad7f-0a1bbad570c9,0.1,0.18000000000000002,0.0
75c34ce3-0181-469b-ad7f-0a1bbad570c9,0.1,0.23,0.0
75c34ce3-0181-469b-ad7f-0a1bbad570c9,0.15000000000000002,0.03,0.0
75c34ce3-0181-469b-ad7f-0a1bbad570c9,0.15000000000000002,0.08,0.0
75c34ce3-0181-469b-ad7f-0a1bbad570c9,0.15000000000000002,0.13,0.0
75c34ce3-0181-469b-ad7f-0a1bbad570c9,0.15000000000000002,0.18000000000000002,0.0
75c34ce3-0181-469b-ad7f-0a1bbad570c9,0.15000000000000002,0.23,0.0
75c34ce3-0181-469b-ad7f-0a1bbad570c9,0.2,0.03,0.0
75c34ce3-0181-469b-ad7f-0a1bbad570c9,0.2,0.08,0.0
75c34ce3-0181-469b-ad7f-0a1bbad570c9,0.2,0.13,0.0
75c34ce3-0181-469b-ad7f-0a1bbad570c9,0.2,0.18000000000000002,0.0
75c34ce3-0181-469b-ad7f-0a1bbad570c9,0.2,0.23,0.0
75c34ce3-0181-469b-ad7f-0a1bbad570c9,0.25,0.03,0.0
75c34ce3-0181-469b-ad7f-0a1bbad570c9,0.25,0.08,0.0
75c34ce3-0181-469b-ad7f-0a1bbad570c9,0.25,0.13,0.0
75c34ce3-0181-469b-ad7f-0a1bbad570c9,0.25,0.18000000000000002,0.0
75c34ce3-0181-469b-ad7f-0a1bbad570c9,0.25,0.23,0.0
75c34ce3-0181-469b-ad7f-0a1bbad570c9,0.30000000000000004,0.03,0.0
75c34ce3-0181-469b-ad7f-0a1bbad570c9,0.30000000000000004,0.08,0.0
75c34ce3-0181-469b-ad7f-0a1bbad570c9,0.30000000000000004,0.13,0.0
75c34ce3-0181-469b-ad7f-0a1bbad570c9,0.30000000000000004,0.18000000000000002,0.0
75c34ce3-0181-469b-ad7f-0a1bbad570c9,0.30000000000000004,0.23,0.0
75dd59ce-5c83-46b2-9129-d72c9487e671,0.0,0.03,0.07048860192298889
75dd59ce-5c83-46b2-9129-d72c9487e671,0.0,0.08,0.0819302648305893
75dd59ce-5c83-46b2-9129-d72c9487e671,0.0,0.13,0.0801360160112381
75dd59ce-5c83-46b2-9129-d72c9487e671,0.0,0.18000000000000002,0.07044527679681778
75dd59ce-5c83-46b2-9129-d72c9487e671,0.0,0.23,0.06725217401981354
75dd59ce-5c83-46b2-9129-d72c9487e671,0.01,0.03,0.054580193012952805
75dd59ce-5c83-46b2-9129-d72c9487e671,0.01,0.08,0.07682035863399506
75dd59ce-5c83-46b2-9129-d72c9487e671,0.01,0.13,0.07206481695175171
75dd59ce-5c83-46b2-9129-d72c9487e671,0.01,0.18000000000000002,0.06532669067382812
75dd59ce-5c83-46b2-9129-d72c9487e671,0.01,0.23,0.06323143094778061
75dd59ce-5c83-46b2-9129-d72c9487e671,0.02,0.03,0.06134851276874542
75dd59ce-5c83-46b2-9129-d72c9487e671,0.02,0.08,0.07361309230327606
75dd59ce-5c83-46b2-9129-d72c9487e671,0.02,0.13,0.06618160754442215
75dd59ce-5c83-46b2-9129-d72c9487e671,0.02,0.18000000000000002,0.06201664358377457
75dd59ce-5c83-46b2-9129-d72c9487e671,0.02,0.23,0.0577874593436718
75dd59ce-5c83-46b2-9129-d72c9487e671,0.03,0.03,0.05945326387882233
75dd59ce-5c83-46b2-9129-d72c9487e671,0.03,0.08,0.0750003233551979
75dd59ce-5c83-46b2-9129-d72c9487e671,0.03,0.13,0.06406275182962418
75dd59ce-5c83-46b2-9129-d72c9487e671,0.03,0.18000000000000002,0.058794643729925156
75dd59ce-5c83-46b2-9129-d72c9487e671,0.03,0.23,0.05732737481594086
75dd59ce-5c83-46b2-9129-d72c9487e671,0.04,0.03,0.060106176882982254
75dd59ce-5c83-46b2-9129-d72c9487e671,0.04,0.08,0.06361634284257889
75dd59ce-5c83-46b2-9129-d72c9487e671,0.05,0.03,0.05007384717464447
75dd59ce-5c83-46b2-9129-d72c9487e671,0.05,0.08,0.05770885571837425
75dd59ce-5c83-46b2-9129-d72c9487e671,0.05,0.13,0.05779650807380676
75dd59ce-5c83-46b2-9129-d72c9487e671,0.05,0.18000000000000002,0.0595221146941185
75dd59ce-5c83-46b2-9129-d72c9487e671,0.05,0.23,0.05952103063464165
75dd59ce-5c83-46b2-9129-d72c9487e671,0.1,0.03,0.0462372824549675
75dd59ce-5c83-46b2-9129-d72c9487e671,0.1,0.08,0.0612352155148983
75dd59ce-5c83-46b2-9129-d72c9487e671,0.1,0.13,0.06461743265390396
75dd59ce-5c83-46b2-9129-d72c9487e671,0.1,0.18000000000000002,0.0605384036898613
75dd59ce-5c83-46b2-9129-d72c9487e671,0.1,0.23,0.062073059380054474
75dd59ce-5c83-46b2-9129-d72c9487e671,0.15000000000000002,0.03,0.05948502570390701
75dd59ce-5c83-46b2-9129-d72c9487e671,0.15000000000000002,0.08,0.06240393593907356
75dd59ce-5c83-46b2-9129-d72c9487e671,0.15000000000000002,0.13,0.059775210916996
75dd59ce-5c83-46b2-9129-d72c9487e671,0.15000000000000002,0.18000000000000002,0.06318920105695724
75dd59ce-5c83-46b2-9129-d72c9487e671,0.15000000000000002,0.23,0.07384412735700607
75dd59ce-5c83-46b2-9129-d72c9487e671,0.2,0.03,0.04793405905365944
75dd59ce-5c83-46b2-9129-d72c9487e671,0.2,0.08,0.05583788827061653
75dd59ce-5c83-46b2-9129-d72c9487e671,0.2,0.13,0.06424055248498917
75dd59ce-5c83-46b2-9129-d72c9487e671,0.2,0.18000000000000002,0.06864133477210999
75dd59ce-5c83-46b2-9129-d72c9487e671,0.2,0.23,0.0757787749171257
75dd59ce-5c83-46b2-9129-d72c9487e671,0.25,0.03,0.05051237717270851
75dd59ce-5c83-46b2-9129-d72c9487e671,0.25,0.08,0.06217636540532112
75dd59ce-5c83-46b2-9129-d72c9487e671,0.25,0.13,0.07115127891302109
75dd59ce-5c83-46b2-9129-d72c9487e671,0.25,0.18000000000000002,0.0791253000497818
75dd59ce-5c83-46b2-9129-d72c9487e671,0.25,0.23,0.07932713627815247
75dd59ce-5c83-46b2-9129-d72c9487e671,0.30000000000000004,0.03,0.043431706726551056
75dd59ce-5c83-46b2-9129-d72c9487e671,0.30000000000000004,0.08,0.06748010218143463
75dd59ce-5c83-46b2-9129-d72c9487e671,0.30000000000000004,0.13,0.07642803341150284
75dd59ce-5c83-46b2-9129-d72c9487e671,0.30000000000000004,0.18000000000000002,0.07571110129356384
75dd59ce-5c83-46b2-9129-d72c9487e671,0.30000000000000004,0.23,0.07597094774246216
75e3c6d1-c920-4b46-9ca0-866c281124ae,0.0,0.03,0.05458267033100128
75e3c6d1-c920-4b46-9ca0-866c281124ae,0.0,0.08,0.14711563289165497
75e3c6d1-c920-4b46-9ca0-866c281124ae,0.0,0.13,0.1732950508594513
75e3c6d1-c920-4b46-9ca0-866c281124ae,0.0,0.18000000000000002,0.20072394609451294
75e3c6d1-c920-4b46-9ca0-866c281124ae,0.0,0.23,0.19860008358955383
75e3c6d1-c920-4b46-9ca0-866c281124ae,0.01,0.03,0.12734843790531158
75e3c6d1-c920-4b46-9ca0-866c281124ae,0.01,0.08,0.14316029846668243
75e3c6d1-c920-4b46-9ca0-866c281124ae,0.01,0.13,0.2036093920469284
75e3c6d1-c920-4b46-9ca0-866c281124ae,0.01,0.18000000000000002,0.19421258568763733
75e3c6d1-c920-4b46-9ca0-866c281124ae,0.01,0.23,0.2061394602060318
75e3c6d1-c920-4b46-9ca0-866c281124ae,0.02,0.03,0.13085037469863892
75e3c6d1-c920-4b46-9ca0-866c281124ae,0.02,0.08,0.18528923392295837
75e3c6d1-c920-4b46-9ca0-866c281124ae,0.02,0.13,0.2004961371421814
75e3c6d1-c920-4b46-9ca0-866c281124ae,0.02,0.18000000000000002,0.20927207171916962
75e3c6d1-c920-4b46-9ca0-866c281124ae,0.02,0.23,0.2104593813419342
75e3c6d1-c920-4b46-9ca0-866c281124ae,0.03,0.03,0.13003215193748474
75e3c6d1-c920-4b46-9ca0-866c281124ae,0.03,0.08,0.20000909268856049
75e3c6d1-c920-4b46-9ca0-866c281124ae,0.03,0.13,0.1964382380247116
75e3c6d1-c920-4b46-9ca0-866c281124ae,0.03,0.18000000000000002,0.21494057774543762
75e3c6d1-c920-4b46-9ca0-866c281124ae,0.03,0.23,0.21183958649635315
75e3c6d1-c920-4b46-9ca0-866c281124ae,0.04,0.03,0.09567210078239441
75e3c6d1-c920-4b46-9ca0-866c281124ae,0.04,0.08,0.1516290307044983
75e3c6d1-c920-4b46-9ca0-866c281124ae,0.05,0.03,0.10862366110086441
75e3c6d1-c920-4b46-9ca0-866c281124ae,0.05,0.08,0.15908870100975037
75e3c6d1-c920-4b46-9ca0-866c281124ae,0.05,0.13,0.2044682651758194
75e3c6d1-c920-4b46-9ca0-866c281124ae,0.05,0.18000000000000002,0.20433636009693146
75e3c6d1-c920-4b46-9ca0-866c281124ae,0.05,0.23,0.21476750075817108
75e3c6d1-c920-4b46-9ca0-866c281124ae,0.1,0.03,0.05328771844506264
75e3c6d1-c920-4b46-9ca0-866c281124ae,0.1,0.08,0.17760774493217468
75e3c6d1-c920-4b46-9ca0-866c281124ae,0.1,0.13,0.18540558218955994
75e3c6d1-c920-4b46-9ca0-866c281124ae,0.1,0.18000000000000002,0.2026728391647339
75e3c6d1-c920-4b46-9ca0-866c281124ae,0.1,0.23,0.18921780586242676
75e3c6d1-c920-4b46-9ca0-866c281124ae,0.15000000000000002,0.03,0.12364594638347626
75e3c6d1-c920-4b46-9ca0-866c281124ae,0.15000000000000002,0.08,0.14095047116279602
75e3c6d1-c920-4b46-9ca0-866c281124ae,0.15000000000000002,0.13,0.1725327968597412
75e3c6d1-c920-4b46-9ca0-866c281124ae,0.15000000000000002,0.18000000000000002,0.16698433458805084
75e3c6d1-c920-4b46-9ca0-866c281124ae,0.15000000000000002,0.23,0.1751713901758194
75e3c6d1-c920-4b46-9ca0-866c281124ae,0.2,0.03,0.04978649318218231
75e3c6d1-c920-4b46-9ca0-866c281124ae,0.2,0.08,0.1293603628873825
75e3c6d1-c920-4b46-9ca0-866c281124ae,0.2,0.13,0.14290043711662292
75e3c6d1-c920-4b46-9ca0-866c281124ae,0.2,0.18000000000000002,0.17121201753616333
75e3c6d1-c920-4b46-9ca0-866c281124ae,0.2,0.23,0.17673571407794952
75e3c6d1-c920-4b46-9ca0-866c281124ae,0.25,0.03,0.10564875602722168
75e3c6d1-c920-4b46-9ca0-866c281124ae,0.25,0.08,0.12488541007041931
75e3c6d1-c920-4b46-9ca0-866c281124ae,0.25,0.13,0.16143932938575745
75e3c6d1-c920-4b46-9ca0-866c281124ae,0.25,0.18000000000000002,0.1661585569381714
75e3c6d1-c920-4b46-9ca0-866c281124ae,0.25,0.23,0.16673637926578522
75e3c6d1-c920-4b46-9ca0-866c281124ae,0.30000000000000004,0.03,0.054607491940259933
75e3c6d1-c920-4b46-9ca0-866c281124ae,0.30000000000000004,0.08,0.12449552863836288
75e3c6d1-c920-4b46-9ca0-866c281124ae,0.30000000000000004,0.13,0.1488255262374878
75e3c6d1-c920-4b46-9ca0-866c281124ae,0.30000000000000004,0.18000000000000002,0.16658708453178406
75e3c6d1-c920-4b46-9ca0-866c281124ae,0.30000000000000004,0.23,0.16253653168678284
75e4b08d-94ff-426d-bcb9-f425055918f4,0.0,0.03,0.07097658514976501
75e4b08d-94ff-426d-bcb9-f425055918f4,0.0,0.08,0.07356307655572891
75e4b08d-94ff-426d-bcb9-f425055918f4,0.0,0.13,0.07309357821941376
75e4b08d-94ff-426d-bcb9-f425055918f4,0.0,0.18000000000000002,0.07599904388189316
75e4b08d-94ff-426d-bcb9-f425055918f4,0.0,0.23,0.08380276709794998
75e4b08d-94ff-426d-bcb9-f425055918f4,0.01,0.03,0.07414156943559647
75e4b08d-94ff-426d-bcb9-f425055918f4,0.01,0.08,0.07866358011960983
75e4b08d-94ff-426d-bcb9-f425055918f4,0.01,0.13,0.0742039605975151
75e4b08d-94ff-426d-bcb9-f425055918f4,0.01,0.18000000000000002,0.08348233252763748
75e4b08d-94ff-426d-bcb9-f425055918f4,0.01,0.23,0.09045453369617462
75e4b08d-94ff-426d-bcb9-f425055918f4,0.02,0.03,0.06572749465703964
75e4b08d-94ff-426d-bcb9-f425055918f4,0.02,0.08,0.06753792613744736
75e4b08d-94ff-426d-bcb9-f425055918f4,0.02,0.13,0.07124143838882446
75e4b08d-94ff-426d-bcb9-f425055918f4,0.02,0.18000000000000002,0.09022261947393417
75e4b08d-94ff-426d-bcb9-f425055918f4,0.02,0.23,0.08942268788814545
75e4b08d-94ff-426d-bcb9-f425055918f4,0.03,0.03,0.05500779673457146
75e4b08d-94ff-426d-bcb9-f425055918f4,0.03,0.08,0.06784629821777344
75e4b08d-94ff-426d-bcb9-f425055918f4,0.03,0.13,0.07608882337808609
75e4b08d-94ff-426d-bcb9-f425055918f4,0.03,0.18000000000000002,0.09057767689228058
75e4b08d-94ff-426d-bcb9-f425055918f4,0.03,0.23,0.08523780107498169
75e4b08d-94ff-426d-bcb9-f425055918f4,0.04,0.03,0.04844048246741295
75e4b08d-94ff-426d-bcb9-f425055918f4,0.04,0.08,0.06204221025109291
75e4b08d-94ff-426d-bcb9-f425055918f4,0.05,0.03,0.044093504548072815
75e4b08d-94ff-426d-bcb9-f425055918f4,0.05,0.08,0.06182793900370598
75e4b08d-94ff-426d-bcb9-f425055918f4,0.05,0.13,0.07056602090597153
75e4b08d-94ff-426d-bcb9-f425055918f4,0.05,0.18000000000000002,0.0795673131942749
75e4b08d-94ff-426d-bcb9-f425055918f4,0.05,0.23,0.07439322769641876
75e4b08d-94ff-426d-bcb9-f425055918f4,0.1,0.03,0.045890871435403824
75e4b08d-94ff-426d-bcb9-f425055918f4,0.1,0.08,0.05842139199376106
75e4b08d-94ff-426d-bcb9-f425055918f4,0.1,0.13,0.0710129365324974
75e4b08d-94ff-426d-bcb9-f425055918f4,0.1,0.18000000000000002,0.06924604624509811
75e4b08d-94ff-426d-bcb9-f425055918f4,0.1,0.23,0.06762606650590897
75e4b08d-94ff-426d-bcb9-f425055918f4,0.15000000000000002,0.03,0.0500594899058342
75e4b08d-94ff-426d-bcb9-f425055918f4,0.15000000000000002,0.08,0.07040083408355713
75e4b08d-94ff-426d-bcb9-f425055918f4,0.15000000000000002,0.13,0.06382857263088226
75e4b08d-94ff-426d-bcb9-f425055918f4,0.15000000000000002,0.18000000000000002,0.072514608502388
75e4b08d-94ff-426d-bcb9-f425055918f4,0.15000000000000002,0.23,0.07503032684326172
75e4b08d-94ff-426d-bcb9-f425055918f4,0.2,0.03,0.04516740143299103
75e4b08d-94ff-426d-bcb9-f425055918f4,0.2,0.08,0.052712514996528625
75e4b08d-94ff-426d-bcb9-f425055918f4,0.2,0.13,0.06289689987897873
75e4b08d-94ff-426d-bcb9-f425055918f4,0.2,0.18000000000000002,0.06760488450527191
75e4b08d-94ff-426d-bcb9-f425055918f4,0.2,0.23,0.06854325532913208
75e4b08d-94ff-426d-bcb9-f425055918f4,0.25,0.03,0.04859039559960365
75e4b08d-94ff-426d-bcb9-f425055918f4,0.25,0.08,0.06066770479083061
75e4b08d-94ff-426d-bcb9-f425055918f4,0.25,0.13,0.06406533718109131
75e4b08d-94ff-426d-bcb9-f425055918f4,0.25,0.18000000000000002,0.06512461602687836
75e4b08d-94ff-426d-bcb9-f425055918f4,0.25,0.23,0.05932105705142021
75e4b08d-94ff-426d-bcb9-f425055918f4,0.30000000000000004,0.03,0.050689369440078735
75e4b08d-94ff-426d-bcb9-f425055918f4,0.30000000000000004,0.08,0.06044584885239601
75e4b08d-94ff-426d-bcb9-f425055918f4,0.30000000000000004,0.13,0.059835225343704224
75e4b08d-94ff-426d-bcb9-f425055918f4,0.30000000000000004,0.18000000000000002,0.05842134729027748
75e4b08d-94ff-426d-bcb9-f425055918f4,0.30000000000000004,0.23,0.059982601553201675
76244f72-eb6d-45ef-850b-5518964a818e,0.0,0.03,0.10021232068538666
76244f72-eb6d-45ef-850b-5518964a818e,0.0,0.08,0.13639263808727264
76244f72-eb6d-45ef-850b-5518964a818e,0.0,0.13,0.13422206044197083
76244f72-eb6d-45ef-850b-5518964a818e,0.0,0.18000000000000002,0.12310094386339188
76244f72-eb6d-45ef-850b-5518964a818e,0.0,0.23,0.11158909648656845
76244f72-eb6d-45ef-850b-5518964a818e,0.01,0.03,0.12419082224369049
76244f72-eb6d-45ef-850b-5518964a818e,0.01,0.08,0.14767026901245117
76244f72-eb6d-45ef-850b-5518964a818e,0.01,0.13,0.13592146337032318
76244f72-eb6d-45ef-850b-5518964a818e,0.01,0.18000000000000002,0.11902449280023575
76244f72-eb6d-45ef-850b-5518964a818e,0.01,0.23,0.10681618750095367
76244f72-eb6d-45ef-850b-5518964a818e,0.02,0.03,0.12680962681770325
76244f72-eb6d-45ef-850b-5518964a818e,0.02,0.08,0.1475531905889511
76244f72-eb6d-45ef-850b-5518964a818e,0.02,0.13,0.1294974982738495
76244f72-eb6d-45ef-850b-5518964a818e,0.02,0.18000000000000002,0.11493917554616928
76244f72-eb6d-45ef-850b-5518964a818e,0.02,0.23,0.10340439528226852
76244f72-eb6d-45ef-850b-5518964a818e,0.03,0.03,0.12573225796222687
76244f72-eb6d-45ef-850b-5518964a818e,0.03,0.08,0.14078518748283386
76244f72-eb6d-45ef-850b-5518964a818e,0.03,0.13,0.11989077180624008
76244f72-eb6d-45ef-850b-5518964a818e,0.03,0.18000000000000002,0.10883273184299469
76244f72-eb6d-45ef-850b-5518964a818e,0.03,0.23,0.10198204964399338
76244f72-eb6d-45ef-850b-5518964a818e,0.04,0.03,0.12865948677062988
76244f72-eb6d-45ef-850b-5518964a818e,0.04,0.08,0.1290545016527176
76244f72-eb6d-45ef-850b-5518964a818e,0.05,0.03,0.12983667850494385
76244f72-eb6d-45ef-850b-5518964a818e,0.05,0.08,0.12634027004241943
76244f72-eb6d-45ef-850b-5518964a818e,0.05,0.13,0.11173684149980545
76244f72-eb6d-45ef-850b-5518964a818e,0.05,0.18000000000000002,0.09849083423614502
76244f72-eb6d-45ef-850b-5518964a818e,0.05,0.23,0.09095741808414459
76244f72-eb6d-45ef-850b-5518964a818e,0.1,0.03,0.0814320296049118
76244f72-eb6d-45ef-850b-5518964a818e,0.1,0.08,0.09304577857255936
76244f72-eb6d-45ef-850b-5518964a818e,0.1,0.13,0.08937667310237885
76244f72-eb6d-45ef-850b-5518964a818e,0.1,0.18000000000000002,0.08481422066688538
76244f72-eb6d-45ef-850b-5518964a818e,0.1,0.23,0.0789303109049797
76244f72-eb6d-45ef-850b-5518964a818e,0.15000000000000002,0.03,0.07071758061647415
76244f72-eb6d-45ef-850b-5518964a818e,0.15000000000000002,0.08,0.07683029770851135
76244f72-eb6d-45ef-850b-5518964a818e,0.15000000000000002,0.13,0.07558873295783997
76244f72-eb6d-45ef-850b-5518964a818e,0.15000000000000002,0.18000000000000002,0.06813207268714905
76244f72-eb6d-45ef-850b-5518964a818e,0.15000000000000002,0.23,0.06254835426807404
76244f72-eb6d-45ef-850b-5518964a818e,0.2,0.03,0.06144279986619949
76244f72-eb6d-45ef-850b-5518964a818e,0.2,0.08,0.06952785700559616
76244f72-eb6d-45ef-850b-5518964a818e,0.2,0.13,0.06684082746505737
76244f72-eb6d-45ef-850b-5518964a818e,0.2,0.18000000000000002,0.06431122869253159
76244f72-eb6d-45ef-850b-5518964a818e,0.2,0.23,0.06494321674108505
76244f72-eb6d-45ef-850b-5518964a818e,0.25,0.03,0.06257708370685577
76244f72-eb6d-45ef-850b-5518964a818e,0.25,0.08,0.06100190058350563
76244f72-eb6d-45ef-850b-5518964a818e,0.25,0.13,0.05964045971632004
76244f72-eb6d-45ef-850b-5518964a818e,0.25,0.18000000000000002,0.06036702170968056
76244f72-eb6d-45ef-850b-5518964a818e,0.25,0.23,0.06137080863118172
76244f72-eb6d-45ef-850b-5518964a818e,0.30000000000000004,0.03,0.05394608527421951
76244f72-eb6d-45ef-850b-5518964a818e,0.30000000000000004,0.08,0.05914516746997833
76244f72-eb6d-45ef-850b-5518964a818e,0.30000000000000004,0.13,0.0559716522693634
76244f72-eb6d-45ef-850b-5518964a818e,0.30000000000000004,0.18000000000000002,0.057217586785554886
76244f72-eb6d-45ef-850b-5518964a818e,0.30000000000000004,0.23,0.05847761780023575
76e6888d-82db-4b17-b960-38e66700da6d,0.0,0.03,0.04628226161003113
76e6888d-82db-4b17-b960-38e66700da6d,0.0,0.08,0.0568368025124073
76e6888d-82db-4b17-b960-38e66700da6d,0.0,0.13,0.060802824795246124
76e6888d-82db-4b17-b960-38e66700da6d,0.0,0.18000000000000002,0.06796499341726303
76e6888d-82db-4b17-b960-38e66700da6d,0.0,0.23,0.06143531575798988
76e6888d-82db-4b17-b960-38e66700da6d,0.01,0.03,0.0473221018910408
76e6888d-82db-4b17-b960-38e66700da6d,0.01,0.08,0.06414373219013214
76e6888d-82db-4b17-b960-38e66700da6d,0.01,0.13,0.059953413903713226
76e6888d-82db-4b17-b960-38e66700da6d,0.01,0.18000000000000002,0.0681179091334343
76e6888d-82db-4b17-b960-38e66700da6d,0.01,0.23,0.06156017631292343
76e6888d-82db-4b17-b960-38e66700da6d,0.02,0.03,0.04488256946206093
76e6888d-82db-4b17-b960-38e66700da6d,0.02,0.08,0.06029387563467026
76e6888d-82db-4b17-b960-38e66700da6d,0.02,0.13,0.06244305893778801
76e6888d-82db-4b17-b960-38e66700da6d,0.02,0.18000000000000002,0.06535478681325912
76e6888d-82db-4b17-b960-38e66700da6d,0.02,0.23,0.0671372190117836
76e6888d-82db-4b17-b960-38e66700da6d,0.03,0.03,0.04641459509730339
76e6888d-82db-4b17-b960-38e66700da6d,0.03,0.08,0.06038254499435425
76e6888d-82db-4b17-b960-38e66700da6d,0.03,0.13,0.06869048625230789
76e6888d-82db-4b17-b960-38e66700da6d,0.03,0.18000000000000002,0.06806229054927826
76e6888d-82db-4b17-b960-38e66700da6d,0.03,0.23,0.066083624958992
76e6888d-82db-4b17-b960-38e66700da6d,0.04,0.03,0.05116909369826317
76e6888d-82db-4b17-b960-38e66700da6d,0.04,0.08,0.05228015407919884
76e6888d-82db-4b17-b960-38e66700da6d,0.05,0.03,0.05003336817026138
76e6888d-82db-4b17-b960-38e66700da6d,0.05,0.08,0.05464731156826019
76e6888d-82db-4b17-b960-38e66700da6d,0.05,0.13,0.07167515903711319
76e6888d-82db-4b17-b960-38e66700da6d,0.05,0.18000000000000002,0.06459102034568787
76e6888d-82db-4b17-b960-38e66700da6d,0.05,0.23,0.06523263454437256
76e6888d-82db-4b17-b960-38e66700da6d,0.1,0.03,0.04995379224419594
76e6888d-82db-4b17-b960-38e66700da6d,0.1,0.08,0.06233496963977814
76e6888d-82db-4b17-b960-38e66700da6d,0.1,0.13,0.061167024075984955
76e6888d-82db-4b17-b960-38e66700da6d,0.1,0.18000000000000002,0.06213795021176338
76e6888d-82db-4b17-b960-38e66700da6d,0.1,0.23,0.06724794954061508
76e6888d-82db-4b17-b960-38e66700da6d,0.15000000000000002,0.03,0.04312901943922043
76e6888d-82db-4b17-b960-38e66700da6d,0.15000000000000002,0.08,0.05491330102086067
76e6888d-82db-4b17-b960-38e66700da6d,0.15000000000000002,0.13,0.059917498379945755
76e6888d-82db-4b17-b960-38e66700da6d,0.15000000000000002,0.18000000000000002,0.07023517042398453
76e6888d-82db-4b17-b960-38e66700da6d,0.15000000000000002,0.23,0.0735037550330162
76e6888d-82db-4b17-b960-38e66700da6d,0.2,0.03,0.04620926082134247
76e6888d-82db-4b17-b960-38e66700da6d,0.2,0.08,0.061562977731227875
76e6888d-82db-4b17-b960-38e66700da6d,0.2,0.13,0.07614452391862869
76e6888d-82db-4b17-b960-38e66700da6d,0.2,0.18000000000000002,0.07902131229639053
76e6888d-82db-4b17-b960-38e66700da6d,0.2,0.23,0.08044831454753876
76e6888d-82db-4b17-b960-38e66700da6d,0.25,0.03,0.05097641795873642
76e6888d-82db-4b17-b960-38e66700da6d,0.25,0.08,0.0641663521528244
76e6888d-82db-4b17-b960-38e66700da6d,0.25,0.13,0.06760862469673157
76e6888d-82db-4b17-b960-38e66700da6d,0.25,0.18000000000000002,0.07194498926401138
76e6888d-82db-4b17-b960-38e66700da6d,0.25,0.23,0.06876207143068314
76e6888d-82db-4b17-b960-38e66700da6d,0.30000000000000004,0.03,0.04856463521718979
76e6888d-82db-4b17-b960-38e66700da6d,0.30000000000000004,0.08,0.05116923153400421
76e6888d-82db-4b17-b960-38e66700da6d,0.30000000000000004,0.13,0.060642797499895096
76e6888d-82db-4b17-b960-38e66700da6d,0.30000000000000004,0.18000000000000002,0.062258340418338776
76e6888d-82db-4b17-b960-38e66700da6d,0.30000000000000004,0.23,0.07073941826820374
778cea2c-6bfe-4502-8d83-2e1dcbded510,0.0,0.03,0.2045823633670807
778cea2c-6bfe-4502-8d83-2e1dcbded510,0.0,0.08,0.2734195291996002
778cea2c-6bfe-4502-8d83-2e1dcbded510,0.0,0.13,0.22535330057144165
778cea2c-6bfe-4502-8d83-2e1dcbded510,0.0,0.18000000000000002,0.19002456963062286
778cea2c-6bfe-4502-8d83-2e1dcbded510,0.0,0.23,0.17040306329727173
778cea2c-6bfe-4502-8d83-2e1dcbded510,0.01,0.03,0.19446615874767303
778cea2c-6bfe-4502-8d83-2e1dcbded510,0.01,0.08,0.2454432249069214
778cea2c-6bfe-4502-8d83-2e1dcbded510,0.01,0.13,0.19774308800697327
778cea2c-6bfe-4502-8d83-2e1dcbded510,0.01,0.18000000000000002,0.1728692501783371
778cea2c-6bfe-4502-8d83-2e1dcbded510,0.01,0.23,0.16078203916549683
778cea2c-6bfe-4502-8d83-2e1dcbded510,0.02,0.03,0.20206668972969055
778cea2c-6bfe-4502-8d83-2e1dcbded510,0.02,0.08,0.23337820172309875
778cea2c-6bfe-4502-8d83-2e1dcbded510,0.02,0.13,0.18622946739196777
778cea2c-6bfe-4502-8d83-2e1dcbded510,0.02,0.18000000000000002,0.1628195196390152
778cea2c-6bfe-4502-8d83-2e1dcbded510,0.02,0.23,0.15608340501785278
778cea2c-6bfe-4502-8d83-2e1dcbded510,0.03,0.03,0.20420317351818085
778cea2c-6bfe-4502-8d83-2e1dcbded510,0.03,0.08,0.20614254474639893
778cea2c-6bfe-4502-8d83-2e1dcbded510,0.03,0.13,0.16380637884140015
778cea2c-6bfe-4502-8d83-2e1dcbded510,0.03,0.18000000000000002,0.15051910281181335
778cea2c-6bfe-4502-8d83-2e1dcbded510,0.03,0.23,0.14861343801021576
778cea2c-6bfe-4502-8d83-2e1dcbded510,0.04,0.03,0.19851526618003845
778cea2c-6bfe-4502-8d83-2e1dcbded510,0.04,0.08,0.17850768566131592
778cea2c-6bfe-4502-8d83-2e1dcbded510,0.05,0.03,0.17291297018527985
778cea2c-6bfe-4502-8d83-2e1dcbded510,0.05,0.08,0.1472587138414383
778cea2c-6bfe-4502-8d83-2e1dcbded510,0.05,0.13,0.1370796263217926
778cea2c-6bfe-4502-8d83-2e1dcbded510,0.05,0.18000000000000002,0.13591021299362183
778cea2c-6bfe-4502-8d83-2e1dcbded510,0.05,0.23,0.13189591467380524
778cea2c-6bfe-4502-8d83-2e1dcbded510,0.1,0.03,0.09116659313440323
778cea2c-6bfe-4502-8d83-2e1dcbded510,0.1,0.08,0.13183613121509552
778cea2c-6bfe-4502-8d83-2e1dcbded510,0.1,0.13,0.13950775563716888
778cea2c-6bfe-4502-8d83-2e1dcbded510,0.1,0.18000000000000002,0.13436317443847656
778cea2c-6bfe-4502-8d83-2e1dcbded510,0.1,0.23,0.12842978537082672
778cea2c-6bfe-4502-8d83-2e1dcbded510,0.15000000000000002,0.03,0.09707478433847427
778cea2c-6bfe-4502-8d83-2e1dcbded510,0.15000000000000002,0.08,0.11542149633169174
778cea2c-6bfe-4502-8d83-2e1dcbded510,0.15000000000000002,0.13,0.11095688492059708
778cea2c-6bfe-4502-8d83-2e1dcbded510,0.15000000000000002,0.18000000000000002,0.10503693670034409
778cea2c-6bfe-4502-8d83-2e1dcbded510,0.15000000000000002,0.23,0.09575998783111572
778cea2c-6bfe-4502-8d83-2e1dcbded510,0.2,0.03,0.06741227209568024
778cea2c-6bfe-4502-8d83-2e1dcbded510,0.2,0.08,0.07587525993585587
778cea2c-6bfe-4502-8d83-2e1dcbded510,0.2,0.13,0.07635343074798584
778cea2c-6bfe-4502-8d83-2e1dcbded510,0.2,0.18000000000000002,0.07137137651443481
778cea2c-6bfe-4502-8d83-2e1dcbded510,0.2,0.23,0.07037390023469925
778cea2c-6bfe-4502-8d83-2e1dcbded510,0.25,0.03,0.06209786236286163
778cea2c-6bfe-4502-8d83-2e1dcbded510,0.25,0.08,0.06820172816514969
778cea2c-6bfe-4502-8d83-2e1dcbded510,0.25,0.13,0.07424867153167725
778cea2c-6bfe-4502-8d83-2e1dcbded510,0.25,0.18000000000000002,0.07115299999713898
778cea2c-6bfe-4502-8d83-2e1dcbded510,0.25,0.23,0.06203402951359749
778cea2c-6bfe-4502-8d83-2e1dcbded510,0.30000000000000004,0.03,0.05591581016778946
778cea2c-6bfe-4502-8d83-2e1dcbded510,0.30000000000000004,0.08,0.06521188467741013
778cea2c-6bfe-4502-8d83-2e1dcbded510,0.30000000000000004,0.13,0.062649205327034
778cea2c-6bfe-4502-8d83-2e1dcbded510,0.30000000000000004,0.18000000000000002,0.05951961129903793
778cea2c-6bfe-4502-8d83-2e1dcbded510,0.30000000000000004,0.23,0.061545561999082565
77f6be6a-9086-468a-9b82-aff107e957af,0.0,0.03,0.0781686007976532
77f6be6a-9086-468a-9b82-aff107e957af,0.0,0.08,0.08868768811225891
77f6be6a-9086-468a-9b82-aff107e957af,0.0,0.13,0.07563385367393494
77f6be6a-9086-468a-9b82-aff107e957af,0.0,0.18000000000000002,0.08026596158742905
77f6be6a-9086-468a-9b82-aff107e957af,0.0,0.23,0.08111198991537094
77f6be6a-9086-468a-9b82-aff107e957af,0.01,0.03,0.07150381058454514
77f6be6a-9086-468a-9b82-aff107e957af,0.01,0.08,0.08568162471055984
77f6be6a-9086-468a-9b82-aff107e957af,0.01,0.13,0.08173030614852905
77f6be6a-9086-468a-9b82-aff107e957af,0.01,0.18000000000000002,0.07538798451423645
77f6be6a-9086-468a-9b82-aff107e957af,0.01,0.23,0.07753289490938187
77f6be6a-9086-468a-9b82-aff107e957af,0.02,0.03,0.07517492026090622
77f6be6a-9086-468a-9b82-aff107e957af,0.02,0.08,0.08292650431394577
77f6be6a-9086-468a-9b82-aff107e957af,0.02,0.13,0.0842490866780281
77f6be6a-9086-468a-9b82-aff107e957af,0.02,0.18000000000000002,0.07646114379167557
77f6be6a-9086-468a-9b82-aff107e957af,0.02,0.23,0.07704479247331619
77f6be6a-9086-468a-9b82-aff107e957af,0.03,0.03,0.08134094625711441
77f6be6a-9086-468a-9b82-aff107e957af,0.03,0.08,0.08644649386405945
77f6be6a-9086-468a-9b82-aff107e957af,0.03,0.13,0.08696384727954865
77f6be6a-9086-468a-9b82-aff107e957af,0.03,0.18000000000000002,0.07639656215906143
77f6be6a-9086-468a-9b82-aff107e957af,0.03,0.23,0.08031915873289108
77f6be6a-9086-468a-9b82-aff107e957af,0.04,0.03,0.07890816032886505
77f6be6a-9086-468a-9b82-aff107e957af,0.04,0.08,0.0872623473405838
77f6be6a-9086-468a-9b82-aff107e957af,0.05,0.03,0.0732698068022728
77f6be6a-9086-468a-9b82-aff107e957af,0.05,0.08,0.08756542205810547
77f6be6a-9086-468a-9b82-aff107e957af,0.05,0.13,0.07930982857942581
77f6be6a-9086-468a-9b82-aff107e957af,0.05,0.18000000000000002,0.07400976866483688
77f6be6a-9086-468a-9b82-aff107e957af,0.05,0.23,0.07610265165567398
77f6be6a-9086-468a-9b82-aff107e957af,0.1,0.03,0.07639412581920624
77f6be6a-9086-468a-9b82-aff107e957af,0.1,0.08,0.07295029610395432
77f6be6a-9086-468a-9b82-aff107e957af,0.1,0.13,0.06891409307718277
77f6be6a-9086-468a-9b82-aff107e957af,0.1,0.18000000000000002,0.06696953624486923
77f6be6a-9086-468a-9b82-aff107e957af,0.1,0.23,0.06549008190631866
77f6be6a-9086-468a-9b82-aff107e957af,0.15000000000000002,0.03,0.05908806622028351
77f6be6a-9086-468a-9b82-aff107e957af,0.15000000000000002,0.08,0.06955419480800629
77f6be6a-9086-468a-9b82-aff107e957af,0.15000000000000002,0.13,0.06855899095535278
77f6be6a-9086-468a-9b82-aff107e957af,0.15000000000000002,0.18000000000000002,0.06518594920635223
77f6be6a-9086-468a-9b82-aff107e957af,0.15000000000000002,0.23,0.06840568780899048
77f6be6a-9086-468a-9b82-aff107e957af,0.2,0.03,0.06436709314584732
77f6be6a-9086-468a-9b82-aff107e957af,0.2,0.08,0.06733661144971848
77f6be6a-9086-468a-9b82-aff107e957af,0.2,0.13,0.06718000769615173
77f6be6a-9086-468a-9b82-aff107e957af,0.2,0.18000000000000002,0.06786253303289413
77f6be6a-9086-468a-9b82-aff107e957af,0.2,0.23,0.07513700425624847
77f6be6a-9086-468a-9b82-aff107e957af,0.25,0.03,0.06147689372301102
77f6be6a-9086-468a-9b82-aff107e957af,0.25,0.08,0.06670891493558884
77f6be6a-9086-468a-9b82-aff107e957af,0.25,0.13,0.06821213662624359
77f6be6a-9086-468a-9b82-aff107e957af,0.25,0.18000000000000002,0.07511354237794876
77f6be6a-9086-468a-9b82-aff107e957af,0.25,0.23,0.07692819088697433
77f6be6a-9086-468a-9b82-aff107e957af,0.30000000000000004,0.03,0.06311597675085068
77f6be6a-9086-468a-9b82-aff107e957af,0.30000000000000004,0.08,0.0689811035990715
77f6be6a-9086-468a-9b82-aff107e957af,0.30000000000000004,0.13,0.07491688430309296
77f6be6a-9086-468a-9b82-aff107e957af,0.30000000000000004,0.18000000000000002,0.0756077766418457
77f6be6a-9086-468a-9b82-aff107e957af,0.30000000000000004,0.23,0.07719127088785172
7846410b-960d-4a02-95ca-612f2b302363,0.0,0.03,0.26921534538269043
7846410b-960d-4a02-95ca-612f2b302363,0.0,0.08,0.39952296018600464
7846410b-960d-4a02-95ca-612f2b302363,0.0,0.13,0.3558973968029022
7846410b-960d-4a02-95ca-612f2b302363,0.0,0.18000000000000002,0.25901147723197937
7846410b-960d-4a02-95ca-612f2b302363,0.0,0.23,0.20276351273059845
7846410b-960d-4a02-95ca-612f2b302363,0.01,0.03,0.23604996502399445
7846410b-960d-4a02-95ca-612f2b302363,0.01,0.08,0.3231866657733917
7846410b-960d-4a02-95ca-612f2b302363,0.01,0.13,0.2639937698841095
7846410b-960d-4a02-95ca-612f2b302363,0.01,0.18000000000000002,0.18983548879623413
7846410b-960d-4a02-95ca-612f2b302363,0.01,0.23,0.14315547049045563
7846410b-960d-4a02-95ca-612f2b302363,0.02,0.03,0.2487758845090866
7846410b-960d-4a02-95ca-612f2b302363,0.02,0.08,0.31206995248794556
7846410b-960d-4a02-95ca-612f2b302363,0.02,0.13,0.23583754897117615
7846410b-960d-4a02-95ca-612f2b302363,0.02,0.18000000000000002,0.15748287737369537
7846410b-960d-4a02-95ca-612f2b302363,0.02,0.23,0.129055455327034
7846410b-960d-4a02-95ca-612f2b302363,0.03,0.03,0.252178430557251
7846410b-960d-4a02-95ca-612f2b302363,0.03,0.08,0.26530662178993225
7846410b-960d-4a02-95ca-612f2b302363,0.03,0.13,0.19512978196144104
7846410b-960d-4a02-95ca-612f2b302363,0.03,0.18000000000000002,0.1279875934123993
7846410b-960d-4a02-95ca-612f2b302363,0.03,0.23,0.10663488507270813
7846410b-960d-4a02-95ca-612f2b302363,0.04,0.03,0.2265918105840683
7846410b-960d-4a02-95ca-612f2b302363,0.04,0.08,0.23010501265525818
7846410b-960d-4a02-95ca-612f2b302363,0.05,0.03,0.23481731116771698
7846410b-960d-4a02-95ca-612f2b302363,0.05,0.08,0.2127787470817566
7846410b-960d-4a02-95ca-612f2b302363,0.05,0.13,0.12050240486860275
7846410b-960d-4a02-95ca-612f2b302363,0.05,0.18000000000000002,0.081649549305439
7846410b-960d-4a02-95ca-612f2b302363,0.05,0.23,0.07507602125406265
7846410b-960d-4a02-95ca-612f2b302363,0.1,0.03,0.07072997093200684
7846410b-960d-4a02-95ca-612f2b302363,0.1,0.08,0.10224559158086777
7846410b-960d-4a02-95ca-612f2b302363,0.1,0.13,0.10819873958826065
7846410b-960d-4a02-95ca-612f2b302363,0.1,0.18000000000000002,0.08757518976926804
7846410b-960d-4a02-95ca-612f2b302363,0.1,0.23,0.08238031715154648
7846410b-960d-4a02-95ca-612f2b302363,0.15000000000000002,0.03,0.07910280674695969
7846410b-960d-4a02-95ca-612f2b302363,0.15000000000000002,0.08,0.09828885644674301
7846410b-960d-4a02-95ca-612f2b302363,0.15000000000000002,0.13,0.07950353622436523
7846410b-960d-4a02-95ca-612f2b302363,0.15000000000000002,0.18000000000000002,0.07962805777788162
7846410b-960d-4a02-95ca-612f2b302363,0.15000000000000002,0.23,0.08426422625780106
7846410b-960d-4a02-95ca-612f2b302363,0.2,0.03,0.045938532799482346
7846410b-960d-4a02-95ca-612f2b302363,0.2,0.08,0.06554453074932098
7846410b-960d-4a02-95ca-612f2b302363,0.2,0.13,0.07141876965761185
7846410b-960d-4a02-95ca-612f2b302363,0.2,0.18000000000000002,0.07345795631408691
7846410b-960d-4a02-95ca-612f2b302363,0.2,0.23,0.0706823319196701
7846410b-960d-4a02-95ca-612f2b302363,0.25,0.03,0.057638924568891525
7846410b-960d-4a02-95ca-612f2b302363,0.25,0.08,0.07087695598602295
7846410b-960d-4a02-95ca-612f2b302363,0.25,0.13,0.07788919657468796
7846410b-960d-4a02-95ca-612f2b302363,0.25,0.18000000000000002,0.07296741753816605
7846410b-960d-4a02-95ca-612f2b302363,0.25,0.23,0.07444248348474503
7846410b-960d-4a02-95ca-612f2b302363,0.30000000000000004,0.03,0.05532131344079971
7846410b-960d-4a02-95ca-612f2b302363,0.30000000000000004,0.08,0.06411436945199966
7846410b-960d-4a02-95ca-612f2b302363,0.30000000000000004,0.13,0.06904828548431396
7846410b-960d-4a02-95ca-612f2b302363,0.30000000000000004,0.18000000000000002,0.0719737857580185
7846410b-960d-4a02-95ca-612f2b302363,0.30000000000000004,0.23,0.0747310146689415
78d678b9-143e-40d3-8d76-c5de4e056df0,0.0,0.03,0.04595321789383888
78d678b9-143e-40d3-8d76-c5de4e056df0,0.0,0.08,0.0718163251876831
78d678b9-143e-40d3-8d76-c5de4e056df0,0.0,0.13,0.06665106117725372
78d678b9-143e-40d3-8d76-c5de4e056df0,0.0,0.18000000000000002,0.06357266753911972
78d678b9-143e-40d3-8d76-c5de4e056df0,0.0,0.23,0.06843998283147812
78d678b9-143e-40d3-8d76-c5de4e056df0,0.01,0.03,0.04432080686092377
78d678b9-143e-40d3-8d76-c5de4e056df0,0.01,0.08,0.07226411253213882
78d678b9-143e-40d3-8d76-c5de4e056df0,0.01,0.13,0.06403610855340958
78d678b9-143e-40d3-8d76-c5de4e056df0,0.01,0.18000000000000002,0.06677662581205368
78d678b9-143e-40d3-8d76-c5de4e056df0,0.01,0.23,0.07558070868253708
78d678b9-143e-40d3-8d76-c5de4e056df0,0.02,0.03,0.04718545824289322
78d678b9-143e-40d3-8d76-c5de4e056df0,0.02,0.08,0.06417931616306305
78d678b9-143e-40d3-8d76-c5de4e056df0,0.02,0.13,0.06379135698080063
78d678b9-143e-40d3-8d76-c5de4e056df0,0.02,0.18000000000000002,0.07195748388767242
78d678b9-143e-40d3-8d76-c5de4e056df0,0.02,0.23,0.07464097440242767
78d678b9-143e-40d3-8d76-c5de4e056df0,0.03,0.03,0.05442535877227783
78d678b9-143e-40d3-8d76-c5de4e056df0,0.03,0.08,0.05670437961816788
78d678b9-143e-40d3-8d76-c5de4e056df0,0.03,0.13,0.06087527796626091
78d678b9-143e-40d3-8d76-c5de4e056df0,0.03,0.18000000000000002,0.0730840340256691
78d678b9-143e-40d3-8d76-c5de4e056df0,0.03,0.23,0.07687927782535553
78d678b9-143e-40d3-8d76-c5de4e056df0,0.04,0.03,0.051672663539648056
78d678b9-143e-40d3-8d76-c5de4e056df0,0.04,0.08,0.05741732567548752
78d678b9-143e-40d3-8d76-c5de4e056df0,0.05,0.03,0.054493796080350876
78d678b9-143e-40d3-8d76-c5de4e056df0,0.05,0.08,0.06130312755703926
78d678b9-143e-40d3-8d76-c5de4e056df0,0.05,0.13,0.06652521342039108
78d678b9-143e-40d3-8d76-c5de4e056df0,0.05,0.18000000000000002,0.07276748865842819
78d678b9-143e-40d3-8d76-c5de4e056df0,0.05,0.23,0.0754692479968071
78d678b9-143e-40d3-8d76-c5de4e056df0,0.1,0.03,0.04870739206671715
78d678b9-143e-40d3-8d76-c5de4e056df0,0.1,0.08,0.05717115104198456
78d678b9-143e-40d3-8d76-c5de4e056df0,0.1,0.13,0.06618568301200867
78d678b9-143e-40d3-8d76-c5de4e056df0,0.1,0.18000000000000002,0.07170309126377106
78d678b9-143e-40d3-8d76-c5de4e056df0,0.1,0.23,0.07727164030075073
78d678b9-143e-40d3-8d76-c5de4e056df0,0.15000000000000002,0.03,0.04614274948835373
78d678b9-143e-40d3-8d76-c5de4e056df0,0.15000000000000002,0.08,0.0628298670053482
78d678b9-143e-40d3-8d76-c5de4e056df0,0.15000000000000002,0.13,0.06862623989582062
78d678b9-143e-40d3-8d76-c5de4e056df0,0.15000000000000002,0.18000000000000002,0.0745517835021019
78d678b9-143e-40d3-8d76-c5de4e056df0,0.15000000000000002,0.23,0.07416291534900665
78d678b9-143e-40d3-8d76-c5de4e056df0,0.2,0.03,0.04995870962738991
78d678b9-143e-40d3-8d76-c5de4e056df0,0.2,0.08,0.06036347150802612
78d678b9-143e-40d3-8d76-c5de4e056df0,0.2,0.13,0.06858906149864197
78d678b9-143e-40d3-8d76-c5de4e056df0,0.2,0.18000000000000002,0.07226069271564484
78d678b9-143e-40d3-8d76-c5de4e056df0,0.2,0.23,0.07767115533351898
78d678b9-143e-40d3-8d76-c5de4e056df0,0.25,0.03,0.05093244090676308
78d678b9-143e-40d3-8d76-c5de4e056df0,0.25,0.08,0.07610400021076202
78d678b9-143e-40d3-8d76-c5de4e056df0,0.25,0.13,0.08029091358184814
78d678b9-143e-40d3-8d76-c5de4e056df0,0.25,0.18000000000000002,0.0820656567811966
78d678b9-143e-40d3-8d76-c5de4e056df0,0.25,0.23,0.08223424106836319
78d678b9-143e-40d3-8d76-c5de4e056df0,0.30000000000000004,0.03,0.047532301396131516
78d678b9-143e-40d3-8d76-c5de4e056df0,0.30000000000000004,0.08,0.06495246291160583
78d678b9-143e-40d3-8d76-c5de4e056df0,0.30000000000000004,0.13,0.07266112416982651
78d678b9-143e-40d3-8d76-c5de4e056df0,0.30000000000000004,0.18000000000000002,0.07369829714298248
78d678b9-143e-40d3-8d76-c5de4e056df0,0.30000000000000004,0.23,0.06927403807640076
78d7fa2c-03ab-4523-87fd-2ed2b7e06bed,0.0,0.03,0.0997118204832077
78d7fa2c-03ab-4523-87fd-2ed2b7e06bed,0.0,0.08,0.17220351099967957
78d7fa2c-03ab-4523-87fd-2ed2b7e06bed,0.0,0.13,0.19075827300548553
78d7fa2c-03ab-4523-87fd-2ed2b7e06bed,0.0,0.18000000000000002,0.19096939265727997
78d7fa2c-03ab-4523-87fd-2ed2b7e06bed,0.0,0.23,0.18266071379184723
78d7fa2c-03ab-4523-87fd-2ed2b7e06bed,0.01,0.03,0.1278577595949173
78d7fa2c-03ab-4523-87fd-2ed2b7e06bed,0.01,0.08,0.19969908893108368
78d7fa2c-03ab-4523-87fd-2ed2b7e06bed,0.01,0.13,0.210810124874115
78d7fa2c-03ab-4523-87fd-2ed2b7e06bed,0.01,0.18000000000000002,0.18755322694778442
78d7fa2c-03ab-4523-87fd-2ed2b7e06bed,0.01,0.23,0.15928378701210022
78d7fa2c-03ab-4523-87fd-2ed2b7e06bed,0.02,0.03,0.14958590269088745
78d7fa2c-03ab-4523-87fd-2ed2b7e06bed,0.02,0.08,0.21305882930755615
78d7fa2c-03ab-4523-87fd-2ed2b7e06bed,0.02,0.13,0.20739008486270905
78d7fa2c-03ab-4523-87fd-2ed2b7e06bed,0.02,0.18000000000000002,0.1834411323070526
78d7fa2c-03ab-4523-87fd-2ed2b7e06bed,0.02,0.23,0.15200714766979218
78d7fa2c-03ab-4523-87fd-2ed2b7e06bed,0.03,0.03,0.1493195742368698
78d7fa2c-03ab-4523-87fd-2ed2b7e06bed,0.03,0.08,0.2031988650560379
78d7fa2c-03ab-4523-87fd-2ed2b7e06bed,0.03,0.13,0.1946640908718109
78d7fa2c-03ab-4523-87fd-2ed2b7e06bed,0.03,0.18000000000000002,0.16535085439682007
78d7fa2c-03ab-4523-87fd-2ed2b7e06bed,0.03,0.23,0.14125527441501617
78d7fa2c-03ab-4523-87fd-2ed2b7e06bed,0.04,0.03,0.15855279564857483
78d7fa2c-03ab-4523-87fd-2ed2b7e06bed,0.04,0.08,0.19653397798538208
78d7fa2c-03ab-4523-87fd-2ed2b7e06bed,0.05,0.03,0.15035274624824524
78d7fa2c-03ab-4523-87fd-2ed2b7e06bed,0.05,0.08,0.18606960773468018
78d7fa2c-03ab-4523-87fd-2ed2b7e06bed,0.05,0.13,0.17842018604278564
78d7fa2c-03ab-4523-87fd-2ed2b7e06bed,0.05,0.18000000000000002,0.16724812984466553
78d7fa2c-03ab-4523-87fd-2ed2b7e06bed,0.05,0.23,0.1488768607378006
78d7fa2c-03ab-4523-87fd-2ed2b7e06bed,0.1,0.03,0.1165408045053482
78d7fa2c-03ab-4523-87fd-2ed2b7e06bed,0.1,0.08,0.12800641357898712
78d7fa2c-03ab-4523-87fd-2ed2b7e06bed,0.1,0.13,0.12120746821165085
78d7fa2c-03ab-4523-87fd-2ed2b7e06bed,0.1,0.18000000000000002,0.10549872368574142
78d7fa2c-03ab-4523-87fd-2ed2b7e06bed,0.1,0.23,0.09814073890447617
78d7fa2c-03ab-4523-87fd-2ed2b7e06bed,0.15000000000000002,0.03,0.0706508681178093
78d7fa2c-03ab-4523-87fd-2ed2b7e06bed,0.15000000000000002,0.08,0.08010238409042358
78d7fa2c-03ab-4523-87fd-2ed2b7e06bed,0.15000000000000002,0.13,0.0826355516910553
78d7fa2c-03ab-4523-87fd-2ed2b7e06bed,0.15000000000000002,0.18000000000000002,0.08039598912000656
78d7fa2c-03ab-4523-87fd-2ed2b7e06bed,0.15000000000000002,0.23,0.07245112955570221
78d7fa2c-03ab-4523-87fd-2ed2b7e06bed,0.2,0.03,0.07166317105293274
78d7fa2c-03ab-4523-87fd-2ed2b7e06bed,0.2,0.08,0.07736528664827347
78d7fa2c-03ab-4523-87fd-2ed2b7e06bed,0.2,0.13,0.07420236617326736
78d7fa2c-03ab-4523-87fd-2ed2b7e06bed,0.2,0.18000000000000002,0.06497807055711746
78d7fa2c-03ab-4523-87fd-2ed2b7e06bed,0.2,0.23,0.06168976426124573
78d7fa2c-03ab-4523-87fd-2ed2b7e06bed,0.25,0.03,0.0598575733602047
78d7fa2c-03ab-4523-87fd-2ed2b7e06bed,0.25,0.08,0.06272728741168976
78d7fa2c-03ab-4523-87fd-2ed2b7e06bed,0.25,0.13,0.060268718749284744
78d7fa2c-03ab-4523-87fd-2ed2b7e06bed,0.25,0.18000000000000002,0.06349532306194305
78d7fa2c-03ab-4523-87fd-2ed2b7e06bed,0.25,0.23,0.06346707791090012
78d7fa2c-03ab-4523-87fd-2ed2b7e06bed,0.30000000000000004,0.03,0.05580662563443184
78d7fa2c-03ab-4523-87fd-2ed2b7e06bed,0.30000000000000004,0.08,0.05838042497634888
78d7fa2c-03ab-4523-87fd-2ed2b7e06bed,0.30000000000000004,0.13,0.06985220313072205
78d7fa2c-03ab-4523-87fd-2ed2b7e06bed,0.30000000000000004,0.18000000000000002,0.06545133888721466
78d7fa2c-03ab-4523-87fd-2ed2b7e06bed,0.30000000000000004,0.23,0.0685158520936966
79c20117-b7a7-4f5c-9b12-7fc2dc963c63,0.0,0.03,0.044666875153779984
79c20117-b7a7-4f5c-9b12-7fc2dc963c63,0.0,0.08,0.06085383519530296
79c20117-b7a7-4f5c-9b12-7fc2dc963c63,0.0,0.13,0.07716468721628189
79c20117-b7a7-4f5c-9b12-7fc2dc963c63,0.0,0.18000000000000002,0.08020175248384476
79c20117-b7a7-4f5c-9b12-7fc2dc963c63,0.0,0.23,0.08578288555145264
79c20117-b7a7-4f5c-9b12-7fc2dc963c63,0.01,0.03,0.04606208950281143
79c20117-b7a7-4f5c-9b12-7fc2dc963c63,0.01,0.08,0.0679246038198471
79c20117-b7a7-4f5c-9b12-7fc2dc963c63,0.01,0.13,0.07969103008508682
79c20117-b7a7-4f5c-9b12-7fc2dc963c63,0.01,0.18000000000000002,0.08162611722946167
79c20117-b7a7-4f5c-9b12-7fc2dc963c63,0.01,0.23,0.08902916312217712
79c20117-b7a7-4f5c-9b12-7fc2dc963c63,0.02,0.03,0.049747221171855927
79c20117-b7a7-4f5c-9b12-7fc2dc963c63,0.02,0.08,0.06478182226419449
79c20117-b7a7-4f5c-9b12-7fc2dc963c63,0.02,0.13,0.07624182105064392
79c20117-b7a7-4f5c-9b12-7fc2dc963c63,0.02,0.18000000000000002,0.07944915443658829
79c20117-b7a7-4f5c-9b12-7fc2dc963c63,0.02,0.23,0.09035909175872803
79c20117-b7a7-4f5c-9b12-7fc2dc963c63,0.03,0.03,0.04770294949412346
79c20117-b7a7-4f5c-9b12-7fc2dc963c63,0.03,0.08,0.07533525675535202
79c20117-b7a7-4f5c-9b12-7fc2dc963c63,0.03,0.13,0.07703536748886108
79c20117-b7a7-4f5c-9b12-7fc2dc963c63,0.03,0.18000000000000002,0.08310408145189285
79c20117-b7a7-4f5c-9b12-7fc2dc963c63,0.03,0.23,0.08796150237321854
79c20117-b7a7-4f5c-9b12-7fc2dc963c63,0.04,0.03,0.046733397990465164
79c20117-b7a7-4f5c-9b12-7fc2dc963c63,0.04,0.08,0.07156480848789215
79c20117-b7a7-4f5c-9b12-7fc2dc963c63,0.05,0.03,0.051463644951581955
79c20117-b7a7-4f5c-9b12-7fc2dc963c63,0.05,0.08,0.07192204892635345
79c20117-b7a7-4f5c-9b12-7fc2dc963c63,0.05,0.13,0.0775318443775177
79c20117-b7a7-4f5c-9b12-7fc2dc963c63,0.05,0.18000000000000002,0.08176060020923615
79c20117-b7a7-4f5c-9b12-7fc2dc963c63,0.05,0.23,0.08765457570552826
79c20117-b7a7-4f5c-9b12-7fc2dc963c63,0.1,0.03,0.04942143335938454
79c20117-b7a7-4f5c-9b12-7fc2dc963c63,0.1,0.08,0.07008852064609528
79c20117-b7a7-4f5c-9b12-7fc2dc963c63,0.1,0.13,0.076235830783844
79c20117-b7a7-4f5c-9b12-7fc2dc963c63,0.1,0.18000000000000002,0.08368638902902603
79c20117-b7a7-4f5c-9b12-7fc2dc963c63,0.1,0.23,0.08414170145988464
79c20117-b7a7-4f5c-9b12-7fc2dc963c63,0.15000000000000002,0.03,0.05085741728544235
79c20117-b7a7-4f5c-9b12-7fc2dc963c63,0.15000000000000002,0.08,0.06777477264404297
79c20117-b7a7-4f5c-9b12-7fc2dc963c63,0.15000000000000002,0.13,0.07997086644172668
79c20117-b7a7-4f5c-9b12-7fc2dc963c63,0.15000000000000002,0.18000000000000002,0.07203521579504013
79c20117-b7a7-4f5c-9b12-7fc2dc963c63,0.15000000000000002,0.23,0.07382503151893616
79c20117-b7a7-4f5c-9b12-7fc2dc963c63,0.2,0.03,0.047738492488861084
79c20117-b7a7-4f5c-9b12-7fc2dc963c63,0.2,0.08,0.06491493433713913
79c20117-b7a7-4f5c-9b12-7fc2dc963c63,0.2,0.13,0.0686858668923378
79c20117-b7a7-4f5c-9b12-7fc2dc963c63,0.2,0.18000000000000002,0.06979404389858246
79c20117-b7a7-4f5c-9b12-7fc2dc963c63,0.2,0.23,0.07271645218133926
79c20117-b7a7-4f5c-9b12-7fc2dc963c63,0.25,0.03,0.0478508397936821
79c20117-b7a7-4f5c-9b12-7fc2dc963c63,0.25,0.08,0.06258910149335861
79c20117-b7a7-4f5c-9b12-7fc2dc963c63,0.25,0.13,0.06592106074094772
79c20117-b7a7-4f5c-9b12-7fc2dc963c63,0.25,0.18000000000000002,0.06914176046848297
79c20117-b7a7-4f5c-9b12-7fc2dc963c63,0.25,0.23,0.06968127936124802
79c20117-b7a7-4f5c-9b12-7fc2dc963c63,0.30000000000000004,0.03,0.046838656067848206
79c20117-b7a7-4f5c-9b12-7fc2dc963c63,0.30000000000000004,0.08,0.05810465291142464
79c20117-b7a7-4f5c-9b12-7fc2dc963c63,0.30000000000000004,0.13,0.0664115846157074
79c20117-b7a7-4f5c-9b12-7fc2dc963c63,0.30000000000000004,0.18000000000000002,0.06824716925621033
79c20117-b7a7-4f5c-9b12-7fc2dc963c63,0.30000000000000004,0.23,0.06327635049819946
7a167fe1-bfb3-4df5-820c-16b1947ba067,0.0,0.03,0.33114373683929443
7a167fe1-bfb3-4df5-820c-16b1947ba067,0.0,0.08,0.3913078010082245
7a167fe1-bfb3-4df5-820c-16b1947ba067,0.0,0.13,0.3359531760215759
7a167fe1-bfb3-4df5-820c-16b1947ba067,0.0,0.18000000000000002,0.3010783791542053
7a167fe1-bfb3-4df5-820c-16b1947ba067,0.0,0.23,0.2694145739078522
7a167fe1-bfb3-4df5-820c-16b1947ba067,0.01,0.03,0.3034842312335968
7a167fe1-bfb3-4df5-820c-16b1947ba067,0.01,0.08,0.3262684941291809
7a167fe1-bfb3-4df5-820c-16b1947ba067,0.01,0.13,0.2755565345287323
7a167fe1-bfb3-4df5-820c-16b1947ba067,0.01,0.18000000000000002,0.2373410314321518
7a167fe1-bfb3-4df5-820c-16b1947ba067,0.01,0.23,0.2164057195186615
7a167fe1-bfb3-4df5-820c-16b1947ba067,0.02,0.03,0.30375558137893677
7a167fe1-bfb3-4df5-820c-16b1947ba067,0.02,0.08,0.29931163787841797
7a167fe1-bfb3-4df5-820c-16b1947ba067,0.02,0.13,0.25866296887397766
7a167fe1-bfb3-4df5-820c-16b1947ba067,0.02,0.18000000000000002,0.22132542729377747
7a167fe1-bfb3-4df5-820c-16b1947ba067,0.02,0.23,0.199445441365242
7a167fe1-bfb3-4df5-820c-16b1947ba067,0.03,0.03,0.29687365889549255
7a167fe1-bfb3-4df5-820c-16b1947ba067,0.03,0.08,0.2672039270401001
7a167fe1-bfb3-4df5-820c-16b1947ba067,0.03,0.13,0.22528134286403656
7a167fe1-bfb3-4df5-820c-16b1947ba067,0.03,0.18000000000000002,0.20157402753829956
7a167fe1-bfb3-4df5-820c-16b1947ba067,0.03,0.23,0.1773412972688675
7a167fe1-bfb3-4df5-820c-16b1947ba067,0.04,0.03,0.25560441613197327
7a167fe1-bfb3-4df5-820c-16b1947ba067,0.04,0.08,0.24202294647693634
7a167fe1-bfb3-4df5-820c-16b1947ba067,0.05,0.03,0.27389052510261536
7a167fe1-bfb3-4df5-820c-16b1947ba067,0.05,0.08,0.2355937510728836
7a167fe1-bfb3-4df5-820c-16b1947ba067,0.05,0.13,0.21023662388324738
7a167fe1-bfb3-4df5-820c-16b1947ba067,0.05,0.18000000000000002,0.18696609139442444
7a167fe1-bfb3-4df5-820c-16b1947ba067,0.05,0.23,0.1797419637441635
7a167fe1-bfb3-4df5-820c-16b1947ba067,0.1,0.03,0.1326623558998108
7a167fe1-bfb3-4df5-820c-16b1947ba067,0.1,0.08,0.1306605190038681
7a167fe1-bfb3-4df5-820c-16b1947ba067,0.1,0.13,0.1196279302239418
7a167fe1-bfb3-4df5-820c-16b1947ba067,0.1,0.18000000000000002,0.12227635085582733
7a167fe1-bfb3-4df5-820c-16b1947ba067,0.1,0.23,0.10714178532361984
7a167fe1-bfb3-4df5-820c-16b1947ba067,0.15000000000000002,0.03,0.07921198755502701
7a167fe1-bfb3-4df5-820c-16b1947ba067,0.15000000000000002,0.08,0.08342485129833221
7a167fe1-bfb3-4df5-820c-16b1947ba067,0.15000000000000002,0.13,0.09422110766172409
7a167fe1-bfb3-4df5-820c-16b1947ba067,0.15000000000000002,0.18000000000000002,0.08083402365446091
7a167fe1-bfb3-4df5-820c-16b1947ba067,0.15000000000000002,0.23,0.07135821878910065
7a167fe1-bfb3-4df5-820c-16b1947ba067,0.2,0.03,0.07803554832935333
7a167fe1-bfb3-4df5-820c-16b1947ba067,0.2,0.08,0.09058232605457306
7a167fe1-bfb3-4df5-820c-16b1947ba067,0.2,0.13,0.07341988384723663
7a167fe1-bfb3-4df5-820c-16b1947ba067,0.2,0.18000000000000002,0.06851623207330704
7a167fe1-bfb3-4df5-820c-16b1947ba067,0.2,0.23,0.06891686469316483
7a167fe1-bfb3-4df5-820c-16b1947ba067,0.25,0.03,0.06112406402826309
7a167fe1-bfb3-4df5-820c-16b1947ba067,0.25,0.08,0.06981737911701202
7a167fe1-bfb3-4df5-820c-16b1947ba067,0.25,0.13,0.0682365819811821
7a167fe1-bfb3-4df5-820c-16b1947ba067,0.25,0.18000000000000002,0.06679143011569977
7a167fe1-bfb3-4df5-820c-16b1947ba067,0.25,0.23,0.06235973536968231
7a167fe1-bfb3-4df5-820c-16b1947ba067,0.30000000000000004,0.03,0.057411979883909225
7a167fe1-bfb3-4df5-820c-16b1947ba067,0.30000000000000004,0.08,0.057627443224191666
7a167fe1-bfb3-4df5-820c-16b1947ba067,0.30000000000000004,0.13,0.05729736387729645
7a167fe1-bfb3-4df5-820c-16b1947ba067,0.30000000000000004,0.18000000000000002,0.0579218864440918
7a167fe1-bfb3-4df5-820c-16b1947ba067,0.30000000000000004,0.23,0.06202393025159836
7a8f50ed-d64a-4c30-bb3c-8b3c331a3b1b,0.0,0.03,0.05349583551287651
7a8f50ed-d64a-4c30-bb3c-8b3c331a3b1b,0.0,0.08,0.06372886151075363
7a8f50ed-d64a-4c30-bb3c-8b3c331a3b1b,0.0,0.13,0.06421545147895813
7a8f50ed-d64a-4c30-bb3c-8b3c331a3b1b,0.0,0.18000000000000002,0.06827180832624435
7a8f50ed-d64a-4c30-bb3c-8b3c331a3b1b,0.0,0.23,0.07193463295698166
7a8f50ed-d64a-4c30-bb3c-8b3c331a3b1b,0.01,0.03,0.04969154670834541
7a8f50ed-d64a-4c30-bb3c-8b3c331a3b1b,0.01,0.08,0.06355954706668854
7a8f50ed-d64a-4c30-bb3c-8b3c331a3b1b,0.01,0.13,0.06405095756053925
7a8f50ed-d64a-4c30-bb3c-8b3c331a3b1b,0.01,0.18000000000000002,0.07000147551298141
7a8f50ed-d64a-4c30-bb3c-8b3c331a3b1b,0.01,0.23,0.07091233879327774
7a8f50ed-d64a-4c30-bb3c-8b3c331a3b1b,0.02,0.03,0.0510876402258873
7a8f50ed-d64a-4c30-bb3c-8b3c331a3b1b,0.02,0.08,0.05928047001361847
7a8f50ed-d64a-4c30-bb3c-8b3c331a3b1b,0.02,0.13,0.06264537572860718
7a8f50ed-d64a-4c30-bb3c-8b3c331a3b1b,0.02,0.18000000000000002,0.06393744796514511
7a8f50ed-d64a-4c30-bb3c-8b3c331a3b1b,0.02,0.23,0.07006360590457916
7a8f50ed-d64a-4c30-bb3c-8b3c331a3b1b,0.03,0.03,0.055539820343256
7a8f50ed-d64a-4c30-bb3c-8b3c331a3b1b,0.03,0.08,0.061139922589063644
7a8f50ed-d64a-4c30-bb3c-8b3c331a3b1b,0.03,0.13,0.05981747806072235
7a8f50ed-d64a-4c30-bb3c-8b3c331a3b1b,0.03,0.18000000000000002,0.06987068802118301
7a8f50ed-d64a-4c30-bb3c-8b3c331a3b1b,0.03,0.23,0.07116667181253433
7a8f50ed-d64a-4c30-bb3c-8b3c331a3b1b,0.04,0.03,0.04966922104358673
7a8f50ed-d64a-4c30-bb3c-8b3c331a3b1b,0.04,0.08,0.06303634494543076
7a8f50ed-d64a-4c30-bb3c-8b3c331a3b1b,0.05,0.03,0.052652161568403244
7a8f50ed-d64a-4c30-bb3c-8b3c331a3b1b,0.05,0.08,0.05820830911397934
7a8f50ed-d64a-4c30-bb3c-8b3c331a3b1b,0.05,0.13,0.06503992527723312
7a8f50ed-d64a-4c30-bb3c-8b3c331a3b1b,0.05,0.18000000000000002,0.06885494291782379
7a8f50ed-d64a-4c30-bb3c-8b3c331a3b1b,0.05,0.23,0.06771516799926758
7a8f50ed-d64a-4c30-bb3c-8b3c331a3b1b,0.1,0.03,0.052553266286849976
7a8f50ed-d64a-4c30-bb3c-8b3c331a3b1b,0.1,0.08,0.06537245213985443
7a8f50ed-d64a-4c30-bb3c-8b3c331a3b1b,0.1,0.13,0.06700678169727325
7a8f50ed-d64a-4c30-bb3c-8b3c331a3b1b,0.1,0.18000000000000002,0.06949117034673691
7a8f50ed-d64a-4c30-bb3c-8b3c331a3b1b,0.1,0.23,0.0643511638045311
7a8f50ed-d64a-4c30-bb3c-8b3c331a3b1b,0.15000000000000002,0.03,0.05535396933555603
7a8f50ed-d64a-4c30-bb3c-8b3c331a3b1b,0.15000000000000002,0.08,0.06942601501941681
7a8f50ed-d64a-4c30-bb3c-8b3c331a3b1b,0.15000000000000002,0.13,0.07578742504119873
7a8f50ed-d64a-4c30-bb3c-8b3c331a3b1b,0.15000000000000002,0.18000000000000002,0.07187049090862274
7a8f50ed-d64a-4c30-bb3c-8b3c331a3b1b,0.15000000000000002,0.23,0.06226368248462677
7a8f50ed-d64a-4c30-bb3c-8b3c331a3b1b,0.2,0.03,0.05465712770819664
7a8f50ed-d64a-4c30-bb3c-8b3c331a3b1b,0.2,0.08,0.06436724215745926
7a8f50ed-d64a-4c30-bb3c-8b3c331a3b1b,0.2,0.13,0.06185874715447426
7a8f50ed-d64a-4c30-bb3c-8b3c331a3b1b,0.2,0.18000000000000002,0.0658089891076088
7a8f50ed-d64a-4c30-bb3c-8b3c331a3b1b,0.2,0.23,0.06949689239263535
7a8f50ed-d64a-4c30-bb3c-8b3c331a3b1b,0.25,0.03,0.04827401414513588
7a8f50ed-d64a-4c30-bb3c-8b3c331a3b1b,0.25,0.08,0.06500931084156036
7a8f50ed-d64a-4c30-bb3c-8b3c331a3b1b,0.25,0.13,0.0675971731543541
7a8f50ed-d64a-4c30-bb3c-8b3c331a3b1b,0.25,0.18000000000000002,0.07089710235595703
7a8f50ed-d64a-4c30-bb3c-8b3c331a3b1b,0.25,0.23,0.06564855575561523
7a8f50ed-d64a-4c30-bb3c-8b3c331a3b1b,0.30000000000000004,0.03,0.0507684051990509
7a8f50ed-d64a-4c30-bb3c-8b3c331a3b1b,0.30000000000000004,0.08,0.0576268695294857
7a8f50ed-d64a-4c30-bb3c-8b3c331a3b1b,0.30000000000000004,0.13,0.06739357858896255
7a8f50ed-d64a-4c30-bb3c-8b3c331a3b1b,0.30000000000000004,0.18000000000000002,0.06425143778324127
7a8f50ed-d64a-4c30-bb3c-8b3c331a3b1b,0.30000000000000004,0.23,0.06358441710472107
7a90d85f-e7dd-44e0-b814-95ce3dca9d74,0.0,0.03,0.04704460874199867
7a90d85f-e7dd-44e0-b814-95ce3dca9d74,0.0,0.08,0.05648176744580269
7a90d85f-e7dd-44e0-b814-95ce3dca9d74,0.0,0.13,0.05344570800662041
7a90d85f-e7dd-44e0-b814-95ce3dca9d74,0.0,0.18000000000000002,0.06633729487657547
7a90d85f-e7dd-44e0-b814-95ce3dca9d74,0.0,0.23,0.06656625866889954
7a90d85f-e7dd-44e0-b814-95ce3dca9d74,0.01,0.03,0.046613287180662155
7a90d85f-e7dd-44e0-b814-95ce3dca9d74,0.01,0.08,0.05009475350379944
7a90d85f-e7dd-44e0-b814-95ce3dca9d74,0.01,0.13,0.05787244811654091
7a90d85f-e7dd-44e0-b814-95ce3dca9d74,0.01,0.18000000000000002,0.06493043899536133
7a90d85f-e7dd-44e0-b814-95ce3dca9d74,0.01,0.23,0.06569049507379532
7a90d85f-e7dd-44e0-b814-95ce3dca9d74,0.02,0.03,0.048323191702365875
7a90d85f-e7dd-44e0-b814-95ce3dca9d74,0.02,0.08,0.05263002961874008
7a90d85f-e7dd-44e0-b814-95ce3dca9d74,0.02,0.13,0.05844297260046005
7a90d85f-e7dd-44e0-b814-95ce3dca9d74,0.02,0.18000000000000002,0.06317929178476334
7a90d85f-e7dd-44e0-b814-95ce3dca9d74,0.02,0.23,0.06565330177545547
7a90d85f-e7dd-44e0-b814-95ce3dca9d74,0.03,0.03,0.04720555245876312
7a90d85f-e7dd-44e0-b814-95ce3dca9d74,0.03,0.08,0.054321013391017914
7a90d85f-e7dd-44e0-b814-95ce3dca9d74,0.03,0.13,0.05924847722053528
7a90d85f-e7dd-44e0-b814-95ce3dca9d74,0.03,0.18000000000000002,0.06294555217027664
7a90d85f-e7dd-44e0-b814-95ce3dca9d74,0.03,0.23,0.0626654252409935
7a90d85f-e7dd-44e0-b814-95ce3dca9d74,0.04,0.03,0.047540485858917236
7a90d85f-e7dd-44e0-b814-95ce3dca9d74,0.04,0.08,0.05704857409000397
7a90d85f-e7dd-44e0-b814-95ce3dca9d74,0.05,0.03,0.051576606929302216
7a90d85f-e7dd-44e0-b814-95ce3dca9d74,0.05,0.08,0.053275033831596375
7a90d85f-e7dd-44e0-b814-95ce3dca9d74,0.05,0.13,0.05913117155432701
7a90d85f-e7dd-44e0-b814-95ce3dca9d74,0.05,0.18000000000000002,0.0580078586935997
7a90d85f-e7dd-44e0-b814-95ce3dca9d74,0.05,0.23,0.06441890448331833
7a90d85f-e7dd-44e0-b814-95ce3dca9d74,0.1,0.03,0.04644342139363289
7a90d85f-e7dd-44e0-b814-95ce3dca9d74,0.1,0.08,0.052127715200185776
7a90d85f-e7dd-44e0-b814-95ce3dca9d74,0.1,0.13,0.05666210502386093
7a90d85f-e7dd-44e0-b814-95ce3dca9d74,0.1,0.18000000000000002,0.0678689256310463
7a90d85f-e7dd-44e0-b814-95ce3dca9d74,0.1,0.23,0.061223797500133514
7a90d85f-e7dd-44e0-b814-95ce3dca9d74,0.15000000000000002,0.03,0.04733894765377045
7a90d85f-e7dd-44e0-b814-95ce3dca9d74,0.15000000000000002,0.08,0.054600153118371964
7a90d85f-e7dd-44e0-b814-95ce3dca9d74,0.15000000000000002,0.13,0.06204918771982193
7a90d85f-e7dd-44e0-b814-95ce3dca9d74,0.15000000000000002,0.18000000000000002,0.0676385760307312
7a90d85f-e7dd-44e0-b814-95ce3dca9d74,0.15000000000000002,0.23,0.07146835327148438
7a90d85f-e7dd-44e0-b814-95ce3dca9d74,0.2,0.03,0.0493716299533844
7a90d85f-e7dd-44e0-b814-95ce3dca9d74,0.2,0.08,0.059971220791339874
7a90d85f-e7dd-44e0-b814-95ce3dca9d74,0.2,0.13,0.07581871002912521
7a90d85f-e7dd-44e0-b814-95ce3dca9d74,0.2,0.18000000000000002,0.07688534259796143
7a90d85f-e7dd-44e0-b814-95ce3dca9d74,0.2,0.23,0.08059356361627579
7a90d85f-e7dd-44e0-b814-95ce3dca9d74,0.25,0.03,0.04620356485247612
7a90d85f-e7dd-44e0-b814-95ce3dca9d74,0.25,0.08,0.05966782569885254
7a90d85f-e7dd-44e0-b814-95ce3dca9d74,0.25,0.13,0.07085765898227692
7a90d85f-e7dd-44e0-b814-95ce3dca9d74,0.25,0.18000000000000002,0.07587561756372452
7a90d85f-e7dd-44e0-b814-95ce3dca9d74,0.25,0.23,0.0812445729970932
7a90d85f-e7dd-44e0-b814-95ce3dca9d74,0.30000000000000004,0.03,0.04799517244100571
7a90d85f-e7dd-44e0-b814-95ce3dca9d74,0.30000000000000004,0.08,0.055997323244810104
7a90d85f-e7dd-44e0-b814-95ce3dca9d74,0.30000000000000004,0.13,0.06394645571708679
7a90d85f-e7dd-44e0-b814-95ce3dca9d74,0.30000000000000004,0.18000000000000002,0.07340292632579803
7a90d85f-e7dd-44e0-b814-95ce3dca9d74,0.30000000000000004,0.23,0.07335926592350006
7bd35b8d-9c56-471d-9aa5-ef1822ec01ff,0.0,0.03,0.05598381906747818
7bd35b8d-9c56-471d-9aa5-ef1822ec01ff,0.0,0.08,0.06407730281352997
7bd35b8d-9c56-471d-9aa5-ef1822ec01ff,0.0,0.13,0.07144934684038162
7bd35b8d-9c56-471d-9aa5-ef1822ec01ff,0.0,0.18000000000000002,0.07010328769683838
7bd35b8d-9c56-471d-9aa5-ef1822ec01ff,0.0,0.23,0.06732024252414703
7bd35b8d-9c56-471d-9aa5-ef1822ec01ff,0.01,0.03,0.05127599090337753
7bd35b8d-9c56-471d-9aa5-ef1822ec01ff,0.01,0.08,0.06098872795701027
7bd35b8d-9c56-471d-9aa5-ef1822ec01ff,0.01,0.13,0.0712951123714447
7bd35b8d-9c56-471d-9aa5-ef1822ec01ff,0.01,0.18000000000000002,0.07099908590316772
7bd35b8d-9c56-471d-9aa5-ef1822ec01ff,0.01,0.23,0.07207261770963669
7bd35b8d-9c56-471d-9aa5-ef1822ec01ff,0.02,0.03,0.04867183789610863
7bd35b8d-9c56-471d-9aa5-ef1822ec01ff,0.02,0.08,0.06661247462034225
7bd35b8d-9c56-471d-9aa5-ef1822ec01ff,0.02,0.13,0.065998375415802
7bd35b8d-9c56-471d-9aa5-ef1822ec01ff,0.02,0.18000000000000002,0.06505347043275833
7bd35b8d-9c56-471d-9aa5-ef1822ec01ff,0.02,0.23,0.06976071000099182
7bd35b8d-9c56-471d-9aa5-ef1822ec01ff,0.03,0.03,0.055611833930015564
7bd35b8d-9c56-471d-9aa5-ef1822ec01ff,0.03,0.08,0.06411212682723999
7bd35b8d-9c56-471d-9aa5-ef1822ec01ff,0.03,0.13,0.06442386656999588
7bd35b8d-9c56-471d-9aa5-ef1822ec01ff,0.03,0.18000000000000002,0.06618919223546982
7bd35b8d-9c56-471d-9aa5-ef1822ec01ff,0.03,0.23,0.06814496219158173
7bd35b8d-9c56-471d-9aa5-ef1822ec01ff,0.04,0.03,0.0497666597366333
7bd35b8d-9c56-471d-9aa5-ef1822ec01ff,0.04,0.08,0.06645867973566055
7bd35b8d-9c56-471d-9aa5-ef1822ec01ff,0.05,0.03,0.047601230442523956
7bd35b8d-9c56-471d-9aa5-ef1822ec01ff,0.05,0.08,0.06032588705420494
7bd35b8d-9c56-471d-9aa5-ef1822ec01ff,0.05,0.13,0.061891041696071625
7bd35b8d-9c56-471d-9aa5-ef1822ec01ff,0.05,0.18000000000000002,0.06857236474752426
7bd35b8d-9c56-471d-9aa5-ef1822ec01ff,0.05,0.23,0.06871410459280014
7bd35b8d-9c56-471d-9aa5-ef1822ec01ff,0.1,0.03,0.049174632877111435
7bd35b8d-9c56-471d-9aa5-ef1822ec01ff,0.1,0.08,0.06163206323981285
7bd35b8d-9c56-471d-9aa5-ef1822ec01ff,0.1,0.13,0.07174961268901825
7bd35b8d-9c56-471d-9aa5-ef1822ec01ff,0.1,0.18000000000000002,0.06681901961565018
7bd35b8d-9c56-471d-9aa5-ef1822ec01ff,0.1,0.23,0.06350899487733841
7bd35b8d-9c56-471d-9aa5-ef1822ec01ff,0.15000000000000002,0.03,0.06262397021055222
7bd35b8d-9c56-471d-9aa5-ef1822ec01ff,0.15000000000000002,0.08,0.06151127442717552
7bd35b8d-9c56-471d-9aa5-ef1822ec01ff,0.15000000000000002,0.13,0.0696943923830986
7bd35b8d-9c56-471d-9aa5-ef1822ec01ff,0.15000000000000002,0.18000000000000002,0.05973067134618759
7bd35b8d-9c56-471d-9aa5-ef1822ec01ff,0.15000000000000002,0.23,0.0627405196428299
7bd35b8d-9c56-471d-9aa5-ef1822ec01ff,0.2,0.03,0.052424799650907516
7bd35b8d-9c56-471d-9aa5-ef1822ec01ff,0.2,0.08,0.07079905271530151
7bd35b8d-9c56-471d-9aa5-ef1822ec01ff,0.2,0.13,0.059409767389297485
7bd35b8d-9c56-471d-9aa5-ef1822ec01ff,0.2,0.18000000000000002,0.0600288063287735
7bd35b8d-9c56-471d-9aa5-ef1822ec01ff,0.2,0.23,0.06031114235520363
7bd35b8d-9c56-471d-9aa5-ef1822ec01ff,0.25,0.03,0.05683290213346481
7bd35b8d-9c56-471d-9aa5-ef1822ec01ff,0.25,0.08,0.06662604212760925
7bd35b8d-9c56-471d-9aa5-ef1822ec01ff,0.25,0.13,0.06425449997186661
7bd35b8d-9c56-471d-9aa5-ef1822ec01ff,0.25,0.18000000000000002,0.0626668632030487
7bd35b8d-9c56-471d-9aa5-ef1822ec01ff,0.25,0.23,0.06610459834337234
7bd35b8d-9c56-471d-9aa5-ef1822ec01ff,0.30000000000000004,0.03,0.04733699932694435
7bd35b8d-9c56-471d-9aa5-ef1822ec01ff,0.30000000000000004,0.08,0.06469852477312088
7bd35b8d-9c56-471d-9aa5-ef1822ec01ff,0.30000000000000004,0.13,0.06377925723791122
7bd35b8d-9c56-471d-9aa5-ef1822ec01ff,0.30000000000000004,0.18000000000000002,0.06047514081001282
7bd35b8d-9c56-471d-9aa5-ef1822ec01ff,0.30000000000000004,0.23,0.08111560344696045
7be11c87-1534-4619-82cd-63f00e31a26b,0.0,0.03,0.09447043389081955
7be11c87-1534-4619-82cd-63f00e31a26b,0.0,0.08,0.1192765012383461
7be11c87-1534-4619-82cd-63f00e31a26b,0.0,0.13,0.08784855157136917
7be11c87-1534-4619-82cd-63f00e31a26b,0.0,0.18000000000000002,0.06881427764892578
7be11c87-1534-4619-82cd-63f00e31a26b,0.0,0.23,0.06791497766971588
7be11c87-1534-4619-82cd-63f00e31a26b,0.01,0.03,0.0742148905992508
7be11c87-1534-4619-82cd-63f00e31a26b,0.01,0.08,0.11176320910453796
7be11c87-1534-4619-82cd-63f00e31a26b,0.01,0.13,0.07343260943889618
7be11c87-1534-4619-82cd-63f00e31a26b,0.01,0.18000000000000002,0.06453391909599304
7be11c87-1534-4619-82cd-63f00e31a26b,0.01,0.23,0.0656690001487732
7be11c87-1534-4619-82cd-63f00e31a26b,0.02,0.03,0.08083485066890717
7be11c87-1534-4619-82cd-63f00e31a26b,0.02,0.08,0.10091672837734222
7be11c87-1534-4619-82cd-63f00e31a26b,0.02,0.13,0.07051975280046463
7be11c87-1534-4619-82cd-63f00e31a26b,0.02,0.18000000000000002,0.06826800107955933
7be11c87-1534-4619-82cd-63f00e31a26b,0.02,0.23,0.06682726740837097
7be11c87-1534-4619-82cd-63f00e31a26b,0.03,0.03,0.07984219491481781
7be11c87-1534-4619-82cd-63f00e31a26b,0.03,0.08,0.08248507231473923
7be11c87-1534-4619-82cd-63f00e31a26b,0.03,0.13,0.06933905929327011
7be11c87-1534-4619-82cd-63f00e31a26b,0.03,0.18000000000000002,0.06668226420879364
7be11c87-1534-4619-82cd-63f00e31a26b,0.03,0.23,0.06695747375488281
7be11c87-1534-4619-82cd-63f00e31a26b,0.04,0.03,0.07514898478984833
7be11c87-1534-4619-82cd-63f00e31a26b,0.04,0.08,0.06378648430109024
7be11c87-1534-4619-82cd-63f00e31a26b,0.05,0.03,0.06315149366855621
7be11c87-1534-4619-82cd-63f00e31a26b,0.05,0.08,0.061190735548734665
7be11c87-1534-4619-82cd-63f00e31a26b,0.05,0.13,0.07176616787910461
7be11c87-1534-4619-82cd-63f00e31a26b,0.05,0.18000000000000002,0.07166779786348343
7be11c87-1534-4619-82cd-63f00e31a26b,0.05,0.23,0.06684669107198715
7be11c87-1534-4619-82cd-63f00e31a26b,0.1,0.03,0.05489523336291313
7be11c87-1534-4619-82cd-63f00e31a26b,0.1,0.08,0.08366561681032181
7be11c87-1534-4619-82cd-63f00e31a26b,0.1,0.13,0.0743672102689743
7be11c87-1534-4619-82cd-63f00e31a26b,0.1,0.18000000000000002,0.07049274444580078
7be11c87-1534-4619-82cd-63f00e31a26b,0.1,0.23,0.06941810995340347
7be11c87-1534-4619-82cd-63f00e31a26b,0.15000000000000002,0.03,0.04852200299501419
7be11c87-1534-4619-82cd-63f00e31a26b,0.15000000000000002,0.08,0.05927980691194534
7be11c87-1534-4619-82cd-63f00e31a26b,0.15000000000000002,0.13,0.06899873912334442
7be11c87-1534-4619-82cd-63f00e31a26b,0.15000000000000002,0.18000000000000002,0.0699169859290123
7be11c87-1534-4619-82cd-63f00e31a26b,0.15000000000000002,0.23,0.07257530093193054
7be11c87-1534-4619-82cd-63f00e31a26b,0.2,0.03,0.04693365842103958
7be11c87-1534-4619-82cd-63f00e31a26b,0.2,0.08,0.06134709715843201
7be11c87-1534-4619-82cd-63f00e31a26b,0.2,0.13,0.06413070857524872
7be11c87-1534-4619-82cd-63f00e31a26b,0.2,0.18000000000000002,0.06709224730730057
7be11c87-1534-4619-82cd-63f00e31a26b,0.2,0.23,0.06666776537895203
7be11c87-1534-4619-82cd-63f00e31a26b,0.25,0.03,0.0517120361328125
7be11c87-1534-4619-82cd-63f00e31a26b,0.25,0.08,0.05848981440067291
7be11c87-1534-4619-82cd-63f00e31a26b,0.25,0.13,0.06406569480895996
7be11c87-1534-4619-82cd-63f00e31a26b,0.25,0.18000000000000002,0.05798953399062157
7be11c87-1534-4619-82cd-63f00e31a26b,0.25,0.23,0.05872457101941109
7be11c87-1534-4619-82cd-63f00e31a26b,0.30000000000000004,0.03,0.04847239330410957
7be11c87-1534-4619-82cd-63f00e31a26b,0.30000000000000004,0.08,0.060901492834091187
7be11c87-1534-4619-82cd-63f00e31a26b,0.30000000000000004,0.13,0.06092877313494682
7be11c87-1534-4619-82cd-63f00e31a26b,0.30000000000000004,0.18000000000000002,0.06831195950508118
7be11c87-1534-4619-82cd-63f00e31a26b,0.30000000000000004,0.23,0.06965325772762299
7be3bd1f-a1c1-480f-ab85-8e6f02f5c947,0.0,0.03,0.05021243914961815
7be3bd1f-a1c1-480f-ab85-8e6f02f5c947,0.0,0.08,0.05754109099507332
7be3bd1f-a1c1-480f-ab85-8e6f02f5c947,0.0,0.13,0.06478187441825867
7be3bd1f-a1c1-480f-ab85-8e6f02f5c947,0.0,0.18000000000000002,0.0714653730392456
7be3bd1f-a1c1-480f-ab85-8e6f02f5c947,0.0,0.23,0.07404136657714844
7be3bd1f-a1c1-480f-ab85-8e6f02f5c947,0.01,0.03,0.046161945909261703
7be3bd1f-a1c1-480f-ab85-8e6f02f5c947,0.01,0.08,0.061118025332689285
7be3bd1f-a1c1-480f-ab85-8e6f02f5c947,0.01,0.13,0.06567991524934769
7be3bd1f-a1c1-480f-ab85-8e6f02f5c947,0.01,0.18000000000000002,0.06990952789783478
7be3bd1f-a1c1-480f-ab85-8e6f02f5c947,0.01,0.23,0.0720469281077385
7be3bd1f-a1c1-480f-ab85-8e6f02f5c947,0.02,0.03,0.04844603314995766
7be3bd1f-a1c1-480f-ab85-8e6f02f5c947,0.02,0.08,0.05674513429403305
7be3bd1f-a1c1-480f-ab85-8e6f02f5c947,0.02,0.13,0.06632538139820099
7be3bd1f-a1c1-480f-ab85-8e6f02f5c947,0.02,0.18000000000000002,0.07024921476840973
7be3bd1f-a1c1-480f-ab85-8e6f02f5c947,0.02,0.23,0.07215173542499542
7be3bd1f-a1c1-480f-ab85-8e6f02f5c947,0.03,0.03,0.04519375413656235
7be3bd1f-a1c1-480f-ab85-8e6f02f5c947,0.03,0.08,0.061278775334358215
7be3bd1f-a1c1-480f-ab85-8e6f02f5c947,0.03,0.13,0.06627758592367172
7be3bd1f-a1c1-480f-ab85-8e6f02f5c947,0.03,0.18000000000000002,0.07016510516405106
7be3bd1f-a1c1-480f-ab85-8e6f02f5c947,0.03,0.23,0.06949596852064133
7be3bd1f-a1c1-480f-ab85-8e6f02f5c947,0.04,0.03,0.050197117030620575
7be3bd1f-a1c1-480f-ab85-8e6f02f5c947,0.04,0.08,0.06054925546050072
7be3bd1f-a1c1-480f-ab85-8e6f02f5c947,0.05,0.03,0.049304649233818054
7be3bd1f-a1c1-480f-ab85-8e6f02f5c947,0.05,0.08,0.05537119507789612
7be3bd1f-a1c1-480f-ab85-8e6f02f5c947,0.05,0.13,0.06365189701318741
7be3bd1f-a1c1-480f-ab85-8e6f02f5c947,0.05,0.18000000000000002,0.06492665410041809
7be3bd1f-a1c1-480f-ab85-8e6f02f5c947,0.05,0.23,0.06455446034669876
7be3bd1f-a1c1-480f-ab85-8e6f02f5c947,0.1,0.03,0.0489002987742424
7be3bd1f-a1c1-480f-ab85-8e6f02f5c947,0.1,0.08,0.062111884355545044
7be3bd1f-a1c1-480f-ab85-8e6f02f5c947,0.1,0.13,0.06122397631406784
7be3bd1f-a1c1-480f-ab85-8e6f02f5c947,0.1,0.18000000000000002,0.06305369734764099
7be3bd1f-a1c1-480f-ab85-8e6f02f5c947,0.1,0.23,0.07021332532167435
7be3bd1f-a1c1-480f-ab85-8e6f02f5c947,0.15000000000000002,0.03,0.04701225087046623
7be3bd1f-a1c1-480f-ab85-8e6f02f5c947,0.15000000000000002,0.08,0.061576228588819504
7be3bd1f-a1c1-480f-ab85-8e6f02f5c947,0.15000000000000002,0.13,0.0676143690943718
7be3bd1f-a1c1-480f-ab85-8e6f02f5c947,0.15000000000000002,0.18000000000000002,0.07474952936172485
7be3bd1f-a1c1-480f-ab85-8e6f02f5c947,0.15000000000000002,0.23,0.07568440586328506
7be3bd1f-a1c1-480f-ab85-8e6f02f5c947,0.2,0.03,0.05109052360057831
7be3bd1f-a1c1-480f-ab85-8e6f02f5c947,0.2,0.08,0.06874185055494308
7be3bd1f-a1c1-480f-ab85-8e6f02f5c947,0.2,0.13,0.07671070843935013
7be3bd1f-a1c1-480f-ab85-8e6f02f5c947,0.2,0.18000000000000002,0.07829128950834274
7be3bd1f-a1c1-480f-ab85-8e6f02f5c947,0.2,0.23,0.07698484510183334
7be3bd1f-a1c1-480f-ab85-8e6f02f5c947,0.25,0.03,0.04794244095683098
7be3bd1f-a1c1-480f-ab85-8e6f02f5c947,0.25,0.08,0.06466870754957199
7be3bd1f-a1c1-480f-ab85-8e6f02f5c947,0.25,0.13,0.06916538625955582
7be3bd1f-a1c1-480f-ab85-8e6f02f5c947,0.25,0.18000000000000002,0.0687430128455162
7be3bd1f-a1c1-480f-ab85-8e6f02f5c947,0.25,0.23,0.06327304989099503
7be3bd1f-a1c1-480f-ab85-8e6f02f5c947,0.30000000000000004,0.03,0.04931001737713814
7be3bd1f-a1c1-480f-ab85-8e6f02f5c947,0.30000000000000004,0.08,0.058333154767751694
7be3bd1f-a1c1-480f-ab85-8e6f02f5c947,0.30000000000000004,0.13,0.06149477884173393
7be3bd1f-a1c1-480f-ab85-8e6f02f5c947,0.30000000000000004,0.18000000000000002,0.06184682622551918
7be3bd1f-a1c1-480f-ab85-8e6f02f5c947,0.30000000000000004,0.23,0.059628330171108246
7d56978b-4693-441c-9545-92c265d77b6f,0.0,0.03,0.050394207239151
7d56978b-4693-441c-9545-92c265d77b6f,0.0,0.08,0.0679633766412735
7d56978b-4693-441c-9545-92c265d77b6f,0.0,0.13,0.06569910049438477
7d56978b-4693-441c-9545-92c265d77b6f,0.0,0.18000000000000002,0.06769240647554398
7d56978b-4693-441c-9545-92c265d77b6f,0.0,0.23,0.06912761926651001
7d56978b-4693-441c-9545-92c265d77b6f,0.01,0.03,0.054357629269361496
7d56978b-4693-441c-9545-92c265d77b6f,0.01,0.08,0.062016457319259644
7d56978b-4693-441c-9545-92c265d77b6f,0.01,0.13,0.05894697830080986
7d56978b-4693-441c-9545-92c265d77b6f,0.01,0.18000000000000002,0.06743360310792923
7d56978b-4693-441c-9545-92c265d77b6f,0.01,0.23,0.06667996942996979
7d56978b-4693-441c-9545-92c265d77b6f,0.02,0.03,0.05132612586021423
7d56978b-4693-441c-9545-92c265d77b6f,0.02,0.08,0.06041344255208969
7d56978b-4693-441c-9545-92c265d77b6f,0.02,0.13,0.06152872368693352
7d56978b-4693-441c-9545-92c265d77b6f,0.02,0.18000000000000002,0.0642562285065651
7d56978b-4693-441c-9545-92c265d77b6f,0.02,0.23,0.06489159911870956
7d56978b-4693-441c-9545-92c265d77b6f,0.03,0.03,0.05282773822546005
7d56978b-4693-441c-9545-92c265d77b6f,0.03,0.08,0.0595061257481575
7d56978b-4693-441c-9545-92c265d77b6f,0.03,0.13,0.05677931755781174
7d56978b-4693-441c-9545-92c265d77b6f,0.03,0.18000000000000002,0.06439124792814255
7d56978b-4693-441c-9545-92c265d77b6f,0.03,0.23,0.06870842725038528
7d56978b-4693-441c-9545-92c265d77b6f,0.04,0.03,0.04913248494267464
7d56978b-4693-441c-9545-92c265d77b6f,0.04,0.08,0.053457170724868774
7d56978b-4693-441c-9545-92c265d77b6f,0.05,0.03,0.048364147543907166
7d56978b-4693-441c-9545-92c265d77b6f,0.05,0.08,0.055625855922698975
7d56978b-4693-441c-9545-92c265d77b6f,0.05,0.13,0.0645413026213646
7d56978b-4693-441c-9545-92c265d77b6f,0.05,0.18000000000000002,0.06338509172201157
7d56978b-4693-441c-9545-92c265d77b6f,0.05,0.23,0.06510891765356064
7d56978b-4693-441c-9545-92c265d77b6f,0.1,0.03,0.04616457223892212
7d56978b-4693-441c-9545-92c265d77b6f,0.1,0.08,0.06449497491121292
7d56978b-4693-441c-9545-92c265d77b6f,0.1,0.13,0.06325050443410873
7d56978b-4693-441c-9545-92c265d77b6f,0.1,0.18000000000000002,0.06761638075113297
7d56978b-4693-441c-9545-92c265d77b6f,0.1,0.23,0.07534264028072357
7d56978b-4693-441c-9545-92c265d77b6f,0.15000000000000002,0.03,0.04694738611578941
7d56978b-4693-441c-9545-92c265d77b6f,0.15000000000000002,0.08,0.057957738637924194
7d56978b-4693-441c-9545-92c265d77b6f,0.15000000000000002,0.13,0.0672026127576828
7d56978b-4693-441c-9545-92c265d77b6f,0.15000000000000002,0.18000000000000002,0.07149623334407806
7d56978b-4693-441c-9545-92c265d77b6f,0.15000000000000002,0.23,0.08075570315122604
7d56978b-4693-441c-9545-92c265d77b6f,0.2,0.03,0.0451691597700119
7d56978b-4693-441c-9545-92c265d77b6f,0.2,0.08,0.06440979987382889
7d56978b-4693-441c-9545-92c265d77b6f,0.2,0.13,0.0698225349187851
7d56978b-4693-441c-9545-92c265d77b6f,0.2,0.18000000000000002,0.07782097905874252
7d56978b-4693-441c-9545-92c265d77b6f,0.2,0.23,0.08162309974431992
7d56978b-4693-441c-9545-92c265d77b6f,0.25,0.03,0.04620806872844696
7d56978b-4693-441c-9545-92c265d77b6f,0.25,0.08,0.06734753400087357
7d56978b-4693-441c-9545-92c265d77b6f,0.25,0.13,0.07458953559398651
7d56978b-4693-441c-9545-92c265d77b6f,0.25,0.18000000000000002,0.07573238760232925
7d56978b-4693-441c-9545-92c265d77b6f,0.25,0.23,0.07266572117805481
7d56978b-4693-441c-9545-92c265d77b6f,0.30000000000000004,0.03,0.057621296495199203
7d56978b-4693-441c-9545-92c265d77b6f,0.30000000000000004,0.08,0.06392090767621994
7d56978b-4693-441c-9545-92c265d77b6f,0.30000000000000004,0.13,0.0704336017370224
7d56978b-4693-441c-9545-92c265d77b6f,0.30000000000000004,0.18000000000000002,0.06774946302175522
7d56978b-4693-441c-9545-92c265d77b6f,0.30000000000000004,0.23,0.06256356090307236
7dee6ced-2f57-4256-9c5a-313ccff972a6,0.0,0.03,0.0
7dee6ced-2f57-4256-9c5a-313ccff972a6,0.0,0.08,0.0
7dee6ced-2f57-4256-9c5a-313ccff972a6,0.0,0.13,0.0
7dee6ced-2f57-4256-9c5a-313ccff972a6,0.0,0.18000000000000002,0.0
7dee6ced-2f57-4256-9c5a-313ccff972a6,0.0,0.23,0.0
7dee6ced-2f57-4256-9c5a-313ccff972a6,0.01,0.03,0.0
7dee6ced-2f57-4256-9c5a-313ccff972a6,0.01,0.08,0.0
7dee6ced-2f57-4256-9c5a-313ccff972a6,0.01,0.13,0.0
7dee6ced-2f57-4256-9c5a-313ccff972a6,0.01,0.18000000000000002,0.0
7dee6ced-2f57-4256-9c5a-313ccff972a6,0.01,0.23,0.0
7dee6ced-2f57-4256-9c5a-313ccff972a6,0.02,0.03,0.0
7dee6ced-2f57-4256-9c5a-313ccff972a6,0.02,0.08,0.0
7dee6ced-2f57-4256-9c5a-313ccff972a6,0.02,0.13,0.0
7dee6ced-2f57-4256-9c5a-313ccff972a6,0.02,0.18000000000000002,0.0
7dee6ced-2f57-4256-9c5a-313ccff972a6,0.02,0.23,0.0
7dee6ced-2f57-4256-9c5a-313ccff972a6,0.03,0.03,0.0
7dee6ced-2f57-4256-9c5a-313ccff972a6,0.03,0.08,0.0
7dee6ced-2f57-4256-9c5a-313ccff972a6,0.03,0.13,0.0
7dee6ced-2f57-4256-9c5a-313ccff972a6,0.03,0.18000000000000002,0.0
7dee6ced-2f57-4256-9c5a-313ccff972a6,0.03,0.23,0.0
7dee6ced-2f57-4256-9c5a-313ccff972a6,0.04,0.03,0.0
7dee6ced-2f57-4256-9c5a-313ccff972a6,0.04,0.08,0.0
7dee6ced-2f57-4256-9c5a-313ccff972a6,0.05,0.03,0.0
7dee6ced-2f57-4256-9c5a-313ccff972a6,0.05,0.08,0.0
7dee6ced-2f57-4256-9c5a-313ccff972a6,0.05,0.13,0.0
7dee6ced-2f57-4256-9c5a-313ccff972a6,0.05,0.18000000000000002,0.0
7dee6ced-2f57-4256-9c5a-313ccff972a6,0.05,0.23,0.0
7dee6ced-2f57-4256-9c5a-313ccff972a6,0.1,0.03,0.0
7dee6ced-2f57-4256-9c5a-313ccff972a6,0.1,0.08,0.0
7dee6ced-2f57-4256-9c5a-313ccff972a6,0.1,0.13,0.0
7dee6ced-2f57-4256-9c5a-313ccff972a6,0.1,0.18000000000000002,0.0
7dee6ced-2f57-4256-9c5a-313ccff972a6,0.1,0.23,0.0
7dee6ced-2f57-4256-9c5a-313ccff972a6,0.15000000000000002,0.03,0.0
7dee6ced-2f57-4256-9c5a-313ccff972a6,0.15000000000000002,0.08,0.0
7dee6ced-2f57-4256-9c5a-313ccff972a6,0.15000000000000002,0.13,0.0
7dee6ced-2f57-4256-9c5a-313ccff972a6,0.15000000000000002,0.18000000000000002,0.0
7dee6ced-2f57-4256-9c5a-313ccff972a6,0.15000000000000002,0.23,0.0
7dee6ced-2f57-4256-9c5a-313ccff972a6,0.2,0.03,0.0
7dee6ced-2f57-4256-9c5a-313ccff972a6,0.2,0.08,0.0
7dee6ced-2f57-4256-9c5a-313ccff972a6,0.2,0.13,0.0
7dee6ced-2f57-4256-9c5a-313ccff972a6,0.2,0.18000000000000002,0.0
7dee6ced-2f57-4256-9c5a-313ccff972a6,0.2,0.23,0.0
7dee6ced-2f57-4256-9c5a-313ccff972a6,0.25,0.03,0.0
7dee6ced-2f57-4256-9c5a-313ccff972a6,0.25,0.08,0.0
7dee6ced-2f57-4256-9c5a-313ccff972a6,0.25,0.13,0.0
7dee6ced-2f57-4256-9c5a-313ccff972a6,0.25,0.18000000000000002,0.0
7dee6ced-2f57-4256-9c5a-313ccff972a6,0.25,0.23,0.0
7dee6ced-2f57-4256-9c5a-313ccff972a6,0.30000000000000004,0.03,0.0
7dee6ced-2f57-4256-9c5a-313ccff972a6,0.30000000000000004,0.08,0.0
7dee6ced-2f57-4256-9c5a-313ccff972a6,0.30000000000000004,0.13,0.0
7dee6ced-2f57-4256-9c5a-313ccff972a6,0.30000000000000004,0.18000000000000002,0.0
7dee6ced-2f57-4256-9c5a-313ccff972a6,0.30000000000000004,0.23,0.0
7ee83939-c705-4a0b-bb1f-22a2ea2f2103,0.0,0.03,0.05105213820934296
7ee83939-c705-4a0b-bb1f-22a2ea2f2103,0.0,0.08,0.0658351480960846
7ee83939-c705-4a0b-bb1f-22a2ea2f2103,0.0,0.13,0.0684138759970665
7ee83939-c705-4a0b-bb1f-22a2ea2f2103,0.0,0.18000000000000002,0.07036500424146652
7ee83939-c705-4a0b-bb1f-22a2ea2f2103,0.0,0.23,0.07122324407100677
7ee83939-c705-4a0b-bb1f-22a2ea2f2103,0.01,0.03,0.042850837111473083
7ee83939-c705-4a0b-bb1f-22a2ea2f2103,0.01,0.08,0.06563661247491837
7ee83939-c705-4a0b-bb1f-22a2ea2f2103,0.01,0.13,0.07116742432117462
7ee83939-c705-4a0b-bb1f-22a2ea2f2103,0.01,0.18000000000000002,0.06810421496629715
7ee83939-c705-4a0b-bb1f-22a2ea2f2103,0.01,0.23,0.06843003630638123
7ee83939-c705-4a0b-bb1f-22a2ea2f2103,0.02,0.03,0.04556520655751228
7ee83939-c705-4a0b-bb1f-22a2ea2f2103,0.02,0.08,0.06038563326001167
7ee83939-c705-4a0b-bb1f-22a2ea2f2103,0.02,0.13,0.0703156366944313
7ee83939-c705-4a0b-bb1f-22a2ea2f2103,0.02,0.18000000000000002,0.06701762229204178
7ee83939-c705-4a0b-bb1f-22a2ea2f2103,0.02,0.23,0.06733052432537079
7ee83939-c705-4a0b-bb1f-22a2ea2f2103,0.03,0.03,0.05065354332327843
7ee83939-c705-4a0b-bb1f-22a2ea2f2103,0.03,0.08,0.0642797201871872
7ee83939-c705-4a0b-bb1f-22a2ea2f2103,0.03,0.13,0.06414858996868134
7ee83939-c705-4a0b-bb1f-22a2ea2f2103,0.03,0.18000000000000002,0.06559402495622635
7ee83939-c705-4a0b-bb1f-22a2ea2f2103,0.03,0.23,0.06653717160224915
7ee83939-c705-4a0b-bb1f-22a2ea2f2103,0.04,0.03,0.048074379563331604
7ee83939-c705-4a0b-bb1f-22a2ea2f2103,0.04,0.08,0.0700385570526123
7ee83939-c705-4a0b-bb1f-22a2ea2f2103,0.05,0.03,0.04838570952415466
7ee83939-c705-4a0b-bb1f-22a2ea2f2103,0.05,0.08,0.0628623366355896
7ee83939-c705-4a0b-bb1f-22a2ea2f2103,0.05,0.13,0.06388427317142487
7ee83939-c705-4a0b-bb1f-22a2ea2f2103,0.05,0.18000000000000002,0.0665951520204544
7ee83939-c705-4a0b-bb1f-22a2ea2f2103,0.05,0.23,0.06866259127855301
7ee83939-c705-4a0b-bb1f-22a2ea2f2103,0.1,0.03,0.04529591649770737
7ee83939-c705-4a0b-bb1f-22a2ea2f2103,0.1,0.08,0.051270581781864166
7ee83939-c705-4a0b-bb1f-22a2ea2f2103,0.1,0.13,0.06185922771692276
7ee83939-c705-4a0b-bb1f-22a2ea2f2103,0.1,0.18000000000000002,0.06397442519664764
7ee83939-c705-4a0b-bb1f-22a2ea2f2103,0.1,0.23,0.06617268919944763
7ee83939-c705-4a0b-bb1f-22a2ea2f2103,0.15000000000000002,0.03,0.044758252799510956
7ee83939-c705-4a0b-bb1f-22a2ea2f2103,0.15000000000000002,0.08,0.06383116543292999
7ee83939-c705-4a0b-bb1f-22a2ea2f2103,0.15000000000000002,0.13,0.06298133730888367
7ee83939-c705-4a0b-bb1f-22a2ea2f2103,0.15000000000000002,0.18000000000000002,0.06170405447483063
7ee83939-c705-4a0b-bb1f-22a2ea2f2103,0.15000000000000002,0.23,0.06769607216119766
7ee83939-c705-4a0b-bb1f-22a2ea2f2103,0.2,0.03,0.048191722482442856
7ee83939-c705-4a0b-bb1f-22a2ea2f2103,0.2,0.08,0.061293765902519226
7ee83939-c705-4a0b-bb1f-22a2ea2f2103,0.2,0.13,0.06396704167127609
7ee83939-c705-4a0b-bb1f-22a2ea2f2103,0.2,0.18000000000000002,0.06804519891738892
7ee83939-c705-4a0b-bb1f-22a2ea2f2103,0.2,0.23,0.06605928391218185
7ee83939-c705-4a0b-bb1f-22a2ea2f2103,0.25,0.03,0.045715246349573135
7ee83939-c705-4a0b-bb1f-22a2ea2f2103,0.25,0.08,0.05930948629975319
7ee83939-c705-4a0b-bb1f-22a2ea2f2103,0.25,0.13,0.06170530989766121
7ee83939-c705-4a0b-bb1f-22a2ea2f2103,0.25,0.18000000000000002,0.06804288178682327
7ee83939-c705-4a0b-bb1f-22a2ea2f2103,0.25,0.23,0.06457457691431046
7ee83939-c705-4a0b-bb1f-22a2ea2f2103,0.30000000000000004,0.03,0.04364790767431259
7ee83939-c705-4a0b-bb1f-22a2ea2f2103,0.30000000000000004,0.08,0.061259351670742035
7ee83939-c705-4a0b-bb1f-22a2ea2f2103,0.30000000000000004,0.13,0.06630197912454605
7ee83939-c705-4a0b-bb1f-22a2ea2f2103,0.30000000000000004,0.18000000000000002,0.06334402412176132
7ee83939-c705-4a0b-bb1f-22a2ea2f2103,0.30000000000000004,0.23,0.0639306902885437
7f3431f9-26f0-4b89-b651-c3224cc36d3b,0.0,0.03,0.05642969161272049
7f3431f9-26f0-4b89-b651-c3224cc36d3b,0.0,0.08,0.059608351439237595
7f3431f9-26f0-4b89-b651-c3224cc36d3b,0.0,0.13,0.06254739314317703
7f3431f9-26f0-4b89-b651-c3224cc36d3b,0.0,0.18000000000000002,0.0651499330997467
7f3431f9-26f0-4b89-b651-c3224cc36d3b,0.0,0.23,0.05960221216082573
7f3431f9-26f0-4b89-b651-c3224cc36d3b,0.01,0.03,0.04874364286661148
7f3431f9-26f0-4b89-b651-c3224cc36d3b,0.01,0.08,0.06873034685850143
7f3431f9-26f0-4b89-b651-c3224cc36d3b,0.01,0.13,0.06096016988158226
7f3431f9-26f0-4b89-b651-c3224cc36d3b,0.01,0.18000000000000002,0.06697186827659607
7f3431f9-26f0-4b89-b651-c3224cc36d3b,0.01,0.23,0.06534527987241745
7f3431f9-26f0-4b89-b651-c3224cc36d3b,0.02,0.03,0.04691384732723236
7f3431f9-26f0-4b89-b651-c3224cc36d3b,0.02,0.08,0.061270106583833694
7f3431f9-26f0-4b89-b651-c3224cc36d3b,0.02,0.13,0.06044746935367584
7f3431f9-26f0-4b89-b651-c3224cc36d3b,0.02,0.18000000000000002,0.060877475887537
7f3431f9-26f0-4b89-b651-c3224cc36d3b,0.02,0.23,0.06213188171386719
7f3431f9-26f0-4b89-b651-c3224cc36d3b,0.03,0.03,0.050726793706417084
7f3431f9-26f0-4b89-b651-c3224cc36d3b,0.03,0.08,0.059620749205350876
7f3431f9-26f0-4b89-b651-c3224cc36d3b,0.03,0.13,0.06255819648504257
7f3431f9-26f0-4b89-b651-c3224cc36d3b,0.03,0.18000000000000002,0.06540174782276154
7f3431f9-26f0-4b89-b651-c3224cc36d3b,0.03,0.23,0.06319012492895126
7f3431f9-26f0-4b89-b651-c3224cc36d3b,0.04,0.03,0.05886564403772354
7f3431f9-26f0-4b89-b651-c3224cc36d3b,0.04,0.08,0.05746448040008545
7f3431f9-26f0-4b89-b651-c3224cc36d3b,0.05,0.03,0.06059896945953369
7f3431f9-26f0-4b89-b651-c3224cc36d3b,0.05,0.08,0.05881282687187195
7f3431f9-26f0-4b89-b651-c3224cc36d3b,0.05,0.13,0.060181181877851486
7f3431f9-26f0-4b89-b651-c3224cc36d3b,0.05,0.18000000000000002,0.06871818751096725
7f3431f9-26f0-4b89-b651-c3224cc36d3b,0.05,0.23,0.06483206897974014
7f3431f9-26f0-4b89-b651-c3224cc36d3b,0.1,0.03,0.05164983868598938
7f3431f9-26f0-4b89-b651-c3224cc36d3b,0.1,0.08,0.05303259193897247
7f3431f9-26f0-4b89-b651-c3224cc36d3b,0.1,0.13,0.07679978758096695
7f3431f9-26f0-4b89-b651-c3224cc36d3b,0.1,0.18000000000000002,0.07326065748929977
7f3431f9-26f0-4b89-b651-c3224cc36d3b,0.1,0.23,0.06354188174009323
7f3431f9-26f0-4b89-b651-c3224cc36d3b,0.15000000000000002,0.03,0.05511048808693886
7f3431f9-26f0-4b89-b651-c3224cc36d3b,0.15000000000000002,0.08,0.07792194187641144
7f3431f9-26f0-4b89-b651-c3224cc36d3b,0.15000000000000002,0.13,0.07108757644891739
7f3431f9-26f0-4b89-b651-c3224cc36d3b,0.15000000000000002,0.18000000000000002,0.057886648923158646
7f3431f9-26f0-4b89-b651-c3224cc36d3b,0.15000000000000002,0.23,0.057130422443151474
7f3431f9-26f0-4b89-b651-c3224cc36d3b,0.2,0.03,0.07228416949510574
7f3431f9-26f0-4b89-b651-c3224cc36d3b,0.2,0.08,0.0806732177734375
7f3431f9-26f0-4b89-b651-c3224cc36d3b,0.2,0.13,0.06388725340366364
7f3431f9-26f0-4b89-b651-c3224cc36d3b,0.2,0.18000000000000002,0.06273844838142395
7f3431f9-26f0-4b89-b651-c3224cc36d3b,0.2,0.23,0.06019256263971329
7f3431f9-26f0-4b89-b651-c3224cc36d3b,0.25,0.03,0.060588471591472626
7f3431f9-26f0-4b89-b651-c3224cc36d3b,0.25,0.08,0.06457316130399704
7f3431f9-26f0-4b89-b651-c3224cc36d3b,0.25,0.13,0.062023505568504333
7f3431f9-26f0-4b89-b651-c3224cc36d3b,0.25,0.18000000000000002,0.0580327995121479
7f3431f9-26f0-4b89-b651-c3224cc36d3b,0.25,0.23,0.0595208965241909
7f3431f9-26f0-4b89-b651-c3224cc36d3b,0.30000000000000004,0.03,0.04907632991671562
7f3431f9-26f0-4b89-b651-c3224cc36d3b,0.30000000000000004,0.08,0.05693742632865906
7f3431f9-26f0-4b89-b651-c3224cc36d3b,0.30000000000000004,0.13,0.06708792597055435
7f3431f9-26f0-4b89-b651-c3224cc36d3b,0.30000000000000004,0.18000000000000002,0.06149426847696304
7f3431f9-26f0-4b89-b651-c3224cc36d3b,0.30000000000000004,0.23,0.06366342306137085
7f5d9b66-0153-49a0-a43e-b5f940858515,0.0,0.03,0.04971851408481598
7f5d9b66-0153-49a0-a43e-b5f940858515,0.0,0.08,0.06367231160402298
7f5d9b66-0153-49a0-a43e-b5f940858515,0.0,0.13,0.06943179666996002
7f5d9b66-0153-49a0-a43e-b5f940858515,0.0,0.18000000000000002,0.07205352932214737
7f5d9b66-0153-49a0-a43e-b5f940858515,0.0,0.23,0.07391557842493057
7f5d9b66-0153-49a0-a43e-b5f940858515,0.01,0.03,0.050539325922727585
7f5d9b66-0153-49a0-a43e-b5f940858515,0.01,0.08,0.07152964919805527
7f5d9b66-0153-49a0-a43e-b5f940858515,0.01,0.13,0.0692467987537384
7f5d9b66-0153-49a0-a43e-b5f940858515,0.01,0.18000000000000002,0.06938724964857101
7f5d9b66-0153-49a0-a43e-b5f940858515,0.01,0.23,0.07243967801332474
7f5d9b66-0153-49a0-a43e-b5f940858515,0.02,0.03,0.04814609885215759
7f5d9b66-0153-49a0-a43e-b5f940858515,0.02,0.08,0.0631936714053154
7f5d9b66-0153-49a0-a43e-b5f940858515,0.02,0.13,0.06592442095279694
7f5d9b66-0153-49a0-a43e-b5f940858515,0.02,0.18000000000000002,0.06603840738534927
7f5d9b66-0153-49a0-a43e-b5f940858515,0.02,0.23,0.06877024471759796
7f5d9b66-0153-49a0-a43e-b5f940858515,0.03,0.03,0.04718104004859924
7f5d9b66-0153-49a0-a43e-b5f940858515,0.03,0.08,0.06229756027460098
7f5d9b66-0153-49a0-a43e-b5f940858515,0.03,0.13,0.06291810423135757
7f5d9b66-0153-49a0-a43e-b5f940858515,0.03,0.18000000000000002,0.06510479003190994
7f5d9b66-0153-49a0-a43e-b5f940858515,0.03,0.23,0.0695602297782898
7f5d9b66-0153-49a0-a43e-b5f940858515,0.04,0.03,0.049736183136701584
7f5d9b66-0153-49a0-a43e-b5f940858515,0.04,0.08,0.06323829293251038
7f5d9b66-0153-49a0-a43e-b5f940858515,0.05,0.03,0.049350813031196594
7f5d9b66-0153-49a0-a43e-b5f940858515,0.05,0.08,0.058711882680654526
7f5d9b66-0153-49a0-a43e-b5f940858515,0.05,0.13,0.06060699000954628
7f5d9b66-0153-49a0-a43e-b5f940858515,0.05,0.18000000000000002,0.062132254242897034
7f5d9b66-0153-49a0-a43e-b5f940858515,0.05,0.23,0.06612063944339752
7f5d9b66-0153-49a0-a43e-b5f940858515,0.1,0.03,0.04805123433470726
7f5d9b66-0153-49a0-a43e-b5f940858515,0.1,0.08,0.05809992551803589
7f5d9b66-0153-49a0-a43e-b5f940858515,0.1,0.13,0.061552993953228
7f5d9b66-0153-49a0-a43e-b5f940858515,0.1,0.18000000000000002,0.06683150678873062
7f5d9b66-0153-49a0-a43e-b5f940858515,0.1,0.23,0.06478103250265121
7f5d9b66-0153-49a0-a43e-b5f940858515,0.15000000000000002,0.03,0.050623372197151184
7f5d9b66-0153-49a0-a43e-b5f940858515,0.15000000000000002,0.08,0.06098635867238045
7f5d9b66-0153-49a0-a43e-b5f940858515,0.15000000000000002,0.13,0.07186751812696457
7f5d9b66-0153-49a0-a43e-b5f940858515,0.15000000000000002,0.18000000000000002,0.06862066686153412
7f5d9b66-0153-49a0-a43e-b5f940858515,0.15000000000000002,0.23,0.06747429817914963
7f5d9b66-0153-49a0-a43e-b5f940858515,0.2,0.03,0.04887896031141281
7f5d9b66-0153-49a0-a43e-b5f940858515,0.2,0.08,0.0615287683904171
7f5d9b66-0153-49a0-a43e-b5f940858515,0.2,0.13,0.07189147174358368
7f5d9b66-0153-49a0-a43e-b5f940858515,0.2,0.18000000000000002,0.066676065325737
7f5d9b66-0153-49a0-a43e-b5f940858515,0.2,0.23,0.06665631383657455
7f5d9b66-0153-49a0-a43e-b5f940858515,0.25,0.03,0.04887472838163376
7f5d9b66-0153-49a0-a43e-b5f940858515,0.25,0.08,0.06694754213094711
7f5d9b66-0153-49a0-a43e-b5f940858515,0.25,0.13,0.0613381527364254
7f5d9b66-0153-49a0-a43e-b5f940858515,0.25,0.18000000000000002,0.06470564752817154
7f5d9b66-0153-49a0-a43e-b5f940858515,0.25,0.23,0.06599479913711548
7f5d9b66-0153-49a0-a43e-b5f940858515,0.30000000000000004,0.03,0.04935181513428688
7f5d9b66-0153-49a0-a43e-b5f940858515,0.30000000000000004,0.08,0.06761664152145386
7f5d9b66-0153-49a0-a43e-b5f940858515,0.30000000000000004,0.13,0.06841497868299484
7f5d9b66-0153-49a0-a43e-b5f940858515,0.30000000000000004,0.18000000000000002,0.06769239157438278
7f5d9b66-0153-49a0-a43e-b5f940858515,0.30000000000000004,0.23,0.07103332877159119
7f6c09d7-ff84-47f2-9839-16e7c379a2df,0.0,0.03,0.04525507241487503
7f6c09d7-ff84-47f2-9839-16e7c379a2df,0.0,0.08,0.05387603119015694
7f6c09d7-ff84-47f2-9839-16e7c379a2df,0.0,0.13,0.06458812952041626
7f6c09d7-ff84-47f2-9839-16e7c379a2df,0.0,0.18000000000000002,0.07139259576797485
7f6c09d7-ff84-47f2-9839-16e7c379a2df,0.0,0.23,0.07206523418426514
7f6c09d7-ff84-47f2-9839-16e7c379a2df,0.01,0.03,0.051355261355638504
7f6c09d7-ff84-47f2-9839-16e7c379a2df,0.01,0.08,0.055406298488378525
7f6c09d7-ff84-47f2-9839-16e7c379a2df,0.01,0.13,0.06581906974315643
7f6c09d7-ff84-47f2-9839-16e7c379a2df,0.01,0.18000000000000002,0.07340578734874725
7f6c09d7-ff84-47f2-9839-16e7c379a2df,0.01,0.23,0.07759473472833633
7f6c09d7-ff84-47f2-9839-16e7c379a2df,0.02,0.03,0.045417483896017075
7f6c09d7-ff84-47f2-9839-16e7c379a2df,0.02,0.08,0.05775993689894676
7f6c09d7-ff84-47f2-9839-16e7c379a2df,0.02,0.13,0.07385274022817612
7f6c09d7-ff84-47f2-9839-16e7c379a2df,0.02,0.18000000000000002,0.07309161126613617
7f6c09d7-ff84-47f2-9839-16e7c379a2df,0.02,0.23,0.08061277866363525
7f6c09d7-ff84-47f2-9839-16e7c379a2df,0.03,0.03,0.04867425933480263
7f6c09d7-ff84-47f2-9839-16e7c379a2df,0.03,0.08,0.05600519850850105
7f6c09d7-ff84-47f2-9839-16e7c379a2df,0.03,0.13,0.06705605983734131
7f6c09d7-ff84-47f2-9839-16e7c379a2df,0.03,0.18000000000000002,0.07206479460000992
7f6c09d7-ff84-47f2-9839-16e7c379a2df,0.03,0.23,0.07761473953723907
7f6c09d7-ff84-47f2-9839-16e7c379a2df,0.04,0.03,0.05457105487585068
7f6c09d7-ff84-47f2-9839-16e7c379a2df,0.04,0.08,0.05985123664140701
7f6c09d7-ff84-47f2-9839-16e7c379a2df,0.05,0.03,0.04286070540547371
7f6c09d7-ff84-47f2-9839-16e7c379a2df,0.05,0.08,0.060739923268556595
7f6c09d7-ff84-47f2-9839-16e7c379a2df,0.05,0.13,0.07313530892133713
7f6c09d7-ff84-47f2-9839-16e7c379a2df,0.05,0.18000000000000002,0.07378088682889938
7f6c09d7-ff84-47f2-9839-16e7c379a2df,0.05,0.23,0.08228641003370285
7f6c09d7-ff84-47f2-9839-16e7c379a2df,0.1,0.03,0.04976958408951759
7f6c09d7-ff84-47f2-9839-16e7c379a2df,0.1,0.08,0.06740344315767288
7f6c09d7-ff84-47f2-9839-16e7c379a2df,0.1,0.13,0.071779265999794
7f6c09d7-ff84-47f2-9839-16e7c379a2df,0.1,0.18000000000000002,0.074455127120018
7f6c09d7-ff84-47f2-9839-16e7c379a2df,0.1,0.23,0.07436071336269379
7f6c09d7-ff84-47f2-9839-16e7c379a2df,0.15000000000000002,0.03,0.05026523023843765
7f6c09d7-ff84-47f2-9839-16e7c379a2df,0.15000000000000002,0.08,0.06068398058414459
7f6c09d7-ff84-47f2-9839-16e7c379a2df,0.15000000000000002,0.13,0.07006454467773438
7f6c09d7-ff84-47f2-9839-16e7c379a2df,0.15000000000000002,0.18000000000000002,0.071057990193367
7f6c09d7-ff84-47f2-9839-16e7c379a2df,0.15000000000000002,0.23,0.06279750168323517
7f6c09d7-ff84-47f2-9839-16e7c379a2df,0.2,0.03,0.05037364736199379
7f6c09d7-ff84-47f2-9839-16e7c379a2df,0.2,0.08,0.06847705692052841
7f6c09d7-ff84-47f2-9839-16e7c379a2df,0.2,0.13,0.07508288323879242
7f6c09d7-ff84-47f2-9839-16e7c379a2df,0.2,0.18000000000000002,0.061048202216625214
7f6c09d7-ff84-47f2-9839-16e7c379a2df,0.2,0.23,0.06309930235147476
7f6c09d7-ff84-47f2-9839-16e7c379a2df,0.25,0.03,0.051945190876722336
7f6c09d7-ff84-47f2-9839-16e7c379a2df,0.25,0.08,0.0564156211912632
7f6c09d7-ff84-47f2-9839-16e7c379a2df,0.25,0.13,0.05539771914482117
7f6c09d7-ff84-47f2-9839-16e7c379a2df,0.25,0.18000000000000002,0.06132577359676361
7f6c09d7-ff84-47f2-9839-16e7c379a2df,0.25,0.23,0.07151100784540176
7f6c09d7-ff84-47f2-9839-16e7c379a2df,0.30000000000000004,0.03,0.05388090759515762
7f6c09d7-ff84-47f2-9839-16e7c379a2df,0.30000000000000004,0.08,0.05975453183054924
7f6c09d7-ff84-47f2-9839-16e7c379a2df,0.30000000000000004,0.13,0.06193595007061958
7f6c09d7-ff84-47f2-9839-16e7c379a2df,0.30000000000000004,0.18000000000000002,0.0687350332736969
7f6c09d7-ff84-47f2-9839-16e7c379a2df,0.30000000000000004,0.23,0.07766710966825485
7fab91e6-5dcc-4515-b380-8fe776184710,0.0,0.03,0.0
7fab91e6-5dcc-4515-b380-8fe776184710,0.0,0.08,0.0
7fab91e6-5dcc-4515-b380-8fe776184710,0.0,0.13,0.0
7fab91e6-5dcc-4515-b380-8fe776184710,0.0,0.18000000000000002,0.0
7fab91e6-5dcc-4515-b380-8fe776184710,0.0,0.23,0.0
7fab91e6-5dcc-4515-b380-8fe776184710,0.01,0.03,0.0
7fab91e6-5dcc-4515-b380-8fe776184710,0.01,0.08,0.0
7fab91e6-5dcc-4515-b380-8fe776184710,0.01,0.13,0.0
7fab91e6-5dcc-4515-b380-8fe776184710,0.01,0.18000000000000002,0.0
7fab91e6-5dcc-4515-b380-8fe776184710,0.01,0.23,0.0
7fab91e6-5dcc-4515-b380-8fe776184710,0.02,0.03,0.0
7fab91e6-5dcc-4515-b380-8fe776184710,0.02,0.08,0.0
7fab91e6-5dcc-4515-b380-8fe776184710,0.02,0.13,0.0
7fab91e6-5dcc-4515-b380-8fe776184710,0.02,0.18000000000000002,0.0
7fab91e6-5dcc-4515-b380-8fe776184710,0.02,0.23,0.0
7fab91e6-5dcc-4515-b380-8fe776184710,0.03,0.03,0.0
7fab91e6-5dcc-4515-b380-8fe776184710,0.03,0.08,0.0
7fab91e6-5dcc-4515-b380-8fe776184710,0.03,0.13,0.0
7fab91e6-5dcc-4515-b380-8fe776184710,0.03,0.18000000000000002,0.0
7fab91e6-5dcc-4515-b380-8fe776184710,0.03,0.23,0.0
7fab91e6-5dcc-4515-b380-8fe776184710,0.04,0.03,0.0
7fab91e6-5dcc-4515-b380-8fe776184710,0.04,0.08,0.0
7fab91e6-5dcc-4515-b380-8fe776184710,0.05,0.03,0.0
7fab91e6-5dcc-4515-b380-8fe776184710,0.05,0.08,0.0
7fab91e6-5dcc-4515-b380-8fe776184710,0.05,0.13,0.0
7fab91e6-5dcc-4515-b380-8fe776184710,0.05,0.18000000000000002,0.0
7fab91e6-5dcc-4515-b380-8fe776184710,0.05,0.23,0.0
7fab91e6-5dcc-4515-b380-8fe776184710,0.1,0.03,0.0
7fab91e6-5dcc-4515-b380-8fe776184710,0.1,0.08,0.0
7fab91e6-5dcc-4515-b380-8fe776184710,0.1,0.13,0.0
7fab91e6-5dcc-4515-b380-8fe776184710,0.1,0.18000000000000002,0.0
7fab91e6-5dcc-4515-b380-8fe776184710,0.1,0.23,0.0
7fab91e6-5dcc-4515-b380-8fe776184710,0.15000000000000002,0.03,0.0
7fab91e6-5dcc-4515-b380-8fe776184710,0.15000000000000002,0.08,0.0
7fab91e6-5dcc-4515-b380-8fe776184710,0.15000000000000002,0.13,0.0
7fab91e6-5dcc-4515-b380-8fe776184710,0.15000000000000002,0.18000000000000002,0.0
7fab91e6-5dcc-4515-b380-8fe776184710,0.15000000000000002,0.23,0.0
7fab91e6-5dcc-4515-b380-8fe776184710,0.2,0.03,0.0
7fab91e6-5dcc-4515-b380-8fe776184710,0.2,0.08,0.0
7fab91e6-5dcc-4515-b380-8fe776184710,0.2,0.13,0.0
7fab91e6-5dcc-4515-b380-8fe776184710,0.2,0.18000000000000002,0.0
7fab91e6-5dcc-4515-b380-8fe776184710,0.2,0.23,0.0
7fab91e6-5dcc-4515-b380-8fe776184710,0.25,0.03,0.0
7fab91e6-5dcc-4515-b380-8fe776184710,0.25,0.08,0.0
7fab91e6-5dcc-4515-b380-8fe776184710,0.25,0.13,0.0
7fab91e6-5dcc-4515-b380-8fe776184710,0.25,0.18000000000000002,0.0
7fab91e6-5dcc-4515-b380-8fe776184710,0.25,0.23,0.0
7fab91e6-5dcc-4515-b380-8fe776184710,0.30000000000000004,0.03,0.0
7fab91e6-5dcc-4515-b380-8fe776184710,0.30000000000000004,0.08,0.0
7fab91e6-5dcc-4515-b380-8fe776184710,0.30000000000000004,0.13,0.0
7fab91e6-5dcc-4515-b380-8fe776184710,0.30000000000000004,0.18000000000000002,0.0
7fab91e6-5dcc-4515-b380-8fe776184710,0.30000000000000004,0.23,0.0
80a77dd5-ae17-4ca1-890f-cc1d13f97ece,0.0,0.03,0.046742748469114304
80a77dd5-ae17-4ca1-890f-cc1d13f97ece,0.0,0.08,0.06984289735555649
80a77dd5-ae17-4ca1-890f-cc1d13f97ece,0.0,0.13,0.07530300319194794
80a77dd5-ae17-4ca1-890f-cc1d13f97ece,0.0,0.18000000000000002,0.07664516568183899
80a77dd5-ae17-4ca1-890f-cc1d13f97ece,0.0,0.23,0.07709961384534836
80a77dd5-ae17-4ca1-890f-cc1d13f97ece,0.01,0.03,0.05602293834090233
80a77dd5-ae17-4ca1-890f-cc1d13f97ece,0.01,0.08,0.07424959540367126
80a77dd5-ae17-4ca1-890f-cc1d13f97ece,0.01,0.13,0.0778963565826416
80a77dd5-ae17-4ca1-890f-cc1d13f97ece,0.01,0.18000000000000002,0.08086039870977402
80a77dd5-ae17-4ca1-890f-cc1d13f97ece,0.01,0.23,0.07643233239650726
80a77dd5-ae17-4ca1-890f-cc1d13f97ece,0.02,0.03,0.05444197356700897
80a77dd5-ae17-4ca1-890f-cc1d13f97ece,0.02,0.08,0.0765012800693512
80a77dd5-ae17-4ca1-890f-cc1d13f97ece,0.02,0.13,0.08279632776975632
80a77dd5-ae17-4ca1-890f-cc1d13f97ece,0.02,0.18000000000000002,0.07813316583633423
80a77dd5-ae17-4ca1-890f-cc1d13f97ece,0.02,0.23,0.07601884007453918
80a77dd5-ae17-4ca1-890f-cc1d13f97ece,0.03,0.03,0.04748034477233887
80a77dd5-ae17-4ca1-890f-cc1d13f97ece,0.03,0.08,0.07756233215332031
80a77dd5-ae17-4ca1-890f-cc1d13f97ece,0.03,0.13,0.07660967111587524
80a77dd5-ae17-4ca1-890f-cc1d13f97ece,0.03,0.18000000000000002,0.07357589900493622
80a77dd5-ae17-4ca1-890f-cc1d13f97ece,0.03,0.23,0.07486875355243683
80a77dd5-ae17-4ca1-890f-cc1d13f97ece,0.04,0.03,0.05324500799179077
80a77dd5-ae17-4ca1-890f-cc1d13f97ece,0.04,0.08,0.07458969205617905
80a77dd5-ae17-4ca1-890f-cc1d13f97ece,0.05,0.03,0.059476129710674286
80a77dd5-ae17-4ca1-890f-cc1d13f97ece,0.05,0.08,0.06859810650348663
80a77dd5-ae17-4ca1-890f-cc1d13f97ece,0.05,0.13,0.0686822235584259
80a77dd5-ae17-4ca1-890f-cc1d13f97ece,0.05,0.18000000000000002,0.06928751617670059
80a77dd5-ae17-4ca1-890f-cc1d13f97ece,0.05,0.23,0.07109445333480835
80a77dd5-ae17-4ca1-890f-cc1d13f97ece,0.1,0.03,0.0464671365916729
80a77dd5-ae17-4ca1-890f-cc1d13f97ece,0.1,0.08,0.05378658324480057
80a77dd5-ae17-4ca1-890f-cc1d13f97ece,0.1,0.13,0.05939619615674019
80a77dd5-ae17-4ca1-890f-cc1d13f97ece,0.1,0.18000000000000002,0.06480048596858978
80a77dd5-ae17-4ca1-890f-cc1d13f97ece,0.1,0.23,0.06429795175790787
80a77dd5-ae17-4ca1-890f-cc1d13f97ece,0.15000000000000002,0.03,0.04974513128399849
80a77dd5-ae17-4ca1-890f-cc1d13f97ece,0.15000000000000002,0.08,0.05636563524603844
80a77dd5-ae17-4ca1-890f-cc1d13f97ece,0.15000000000000002,0.13,0.06058299541473389
80a77dd5-ae17-4ca1-890f-cc1d13f97ece,0.15000000000000002,0.18000000000000002,0.06180835887789726
80a77dd5-ae17-4ca1-890f-cc1d13f97ece,0.15000000000000002,0.23,0.06556686758995056
80a77dd5-ae17-4ca1-890f-cc1d13f97ece,0.2,0.03,0.049598272889852524
80a77dd5-ae17-4ca1-890f-cc1d13f97ece,0.2,0.08,0.06636006385087967
80a77dd5-ae17-4ca1-890f-cc1d13f97ece,0.2,0.13,0.06306891143321991
80a77dd5-ae17-4ca1-890f-cc1d13f97ece,0.2,0.18000000000000002,0.061333633959293365
80a77dd5-ae17-4ca1-890f-cc1d13f97ece,0.2,0.23,0.06780337542295456
80a77dd5-ae17-4ca1-890f-cc1d13f97ece,0.25,0.03,0.050823308527469635
80a77dd5-ae17-4ca1-890f-cc1d13f97ece,0.25,0.08,0.05390319973230362
80a77dd5-ae17-4ca1-890f-cc1d13f97ece,0.25,0.13,0.06231912970542908
80a77dd5-ae17-4ca1-890f-cc1d13f97ece,0.25,0.18000000000000002,0.06450124084949493
80a77dd5-ae17-4ca1-890f-cc1d13f97ece,0.25,0.23,0.0732419565320015
80a77dd5-ae17-4ca1-890f-cc1d13f97ece,0.30000000000000004,0.03,0.04749725013971329
80a77dd5-ae17-4ca1-890f-cc1d13f97ece,0.30000000000000004,0.08,0.05250384286046028
80a77dd5-ae17-4ca1-890f-cc1d13f97ece,0.30000000000000004,0.13,0.05559873580932617
80a77dd5-ae17-4ca1-890f-cc1d13f97ece,0.30000000000000004,0.18000000000000002,0.06711669266223907
80a77dd5-ae17-4ca1-890f-cc1d13f97ece,0.30000000000000004,0.23,0.06844490766525269
80e31a1c-d36c-474f-bbfe-691ecc14ee22,0.0,0.03,0.04782184213399887
80e31a1c-d36c-474f-bbfe-691ecc14ee22,0.0,0.08,0.06178226321935654
80e31a1c-d36c-474f-bbfe-691ecc14ee22,0.0,0.13,0.07803051918745041
80e31a1c-d36c-474f-bbfe-691ecc14ee22,0.0,0.18000000000000002,0.09525921195745468
80e31a1c-d36c-474f-bbfe-691ecc14ee22,0.0,0.23,0.09129191190004349
80e31a1c-d36c-474f-bbfe-691ecc14ee22,0.01,0.03,0.04838194698095322
80e31a1c-d36c-474f-bbfe-691ecc14ee22,0.01,0.08,0.06883761286735535
80e31a1c-d36c-474f-bbfe-691ecc14ee22,0.01,0.13,0.08016955107450485
80e31a1c-d36c-474f-bbfe-691ecc14ee22,0.01,0.18000000000000002,0.09085974097251892
80e31a1c-d36c-474f-bbfe-691ecc14ee22,0.01,0.23,0.08727305382490158
80e31a1c-d36c-474f-bbfe-691ecc14ee22,0.02,0.03,0.04667803645133972
80e31a1c-d36c-474f-bbfe-691ecc14ee22,0.02,0.08,0.0700378492474556
80e31a1c-d36c-474f-bbfe-691ecc14ee22,0.02,0.13,0.08555149286985397
80e31a1c-d36c-474f-bbfe-691ecc14ee22,0.02,0.18000000000000002,0.09181685000658035
80e31a1c-d36c-474f-bbfe-691ecc14ee22,0.02,0.23,0.08080169558525085
80e31a1c-d36c-474f-bbfe-691ecc14ee22,0.03,0.03,0.053321704268455505
80e31a1c-d36c-474f-bbfe-691ecc14ee22,0.03,0.08,0.06539134681224823
80e31a1c-d36c-474f-bbfe-691ecc14ee22,0.03,0.13,0.08370283246040344
80e31a1c-d36c-474f-bbfe-691ecc14ee22,0.03,0.18000000000000002,0.08735489845275879
80e31a1c-d36c-474f-bbfe-691ecc14ee22,0.03,0.23,0.07757608592510223
80e31a1c-d36c-474f-bbfe-691ecc14ee22,0.04,0.03,0.04651929810643196
80e31a1c-d36c-474f-bbfe-691ecc14ee22,0.04,0.08,0.07007617503404617
80e31a1c-d36c-474f-bbfe-691ecc14ee22,0.05,0.03,0.0522783137857914
80e31a1c-d36c-474f-bbfe-691ecc14ee22,0.05,0.08,0.0657259002327919
80e31a1c-d36c-474f-bbfe-691ecc14ee22,0.05,0.13,0.08741087466478348
80e31a1c-d36c-474f-bbfe-691ecc14ee22,0.05,0.18000000000000002,0.08491749316453934
80e31a1c-d36c-474f-bbfe-691ecc14ee22,0.05,0.23,0.07161940634250641
80e31a1c-d36c-474f-bbfe-691ecc14ee22,0.1,0.03,0.05224039778113365
80e31a1c-d36c-474f-bbfe-691ecc14ee22,0.1,0.08,0.08107520639896393
80e31a1c-d36c-474f-bbfe-691ecc14ee22,0.1,0.13,0.07758251577615738
80e31a1c-d36c-474f-bbfe-691ecc14ee22,0.1,0.18000000000000002,0.06402622908353806
80e31a1c-d36c-474f-bbfe-691ecc14ee22,0.1,0.23,0.07279586046934128
80e31a1c-d36c-474f-bbfe-691ecc14ee22,0.15000000000000002,0.03,0.05173768848180771
80e31a1c-d36c-474f-bbfe-691ecc14ee22,0.15000000000000002,0.08,0.053008172661066055
80e31a1c-d36c-474f-bbfe-691ecc14ee22,0.15000000000000002,0.13,0.060018349438905716
80e31a1c-d36c-474f-bbfe-691ecc14ee22,0.15000000000000002,0.18000000000000002,0.07086586952209473
80e31a1c-d36c-474f-bbfe-691ecc14ee22,0.15000000000000002,0.23,0.07424311339855194
80e31a1c-d36c-474f-bbfe-691ecc14ee22,0.2,0.03,0.04639635235071182
80e31a1c-d36c-474f-bbfe-691ecc14ee22,0.2,0.08,0.05774810537695885
80e31a1c-d36c-474f-bbfe-691ecc14ee22,0.2,0.13,0.06742924451828003
80e31a1c-d36c-474f-bbfe-691ecc14ee22,0.2,0.18000000000000002,0.07069940119981766
80e31a1c-d36c-474f-bbfe-691ecc14ee22,0.2,0.23,0.07509908080101013
80e31a1c-d36c-474f-bbfe-691ecc14ee22,0.25,0.03,0.0468439906835556
80e31a1c-d36c-474f-bbfe-691ecc14ee22,0.25,0.08,0.06597496569156647
80e31a1c-d36c-474f-bbfe-691ecc14ee22,0.25,0.13,0.07152904570102692
80e31a1c-d36c-474f-bbfe-691ecc14ee22,0.25,0.18000000000000002,0.07780919224023819
80e31a1c-d36c-474f-bbfe-691ecc14ee22,0.25,0.23,0.07785603404045105
80e31a1c-d36c-474f-bbfe-691ecc14ee22,0.30000000000000004,0.03,0.05024511367082596
80e31a1c-d36c-474f-bbfe-691ecc14ee22,0.30000000000000004,0.08,0.059529777616262436
80e31a1c-d36c-474f-bbfe-691ecc14ee22,0.30000000000000004,0.13,0.0705392062664032
80e31a1c-d36c-474f-bbfe-691ecc14ee22,0.30000000000000004,0.18000000000000002,0.07419081032276154
80e31a1c-d36c-474f-bbfe-691ecc14ee22,0.30000000000000004,0.23,0.07765796035528183
810fbf11-bcd5-4e07-9b15-6387615090f4,0.0,0.03,0.050088901072740555
810fbf11-bcd5-4e07-9b15-6387615090f4,0.0,0.08,0.0652158111333847
810fbf11-bcd5-4e07-9b15-6387615090f4,0.0,0.13,0.06350680440664291
810fbf11-bcd5-4e07-9b15-6387615090f4,0.0,0.18000000000000002,0.06469882279634476
810fbf11-bcd5-4e07-9b15-6387615090f4,0.0,0.23,0.07088763266801834
810fbf11-bcd5-4e07-9b15-6387615090f4,0.01,0.03,0.046310167759656906
810fbf11-bcd5-4e07-9b15-6387615090f4,0.01,0.08,0.05853883549571037
810fbf11-bcd5-4e07-9b15-6387615090f4,0.01,0.13,0.06270910799503326
810fbf11-bcd5-4e07-9b15-6387615090f4,0.01,0.18000000000000002,0.06729137897491455
810fbf11-bcd5-4e07-9b15-6387615090f4,0.01,0.23,0.06955499202013016
810fbf11-bcd5-4e07-9b15-6387615090f4,0.02,0.03,0.04582022503018379
810fbf11-bcd5-4e07-9b15-6387615090f4,0.02,0.08,0.05330133065581322
810fbf11-bcd5-4e07-9b15-6387615090f4,0.02,0.13,0.06428243964910507
810fbf11-bcd5-4e07-9b15-6387615090f4,0.02,0.18000000000000002,0.06774826347827911
810fbf11-bcd5-4e07-9b15-6387615090f4,0.02,0.23,0.06809436529874802
810fbf11-bcd5-4e07-9b15-6387615090f4,0.03,0.03,0.045480865985155106
810fbf11-bcd5-4e07-9b15-6387615090f4,0.03,0.08,0.05425284057855606
810fbf11-bcd5-4e07-9b15-6387615090f4,0.03,0.13,0.06477224826812744
810fbf11-bcd5-4e07-9b15-6387615090f4,0.03,0.18000000000000002,0.07184359431266785
810fbf11-bcd5-4e07-9b15-6387615090f4,0.03,0.23,0.06870443373918533
810fbf11-bcd5-4e07-9b15-6387615090f4,0.04,0.03,0.04266902431845665
810fbf11-bcd5-4e07-9b15-6387615090f4,0.04,0.08,0.05879197269678116
810fbf11-bcd5-4e07-9b15-6387615090f4,0.05,0.03,0.050686776638031006
810fbf11-bcd5-4e07-9b15-6387615090f4,0.05,0.08,0.05850996449589729
810fbf11-bcd5-4e07-9b15-6387615090f4,0.05,0.13,0.06783246248960495
810fbf11-bcd5-4e07-9b15-6387615090f4,0.05,0.18000000000000002,0.07375262677669525
810fbf11-bcd5-4e07-9b15-6387615090f4,0.05,0.23,0.06770484894514084
810fbf11-bcd5-4e07-9b15-6387615090f4,0.1,0.03,0.04958515241742134
810fbf11-bcd5-4e07-9b15-6387615090f4,0.1,0.08,0.060128211975097656
810fbf11-bcd5-4e07-9b15-6387615090f4,0.1,0.13,0.07038780301809311
810fbf11-bcd5-4e07-9b15-6387615090f4,0.1,0.18000000000000002,0.06735159456729889
810fbf11-bcd5-4e07-9b15-6387615090f4,0.1,0.23,0.06960386782884598
810fbf11-bcd5-4e07-9b15-6387615090f4,0.15000000000000002,0.03,0.05028724670410156
810fbf11-bcd5-4e07-9b15-6387615090f4,0.15000000000000002,0.08,0.06229338049888611
810fbf11-bcd5-4e07-9b15-6387615090f4,0.15000000000000002,0.13,0.06764398515224457
810fbf11-bcd5-4e07-9b15-6387615090f4,0.15000000000000002,0.18000000000000002,0.07173236459493637
810fbf11-bcd5-4e07-9b15-6387615090f4,0.15000000000000002,0.23,0.06858163326978683
810fbf11-bcd5-4e07-9b15-6387615090f4,0.2,0.03,0.05004709213972092
810fbf11-bcd5-4e07-9b15-6387615090f4,0.2,0.08,0.0722915455698967
810fbf11-bcd5-4e07-9b15-6387615090f4,0.2,0.13,0.07172216475009918
810fbf11-bcd5-4e07-9b15-6387615090f4,0.2,0.18000000000000002,0.0740523561835289
810fbf11-bcd5-4e07-9b15-6387615090f4,0.2,0.23,0.07173557579517365
810fbf11-bcd5-4e07-9b15-6387615090f4,0.25,0.03,0.05753094702959061
810fbf11-bcd5-4e07-9b15-6387615090f4,0.25,0.08,0.07154394686222076
810fbf11-bcd5-4e07-9b15-6387615090f4,0.25,0.13,0.07382768392562866
810fbf11-bcd5-4e07-9b15-6387615090f4,0.25,0.18000000000000002,0.07188469916582108
810fbf11-bcd5-4e07-9b15-6387615090f4,0.25,0.23,0.0682162493467331
810fbf11-bcd5-4e07-9b15-6387615090f4,0.30000000000000004,0.03,0.051564376801252365
810fbf11-bcd5-4e07-9b15-6387615090f4,0.30000000000000004,0.08,0.06429380178451538
810fbf11-bcd5-4e07-9b15-6387615090f4,0.30000000000000004,0.13,0.07730301469564438
810fbf11-bcd5-4e07-9b15-6387615090f4,0.30000000000000004,0.18000000000000002,0.0715031772851944
810fbf11-bcd5-4e07-9b15-6387615090f4,0.30000000000000004,0.23,0.06640329957008362
81ee2aff-bdb4-4a06-bf23-d108e58e9ef2,0.0,0.03,0.05356726050376892
81ee2aff-bdb4-4a06-bf23-d108e58e9ef2,0.0,0.08,0.06587190926074982
81ee2aff-bdb4-4a06-bf23-d108e58e9ef2,0.0,0.13,0.06993554532527924
81ee2aff-bdb4-4a06-bf23-d108e58e9ef2,0.0,0.18000000000000002,0.06131332740187645
81ee2aff-bdb4-4a06-bf23-d108e58e9ef2,0.0,0.23,0.06141674146056175
81ee2aff-bdb4-4a06-bf23-d108e58e9ef2,0.01,0.03,0.05564020574092865
81ee2aff-bdb4-4a06-bf23-d108e58e9ef2,0.01,0.08,0.06276114284992218
81ee2aff-bdb4-4a06-bf23-d108e58e9ef2,0.01,0.13,0.06479832530021667
81ee2aff-bdb4-4a06-bf23-d108e58e9ef2,0.01,0.18000000000000002,0.05857478454709053
81ee2aff-bdb4-4a06-bf23-d108e58e9ef2,0.01,0.23,0.061059869825839996
81ee2aff-bdb4-4a06-bf23-d108e58e9ef2,0.02,0.03,0.05056800693273544
81ee2aff-bdb4-4a06-bf23-d108e58e9ef2,0.02,0.08,0.06377671658992767
81ee2aff-bdb4-4a06-bf23-d108e58e9ef2,0.02,0.13,0.061392951756715775
81ee2aff-bdb4-4a06-bf23-d108e58e9ef2,0.02,0.18000000000000002,0.05677624046802521
81ee2aff-bdb4-4a06-bf23-d108e58e9ef2,0.02,0.23,0.062107134610414505
81ee2aff-bdb4-4a06-bf23-d108e58e9ef2,0.03,0.03,0.047769300639629364
81ee2aff-bdb4-4a06-bf23-d108e58e9ef2,0.03,0.08,0.06246175244450569
81ee2aff-bdb4-4a06-bf23-d108e58e9ef2,0.03,0.13,0.057947803288698196
81ee2aff-bdb4-4a06-bf23-d108e58e9ef2,0.03,0.18000000000000002,0.058264169842004776
81ee2aff-bdb4-4a06-bf23-d108e58e9ef2,0.03,0.23,0.06496895104646683
81ee2aff-bdb4-4a06-bf23-d108e58e9ef2,0.04,0.03,0.0495719388127327
81ee2aff-bdb4-4a06-bf23-d108e58e9ef2,0.04,0.08,0.060575395822525024
81ee2aff-bdb4-4a06-bf23-d108e58e9ef2,0.05,0.03,0.04988909140229225
81ee2aff-bdb4-4a06-bf23-d108e58e9ef2,0.05,0.08,0.05613640695810318
81ee2aff-bdb4-4a06-bf23-d108e58e9ef2,0.05,0.13,0.05683545023202896
81ee2aff-bdb4-4a06-bf23-d108e58e9ef2,0.05,0.18000000000000002,0.058951668441295624
81ee2aff-bdb4-4a06-bf23-d108e58e9ef2,0.05,0.23,0.06584134697914124
81ee2aff-bdb4-4a06-bf23-d108e58e9ef2,0.1,0.03,0.04925878718495369
81ee2aff-bdb4-4a06-bf23-d108e58e9ef2,0.1,0.08,0.051252108067274094
81ee2aff-bdb4-4a06-bf23-d108e58e9ef2,0.1,0.13,0.05779894441366196
81ee2aff-bdb4-4a06-bf23-d108e58e9ef2,0.1,0.18000000000000002,0.059808798134326935
81ee2aff-bdb4-4a06-bf23-d108e58e9ef2,0.1,0.23,0.06523092091083527
81ee2aff-bdb4-4a06-bf23-d108e58e9ef2,0.15000000000000002,0.03,0.04460672661662102
81ee2aff-bdb4-4a06-bf23-d108e58e9ef2,0.15000000000000002,0.08,0.05570434406399727
81ee2aff-bdb4-4a06-bf23-d108e58e9ef2,0.15000000000000002,0.13,0.060054510831832886
81ee2aff-bdb4-4a06-bf23-d108e58e9ef2,0.15000000000000002,0.18000000000000002,0.06634470820426941
81ee2aff-bdb4-4a06-bf23-d108e58e9ef2,0.15000000000000002,0.23,0.0662422925233841
81ee2aff-bdb4-4a06-bf23-d108e58e9ef2,0.2,0.03,0.04905096814036369
81ee2aff-bdb4-4a06-bf23-d108e58e9ef2,0.2,0.08,0.05471859872341156
81ee2aff-bdb4-4a06-bf23-d108e58e9ef2,0.2,0.13,0.06118956580758095
81ee2aff-bdb4-4a06-bf23-d108e58e9ef2,0.2,0.18000000000000002,0.06465175002813339
81ee2aff-bdb4-4a06-bf23-d108e58e9ef2,0.2,0.23,0.06828773766756058
81ee2aff-bdb4-4a06-bf23-d108e58e9ef2,0.25,0.03,0.05011296272277832
81ee2aff-bdb4-4a06-bf23-d108e58e9ef2,0.25,0.08,0.05878165736794472
81ee2aff-bdb4-4a06-bf23-d108e58e9ef2,0.25,0.13,0.07077793031930923
81ee2aff-bdb4-4a06-bf23-d108e58e9ef2,0.25,0.18000000000000002,0.07318750023841858
81ee2aff-bdb4-4a06-bf23-d108e58e9ef2,0.25,0.23,0.08100210875272751
81ee2aff-bdb4-4a06-bf23-d108e58e9ef2,0.30000000000000004,0.03,0.05028797686100006
81ee2aff-bdb4-4a06-bf23-d108e58e9ef2,0.30000000000000004,0.08,0.059326667338609695
81ee2aff-bdb4-4a06-bf23-d108e58e9ef2,0.30000000000000004,0.13,0.06619526445865631
81ee2aff-bdb4-4a06-bf23-d108e58e9ef2,0.30000000000000004,0.18000000000000002,0.07525836676359177
81ee2aff-bdb4-4a06-bf23-d108e58e9ef2,0.30000000000000004,0.23,0.07604268193244934
8254c87d-90a2-4398-9b3a-632548128af0,0.0,0.03,0.05613827332854271
8254c87d-90a2-4398-9b3a-632548128af0,0.0,0.08,0.0708136186003685
8254c87d-90a2-4398-9b3a-632548128af0,0.0,0.13,0.08104415237903595
8254c87d-90a2-4398-9b3a-632548128af0,0.0,0.18000000000000002,0.06870847195386887
8254c87d-90a2-4398-9b3a-632548128af0,0.0,0.23,0.06689080595970154
8254c87d-90a2-4398-9b3a-632548128af0,0.01,0.03,0.049929291009902954
8254c87d-90a2-4398-9b3a-632548128af0,0.01,0.08,0.07356517761945724
8254c87d-90a2-4398-9b3a-632548128af0,0.01,0.13,0.07450416684150696
8254c87d-90a2-4398-9b3a-632548128af0,0.01,0.18000000000000002,0.06444534659385681
8254c87d-90a2-4398-9b3a-632548128af0,0.01,0.23,0.06561398506164551
8254c87d-90a2-4398-9b3a-632548128af0,0.02,0.03,0.0499037504196167
8254c87d-90a2-4398-9b3a-632548128af0,0.02,0.08,0.0699377954006195
8254c87d-90a2-4398-9b3a-632548128af0,0.02,0.13,0.06761837750673294
8254c87d-90a2-4398-9b3a-632548128af0,0.02,0.18000000000000002,0.06343265622854233
8254c87d-90a2-4398-9b3a-632548128af0,0.02,0.23,0.06339088827371597
8254c87d-90a2-4398-9b3a-632548128af0,0.03,0.03,0.06253223121166229
8254c87d-90a2-4398-9b3a-632548128af0,0.03,0.08,0.07197687774896622
8254c87d-90a2-4398-9b3a-632548128af0,0.03,0.13,0.07096125185489655
8254c87d-90a2-4398-9b3a-632548128af0,0.03,0.18000000000000002,0.06681196391582489
8254c87d-90a2-4398-9b3a-632548128af0,0.03,0.23,0.06575457006692886
8254c87d-90a2-4398-9b3a-632548128af0,0.04,0.03,0.05716223269701004
8254c87d-90a2-4398-9b3a-632548128af0,0.04,0.08,0.06817248463630676
8254c87d-90a2-4398-9b3a-632548128af0,0.05,0.03,0.050463538616895676
8254c87d-90a2-4398-9b3a-632548128af0,0.05,0.08,0.06545009464025497
8254c87d-90a2-4398-9b3a-632548128af0,0.05,0.13,0.062250133603811264
8254c87d-90a2-4398-9b3a-632548128af0,0.05,0.18000000000000002,0.062104493379592896
8254c87d-90a2-4398-9b3a-632548128af0,0.05,0.23,0.06589954346418381
8254c87d-90a2-4398-9b3a-632548128af0,0.1,0.03,0.0467061884701252
8254c87d-90a2-4398-9b3a-632548128af0,0.1,0.08,0.06015311926603317
8254c87d-90a2-4398-9b3a-632548128af0,0.1,0.13,0.06299223005771637
8254c87d-90a2-4398-9b3a-632548128af0,0.1,0.18000000000000002,0.06787656247615814
8254c87d-90a2-4398-9b3a-632548128af0,0.1,0.23,0.06312140822410583
8254c87d-90a2-4398-9b3a-632548128af0,0.15000000000000002,0.03,0.047278810292482376
8254c87d-90a2-4398-9b3a-632548128af0,0.15000000000000002,0.08,0.05592231824994087
8254c87d-90a2-4398-9b3a-632548128af0,0.15000000000000002,0.13,0.06419066339731216
8254c87d-90a2-4398-9b3a-632548128af0,0.15000000000000002,0.18000000000000002,0.06393695622682571
8254c87d-90a2-4398-9b3a-632548128af0,0.15000000000000002,0.23,0.07145565003156662
8254c87d-90a2-4398-9b3a-632548128af0,0.2,0.03,0.0455193929374218
8254c87d-90a2-4398-9b3a-632548128af0,0.2,0.08,0.05915045738220215
8254c87d-90a2-4398-9b3a-632548128af0,0.2,0.13,0.06261927634477615
8254c87d-90a2-4398-9b3a-632548128af0,0.2,0.18000000000000002,0.07065299898386002
8254c87d-90a2-4398-9b3a-632548128af0,0.2,0.23,0.06617206335067749
8254c87d-90a2-4398-9b3a-632548128af0,0.25,0.03,0.04754454642534256
8254c87d-90a2-4398-9b3a-632548128af0,0.25,0.08,0.054099250584840775
8254c87d-90a2-4398-9b3a-632548128af0,0.25,0.13,0.06174199655652046
8254c87d-90a2-4398-9b3a-632548128af0,0.25,0.18000000000000002,0.06498153507709503
8254c87d-90a2-4398-9b3a-632548128af0,0.25,0.23,0.06660505384206772
8254c87d-90a2-4398-9b3a-632548128af0,0.30000000000000004,0.03,0.04450700059533119
8254c87d-90a2-4398-9b3a-632548128af0,0.30000000000000004,0.08,0.05841747671365738
8254c87d-90a2-4398-9b3a-632548128af0,0.30000000000000004,0.13,0.0717553049325943
8254c87d-90a2-4398-9b3a-632548128af0,0.30000000000000004,0.18000000000000002,0.07535126060247421
8254c87d-90a2-4398-9b3a-632548128af0,0.30000000000000004,0.23,0.07758069038391113
82562686-174d-4328-930b-c613439d293b,0.0,0.03,0.05390050262212753
82562686-174d-4328-930b-c613439d293b,0.0,0.08,0.06770522892475128
82562686-174d-4328-930b-c613439d293b,0.0,0.13,0.06604871153831482
82562686-174d-4328-930b-c613439d293b,0.0,0.18000000000000002,0.06318269670009613
82562686-174d-4328-930b-c613439d293b,0.0,0.23,0.06255333125591278
82562686-174d-4328-930b-c613439d293b,0.01,0.03,0.050608936697244644
82562686-174d-4328-930b-c613439d293b,0.01,0.08,0.06531840562820435
82562686-174d-4328-930b-c613439d293b,0.01,0.13,0.06872954964637756
82562686-174d-4328-930b-c613439d293b,0.01,0.18000000000000002,0.06795378029346466
82562686-174d-4328-930b-c613439d293b,0.01,0.23,0.06492482125759125
82562686-174d-4328-930b-c613439d293b,0.02,0.03,0.050795625895261765
82562686-174d-4328-930b-c613439d293b,0.02,0.08,0.06223241984844208
82562686-174d-4328-930b-c613439d293b,0.02,0.13,0.06550465524196625
82562686-174d-4328-930b-c613439d293b,0.02,0.18000000000000002,0.06502605974674225
82562686-174d-4328-930b-c613439d293b,0.02,0.23,0.06303846091032028
82562686-174d-4328-930b-c613439d293b,0.03,0.03,0.05673512443900108
82562686-174d-4328-930b-c613439d293b,0.03,0.08,0.0627855584025383
82562686-174d-4328-930b-c613439d293b,0.03,0.13,0.06788858026266098
82562686-174d-4328-930b-c613439d293b,0.03,0.18000000000000002,0.0639033317565918
82562686-174d-4328-930b-c613439d293b,0.03,0.23,0.061491336673498154
82562686-174d-4328-930b-c613439d293b,0.04,0.03,0.05197719484567642
82562686-174d-4328-930b-c613439d293b,0.04,0.08,0.0673978328704834
82562686-174d-4328-930b-c613439d293b,0.05,0.03,0.051030151546001434
82562686-174d-4328-930b-c613439d293b,0.05,0.08,0.06688979268074036
82562686-174d-4328-930b-c613439d293b,0.05,0.13,0.06168394908308983
82562686-174d-4328-930b-c613439d293b,0.05,0.18000000000000002,0.06412786990404129
82562686-174d-4328-930b-c613439d293b,0.05,0.23,0.06334155052900314
82562686-174d-4328-930b-c613439d293b,0.1,0.03,0.049458425492048264
82562686-174d-4328-930b-c613439d293b,0.1,0.08,0.05858790874481201
82562686-174d-4328-930b-c613439d293b,0.1,0.13,0.06218929588794708
82562686-174d-4328-930b-c613439d293b,0.1,0.18000000000000002,0.06012076139450073
82562686-174d-4328-930b-c613439d293b,0.1,0.23,0.06393735110759735
82562686-174d-4328-930b-c613439d293b,0.15000000000000002,0.03,0.050105802714824677
82562686-174d-4328-930b-c613439d293b,0.15000000000000002,0.08,0.057976968586444855
82562686-174d-4328-930b-c613439d293b,0.15000000000000002,0.13,0.06498150527477264
82562686-174d-4328-930b-c613439d293b,0.15000000000000002,0.18000000000000002,0.06647740304470062
82562686-174d-4328-930b-c613439d293b,0.15000000000000002,0.23,0.0673709437251091
82562686-174d-4328-930b-c613439d293b,0.2,0.03,0.048806287348270416
82562686-174d-4328-930b-c613439d293b,0.2,0.08,0.0647050142288208
82562686-174d-4328-930b-c613439d293b,0.2,0.13,0.06855404376983643
82562686-174d-4328-930b-c613439d293b,0.2,0.18000000000000002,0.06840810924768448
82562686-174d-4328-930b-c613439d293b,0.2,0.23,0.07089066505432129
82562686-174d-4328-930b-c613439d293b,0.25,0.03,0.05214650556445122
82562686-174d-4328-930b-c613439d293b,0.25,0.08,0.06695455312728882
82562686-174d-4328-930b-c613439d293b,0.25,0.13,0.06681976467370987
82562686-174d-4328-930b-c613439d293b,0.25,0.18000000000000002,0.06991814821958542
82562686-174d-4328-930b-c613439d293b,0.25,0.23,0.07269400358200073
82562686-174d-4328-930b-c613439d293b,0.30000000000000004,0.03,0.04871510714292526
82562686-174d-4328-930b-c613439d293b,0.30000000000000004,0.08,0.057709090411663055
82562686-174d-4328-930b-c613439d293b,0.30000000000000004,0.13,0.06199192255735397
82562686-174d-4328-930b-c613439d293b,0.30000000000000004,0.18000000000000002,0.06668124347925186
82562686-174d-4328-930b-c613439d293b,0.30000000000000004,0.23,0.0630657821893692
8274b162-c19c-45ae-abff-0429ba8a3ad0,0.0,0.03,0.05071750283241272
8274b162-c19c-45ae-abff-0429ba8a3ad0,0.0,0.08,0.06362344324588776
8274b162-c19c-45ae-abff-0429ba8a3ad0,0.0,0.13,0.06940573453903198
8274b162-c19c-45ae-abff-0429ba8a3ad0,0.0,0.18000000000000002,0.0726158395409584
8274b162-c19c-45ae-abff-0429ba8a3ad0,0.0,0.23,0.06976447254419327
8274b162-c19c-45ae-abff-0429ba8a3ad0,0.01,0.03,0.05069639906287193
8274b162-c19c-45ae-abff-0429ba8a3ad0,0.01,0.08,0.06449036300182343
8274b162-c19c-45ae-abff-0429ba8a3ad0,0.01,0.13,0.0659405067563057
8274b162-c19c-45ae-abff-0429ba8a3ad0,0.01,0.18000000000000002,0.07610573619604111
8274b162-c19c-45ae-abff-0429ba8a3ad0,0.01,0.23,0.07318196445703506
8274b162-c19c-45ae-abff-0429ba8a3ad0,0.02,0.03,0.05489083752036095
8274b162-c19c-45ae-abff-0429ba8a3ad0,0.02,0.08,0.06303363293409348
8274b162-c19c-45ae-abff-0429ba8a3ad0,0.02,0.13,0.06668686866760254
8274b162-c19c-45ae-abff-0429ba8a3ad0,0.02,0.18000000000000002,0.07589191198348999
8274b162-c19c-45ae-abff-0429ba8a3ad0,0.02,0.23,0.06931684166193008
8274b162-c19c-45ae-abff-0429ba8a3ad0,0.03,0.03,0.057405099272727966
8274b162-c19c-45ae-abff-0429ba8a3ad0,0.03,0.08,0.06503838300704956
8274b162-c19c-45ae-abff-0429ba8a3ad0,0.03,0.13,0.07112355530261993
8274b162-c19c-45ae-abff-0429ba8a3ad0,0.03,0.18000000000000002,0.07859440892934799
8274b162-c19c-45ae-abff-0429ba8a3ad0,0.03,0.23,0.06885053962469101
8274b162-c19c-45ae-abff-0429ba8a3ad0,0.04,0.03,0.04983411729335785
8274b162-c19c-45ae-abff-0429ba8a3ad0,0.04,0.08,0.06073806434869766
8274b162-c19c-45ae-abff-0429ba8a3ad0,0.05,0.03,0.05019208416342735
8274b162-c19c-45ae-abff-0429ba8a3ad0,0.05,0.08,0.062365319579839706
8274b162-c19c-45ae-abff-0429ba8a3ad0,0.05,0.13,0.07256873697042465
8274b162-c19c-45ae-abff-0429ba8a3ad0,0.05,0.18000000000000002,0.07064703106880188
8274b162-c19c-45ae-abff-0429ba8a3ad0,0.05,0.23,0.06927146017551422
8274b162-c19c-45ae-abff-0429ba8a3ad0,0.1,0.03,0.0551893450319767
8274b162-c19c-45ae-abff-0429ba8a3ad0,0.1,0.08,0.06801329553127289
8274b162-c19c-45ae-abff-0429ba8a3ad0,0.1,0.13,0.06687615811824799
8274b162-c19c-45ae-abff-0429ba8a3ad0,0.1,0.18000000000000002,0.06519792973995209
8274b162-c19c-45ae-abff-0429ba8a3ad0,0.1,0.23,0.06422916799783707
8274b162-c19c-45ae-abff-0429ba8a3ad0,0.15000000000000002,0.03,0.05643949285149574
8274b162-c19c-45ae-abff-0429ba8a3ad0,0.15000000000000002,0.08,0.06031392514705658
8274b162-c19c-45ae-abff-0429ba8a3ad0,0.15000000000000002,0.13,0.06310538947582245
8274b162-c19c-45ae-abff-0429ba8a3ad0,0.15000000000000002,0.18000000000000002,0.06371094286441803
8274b162-c19c-45ae-abff-0429ba8a3ad0,0.15000000000000002,0.23,0.06693655997514725
8274b162-c19c-45ae-abff-0429ba8a3ad0,0.2,0.03,0.05248647928237915
8274b162-c19c-45ae-abff-0429ba8a3ad0,0.2,0.08,0.06833897531032562
8274b162-c19c-45ae-abff-0429ba8a3ad0,0.2,0.13,0.06035107374191284
8274b162-c19c-45ae-abff-0429ba8a3ad0,0.2,0.18000000000000002,0.0713544562458992
8274b162-c19c-45ae-abff-0429ba8a3ad0,0.2,0.23,0.08218453824520111
8274b162-c19c-45ae-abff-0429ba8a3ad0,0.25,0.03,0.05056915059685707
8274b162-c19c-45ae-abff-0429ba8a3ad0,0.25,0.08,0.06406325101852417
8274b162-c19c-45ae-abff-0429ba8a3ad0,0.25,0.13,0.07885297387838364
8274b162-c19c-45ae-abff-0429ba8a3ad0,0.25,0.18000000000000002,0.08809000253677368
8274b162-c19c-45ae-abff-0429ba8a3ad0,0.25,0.23,0.08834842592477798
8274b162-c19c-45ae-abff-0429ba8a3ad0,0.30000000000000004,0.03,0.05519559606909752
8274b162-c19c-45ae-abff-0429ba8a3ad0,0.30000000000000004,0.08,0.07437436282634735
8274b162-c19c-45ae-abff-0429ba8a3ad0,0.30000000000000004,0.13,0.08104739338159561
8274b162-c19c-45ae-abff-0429ba8a3ad0,0.30000000000000004,0.18000000000000002,0.08158813416957855
8274b162-c19c-45ae-abff-0429ba8a3ad0,0.30000000000000004,0.23,0.07745056599378586
82770d41-54c1-47fe-be19-301234afa01e,0.0,0.03,0.09951744228601456
82770d41-54c1-47fe-be19-301234afa01e,0.0,0.08,0.14090915024280548
82770d41-54c1-47fe-be19-301234afa01e,0.0,0.13,0.09638501703739166
82770d41-54c1-47fe-be19-301234afa01e,0.0,0.18000000000000002,0.06703981012105942
82770d41-54c1-47fe-be19-301234afa01e,0.0,0.23,0.06859834492206573
82770d41-54c1-47fe-be19-301234afa01e,0.01,0.03,0.09719736874103546
82770d41-54c1-47fe-be19-301234afa01e,0.01,0.08,0.11705528944730759
82770d41-54c1-47fe-be19-301234afa01e,0.01,0.13,0.07610856741666794
82770d41-54c1-47fe-be19-301234afa01e,0.01,0.18000000000000002,0.06816186755895615
82770d41-54c1-47fe-be19-301234afa01e,0.01,0.23,0.06736546754837036
82770d41-54c1-47fe-be19-301234afa01e,0.02,0.03,0.09905890375375748
82770d41-54c1-47fe-be19-301234afa01e,0.02,0.08,0.09412295371294022
82770d41-54c1-47fe-be19-301234afa01e,0.02,0.13,0.06970475614070892
82770d41-54c1-47fe-be19-301234afa01e,0.02,0.18000000000000002,0.07467301934957504
82770d41-54c1-47fe-be19-301234afa01e,0.02,0.23,0.07295648008584976
82770d41-54c1-47fe-be19-301234afa01e,0.03,0.03,0.10293024778366089
82770d41-54c1-47fe-be19-301234afa01e,0.03,0.08,0.079157255589962
82770d41-54c1-47fe-be19-301234afa01e,0.03,0.13,0.07122831046581268
82770d41-54c1-47fe-be19-301234afa01e,0.03,0.18000000000000002,0.07446490228176117
82770d41-54c1-47fe-be19-301234afa01e,0.03,0.23,0.07237347960472107
82770d41-54c1-47fe-be19-301234afa01e,0.04,0.03,0.08298151195049286
82770d41-54c1-47fe-be19-301234afa01e,0.04,0.08,0.05502602830529213
82770d41-54c1-47fe-be19-301234afa01e,0.05,0.03,0.051731664687395096
82770d41-54c1-47fe-be19-301234afa01e,0.05,0.08,0.06441274285316467
82770d41-54c1-47fe-be19-301234afa01e,0.05,0.13,0.080773264169693
82770d41-54c1-47fe-be19-301234afa01e,0.05,0.18000000000000002,0.08014492690563202
82770d41-54c1-47fe-be19-301234afa01e,0.05,0.23,0.07070338726043701
82770d41-54c1-47fe-be19-301234afa01e,0.1,0.03,0.07013894617557526
82770d41-54c1-47fe-be19-301234afa01e,0.1,0.08,0.09040113538503647
82770d41-54c1-47fe-be19-301234afa01e,0.1,0.13,0.07894919067621231
82770d41-54c1-47fe-be19-301234afa01e,0.1,0.18000000000000002,0.06619831919670105
82770d41-54c1-47fe-be19-301234afa01e,0.1,0.23,0.06278593838214874
82770d41-54c1-47fe-be19-301234afa01e,0.15000000000000002,0.03,0.05321197584271431
82770d41-54c1-47fe-be19-301234afa01e,0.15000000000000002,0.08,0.07169326394796371
82770d41-54c1-47fe-be19-301234afa01e,0.15000000000000002,0.13,0.05938311293721199
82770d41-54c1-47fe-be19-301234afa01e,0.15000000000000002,0.18000000000000002,0.059722308069467545
82770d41-54c1-47fe-be19-301234afa01e,0.15000000000000002,0.23,0.0642152801156044
82770d41-54c1-47fe-be19-301234afa01e,0.2,0.03,0.044808633625507355
82770d41-54c1-47fe-be19-301234afa01e,0.2,0.08,0.05724000930786133
82770d41-54c1-47fe-be19-301234afa01e,0.2,0.13,0.05832277238368988
82770d41-54c1-47fe-be19-301234afa01e,0.2,0.18000000000000002,0.06335024535655975
82770d41-54c1-47fe-be19-301234afa01e,0.2,0.23,0.056361205875873566
82770d41-54c1-47fe-be19-301234afa01e,0.25,0.03,0.04787538945674896
82770d41-54c1-47fe-be19-301234afa01e,0.25,0.08,0.05656423047184944
82770d41-54c1-47fe-be19-301234afa01e,0.25,0.13,0.05548464506864548
82770d41-54c1-47fe-be19-301234afa01e,0.25,0.18000000000000002,0.056123752146959305
82770d41-54c1-47fe-be19-301234afa01e,0.25,0.23,0.057709950953722
82770d41-54c1-47fe-be19-301234afa01e,0.30000000000000004,0.03,0.048810482025146484
82770d41-54c1-47fe-be19-301234afa01e,0.30000000000000004,0.08,0.059895310550928116
82770d41-54c1-47fe-be19-301234afa01e,0.30000000000000004,0.13,0.05878584086894989
82770d41-54c1-47fe-be19-301234afa01e,0.30000000000000004,0.18000000000000002,0.0625658854842186
82770d41-54c1-47fe-be19-301234afa01e,0.30000000000000004,0.23,0.05995754152536392
82e34139-e5b5-4265-8919-331044052e68,0.0,0.03,0.04601472616195679
82e34139-e5b5-4265-8919-331044052e68,0.0,0.08,0.051033131778240204
82e34139-e5b5-4265-8919-331044052e68,0.0,0.13,0.05688117444515228
82e34139-e5b5-4265-8919-331044052e68,0.0,0.18000000000000002,0.07142557203769684
82e34139-e5b5-4265-8919-331044052e68,0.0,0.23,0.08004388213157654
82e34139-e5b5-4265-8919-331044052e68,0.01,0.03,0.047691475600004196
82e34139-e5b5-4265-8919-331044052e68,0.01,0.08,0.056193139404058456
82e34139-e5b5-4265-8919-331044052e68,0.01,0.13,0.05828988552093506
82e34139-e5b5-4265-8919-331044052e68,0.01,0.18000000000000002,0.07248487323522568
82e34139-e5b5-4265-8919-331044052e68,0.01,0.23,0.07987300306558609
82e34139-e5b5-4265-8919-331044052e68,0.02,0.03,0.046031154692173004
82e34139-e5b5-4265-8919-331044052e68,0.02,0.08,0.05032582953572273
82e34139-e5b5-4265-8919-331044052e68,0.02,0.13,0.06619388610124588
82e34139-e5b5-4265-8919-331044052e68,0.02,0.18000000000000002,0.0749761164188385
82e34139-e5b5-4265-8919-331044052e68,0.02,0.23,0.08337321132421494
82e34139-e5b5-4265-8919-331044052e68,0.03,0.03,0.05040205270051956
82e34139-e5b5-4265-8919-331044052e68,0.03,0.08,0.05036317557096481
82e34139-e5b5-4265-8919-331044052e68,0.03,0.13,0.0646505132317543
82e34139-e5b5-4265-8919-331044052e68,0.03,0.18000000000000002,0.07933454215526581
82e34139-e5b5-4265-8919-331044052e68,0.03,0.23,0.07628333568572998
82e34139-e5b5-4265-8919-331044052e68,0.04,0.03,0.0479796826839447
82e34139-e5b5-4265-8919-331044052e68,0.04,0.08,0.05584285780787468
82e34139-e5b5-4265-8919-331044052e68,0.05,0.03,0.04908493533730507
82e34139-e5b5-4265-8919-331044052e68,0.05,0.08,0.05929195135831833
82e34139-e5b5-4265-8919-331044052e68,0.05,0.13,0.07050677388906479
82e34139-e5b5-4265-8919-331044052e68,0.05,0.18000000000000002,0.07699703425168991
82e34139-e5b5-4265-8919-331044052e68,0.05,0.23,0.07577012479305267
82e34139-e5b5-4265-8919-331044052e68,0.1,0.03,0.051159366965293884
82e34139-e5b5-4265-8919-331044052e68,0.1,0.08,0.07302720844745636
82e34139-e5b5-4265-8919-331044052e68,0.1,0.13,0.07615375518798828
82e34139-e5b5-4265-8919-331044052e68,0.1,0.18000000000000002,0.06740894913673401
82e34139-e5b5-4265-8919-331044052e68,0.1,0.23,0.06326597183942795
82e34139-e5b5-4265-8919-331044052e68,0.15000000000000002,0.03,0.050137195736169815
82e34139-e5b5-4265-8919-331044052e68,0.15000000000000002,0.08,0.06735803186893463
82e34139-e5b5-4265-8919-331044052e68,0.15000000000000002,0.13,0.06951362639665604
82e34139-e5b5-4265-8919-331044052e68,0.15000000000000002,0.18000000000000002,0.06263543665409088
82e34139-e5b5-4265-8919-331044052e68,0.15000000000000002,0.23,0.05994883179664612
82e34139-e5b5-4265-8919-331044052e68,0.2,0.03,0.0471687987446785
82e34139-e5b5-4265-8919-331044052e68,0.2,0.08,0.06214394047856331
82e34139-e5b5-4265-8919-331044052e68,0.2,0.13,0.06080980598926544
82e34139-e5b5-4265-8919-331044052e68,0.2,0.18000000000000002,0.067359559237957
82e34139-e5b5-4265-8919-331044052e68,0.2,0.23,0.08095582574605942
82e34139-e5b5-4265-8919-331044052e68,0.25,0.03,0.04469738528132439
82e34139-e5b5-4265-8919-331044052e68,0.25,0.08,0.05390232428908348
82e34139-e5b5-4265-8919-331044052e68,0.25,0.13,0.07169140875339508
82e34139-e5b5-4265-8919-331044052e68,0.25,0.18000000000000002,0.0851292833685875
82e34139-e5b5-4265-8919-331044052e68,0.25,0.23,0.08487870544195175
82e34139-e5b5-4265-8919-331044052e68,0.30000000000000004,0.03,0.048702795058488846
82e34139-e5b5-4265-8919-331044052e68,0.30000000000000004,0.08,0.07123354077339172
82e34139-e5b5-4265-8919-331044052e68,0.30000000000000004,0.13,0.08395957946777344
82e34139-e5b5-4265-8919-331044052e68,0.30000000000000004,0.18000000000000002,0.08209698647260666
82e34139-e5b5-4265-8919-331044052e68,0.30000000000000004,0.23,0.07397716492414474
83b62a10-4758-46ee-a918-3b97a4b907d7,0.0,0.03,0.04505729675292969
83b62a10-4758-46ee-a918-3b97a4b907d7,0.0,0.08,0.061028920114040375
83b62a10-4758-46ee-a918-3b97a4b907d7,0.0,0.13,0.06415976583957672
83b62a10-4758-46ee-a918-3b97a4b907d7,0.0,0.18000000000000002,0.06736228615045547
83b62a10-4758-46ee-a918-3b97a4b907d7,0.0,0.23,0.07182879000902176
83b62a10-4758-46ee-a918-3b97a4b907d7,0.01,0.03,0.047821253538131714
83b62a10-4758-46ee-a918-3b97a4b907d7,0.01,0.08,0.05880586430430412
83b62a10-4758-46ee-a918-3b97a4b907d7,0.01,0.13,0.07086409628391266
83b62a10-4758-46ee-a918-3b97a4b907d7,0.01,0.18000000000000002,0.07164444029331207
83b62a10-4758-46ee-a918-3b97a4b907d7,0.01,0.23,0.0733717605471611
83b62a10-4758-46ee-a918-3b97a4b907d7,0.02,0.03,0.05193745344877243
83b62a10-4758-46ee-a918-3b97a4b907d7,0.02,0.08,0.060759156942367554
83b62a10-4758-46ee-a918-3b97a4b907d7,0.02,0.13,0.07097630947828293
83b62a10-4758-46ee-a918-3b97a4b907d7,0.02,0.18000000000000002,0.07012999057769775
83b62a10-4758-46ee-a918-3b97a4b907d7,0.02,0.23,0.07663056999444962
83b62a10-4758-46ee-a918-3b97a4b907d7,0.03,0.03,0.048546671867370605
83b62a10-4758-46ee-a918-3b97a4b907d7,0.03,0.08,0.06564389169216156
83b62a10-4758-46ee-a918-3b97a4b907d7,0.03,0.13,0.07419750094413757
83b62a10-4758-46ee-a918-3b97a4b907d7,0.03,0.18000000000000002,0.07009293138980865
83b62a10-4758-46ee-a918-3b97a4b907d7,0.03,0.23,0.0764206200838089
83b62a10-4758-46ee-a918-3b97a4b907d7,0.04,0.03,0.0521278977394104
83b62a10-4758-46ee-a918-3b97a4b907d7,0.04,0.08,0.06876517087221146
83b62a10-4758-46ee-a918-3b97a4b907d7,0.05,0.03,0.04700586199760437
83b62a10-4758-46ee-a918-3b97a4b907d7,0.05,0.08,0.06943462044000626
83b62a10-4758-46ee-a918-3b97a4b907d7,0.05,0.13,0.07423034310340881
83b62a10-4758-46ee-a918-3b97a4b907d7,0.05,0.18000000000000002,0.07605176419019699
83b62a10-4758-46ee-a918-3b97a4b907d7,0.05,0.23,0.07286954671144485
83b62a10-4758-46ee-a918-3b97a4b907d7,0.1,0.03,0.059218693524599075
83b62a10-4758-46ee-a918-3b97a4b907d7,0.1,0.08,0.06722802668809891
83b62a10-4758-46ee-a918-3b97a4b907d7,0.1,0.13,0.07613031566143036
83b62a10-4758-46ee-a918-3b97a4b907d7,0.1,0.18000000000000002,0.07166749984025955
83b62a10-4758-46ee-a918-3b97a4b907d7,0.1,0.23,0.06694094091653824
83b62a10-4758-46ee-a918-3b97a4b907d7,0.15000000000000002,0.03,0.04588664323091507
83b62a10-4758-46ee-a918-3b97a4b907d7,0.15000000000000002,0.08,0.06358207017183304
83b62a10-4758-46ee-a918-3b97a4b907d7,0.15000000000000002,0.13,0.06850096583366394
83b62a10-4758-46ee-a918-3b97a4b907d7,0.15000000000000002,0.18000000000000002,0.06122065708041191
83b62a10-4758-46ee-a918-3b97a4b907d7,0.15000000000000002,0.23,0.0689098909497261
83b62a10-4758-46ee-a918-3b97a4b907d7,0.2,0.03,0.056734297424554825
83b62a10-4758-46ee-a918-3b97a4b907d7,0.2,0.08,0.058330535888671875
83b62a10-4758-46ee-a918-3b97a4b907d7,0.2,0.13,0.06417772173881531
83b62a10-4758-46ee-a918-3b97a4b907d7,0.2,0.18000000000000002,0.0654759332537651
83b62a10-4758-46ee-a918-3b97a4b907d7,0.2,0.23,0.07024267315864563
83b62a10-4758-46ee-a918-3b97a4b907d7,0.25,0.03,0.05488649010658264
83b62a10-4758-46ee-a918-3b97a4b907d7,0.25,0.08,0.06146078184247017
83b62a10-4758-46ee-a918-3b97a4b907d7,0.25,0.13,0.06303902715444565
83b62a10-4758-46ee-a918-3b97a4b907d7,0.25,0.18000000000000002,0.06882908940315247
83b62a10-4758-46ee-a918-3b97a4b907d7,0.25,0.23,0.06924367696046829
83b62a10-4758-46ee-a918-3b97a4b907d7,0.30000000000000004,0.03,0.04514879733324051
83b62a10-4758-46ee-a918-3b97a4b907d7,0.30000000000000004,0.08,0.05908467248082161
83b62a10-4758-46ee-a918-3b97a4b907d7,0.30000000000000004,0.13,0.06569423526525497
83b62a10-4758-46ee-a918-3b97a4b907d7,0.30000000000000004,0.18000000000000002,0.07055440545082092
83b62a10-4758-46ee-a918-3b97a4b907d7,0.30000000000000004,0.23,0.07411513477563858
83d26483-b995-4903-a530-f99969144e17,0.0,0.03,0.05423638969659805
83d26483-b995-4903-a530-f99969144e17,0.0,0.08,0.06595640629529953
83d26483-b995-4903-a530-f99969144e17,0.0,0.13,0.08643265068531036
83d26483-b995-4903-a530-f99969144e17,0.0,0.18000000000000002,0.0864693745970726
83d26483-b995-4903-a530-f99969144e17,0.0,0.23,0.08500762283802032
83d26483-b995-4903-a530-f99969144e17,0.01,0.03,0.05213720351457596
83d26483-b995-4903-a530-f99969144e17,0.01,0.08,0.07451367378234863
83d26483-b995-4903-a530-f99969144e17,0.01,0.13,0.08650717884302139
83d26483-b995-4903-a530-f99969144e17,0.01,0.18000000000000002,0.08889513462781906
83d26483-b995-4903-a530-f99969144e17,0.01,0.23,0.08974548429250717
83d26483-b995-4903-a530-f99969144e17,0.02,0.03,0.049333829432725906
83d26483-b995-4903-a530-f99969144e17,0.02,0.08,0.07763895392417908
83d26483-b995-4903-a530-f99969144e17,0.02,0.13,0.08606927841901779
83d26483-b995-4903-a530-f99969144e17,0.02,0.18000000000000002,0.08525222539901733
83d26483-b995-4903-a530-f99969144e17,0.02,0.23,0.08986583352088928
83d26483-b995-4903-a530-f99969144e17,0.03,0.03,0.056533169001340866
83d26483-b995-4903-a530-f99969144e17,0.03,0.08,0.07596965879201889
83d26483-b995-4903-a530-f99969144e17,0.03,0.13,0.08670976012945175
83d26483-b995-4903-a530-f99969144e17,0.03,0.18000000000000002,0.09394751489162445
83d26483-b995-4903-a530-f99969144e17,0.03,0.23,0.09202168136835098
83d26483-b995-4903-a530-f99969144e17,0.04,0.03,0.05550927296280861
83d26483-b995-4903-a530-f99969144e17,0.04,0.08,0.08267642557621002
83d26483-b995-4903-a530-f99969144e17,0.05,0.03,0.0557805672287941
83d26483-b995-4903-a530-f99969144e17,0.05,0.08,0.08043212443590164
83d26483-b995-4903-a530-f99969144e17,0.05,0.13,0.09272672235965729
83d26483-b995-4903-a530-f99969144e17,0.05,0.18000000000000002,0.08848556876182556
83d26483-b995-4903-a530-f99969144e17,0.05,0.23,0.08462752401828766
83d26483-b995-4903-a530-f99969144e17,0.1,0.03,0.05967075005173683
83d26483-b995-4903-a530-f99969144e17,0.1,0.08,0.08371958881616592
83d26483-b995-4903-a530-f99969144e17,0.1,0.13,0.07917238771915436
83d26483-b995-4903-a530-f99969144e17,0.1,0.18000000000000002,0.07568461447954178
83d26483-b995-4903-a530-f99969144e17,0.1,0.23,0.07676385343074799
83d26483-b995-4903-a530-f99969144e17,0.15000000000000002,0.03,0.05993381142616272
83d26483-b995-4903-a530-f99969144e17,0.15000000000000002,0.08,0.07396314293146133
83d26483-b995-4903-a530-f99969144e17,0.15000000000000002,0.13,0.06766845285892487
83d26483-b995-4903-a530-f99969144e17,0.15000000000000002,0.18000000000000002,0.07256399840116501
83d26483-b995-4903-a530-f99969144e17,0.15000000000000002,0.23,0.07754988223314285
83d26483-b995-4903-a530-f99969144e17,0.2,0.03,0.058173730969429016
83d26483-b995-4903-a530-f99969144e17,0.2,0.08,0.06423509120941162
83d26483-b995-4903-a530-f99969144e17,0.2,0.13,0.07234273850917816
83d26483-b995-4903-a530-f99969144e17,0.2,0.18000000000000002,0.07752379029989243
83d26483-b995-4903-a530-f99969144e17,0.2,0.23,0.07603397220373154
83d26483-b995-4903-a530-f99969144e17,0.25,0.03,0.06288069486618042
83d26483-b995-4903-a530-f99969144e17,0.25,0.08,0.08142969757318497
83d26483-b995-4903-a530-f99969144e17,0.25,0.13,0.08138495683670044
83d26483-b995-4903-a530-f99969144e17,0.25,0.18000000000000002,0.07944958657026291
83d26483-b995-4903-a530-f99969144e17,0.25,0.23,0.07719119638204575
83d26483-b995-4903-a530-f99969144e17,0.30000000000000004,0.03,0.05852287635207176
83d26483-b995-4903-a530-f99969144e17,0.30000000000000004,0.08,0.07045197486877441
83d26483-b995-4903-a530-f99969144e17,0.30000000000000004,0.13,0.07732255011796951
83d26483-b995-4903-a530-f99969144e17,0.30000000000000004,0.18000000000000002,0.07189665734767914
83d26483-b995-4903-a530-f99969144e17,0.30000000000000004,0.23,0.07640712708234787
845010c6-1ca9-41dd-9166-6b1f602d426b,0.0,0.03,0.06226014718413353
845010c6-1ca9-41dd-9166-6b1f602d426b,0.0,0.08,0.16529107093811035
845010c6-1ca9-41dd-9166-6b1f602d426b,0.0,0.13,0.1912744641304016
845010c6-1ca9-41dd-9166-6b1f602d426b,0.0,0.18000000000000002,0.17709997296333313
845010c6-1ca9-41dd-9166-6b1f602d426b,0.0,0.23,0.14065037667751312
845010c6-1ca9-41dd-9166-6b1f602d426b,0.01,0.03,0.08216935396194458
845010c6-1ca9-41dd-9166-6b1f602d426b,0.01,0.08,0.14405378699302673
845010c6-1ca9-41dd-9166-6b1f602d426b,0.01,0.13,0.14505495131015778
845010c6-1ca9-41dd-9166-6b1f602d426b,0.01,0.18000000000000002,0.13080303370952606
845010c6-1ca9-41dd-9166-6b1f602d426b,0.01,0.23,0.11639036238193512
845010c6-1ca9-41dd-9166-6b1f602d426b,0.02,0.03,0.09206730127334595
845010c6-1ca9-41dd-9166-6b1f602d426b,0.02,0.08,0.1507042795419693
845010c6-1ca9-41dd-9166-6b1f602d426b,0.02,0.13,0.14492560923099518
845010c6-1ca9-41dd-9166-6b1f602d426b,0.02,0.18000000000000002,0.12625937163829803
845010c6-1ca9-41dd-9166-6b1f602d426b,0.02,0.23,0.11709052324295044
845010c6-1ca9-41dd-9166-6b1f602d426b,0.03,0.03,0.10537319630384445
845010c6-1ca9-41dd-9166-6b1f602d426b,0.03,0.08,0.1531449556350708
845010c6-1ca9-41dd-9166-6b1f602d426b,0.03,0.13,0.13539698719978333
845010c6-1ca9-41dd-9166-6b1f602d426b,0.03,0.18000000000000002,0.12641362845897675
845010c6-1ca9-41dd-9166-6b1f602d426b,0.03,0.23,0.11175912618637085
845010c6-1ca9-41dd-9166-6b1f602d426b,0.04,0.03,0.1145787164568901
845010c6-1ca9-41dd-9166-6b1f602d426b,0.04,0.08,0.14963288605213165
845010c6-1ca9-41dd-9166-6b1f602d426b,0.05,0.03,0.1714857667684555
845010c6-1ca9-41dd-9166-6b1f602d426b,0.05,0.08,0.19018742442131042
845010c6-1ca9-41dd-9166-6b1f602d426b,0.05,0.13,0.16609741747379303
845010c6-1ca9-41dd-9166-6b1f602d426b,0.05,0.18000000000000002,0.12222006916999817
845010c6-1ca9-41dd-9166-6b1f602d426b,0.05,0.23,0.11331943422555923
845010c6-1ca9-41dd-9166-6b1f602d426b,0.1,0.03,0.08856841176748276
845010c6-1ca9-41dd-9166-6b1f602d426b,0.1,0.08,0.08920837193727493
845010c6-1ca9-41dd-9166-6b1f602d426b,0.1,0.13,0.06380069255828857
845010c6-1ca9-41dd-9166-6b1f602d426b,0.1,0.18000000000000002,0.06702428311109543
845010c6-1ca9-41dd-9166-6b1f602d426b,0.1,0.23,0.07190584391355515
845010c6-1ca9-41dd-9166-6b1f602d426b,0.15000000000000002,0.03,0.05077925696969032
845010c6-1ca9-41dd-9166-6b1f602d426b,0.15000000000000002,0.08,0.0633043423295021
845010c6-1ca9-41dd-9166-6b1f602d426b,0.15000000000000002,0.13,0.06697365641593933
845010c6-1ca9-41dd-9166-6b1f602d426b,0.15000000000000002,0.18000000000000002,0.07124975323677063
845010c6-1ca9-41dd-9166-6b1f602d426b,0.15000000000000002,0.23,0.07563145458698273
845010c6-1ca9-41dd-9166-6b1f602d426b,0.2,0.03,0.054654333740472794
845010c6-1ca9-41dd-9166-6b1f602d426b,0.2,0.08,0.06514914333820343
845010c6-1ca9-41dd-9166-6b1f602d426b,0.2,0.13,0.06988208740949631
845010c6-1ca9-41dd-9166-6b1f602d426b,0.2,0.18000000000000002,0.07543966174125671
845010c6-1ca9-41dd-9166-6b1f602d426b,0.2,0.23,0.07546994090080261
845010c6-1ca9-41dd-9166-6b1f602d426b,0.25,0.03,0.05168859660625458
845010c6-1ca9-41dd-9166-6b1f602d426b,0.25,0.08,0.06235967576503754
845010c6-1ca9-41dd-9166-6b1f602d426b,0.25,0.13,0.06781114637851715
845010c6-1ca9-41dd-9166-6b1f602d426b,0.25,0.18000000000000002,0.07938861101865768
845010c6-1ca9-41dd-9166-6b1f602d426b,0.25,0.23,0.0869223028421402
845010c6-1ca9-41dd-9166-6b1f602d426b,0.30000000000000004,0.03,0.05291306599974632
845010c6-1ca9-41dd-9166-6b1f602d426b,0.30000000000000004,0.08,0.06744213402271271
845010c6-1ca9-41dd-9166-6b1f602d426b,0.30000000000000004,0.13,0.07941098511219025
845010c6-1ca9-41dd-9166-6b1f602d426b,0.30000000000000004,0.18000000000000002,0.0869036391377449
845010c6-1ca9-41dd-9166-6b1f602d426b,0.30000000000000004,0.23,0.08544772863388062
84adcab1-d23f-4a7a-8a97-d8d43fb54945,0.0,0.03,0.04897579550743103
84adcab1-d23f-4a7a-8a97-d8d43fb54945,0.0,0.08,0.07783695310354233
84adcab1-d23f-4a7a-8a97-d8d43fb54945,0.0,0.13,0.07627451419830322
84adcab1-d23f-4a7a-8a97-d8d43fb54945,0.0,0.18000000000000002,0.07523570954799652
84adcab1-d23f-4a7a-8a97-d8d43fb54945,0.0,0.23,0.07695852965116501
84adcab1-d23f-4a7a-8a97-d8d43fb54945,0.01,0.03,0.052490536123514175
84adcab1-d23f-4a7a-8a97-d8d43fb54945,0.01,0.08,0.07418178021907806
84adcab1-d23f-4a7a-8a97-d8d43fb54945,0.01,0.13,0.0762951672077179
84adcab1-d23f-4a7a-8a97-d8d43fb54945,0.01,0.18000000000000002,0.06856578588485718
84adcab1-d23f-4a7a-8a97-d8d43fb54945,0.01,0.23,0.07827630639076233
84adcab1-d23f-4a7a-8a97-d8d43fb54945,0.02,0.03,0.047188423573970795
84adcab1-d23f-4a7a-8a97-d8d43fb54945,0.02,0.08,0.06471485644578934
84adcab1-d23f-4a7a-8a97-d8d43fb54945,0.02,0.13,0.07594580948352814
84adcab1-d23f-4a7a-8a97-d8d43fb54945,0.02,0.18000000000000002,0.06937899440526962
84adcab1-d23f-4a7a-8a97-d8d43fb54945,0.02,0.23,0.07809247076511383
84adcab1-d23f-4a7a-8a97-d8d43fb54945,0.03,0.03,0.05250461399555206
84adcab1-d23f-4a7a-8a97-d8d43fb54945,0.03,0.08,0.0676041767001152
84adcab1-d23f-4a7a-8a97-d8d43fb54945,0.03,0.13,0.07127918303012848
84adcab1-d23f-4a7a-8a97-d8d43fb54945,0.03,0.18000000000000002,0.06847674399614334
84adcab1-d23f-4a7a-8a97-d8d43fb54945,0.03,0.23,0.08421407639980316
84adcab1-d23f-4a7a-8a97-d8d43fb54945,0.04,0.03,0.050427090376615524
84adcab1-d23f-4a7a-8a97-d8d43fb54945,0.04,0.08,0.07586000114679337
84adcab1-d23f-4a7a-8a97-d8d43fb54945,0.05,0.03,0.05671130493283272
84adcab1-d23f-4a7a-8a97-d8d43fb54945,0.05,0.08,0.06669314950704575
84adcab1-d23f-4a7a-8a97-d8d43fb54945,0.05,0.13,0.06759920716285706
84adcab1-d23f-4a7a-8a97-d8d43fb54945,0.05,0.18000000000000002,0.07262755930423737
84adcab1-d23f-4a7a-8a97-d8d43fb54945,0.05,0.23,0.07332728058099747
84adcab1-d23f-4a7a-8a97-d8d43fb54945,0.1,0.03,0.046588752418756485
84adcab1-d23f-4a7a-8a97-d8d43fb54945,0.1,0.08,0.06531266123056412
84adcab1-d23f-4a7a-8a97-d8d43fb54945,0.1,0.13,0.08050090074539185
84adcab1-d23f-4a7a-8a97-d8d43fb54945,0.1,0.18000000000000002,0.07924430817365646
84adcab1-d23f-4a7a-8a97-d8d43fb54945,0.1,0.23,0.083527572453022
84adcab1-d23f-4a7a-8a97-d8d43fb54945,0.15000000000000002,0.03,0.04649607837200165
84adcab1-d23f-4a7a-8a97-d8d43fb54945,0.15000000000000002,0.08,0.07504212111234665
84adcab1-d23f-4a7a-8a97-d8d43fb54945,0.15000000000000002,0.13,0.07398702204227448
84adcab1-d23f-4a7a-8a97-d8d43fb54945,0.15000000000000002,0.18000000000000002,0.07938593626022339
84adcab1-d23f-4a7a-8a97-d8d43fb54945,0.15000000000000002,0.23,0.08399543166160583
84adcab1-d23f-4a7a-8a97-d8d43fb54945,0.2,0.03,0.05909277871251106
84adcab1-d23f-4a7a-8a97-d8d43fb54945,0.2,0.08,0.06189180910587311
84adcab1-d23f-4a7a-8a97-d8d43fb54945,0.2,0.13,0.07970615476369858
84adcab1-d23f-4a7a-8a97-d8d43fb54945,0.2,0.18000000000000002,0.07746496796607971
84adcab1-d23f-4a7a-8a97-d8d43fb54945,0.2,0.23,0.0770922601222992
84adcab1-d23f-4a7a-8a97-d8d43fb54945,0.25,0.03,0.046096526086330414
84adcab1-d23f-4a7a-8a97-d8d43fb54945,0.25,0.08,0.0633895993232727
84adcab1-d23f-4a7a-8a97-d8d43fb54945,0.25,0.13,0.0630427673459053
84adcab1-d23f-4a7a-8a97-d8d43fb54945,0.25,0.18000000000000002,0.06573664397001266
84adcab1-d23f-4a7a-8a97-d8d43fb54945,0.25,0.23,0.06660833209753036
84adcab1-d23f-4a7a-8a97-d8d43fb54945,0.30000000000000004,0.03,0.05571112409234047
84adcab1-d23f-4a7a-8a97-d8d43fb54945,0.30000000000000004,0.08,0.06229204311966896
84adcab1-d23f-4a7a-8a97-d8d43fb54945,0.30000000000000004,0.13,0.06349700689315796
84adcab1-d23f-4a7a-8a97-d8d43fb54945,0.30000000000000004,0.18000000000000002,0.06368909776210785
84adcab1-d23f-4a7a-8a97-d8d43fb54945,0.30000000000000004,0.23,0.06953798979520798
84b64b18-f7a5-40bd-83cc-5942ce5a1c0b,0.0,0.03,0.06569330394268036
84b64b18-f7a5-40bd-83cc-5942ce5a1c0b,0.0,0.08,0.08053012192249298
84b64b18-f7a5-40bd-83cc-5942ce5a1c0b,0.0,0.13,0.08374443650245667
84b64b18-f7a5-40bd-83cc-5942ce5a1c0b,0.0,0.18000000000000002,0.07958681881427765
84b64b18-f7a5-40bd-83cc-5942ce5a1c0b,0.0,0.23,0.07326355576515198
84b64b18-f7a5-40bd-83cc-5942ce5a1c0b,0.01,0.03,0.058257997035980225
84b64b18-f7a5-40bd-83cc-5942ce5a1c0b,0.01,0.08,0.07687026262283325
84b64b18-f7a5-40bd-83cc-5942ce5a1c0b,0.01,0.13,0.07649709284305573
84b64b18-f7a5-40bd-83cc-5942ce5a1c0b,0.01,0.18000000000000002,0.07357528060674667
84b64b18-f7a5-40bd-83cc-5942ce5a1c0b,0.01,0.23,0.07776106894016266
84b64b18-f7a5-40bd-83cc-5942ce5a1c0b,0.02,0.03,0.06625580787658691
84b64b18-f7a5-40bd-83cc-5942ce5a1c0b,0.02,0.08,0.07642222195863724
84b64b18-f7a5-40bd-83cc-5942ce5a1c0b,0.02,0.13,0.07485894858837128
84b64b18-f7a5-40bd-83cc-5942ce5a1c0b,0.02,0.18000000000000002,0.07494775950908661
84b64b18-f7a5-40bd-83cc-5942ce5a1c0b,0.02,0.23,0.07696135342121124
84b64b18-f7a5-40bd-83cc-5942ce5a1c0b,0.03,0.03,0.06110861524939537
84b64b18-f7a5-40bd-83cc-5942ce5a1c0b,0.03,0.08,0.07840702682733536
84b64b18-f7a5-40bd-83cc-5942ce5a1c0b,0.03,0.13,0.07710283994674683
84b64b18-f7a5-40bd-83cc-5942ce5a1c0b,0.03,0.18000000000000002,0.07197435200214386
84b64b18-f7a5-40bd-83cc-5942ce5a1c0b,0.03,0.23,0.07224219292402267
84b64b18-f7a5-40bd-83cc-5942ce5a1c0b,0.04,0.03,0.061967335641384125
84b64b18-f7a5-40bd-83cc-5942ce5a1c0b,0.04,0.08,0.07200015336275101
84b64b18-f7a5-40bd-83cc-5942ce5a1c0b,0.05,0.03,0.05945578217506409
84b64b18-f7a5-40bd-83cc-5942ce5a1c0b,0.05,0.08,0.07079925388097763
84b64b18-f7a5-40bd-83cc-5942ce5a1c0b,0.05,0.13,0.07281544804573059
84b64b18-f7a5-40bd-83cc-5942ce5a1c0b,0.05,0.18000000000000002,0.07370038330554962
84b64b18-f7a5-40bd-83cc-5942ce5a1c0b,0.05,0.23,0.07361959666013718
84b64b18-f7a5-40bd-83cc-5942ce5a1c0b,0.1,0.03,0.05622892454266548
84b64b18-f7a5-40bd-83cc-5942ce5a1c0b,0.1,0.08,0.07659558206796646
84b64b18-f7a5-40bd-83cc-5942ce5a1c0b,0.1,0.13,0.07808240503072739
84b64b18-f7a5-40bd-83cc-5942ce5a1c0b,0.1,0.18000000000000002,0.07571132481098175
84b64b18-f7a5-40bd-83cc-5942ce5a1c0b,0.1,0.23,0.07032564282417297
84b64b18-f7a5-40bd-83cc-5942ce5a1c0b,0.15000000000000002,0.03,0.05693487077951431
84b64b18-f7a5-40bd-83cc-5942ce5a1c0b,0.15000000000000002,0.08,0.06380437314510345
84b64b18-f7a5-40bd-83cc-5942ce5a1c0b,0.15000000000000002,0.13,0.06329640001058578
84b64b18-f7a5-40bd-83cc-5942ce5a1c0b,0.15000000000000002,0.18000000000000002,0.05948439985513687
84b64b18-f7a5-40bd-83cc-5942ce5a1c0b,0.15000000000000002,0.23,0.059302918612957
84b64b18-f7a5-40bd-83cc-5942ce5a1c0b,0.2,0.03,0.050698064267635345
84b64b18-f7a5-40bd-83cc-5942ce5a1c0b,0.2,0.08,0.053590647876262665
84b64b18-f7a5-40bd-83cc-5942ce5a1c0b,0.2,0.13,0.05568202584981918
84b64b18-f7a5-40bd-83cc-5942ce5a1c0b,0.2,0.18000000000000002,0.05468995124101639
84b64b18-f7a5-40bd-83cc-5942ce5a1c0b,0.2,0.23,0.05252743139863014
84b64b18-f7a5-40bd-83cc-5942ce5a1c0b,0.25,0.03,0.048190586268901825
84b64b18-f7a5-40bd-83cc-5942ce5a1c0b,0.25,0.08,0.056929636746644974
84b64b18-f7a5-40bd-83cc-5942ce5a1c0b,0.25,0.13,0.05962250754237175
84b64b18-f7a5-40bd-83cc-5942ce5a1c0b,0.25,0.18000000000000002,0.059830643236637115
84b64b18-f7a5-40bd-83cc-5942ce5a1c0b,0.25,0.23,0.0612029954791069
84b64b18-f7a5-40bd-83cc-5942ce5a1c0b,0.30000000000000004,0.03,0.049726974219083786
84b64b18-f7a5-40bd-83cc-5942ce5a1c0b,0.30000000000000004,0.08,0.05352012440562248
84b64b18-f7a5-40bd-83cc-5942ce5a1c0b,0.30000000000000004,0.13,0.05956413969397545
84b64b18-f7a5-40bd-83cc-5942ce5a1c0b,0.30000000000000004,0.18000000000000002,0.05924788489937782
84b64b18-f7a5-40bd-83cc-5942ce5a1c0b,0.30000000000000004,0.23,0.06210867315530777
84db4f05-55bc-44fc-b2f6-4f299bfbac50,0.0,0.03,0.04851464554667473
84db4f05-55bc-44fc-b2f6-4f299bfbac50,0.0,0.08,0.05403691902756691
84db4f05-55bc-44fc-b2f6-4f299bfbac50,0.0,0.13,0.06504850089550018
84db4f05-55bc-44fc-b2f6-4f299bfbac50,0.0,0.18000000000000002,0.07360882312059402
84db4f05-55bc-44fc-b2f6-4f299bfbac50,0.0,0.23,0.07144385576248169
84db4f05-55bc-44fc-b2f6-4f299bfbac50,0.01,0.03,0.045968685299158096
84db4f05-55bc-44fc-b2f6-4f299bfbac50,0.01,0.08,0.06068708747625351
84db4f05-55bc-44fc-b2f6-4f299bfbac50,0.01,0.13,0.0773761048913002
84db4f05-55bc-44fc-b2f6-4f299bfbac50,0.01,0.18000000000000002,0.08084464073181152
84db4f05-55bc-44fc-b2f6-4f299bfbac50,0.01,0.23,0.07998450100421906
84db4f05-55bc-44fc-b2f6-4f299bfbac50,0.02,0.03,0.04399052634835243
84db4f05-55bc-44fc-b2f6-4f299bfbac50,0.02,0.08,0.057752009481191635
84db4f05-55bc-44fc-b2f6-4f299bfbac50,0.02,0.13,0.07485266029834747
84db4f05-55bc-44fc-b2f6-4f299bfbac50,0.02,0.18000000000000002,0.07767239212989807
84db4f05-55bc-44fc-b2f6-4f299bfbac50,0.02,0.23,0.0773838609457016
84db4f05-55bc-44fc-b2f6-4f299bfbac50,0.03,0.03,0.04846595972776413
84db4f05-55bc-44fc-b2f6-4f299bfbac50,0.03,0.08,0.06769784539937973
84db4f05-55bc-44fc-b2f6-4f299bfbac50,0.03,0.13,0.07670871168375015
84db4f05-55bc-44fc-b2f6-4f299bfbac50,0.03,0.18000000000000002,0.07858996838331223
84db4f05-55bc-44fc-b2f6-4f299bfbac50,0.03,0.23,0.07606477290391922
84db4f05-55bc-44fc-b2f6-4f299bfbac50,0.04,0.03,0.04561460018157959
84db4f05-55bc-44fc-b2f6-4f299bfbac50,0.04,0.08,0.06642430275678635
84db4f05-55bc-44fc-b2f6-4f299bfbac50,0.05,0.03,0.04382878541946411
84db4f05-55bc-44fc-b2f6-4f299bfbac50,0.05,0.08,0.0625392347574234
84db4f05-55bc-44fc-b2f6-4f299bfbac50,0.05,0.13,0.07149001955986023
84db4f05-55bc-44fc-b2f6-4f299bfbac50,0.05,0.18000000000000002,0.06831452995538712
84db4f05-55bc-44fc-b2f6-4f299bfbac50,0.05,0.23,0.06174684315919876
84db4f05-55bc-44fc-b2f6-4f299bfbac50,0.1,0.03,0.05203157663345337
84db4f05-55bc-44fc-b2f6-4f299bfbac50,0.1,0.08,0.05371570959687233
84db4f05-55bc-44fc-b2f6-4f299bfbac50,0.1,0.13,0.0547390878200531
84db4f05-55bc-44fc-b2f6-4f299bfbac50,0.1,0.18000000000000002,0.05382121354341507
84db4f05-55bc-44fc-b2f6-4f299bfbac50,0.1,0.23,0.05673607811331749
84db4f05-55bc-44fc-b2f6-4f299bfbac50,0.15000000000000002,0.03,0.04863754287362099
84db4f05-55bc-44fc-b2f6-4f299bfbac50,0.15000000000000002,0.08,0.05647718161344528
84db4f05-55bc-44fc-b2f6-4f299bfbac50,0.15000000000000002,0.13,0.06048905849456787
84db4f05-55bc-44fc-b2f6-4f299bfbac50,0.15000000000000002,0.18000000000000002,0.05577319115400314
84db4f05-55bc-44fc-b2f6-4f299bfbac50,0.15000000000000002,0.23,0.05700397118926048
84db4f05-55bc-44fc-b2f6-4f299bfbac50,0.2,0.03,0.048047471791505814
84db4f05-55bc-44fc-b2f6-4f299bfbac50,0.2,0.08,0.05406860634684563
84db4f05-55bc-44fc-b2f6-4f299bfbac50,0.2,0.13,0.059027448296546936
84db4f05-55bc-44fc-b2f6-4f299bfbac50,0.2,0.18000000000000002,0.0579170286655426
84db4f05-55bc-44fc-b2f6-4f299bfbac50,0.2,0.23,0.06202219799160957
84db4f05-55bc-44fc-b2f6-4f299bfbac50,0.25,0.03,0.05250198394060135
84db4f05-55bc-44fc-b2f6-4f299bfbac50,0.25,0.08,0.056961074471473694
84db4f05-55bc-44fc-b2f6-4f299bfbac50,0.25,0.13,0.06578733772039413
84db4f05-55bc-44fc-b2f6-4f299bfbac50,0.25,0.18000000000000002,0.05871821194887161
84db4f05-55bc-44fc-b2f6-4f299bfbac50,0.25,0.23,0.06098400056362152
84db4f05-55bc-44fc-b2f6-4f299bfbac50,0.30000000000000004,0.03,0.04838535562157631
84db4f05-55bc-44fc-b2f6-4f299bfbac50,0.30000000000000004,0.08,0.059499938040971756
84db4f05-55bc-44fc-b2f6-4f299bfbac50,0.30000000000000004,0.13,0.057019755244255066
84db4f05-55bc-44fc-b2f6-4f299bfbac50,0.30000000000000004,0.18000000000000002,0.06146090477705002
84db4f05-55bc-44fc-b2f6-4f299bfbac50,0.30000000000000004,0.23,0.06464158743619919
84f041e6-0179-4977-a101-f82652c627b2,0.0,0.03,0.04892810434103012
84f041e6-0179-4977-a101-f82652c627b2,0.0,0.08,0.06334138661623001
84f041e6-0179-4977-a101-f82652c627b2,0.0,0.13,0.07577766478061676
84f041e6-0179-4977-a101-f82652c627b2,0.0,0.18000000000000002,0.0797397568821907
84f041e6-0179-4977-a101-f82652c627b2,0.0,0.23,0.07493726164102554
84f041e6-0179-4977-a101-f82652c627b2,0.01,0.03,0.041780438274145126
84f041e6-0179-4977-a101-f82652c627b2,0.01,0.08,0.06395121663808823
84f041e6-0179-4977-a101-f82652c627b2,0.01,0.13,0.06715211272239685
84f041e6-0179-4977-a101-f82652c627b2,0.01,0.18000000000000002,0.07290051132440567
84f041e6-0179-4977-a101-f82652c627b2,0.01,0.23,0.07052356749773026
84f041e6-0179-4977-a101-f82652c627b2,0.02,0.03,0.0460282526910305
84f041e6-0179-4977-a101-f82652c627b2,0.02,0.08,0.06523384153842926
84f041e6-0179-4977-a101-f82652c627b2,0.02,0.13,0.0728321298956871
84f041e6-0179-4977-a101-f82652c627b2,0.02,0.18000000000000002,0.07616513967514038
84f041e6-0179-4977-a101-f82652c627b2,0.02,0.23,0.06885998696088791
84f041e6-0179-4977-a101-f82652c627b2,0.03,0.03,0.04859239608049393
84f041e6-0179-4977-a101-f82652c627b2,0.03,0.08,0.05351912975311279
84f041e6-0179-4977-a101-f82652c627b2,0.03,0.13,0.06795668601989746
84f041e6-0179-4977-a101-f82652c627b2,0.03,0.18000000000000002,0.06909151375293732
84f041e6-0179-4977-a101-f82652c627b2,0.03,0.23,0.06756461411714554
84f041e6-0179-4977-a101-f82652c627b2,0.04,0.03,0.047709472477436066
84f041e6-0179-4977-a101-f82652c627b2,0.04,0.08,0.05969935655593872
84f041e6-0179-4977-a101-f82652c627b2,0.05,0.03,0.05047067254781723
84f041e6-0179-4977-a101-f82652c627b2,0.05,0.08,0.063283272087574
84f041e6-0179-4977-a101-f82652c627b2,0.05,0.13,0.06637326627969742
84f041e6-0179-4977-a101-f82652c627b2,0.05,0.18000000000000002,0.06795280426740646
84f041e6-0179-4977-a101-f82652c627b2,0.05,0.23,0.07043369859457016
84f041e6-0179-4977-a101-f82652c627b2,0.1,0.03,0.050039924681186676
84f041e6-0179-4977-a101-f82652c627b2,0.1,0.08,0.06719361990690231
84f041e6-0179-4977-a101-f82652c627b2,0.1,0.13,0.06908988952636719
84f041e6-0179-4977-a101-f82652c627b2,0.1,0.18000000000000002,0.07174292206764221
84f041e6-0179-4977-a101-f82652c627b2,0.1,0.23,0.07486504316329956
84f041e6-0179-4977-a101-f82652c627b2,0.15000000000000002,0.03,0.056554846465587616
84f041e6-0179-4977-a101-f82652c627b2,0.15000000000000002,0.08,0.06269845366477966
84f041e6-0179-4977-a101-f82652c627b2,0.15000000000000002,0.13,0.06681110709905624
84f041e6-0179-4977-a101-f82652c627b2,0.15000000000000002,0.18000000000000002,0.06681010127067566
84f041e6-0179-4977-a101-f82652c627b2,0.15000000000000002,0.23,0.06969118118286133
84f041e6-0179-4977-a101-f82652c627b2,0.2,0.03,0.04431173577904701
84f041e6-0179-4977-a101-f82652c627b2,0.2,0.08,0.05366116389632225
84f041e6-0179-4977-a101-f82652c627b2,0.2,0.13,0.061855167150497437
84f041e6-0179-4977-a101-f82652c627b2,0.2,0.18000000000000002,0.06511268019676208
84f041e6-0179-4977-a101-f82652c627b2,0.2,0.23,0.061263926327228546
84f041e6-0179-4977-a101-f82652c627b2,0.25,0.03,0.044134289026260376
84f041e6-0179-4977-a101-f82652c627b2,0.25,0.08,0.05741359293460846
84f041e6-0179-4977-a101-f82652c627b2,0.25,0.13,0.06596323102712631
84f041e6-0179-4977-a101-f82652c627b2,0.25,0.18000000000000002,0.06875674426555634
84f041e6-0179-4977-a101-f82652c627b2,0.25,0.23,0.06473474204540253
84f041e6-0179-4977-a101-f82652c627b2,0.30000000000000004,0.03,0.047495000064373016
84f041e6-0179-4977-a101-f82652c627b2,0.30000000000000004,0.08,0.0684933066368103
84f041e6-0179-4977-a101-f82652c627b2,0.30000000000000004,0.13,0.08112805336713791
84f041e6-0179-4977-a101-f82652c627b2,0.30000000000000004,0.18000000000000002,0.07018400728702545
84f041e6-0179-4977-a101-f82652c627b2,0.30000000000000004,0.23,0.06720767915248871
850d2e57-5899-4f83-920c-0ff36c86e512,0.0,0.03,0.4365534484386444
850d2e57-5899-4f83-920c-0ff36c86e512,0.0,0.08,0.41227903962135315
850d2e57-5899-4f83-920c-0ff36c86e512,0.0,0.13,0.22790154814720154
850d2e57-5899-4f83-920c-0ff36c86e512,0.0,0.18000000000000002,0.19115130603313446
850d2e57-5899-4f83-920c-0ff36c86e512,0.0,0.23,0.18012559413909912
850d2e57-5899-4f83-920c-0ff36c86e512,0.01,0.03,0.3574574291706085
850d2e57-5899-4f83-920c-0ff36c86e512,0.01,0.08,0.3144104778766632
850d2e57-5899-4f83-920c-0ff36c86e512,0.01,0.13,0.20150522887706757
850d2e57-5899-4f83-920c-0ff36c86e512,0.01,0.18000000000000002,0.1753365695476532
850d2e57-5899-4f83-920c-0ff36c86e512,0.01,0.23,0.1610199362039566
850d2e57-5899-4f83-920c-0ff36c86e512,0.02,0.03,0.3417975604534149
850d2e57-5899-4f83-920c-0ff36c86e512,0.02,0.08,0.23072154819965363
850d2e57-5899-4f83-920c-0ff36c86e512,0.02,0.13,0.1694570630788803
850d2e57-5899-4f83-920c-0ff36c86e512,0.02,0.18000000000000002,0.15281327068805695
850d2e57-5899-4f83-920c-0ff36c86e512,0.02,0.23,0.1348608136177063
850d2e57-5899-4f83-920c-0ff36c86e512,0.03,0.03,0.29533931612968445
850d2e57-5899-4f83-920c-0ff36c86e512,0.03,0.08,0.15724563598632812
850d2e57-5899-4f83-920c-0ff36c86e512,0.03,0.13,0.11424944549798965
850d2e57-5899-4f83-920c-0ff36c86e512,0.03,0.18000000000000002,0.11296962201595306
850d2e57-5899-4f83-920c-0ff36c86e512,0.03,0.23,0.09574361890554428
850d2e57-5899-4f83-920c-0ff36c86e512,0.04,0.03,0.17183594405651093
850d2e57-5899-4f83-920c-0ff36c86e512,0.04,0.08,0.11594898253679276
850d2e57-5899-4f83-920c-0ff36c86e512,0.05,0.03,0.11562233418226242
850d2e57-5899-4f83-920c-0ff36c86e512,0.05,0.08,0.11958704143762589
850d2e57-5899-4f83-920c-0ff36c86e512,0.05,0.13,0.09994921833276749
850d2e57-5899-4f83-920c-0ff36c86e512,0.05,0.18000000000000002,0.07084151357412338
850d2e57-5899-4f83-920c-0ff36c86e512,0.05,0.23,0.06630100309848785
850d2e57-5899-4f83-920c-0ff36c86e512,0.1,0.03,0.11985472589731216
850d2e57-5899-4f83-920c-0ff36c86e512,0.1,0.08,0.0767061859369278
850d2e57-5899-4f83-920c-0ff36c86e512,0.1,0.13,0.06251274049282074
850d2e57-5899-4f83-920c-0ff36c86e512,0.1,0.18000000000000002,0.0604792945086956
850d2e57-5899-4f83-920c-0ff36c86e512,0.1,0.23,0.060495104640722275
850d2e57-5899-4f83-920c-0ff36c86e512,0.15000000000000002,0.03,0.05471405014395714
850d2e57-5899-4f83-920c-0ff36c86e512,0.15000000000000002,0.08,0.06317156553268433
850d2e57-5899-4f83-920c-0ff36c86e512,0.15000000000000002,0.13,0.061680302023887634
850d2e57-5899-4f83-920c-0ff36c86e512,0.15000000000000002,0.18000000000000002,0.06453448534011841
850d2e57-5899-4f83-920c-0ff36c86e512,0.15000000000000002,0.23,0.06552857160568237
850d2e57-5899-4f83-920c-0ff36c86e512,0.2,0.03,0.04946146905422211
850d2e57-5899-4f83-920c-0ff36c86e512,0.2,0.08,0.05145316570997238
850d2e57-5899-4f83-920c-0ff36c86e512,0.2,0.13,0.06093475595116615
850d2e57-5899-4f83-920c-0ff36c86e512,0.2,0.18000000000000002,0.06347822397947311
850d2e57-5899-4f83-920c-0ff36c86e512,0.2,0.23,0.0570206493139267
850d2e57-5899-4f83-920c-0ff36c86e512,0.25,0.03,0.05018756911158562
850d2e57-5899-4f83-920c-0ff36c86e512,0.25,0.08,0.060664478689432144
850d2e57-5899-4f83-920c-0ff36c86e512,0.25,0.13,0.059125177562236786
850d2e57-5899-4f83-920c-0ff36c86e512,0.25,0.18000000000000002,0.05647646263241768
850d2e57-5899-4f83-920c-0ff36c86e512,0.25,0.23,0.060018617659807205
850d2e57-5899-4f83-920c-0ff36c86e512,0.30000000000000004,0.03,0.052519332617521286
850d2e57-5899-4f83-920c-0ff36c86e512,0.30000000000000004,0.08,0.05201826989650726
850d2e57-5899-4f83-920c-0ff36c86e512,0.30000000000000004,0.13,0.05855630710721016
850d2e57-5899-4f83-920c-0ff36c86e512,0.30000000000000004,0.18000000000000002,0.05995595082640648
850d2e57-5899-4f83-920c-0ff36c86e512,0.30000000000000004,0.23,0.06411011517047882
851d5fee-497a-466c-83e5-6e5ce438b92d,0.0,0.03,0.08644351363182068
851d5fee-497a-466c-83e5-6e5ce438b92d,0.0,0.08,0.13784627616405487
851d5fee-497a-466c-83e5-6e5ce438b92d,0.0,0.13,0.14338403940200806
851d5fee-497a-466c-83e5-6e5ce438b92d,0.0,0.18000000000000002,0.12663410604000092
851d5fee-497a-466c-83e5-6e5ce438b92d,0.0,0.23,0.11636189371347427
851d5fee-497a-466c-83e5-6e5ce438b92d,0.01,0.03,0.10414263606071472
851d5fee-497a-466c-83e5-6e5ce438b92d,0.01,0.08,0.14407528936862946
851d5fee-497a-466c-83e5-6e5ce438b92d,0.01,0.13,0.1410224735736847
851d5fee-497a-466c-83e5-6e5ce438b92d,0.01,0.18000000000000002,0.12481062859296799
851d5fee-497a-466c-83e5-6e5ce438b92d,0.01,0.23,0.11113552749156952
851d5fee-497a-466c-83e5-6e5ce438b92d,0.02,0.03,0.11118888854980469
851d5fee-497a-466c-83e5-6e5ce438b92d,0.02,0.08,0.14591099321842194
851d5fee-497a-466c-83e5-6e5ce438b92d,0.02,0.13,0.13688652217388153
851d5fee-497a-466c-83e5-6e5ce438b92d,0.02,0.18000000000000002,0.12049282342195511
851d5fee-497a-466c-83e5-6e5ce438b92d,0.02,0.23,0.1049579307436943
851d5fee-497a-466c-83e5-6e5ce438b92d,0.03,0.03,0.11078726500272751
851d5fee-497a-466c-83e5-6e5ce438b92d,0.03,0.08,0.1486479938030243
851d5fee-497a-466c-83e5-6e5ce438b92d,0.03,0.13,0.12972228229045868
851d5fee-497a-466c-83e5-6e5ce438b92d,0.03,0.18000000000000002,0.11479457467794418
851d5fee-497a-466c-83e5-6e5ce438b92d,0.03,0.23,0.09562822431325912
851d5fee-497a-466c-83e5-6e5ce438b92d,0.04,0.03,0.12012385576963425
851d5fee-497a-466c-83e5-6e5ce438b92d,0.04,0.08,0.14024214446544647
851d5fee-497a-466c-83e5-6e5ce438b92d,0.05,0.03,0.12964805960655212
851d5fee-497a-466c-83e5-6e5ce438b92d,0.05,0.08,0.1318933367729187
851d5fee-497a-466c-83e5-6e5ce438b92d,0.05,0.13,0.11135930567979813
851d5fee-497a-466c-83e5-6e5ce438b92d,0.05,0.18000000000000002,0.10037647187709808
851d5fee-497a-466c-83e5-6e5ce438b92d,0.05,0.23,0.08176802843809128
851d5fee-497a-466c-83e5-6e5ce438b92d,0.1,0.03,0.08621035516262054
851d5fee-497a-466c-83e5-6e5ce438b92d,0.1,0.08,0.07999247312545776
851d5fee-497a-466c-83e5-6e5ce438b92d,0.1,0.13,0.07156933844089508
851d5fee-497a-466c-83e5-6e5ce438b92d,0.1,0.18000000000000002,0.06408515572547913
851d5fee-497a-466c-83e5-6e5ce438b92d,0.1,0.23,0.06630637496709824
851d5fee-497a-466c-83e5-6e5ce438b92d,0.15000000000000002,0.03,0.060849662870168686
851d5fee-497a-466c-83e5-6e5ce438b92d,0.15000000000000002,0.08,0.06811198592185974
851d5fee-497a-466c-83e5-6e5ce438b92d,0.15000000000000002,0.13,0.06209965795278549
851d5fee-497a-466c-83e5-6e5ce438b92d,0.15000000000000002,0.18000000000000002,0.06356572359800339
851d5fee-497a-466c-83e5-6e5ce438b92d,0.15000000000000002,0.23,0.05980462208390236
851d5fee-497a-466c-83e5-6e5ce438b92d,0.2,0.03,0.057787321507930756
851d5fee-497a-466c-83e5-6e5ce438b92d,0.2,0.08,0.06092904135584831
851d5fee-497a-466c-83e5-6e5ce438b92d,0.2,0.13,0.06294085830450058
851d5fee-497a-466c-83e5-6e5ce438b92d,0.2,0.18000000000000002,0.061680205166339874
851d5fee-497a-466c-83e5-6e5ce438b92d,0.2,0.23,0.060237299650907516
851d5fee-497a-466c-83e5-6e5ce438b92d,0.25,0.03,0.048513107001781464
851d5fee-497a-466c-83e5-6e5ce438b92d,0.25,0.08,0.0584208220243454
851d5fee-497a-466c-83e5-6e5ce438b92d,0.25,0.13,0.061217788606882095
851d5fee-497a-466c-83e5-6e5ce438b92d,0.25,0.18000000000000002,0.06379245966672897
851d5fee-497a-466c-83e5-6e5ce438b92d,0.25,0.23,0.06413259357213974
851d5fee-497a-466c-83e5-6e5ce438b92d,0.30000000000000004,0.03,0.05363776907324791
851d5fee-497a-466c-83e5-6e5ce438b92d,0.30000000000000004,0.08,0.06331656873226166
851d5fee-497a-466c-83e5-6e5ce438b92d,0.30000000000000004,0.13,0.06077966094017029
851d5fee-497a-466c-83e5-6e5ce438b92d,0.30000000000000004,0.18000000000000002,0.06747708469629288
851d5fee-497a-466c-83e5-6e5ce438b92d,0.30000000000000004,0.23,0.06824814528226852
854d4f44-ed3b-46ef-b8f6-00aa2abab1a1,0.0,0.03,0.0635346844792366
854d4f44-ed3b-46ef-b8f6-00aa2abab1a1,0.0,0.08,0.0715925320982933
854d4f44-ed3b-46ef-b8f6-00aa2abab1a1,0.0,0.13,0.07641381770372391
854d4f44-ed3b-46ef-b8f6-00aa2abab1a1,0.0,0.18000000000000002,0.09105496108531952
854d4f44-ed3b-46ef-b8f6-00aa2abab1a1,0.0,0.23,0.09052165597677231
854d4f44-ed3b-46ef-b8f6-00aa2abab1a1,0.01,0.03,0.06708350777626038
854d4f44-ed3b-46ef-b8f6-00aa2abab1a1,0.01,0.08,0.07032573968172073
854d4f44-ed3b-46ef-b8f6-00aa2abab1a1,0.01,0.13,0.078433096408844
854d4f44-ed3b-46ef-b8f6-00aa2abab1a1,0.01,0.18000000000000002,0.0821228176355362
854d4f44-ed3b-46ef-b8f6-00aa2abab1a1,0.01,0.23,0.09538912028074265
854d4f44-ed3b-46ef-b8f6-00aa2abab1a1,0.02,0.03,0.08214657753705978
854d4f44-ed3b-46ef-b8f6-00aa2abab1a1,0.02,0.08,0.06268990784883499
854d4f44-ed3b-46ef-b8f6-00aa2abab1a1,0.02,0.13,0.0769881159067154
854d4f44-ed3b-46ef-b8f6-00aa2abab1a1,0.02,0.18000000000000002,0.08038941770792007
854d4f44-ed3b-46ef-b8f6-00aa2abab1a1,0.02,0.23,0.09277379512786865
854d4f44-ed3b-46ef-b8f6-00aa2abab1a1,0.03,0.03,0.05906270071864128
854d4f44-ed3b-46ef-b8f6-00aa2abab1a1,0.03,0.08,0.07557892054319382
854d4f44-ed3b-46ef-b8f6-00aa2abab1a1,0.03,0.13,0.07970002293586731
854d4f44-ed3b-46ef-b8f6-00aa2abab1a1,0.03,0.18000000000000002,0.08763179183006287
854d4f44-ed3b-46ef-b8f6-00aa2abab1a1,0.03,0.23,0.08840423822402954
854d4f44-ed3b-46ef-b8f6-00aa2abab1a1,0.04,0.03,0.07294856011867523
854d4f44-ed3b-46ef-b8f6-00aa2abab1a1,0.04,0.08,0.07710707932710648
854d4f44-ed3b-46ef-b8f6-00aa2abab1a1,0.05,0.03,0.0625147745013237
854d4f44-ed3b-46ef-b8f6-00aa2abab1a1,0.05,0.08,0.07739502191543579
854d4f44-ed3b-46ef-b8f6-00aa2abab1a1,0.05,0.13,0.0773288682103157
854d4f44-ed3b-46ef-b8f6-00aa2abab1a1,0.05,0.18000000000000002,0.08234325796365738
854d4f44-ed3b-46ef-b8f6-00aa2abab1a1,0.05,0.23,0.08867308497428894
854d4f44-ed3b-46ef-b8f6-00aa2abab1a1,0.1,0.03,0.06002403423190117
854d4f44-ed3b-46ef-b8f6-00aa2abab1a1,0.1,0.08,0.07673602551221848
854d4f44-ed3b-46ef-b8f6-00aa2abab1a1,0.1,0.13,0.08137757331132889
854d4f44-ed3b-46ef-b8f6-00aa2abab1a1,0.1,0.18000000000000002,0.09267786145210266
854d4f44-ed3b-46ef-b8f6-00aa2abab1a1,0.1,0.23,0.09863641113042831
854d4f44-ed3b-46ef-b8f6-00aa2abab1a1,0.15000000000000002,0.03,0.06954087316989899
854d4f44-ed3b-46ef-b8f6-00aa2abab1a1,0.15000000000000002,0.08,0.0844033882021904
854d4f44-ed3b-46ef-b8f6-00aa2abab1a1,0.15000000000000002,0.13,0.09057938307523727
854d4f44-ed3b-46ef-b8f6-00aa2abab1a1,0.15000000000000002,0.18000000000000002,0.09583983570337296
854d4f44-ed3b-46ef-b8f6-00aa2abab1a1,0.15000000000000002,0.23,0.098899245262146
854d4f44-ed3b-46ef-b8f6-00aa2abab1a1,0.2,0.03,0.0632840096950531
854d4f44-ed3b-46ef-b8f6-00aa2abab1a1,0.2,0.08,0.08865731209516525
854d4f44-ed3b-46ef-b8f6-00aa2abab1a1,0.2,0.13,0.09515637904405594
854d4f44-ed3b-46ef-b8f6-00aa2abab1a1,0.2,0.18000000000000002,0.10171545296907425
854d4f44-ed3b-46ef-b8f6-00aa2abab1a1,0.2,0.23,0.11124397069215775
854d4f44-ed3b-46ef-b8f6-00aa2abab1a1,0.25,0.03,0.06387784332036972
854d4f44-ed3b-46ef-b8f6-00aa2abab1a1,0.25,0.08,0.0934460312128067
854d4f44-ed3b-46ef-b8f6-00aa2abab1a1,0.25,0.13,0.09601064771413803
854d4f44-ed3b-46ef-b8f6-00aa2abab1a1,0.25,0.18000000000000002,0.11620763689279556
854d4f44-ed3b-46ef-b8f6-00aa2abab1a1,0.25,0.23,0.11854825913906097
854d4f44-ed3b-46ef-b8f6-00aa2abab1a1,0.30000000000000004,0.03,0.05978088453412056
854d4f44-ed3b-46ef-b8f6-00aa2abab1a1,0.30000000000000004,0.08,0.08976815640926361
854d4f44-ed3b-46ef-b8f6-00aa2abab1a1,0.30000000000000004,0.13,0.09229423850774765
854d4f44-ed3b-46ef-b8f6-00aa2abab1a1,0.30000000000000004,0.18000000000000002,0.11308442801237106
854d4f44-ed3b-46ef-b8f6-00aa2abab1a1,0.30000000000000004,0.23,0.11832258850336075
85c978e3-428f-4a79-8541-59810163e34a,0.0,0.03,0.051822908222675323
85c978e3-428f-4a79-8541-59810163e34a,0.0,0.08,0.07948711514472961
85c978e3-428f-4a79-8541-59810163e34a,0.0,0.13,0.07002485543489456
85c978e3-428f-4a79-8541-59810163e34a,0.0,0.18000000000000002,0.0660877674818039
85c978e3-428f-4a79-8541-59810163e34a,0.0,0.23,0.06910423189401627
85c978e3-428f-4a79-8541-59810163e34a,0.01,0.03,0.06095943972468376
85c978e3-428f-4a79-8541-59810163e34a,0.01,0.08,0.07977434992790222
85c978e3-428f-4a79-8541-59810163e34a,0.01,0.13,0.06774378567934036
85c978e3-428f-4a79-8541-59810163e34a,0.01,0.18000000000000002,0.06475359201431274
85c978e3-428f-4a79-8541-59810163e34a,0.01,0.23,0.0693223625421524
85c978e3-428f-4a79-8541-59810163e34a,0.02,0.03,0.06100131943821907
85c978e3-428f-4a79-8541-59810163e34a,0.02,0.08,0.07948265969753265
85c978e3-428f-4a79-8541-59810163e34a,0.02,0.13,0.061853449791669846
85c978e3-428f-4a79-8541-59810163e34a,0.02,0.18000000000000002,0.06324277073144913
85c978e3-428f-4a79-8541-59810163e34a,0.02,0.23,0.06943036615848541
85c978e3-428f-4a79-8541-59810163e34a,0.03,0.03,0.053968317806720734
85c978e3-428f-4a79-8541-59810163e34a,0.03,0.08,0.06777529418468475
85c978e3-428f-4a79-8541-59810163e34a,0.03,0.13,0.0594174824655056
85c978e3-428f-4a79-8541-59810163e34a,0.03,0.18000000000000002,0.06128939986228943
85c978e3-428f-4a79-8541-59810163e34a,0.03,0.23,0.06903480738401413
85c978e3-428f-4a79-8541-59810163e34a,0.04,0.03,0.0594203919172287
85c978e3-428f-4a79-8541-59810163e34a,0.04,0.08,0.052906330674886703
85c978e3-428f-4a79-8541-59810163e34a,0.05,0.03,0.04996206611394882
85c978e3-428f-4a79-8541-59810163e34a,0.05,0.08,0.055679019540548325
85c978e3-428f-4a79-8541-59810163e34a,0.05,0.13,0.054035503417253494
85c978e3-428f-4a79-8541-59810163e34a,0.05,0.18000000000000002,0.05868091061711311
85c978e3-428f-4a79-8541-59810163e34a,0.05,0.23,0.06679210066795349
85c978e3-428f-4a79-8541-59810163e34a,0.1,0.03,0.047685656696558
85c978e3-428f-4a79-8541-59810163e34a,0.1,0.08,0.054653599858284
85c978e3-428f-4a79-8541-59810163e34a,0.1,0.13,0.05554234981536865
85c978e3-428f-4a79-8541-59810163e34a,0.1,0.18000000000000002,0.06402400135993958
85c978e3-428f-4a79-8541-59810163e34a,0.1,0.23,0.06651099026203156
85c978e3-428f-4a79-8541-59810163e34a,0.15000000000000002,0.03,0.048226866871118546
85c978e3-428f-4a79-8541-59810163e34a,0.15000000000000002,0.08,0.04909826070070267
85c978e3-428f-4a79-8541-59810163e34a,0.15000000000000002,0.13,0.06314297020435333
85c978e3-428f-4a79-8541-59810163e34a,0.15000000000000002,0.18000000000000002,0.0695701390504837
85c978e3-428f-4a79-8541-59810163e34a,0.15000000000000002,0.23,0.06724794209003448
85c978e3-428f-4a79-8541-59810163e34a,0.2,0.03,0.04662499576807022
85c978e3-428f-4a79-8541-59810163e34a,0.2,0.08,0.06912869215011597
85c978e3-428f-4a79-8541-59810163e34a,0.2,0.13,0.07177554816007614
85c978e3-428f-4a79-8541-59810163e34a,0.2,0.18000000000000002,0.06748999655246735
85c978e3-428f-4a79-8541-59810163e34a,0.2,0.23,0.06518860906362534
85c978e3-428f-4a79-8541-59810163e34a,0.25,0.03,0.05042228847742081
85c978e3-428f-4a79-8541-59810163e34a,0.25,0.08,0.06263221055269241
85c978e3-428f-4a79-8541-59810163e34a,0.25,0.13,0.06112334877252579
85c978e3-428f-4a79-8541-59810163e34a,0.25,0.18000000000000002,0.06736098229885101
85c978e3-428f-4a79-8541-59810163e34a,0.25,0.23,0.060538459569215775
85c978e3-428f-4a79-8541-59810163e34a,0.30000000000000004,0.03,0.04571661725640297
85c978e3-428f-4a79-8541-59810163e34a,0.30000000000000004,0.08,0.05748830735683441
85c978e3-428f-4a79-8541-59810163e34a,0.30000000000000004,0.13,0.06670264899730682
85c978e3-428f-4a79-8541-59810163e34a,0.30000000000000004,0.18000000000000002,0.06544184684753418
85c978e3-428f-4a79-8541-59810163e34a,0.30000000000000004,0.23,0.06149599328637123
86172b6d-d5fc-4fda-996f-8443a4238aa4,0.0,0.03,0.06115110218524933
86172b6d-d5fc-4fda-996f-8443a4238aa4,0.0,0.08,0.0735291987657547
86172b6d-d5fc-4fda-996f-8443a4238aa4,0.0,0.13,0.0923515185713768
86172b6d-d5fc-4fda-996f-8443a4238aa4,0.0,0.18000000000000002,0.08523236215114594
86172b6d-d5fc-4fda-996f-8443a4238aa4,0.0,0.23,0.08362580090761185
86172b6d-d5fc-4fda-996f-8443a4238aa4,0.01,0.03,0.0670100599527359
86172b6d-d5fc-4fda-996f-8443a4238aa4,0.01,0.08,0.09810525923967361
86172b6d-d5fc-4fda-996f-8443a4238aa4,0.01,0.13,0.08951386064291
86172b6d-d5fc-4fda-996f-8443a4238aa4,0.01,0.18000000000000002,0.08874251693487167
86172b6d-d5fc-4fda-996f-8443a4238aa4,0.01,0.23,0.08346156030893326
86172b6d-d5fc-4fda-996f-8443a4238aa4,0.02,0.03,0.046855296939611435
86172b6d-d5fc-4fda-996f-8443a4238aa4,0.02,0.08,0.06566744297742844
86172b6d-d5fc-4fda-996f-8443a4238aa4,0.02,0.13,0.07037763297557831
86172b6d-d5fc-4fda-996f-8443a4238aa4,0.02,0.18000000000000002,0.08110533654689789
86172b6d-d5fc-4fda-996f-8443a4238aa4,0.02,0.23,0.08555199205875397
86172b6d-d5fc-4fda-996f-8443a4238aa4,0.03,0.03,0.07112418115139008
86172b6d-d5fc-4fda-996f-8443a4238aa4,0.03,0.08,0.06886954605579376
86172b6d-d5fc-4fda-996f-8443a4238aa4,0.03,0.13,0.08039495348930359
86172b6d-d5fc-4fda-996f-8443a4238aa4,0.03,0.18000000000000002,0.08303791284561157
86172b6d-d5fc-4fda-996f-8443a4238aa4,0.03,0.23,0.09418166428804398
86172b6d-d5fc-4fda-996f-8443a4238aa4,0.04,0.03,0.06074201688170433
86172b6d-d5fc-4fda-996f-8443a4238aa4,0.04,0.08,0.09032104164361954
86172b6d-d5fc-4fda-996f-8443a4238aa4,0.05,0.03,0.058896370232105255
86172b6d-d5fc-4fda-996f-8443a4238aa4,0.05,0.08,0.08149949461221695
86172b6d-d5fc-4fda-996f-8443a4238aa4,0.05,0.13,0.08184409141540527
86172b6d-d5fc-4fda-996f-8443a4238aa4,0.05,0.18000000000000002,0.08681604266166687
86172b6d-d5fc-4fda-996f-8443a4238aa4,0.05,0.23,0.09467589855194092
86172b6d-d5fc-4fda-996f-8443a4238aa4,0.1,0.03,0.04868406802415848
86172b6d-d5fc-4fda-996f-8443a4238aa4,0.1,0.08,0.05726242810487747
86172b6d-d5fc-4fda-996f-8443a4238aa4,0.1,0.13,0.07582635432481766
86172b6d-d5fc-4fda-996f-8443a4238aa4,0.1,0.18000000000000002,0.08482784777879715
86172b6d-d5fc-4fda-996f-8443a4238aa4,0.1,0.23,0.09296514093875885
86172b6d-d5fc-4fda-996f-8443a4238aa4,0.15000000000000002,0.03,0.0594387911260128
86172b6d-d5fc-4fda-996f-8443a4238aa4,0.15000000000000002,0.08,0.0711527019739151
86172b6d-d5fc-4fda-996f-8443a4238aa4,0.15000000000000002,0.13,0.08204063028097153
86172b6d-d5fc-4fda-996f-8443a4238aa4,0.15000000000000002,0.18000000000000002,0.09631437063217163
86172b6d-d5fc-4fda-996f-8443a4238aa4,0.15000000000000002,0.23,0.10388398915529251
86172b6d-d5fc-4fda-996f-8443a4238aa4,0.2,0.03,0.05801478773355484
86172b6d-d5fc-4fda-996f-8443a4238aa4,0.2,0.08,0.06668321043252945
86172b6d-d5fc-4fda-996f-8443a4238aa4,0.2,0.13,0.09595432877540588
86172b6d-d5fc-4fda-996f-8443a4238aa4,0.2,0.18000000000000002,0.09550142288208008
86172b6d-d5fc-4fda-996f-8443a4238aa4,0.2,0.23,0.09295783191919327
86172b6d-d5fc-4fda-996f-8443a4238aa4,0.25,0.03,0.05185273662209511
86172b6d-d5fc-4fda-996f-8443a4238aa4,0.25,0.08,0.09735944122076035
86172b6d-d5fc-4fda-996f-8443a4238aa4,0.25,0.13,0.08953706175088882
86172b6d-d5fc-4fda-996f-8443a4238aa4,0.25,0.18000000000000002,0.08012831956148148
86172b6d-d5fc-4fda-996f-8443a4238aa4,0.25,0.23,0.07986429333686829
86172b6d-d5fc-4fda-996f-8443a4238aa4,0.30000000000000004,0.03,0.055030208081007004
86172b6d-d5fc-4fda-996f-8443a4238aa4,0.30000000000000004,0.08,0.0625428631901741
86172b6d-d5fc-4fda-996f-8443a4238aa4,0.30000000000000004,0.13,0.07755059003829956
86172b6d-d5fc-4fda-996f-8443a4238aa4,0.30000000000000004,0.18000000000000002,0.08135548233985901
86172b6d-d5fc-4fda-996f-8443a4238aa4,0.30000000000000004,0.23,0.08512630313634872
86b01c3e-9f75-4ccb-b346-3f45d0de440c,0.0,0.03,0.34134024381637573
86b01c3e-9f75-4ccb-b346-3f45d0de440c,0.0,0.08,0.47462016344070435
86b01c3e-9f75-4ccb-b346-3f45d0de440c,0.0,0.13,0.39392274618148804
86b01c3e-9f75-4ccb-b346-3f45d0de440c,0.0,0.18000000000000002,0.2762005627155304
86b01c3e-9f75-4ccb-b346-3f45d0de440c,0.0,0.23,0.21332783997058868
86b01c3e-9f75-4ccb-b346-3f45d0de440c,0.01,0.03,0.3111167848110199
86b01c3e-9f75-4ccb-b346-3f45d0de440c,0.01,0.08,0.34891271591186523
86b01c3e-9f75-4ccb-b346-3f45d0de440c,0.01,0.13,0.23573416471481323
86b01c3e-9f75-4ccb-b346-3f45d0de440c,0.01,0.18000000000000002,0.16722986102104187
86b01c3e-9f75-4ccb-b346-3f45d0de440c,0.01,0.23,0.13796818256378174
86b01c3e-9f75-4ccb-b346-3f45d0de440c,0.02,0.03,0.311895489692688
86b01c3e-9f75-4ccb-b346-3f45d0de440c,0.02,0.08,0.3228875994682312
86b01c3e-9f75-4ccb-b346-3f45d0de440c,0.02,0.13,0.20218268036842346
86b01c3e-9f75-4ccb-b346-3f45d0de440c,0.02,0.18000000000000002,0.14381620287895203
86b01c3e-9f75-4ccb-b346-3f45d0de440c,0.02,0.23,0.12080194801092148
86b01c3e-9f75-4ccb-b346-3f45d0de440c,0.03,0.03,0.31420964002609253
86b01c3e-9f75-4ccb-b346-3f45d0de440c,0.03,0.08,0.2536941468715668
86b01c3e-9f75-4ccb-b346-3f45d0de440c,0.03,0.13,0.1642560362815857
86b01c3e-9f75-4ccb-b346-3f45d0de440c,0.03,0.18000000000000002,0.11938560754060745
86b01c3e-9f75-4ccb-b346-3f45d0de440c,0.03,0.23,0.10143794864416122
86b01c3e-9f75-4ccb-b346-3f45d0de440c,0.04,0.03,0.24914710223674774
86b01c3e-9f75-4ccb-b346-3f45d0de440c,0.04,0.08,0.1834583729505539
86b01c3e-9f75-4ccb-b346-3f45d0de440c,0.05,0.03,0.2706608474254608
86b01c3e-9f75-4ccb-b346-3f45d0de440c,0.05,0.08,0.20155182480812073
86b01c3e-9f75-4ccb-b346-3f45d0de440c,0.05,0.13,0.11228140443563461
86b01c3e-9f75-4ccb-b346-3f45d0de440c,0.05,0.18000000000000002,0.08244484663009644
86b01c3e-9f75-4ccb-b346-3f45d0de440c,0.05,0.23,0.08970776200294495
86b01c3e-9f75-4ccb-b346-3f45d0de440c,0.1,0.03,0.07367462664842606
86b01c3e-9f75-4ccb-b346-3f45d0de440c,0.1,0.08,0.13066010177135468
86b01c3e-9f75-4ccb-b346-3f45d0de440c,0.1,0.13,0.13049420714378357
86b01c3e-9f75-4ccb-b346-3f45d0de440c,0.1,0.18000000000000002,0.11800868064165115
86b01c3e-9f75-4ccb-b346-3f45d0de440c,0.1,0.23,0.1160210520029068
86b01c3e-9f75-4ccb-b346-3f45d0de440c,0.15000000000000002,0.03,0.09327062219381332
86b01c3e-9f75-4ccb-b346-3f45d0de440c,0.15000000000000002,0.08,0.10212356597185135
86b01c3e-9f75-4ccb-b346-3f45d0de440c,0.15000000000000002,0.13,0.09321119636297226
86b01c3e-9f75-4ccb-b346-3f45d0de440c,0.15000000000000002,0.18000000000000002,0.0988750010728836
86b01c3e-9f75-4ccb-b346-3f45d0de440c,0.15000000000000002,0.23,0.09233998507261276
86b01c3e-9f75-4ccb-b346-3f45d0de440c,0.2,0.03,0.06690684705972672
86b01c3e-9f75-4ccb-b346-3f45d0de440c,0.2,0.08,0.06593717634677887
86b01c3e-9f75-4ccb-b346-3f45d0de440c,0.2,0.13,0.07602395117282867
86b01c3e-9f75-4ccb-b346-3f45d0de440c,0.2,0.18000000000000002,0.070195272564888
86b01c3e-9f75-4ccb-b346-3f45d0de440c,0.2,0.23,0.06822969764471054
86b01c3e-9f75-4ccb-b346-3f45d0de440c,0.25,0.03,0.05454403534531593
86b01c3e-9f75-4ccb-b346-3f45d0de440c,0.25,0.08,0.06564231961965561
86b01c3e-9f75-4ccb-b346-3f45d0de440c,0.25,0.13,0.060392413288354874
86b01c3e-9f75-4ccb-b346-3f45d0de440c,0.25,0.18000000000000002,0.061710502952337265
86b01c3e-9f75-4ccb-b346-3f45d0de440c,0.25,0.23,0.05712952837347984
86b01c3e-9f75-4ccb-b346-3f45d0de440c,0.30000000000000004,0.03,0.049372598528862
86b01c3e-9f75-4ccb-b346-3f45d0de440c,0.30000000000000004,0.08,0.058776818215847015
86b01c3e-9f75-4ccb-b346-3f45d0de440c,0.30000000000000004,0.13,0.057790108025074005
86b01c3e-9f75-4ccb-b346-3f45d0de440c,0.30000000000000004,0.18000000000000002,0.05846128985285759
86b01c3e-9f75-4ccb-b346-3f45d0de440c,0.30000000000000004,0.23,0.0614154115319252
871f2be7-21c6-42f6-99c9-322fa2f26973,0.0,0.03,0.04718364402651787
871f2be7-21c6-42f6-99c9-322fa2f26973,0.0,0.08,0.05650138482451439
871f2be7-21c6-42f6-99c9-322fa2f26973,0.0,0.13,0.07678646594285965
871f2be7-21c6-42f6-99c9-322fa2f26973,0.0,0.18000000000000002,0.08432113379240036
871f2be7-21c6-42f6-99c9-322fa2f26973,0.0,0.23,0.08408478647470474
871f2be7-21c6-42f6-99c9-322fa2f26973,0.01,0.03,0.04503847286105156
871f2be7-21c6-42f6-99c9-322fa2f26973,0.01,0.08,0.06750030070543289
871f2be7-21c6-42f6-99c9-322fa2f26973,0.01,0.13,0.08523828536272049
871f2be7-21c6-42f6-99c9-322fa2f26973,0.01,0.18000000000000002,0.08395969122648239
871f2be7-21c6-42f6-99c9-322fa2f26973,0.01,0.23,0.07719910889863968
871f2be7-21c6-42f6-99c9-322fa2f26973,0.02,0.03,0.045930348336696625
871f2be7-21c6-42f6-99c9-322fa2f26973,0.02,0.08,0.06776686757802963
871f2be7-21c6-42f6-99c9-322fa2f26973,0.02,0.13,0.08563745021820068
871f2be7-21c6-42f6-99c9-322fa2f26973,0.02,0.18000000000000002,0.07711313664913177
871f2be7-21c6-42f6-99c9-322fa2f26973,0.02,0.23,0.07913161814212799
871f2be7-21c6-42f6-99c9-322fa2f26973,0.03,0.03,0.049057744443416595
871f2be7-21c6-42f6-99c9-322fa2f26973,0.03,0.08,0.07422667741775513
871f2be7-21c6-42f6-99c9-322fa2f26973,0.03,0.13,0.0870625376701355
871f2be7-21c6-42f6-99c9-322fa2f26973,0.03,0.18000000000000002,0.08065316081047058
871f2be7-21c6-42f6-99c9-322fa2f26973,0.03,0.23,0.0782993957400322
871f2be7-21c6-42f6-99c9-322fa2f26973,0.04,0.03,0.050817716866731644
871f2be7-21c6-42f6-99c9-322fa2f26973,0.04,0.08,0.08201226592063904
871f2be7-21c6-42f6-99c9-322fa2f26973,0.05,0.03,0.04833312705159187
871f2be7-21c6-42f6-99c9-322fa2f26973,0.05,0.08,0.07351677119731903
871f2be7-21c6-42f6-99c9-322fa2f26973,0.05,0.13,0.08454952389001846
871f2be7-21c6-42f6-99c9-322fa2f26973,0.05,0.18000000000000002,0.08438486605882645
871f2be7-21c6-42f6-99c9-322fa2f26973,0.05,0.23,0.0734112337231636
871f2be7-21c6-42f6-99c9-322fa2f26973,0.1,0.03,0.058058470487594604
871f2be7-21c6-42f6-99c9-322fa2f26973,0.1,0.08,0.07667195796966553
871f2be7-21c6-42f6-99c9-322fa2f26973,0.1,0.13,0.07867949455976486
871f2be7-21c6-42f6-99c9-322fa2f26973,0.1,0.18000000000000002,0.06897851824760437
871f2be7-21c6-42f6-99c9-322fa2f26973,0.1,0.23,0.06346836686134338
871f2be7-21c6-42f6-99c9-322fa2f26973,0.15000000000000002,0.03,0.06144210696220398
871f2be7-21c6-42f6-99c9-322fa2f26973,0.15000000000000002,0.08,0.05847592279314995
871f2be7-21c6-42f6-99c9-322fa2f26973,0.15000000000000002,0.13,0.05922100692987442
871f2be7-21c6-42f6-99c9-322fa2f26973,0.15000000000000002,0.18000000000000002,0.06521029025316238
871f2be7-21c6-42f6-99c9-322fa2f26973,0.15000000000000002,0.23,0.07545207440853119
871f2be7-21c6-42f6-99c9-322fa2f26973,0.2,0.03,0.058571863919496536
871f2be7-21c6-42f6-99c9-322fa2f26973,0.2,0.08,0.060966432094573975
871f2be7-21c6-42f6-99c9-322fa2f26973,0.2,0.13,0.06503073871135712
871f2be7-21c6-42f6-99c9-322fa2f26973,0.2,0.18000000000000002,0.0706833153963089
871f2be7-21c6-42f6-99c9-322fa2f26973,0.2,0.23,0.07262442260980606
871f2be7-21c6-42f6-99c9-322fa2f26973,0.25,0.03,0.05001943185925484
871f2be7-21c6-42f6-99c9-322fa2f26973,0.25,0.08,0.057165659964084625
871f2be7-21c6-42f6-99c9-322fa2f26973,0.25,0.13,0.06937243789434433
871f2be7-21c6-42f6-99c9-322fa2f26973,0.25,0.18000000000000002,0.07104344666004181
871f2be7-21c6-42f6-99c9-322fa2f26973,0.25,0.23,0.06732839345932007
871f2be7-21c6-42f6-99c9-322fa2f26973,0.30000000000000004,0.03,0.04861282929778099
871f2be7-21c6-42f6-99c9-322fa2f26973,0.30000000000000004,0.08,0.061200276017189026
871f2be7-21c6-42f6-99c9-322fa2f26973,0.30000000000000004,0.13,0.0668831393122673
871f2be7-21c6-42f6-99c9-322fa2f26973,0.30000000000000004,0.18000000000000002,0.06368159502744675
871f2be7-21c6-42f6-99c9-322fa2f26973,0.30000000000000004,0.23,0.06879032403230667
8768c104-22bd-4657-9fa2-647ca04fe4a2,0.0,0.03,0.04987155646085739
8768c104-22bd-4657-9fa2-647ca04fe4a2,0.0,0.08,0.0799085721373558
8768c104-22bd-4657-9fa2-647ca04fe4a2,0.0,0.13,0.07357895374298096
8768c104-22bd-4657-9fa2-647ca04fe4a2,0.0,0.18000000000000002,0.07170484960079193
8768c104-22bd-4657-9fa2-647ca04fe4a2,0.0,0.23,0.07118335366249084
8768c104-22bd-4657-9fa2-647ca04fe4a2,0.01,0.03,0.04982396960258484
8768c104-22bd-4657-9fa2-647ca04fe4a2,0.01,0.08,0.07087276130914688
8768c104-22bd-4657-9fa2-647ca04fe4a2,0.01,0.13,0.07185699790716171
8768c104-22bd-4657-9fa2-647ca04fe4a2,0.01,0.18000000000000002,0.07675865292549133
8768c104-22bd-4657-9fa2-647ca04fe4a2,0.01,0.23,0.07546532899141312
8768c104-22bd-4657-9fa2-647ca04fe4a2,0.02,0.03,0.055518459528684616
8768c104-22bd-4657-9fa2-647ca04fe4a2,0.02,0.08,0.06805942207574844
8768c104-22bd-4657-9fa2-647ca04fe4a2,0.02,0.13,0.07477355003356934
8768c104-22bd-4657-9fa2-647ca04fe4a2,0.02,0.18000000000000002,0.07344697415828705
8768c104-22bd-4657-9fa2-647ca04fe4a2,0.02,0.23,0.07272331416606903
8768c104-22bd-4657-9fa2-647ca04fe4a2,0.03,0.03,0.055893611162900925
8768c104-22bd-4657-9fa2-647ca04fe4a2,0.03,0.08,0.07009132951498032
8768c104-22bd-4657-9fa2-647ca04fe4a2,0.03,0.13,0.07086885720491409
8768c104-22bd-4657-9fa2-647ca04fe4a2,0.03,0.18000000000000002,0.07383093982934952
8768c104-22bd-4657-9fa2-647ca04fe4a2,0.03,0.23,0.07180681079626083
8768c104-22bd-4657-9fa2-647ca04fe4a2,0.04,0.03,0.06060225889086723
8768c104-22bd-4657-9fa2-647ca04fe4a2,0.04,0.08,0.07501048594713211
8768c104-22bd-4657-9fa2-647ca04fe4a2,0.05,0.03,0.06623440235853195
8768c104-22bd-4657-9fa2-647ca04fe4a2,0.05,0.08,0.07578178495168686
8768c104-22bd-4657-9fa2-647ca04fe4a2,0.05,0.13,0.07271961867809296
8768c104-22bd-4657-9fa2-647ca04fe4a2,0.05,0.18000000000000002,0.07462406903505325
8768c104-22bd-4657-9fa2-647ca04fe4a2,0.05,0.23,0.07288864254951477
8768c104-22bd-4657-9fa2-647ca04fe4a2,0.1,0.03,0.056990835815668106
8768c104-22bd-4657-9fa2-647ca04fe4a2,0.1,0.08,0.06878821551799774
8768c104-22bd-4657-9fa2-647ca04fe4a2,0.1,0.13,0.07402536273002625
8768c104-22bd-4657-9fa2-647ca04fe4a2,0.1,0.18000000000000002,0.07454919815063477
8768c104-22bd-4657-9fa2-647ca04fe4a2,0.1,0.23,0.06878087669610977
8768c104-22bd-4657-9fa2-647ca04fe4a2,0.15000000000000002,0.03,0.05708672106266022
8768c104-22bd-4657-9fa2-647ca04fe4a2,0.15000000000000002,0.08,0.06771592050790787
8768c104-22bd-4657-9fa2-647ca04fe4a2,0.15000000000000002,0.13,0.07018931955099106
8768c104-22bd-4657-9fa2-647ca04fe4a2,0.15000000000000002,0.18000000000000002,0.0634634718298912
8768c104-22bd-4657-9fa2-647ca04fe4a2,0.15000000000000002,0.23,0.06674592941999435
8768c104-22bd-4657-9fa2-647ca04fe4a2,0.2,0.03,0.05056139454245567
8768c104-22bd-4657-9fa2-647ca04fe4a2,0.2,0.08,0.061545997858047485
8768c104-22bd-4657-9fa2-647ca04fe4a2,0.2,0.13,0.062201619148254395
8768c104-22bd-4657-9fa2-647ca04fe4a2,0.2,0.18000000000000002,0.06645868718624115
8768c104-22bd-4657-9fa2-647ca04fe4a2,0.2,0.23,0.06720200926065445
8768c104-22bd-4657-9fa2-647ca04fe4a2,0.25,0.03,0.05064920708537102
8768c104-22bd-4657-9fa2-647ca04fe4a2,0.25,0.08,0.06175829842686653
8768c104-22bd-4657-9fa2-647ca04fe4a2,0.25,0.13,0.06853469461202621
8768c104-22bd-4657-9fa2-647ca04fe4a2,0.25,0.18000000000000002,0.07113058120012283
8768c104-22bd-4657-9fa2-647ca04fe4a2,0.25,0.23,0.0786820501089096
8768c104-22bd-4657-9fa2-647ca04fe4a2,0.30000000000000004,0.03,0.048881895840168
8768c104-22bd-4657-9fa2-647ca04fe4a2,0.30000000000000004,0.08,0.06722677499055862
8768c104-22bd-4657-9fa2-647ca04fe4a2,0.30000000000000004,0.13,0.07304017245769501
8768c104-22bd-4657-9fa2-647ca04fe4a2,0.30000000000000004,0.18000000000000002,0.08002445846796036
8768c104-22bd-4657-9fa2-647ca04fe4a2,0.30000000000000004,0.23,0.07974379509687424
8776ce8b-f4df-4a88-aa74-5d1ea8790c52,0.0,0.03,0.07030581682920456
8776ce8b-f4df-4a88-aa74-5d1ea8790c52,0.0,0.08,0.07840534299612045
8776ce8b-f4df-4a88-aa74-5d1ea8790c52,0.0,0.13,0.08632727712392807
8776ce8b-f4df-4a88-aa74-5d1ea8790c52,0.0,0.18000000000000002,0.08785498887300491
8776ce8b-f4df-4a88-aa74-5d1ea8790c52,0.0,0.23,0.08487948030233383
8776ce8b-f4df-4a88-aa74-5d1ea8790c52,0.01,0.03,0.05300433933734894
8776ce8b-f4df-4a88-aa74-5d1ea8790c52,0.01,0.08,0.07850240916013718
8776ce8b-f4df-4a88-aa74-5d1ea8790c52,0.01,0.13,0.0834469273686409
8776ce8b-f4df-4a88-aa74-5d1ea8790c52,0.01,0.18000000000000002,0.08756569027900696
8776ce8b-f4df-4a88-aa74-5d1ea8790c52,0.01,0.23,0.08590781688690186
8776ce8b-f4df-4a88-aa74-5d1ea8790c52,0.02,0.03,0.06333346664905548
8776ce8b-f4df-4a88-aa74-5d1ea8790c52,0.02,0.08,0.0804663747549057
8776ce8b-f4df-4a88-aa74-5d1ea8790c52,0.02,0.13,0.08721688389778137
8776ce8b-f4df-4a88-aa74-5d1ea8790c52,0.02,0.18000000000000002,0.08920809626579285
8776ce8b-f4df-4a88-aa74-5d1ea8790c52,0.02,0.23,0.08578266203403473
8776ce8b-f4df-4a88-aa74-5d1ea8790c52,0.03,0.03,0.06066158041357994
8776ce8b-f4df-4a88-aa74-5d1ea8790c52,0.03,0.08,0.07268405705690384
8776ce8b-f4df-4a88-aa74-5d1ea8790c52,0.03,0.13,0.08038768917322159
8776ce8b-f4df-4a88-aa74-5d1ea8790c52,0.03,0.18000000000000002,0.08113298565149307
8776ce8b-f4df-4a88-aa74-5d1ea8790c52,0.03,0.23,0.07985017448663712
8776ce8b-f4df-4a88-aa74-5d1ea8790c52,0.04,0.03,0.06495588272809982
8776ce8b-f4df-4a88-aa74-5d1ea8790c52,0.04,0.08,0.07688930630683899
8776ce8b-f4df-4a88-aa74-5d1ea8790c52,0.05,0.03,0.05705484375357628
8776ce8b-f4df-4a88-aa74-5d1ea8790c52,0.05,0.08,0.07450870424509048
8776ce8b-f4df-4a88-aa74-5d1ea8790c52,0.05,0.13,0.08102831244468689
8776ce8b-f4df-4a88-aa74-5d1ea8790c52,0.05,0.18000000000000002,0.07589783519506454
8776ce8b-f4df-4a88-aa74-5d1ea8790c52,0.05,0.23,0.07112114876508713
8776ce8b-f4df-4a88-aa74-5d1ea8790c52,0.1,0.03,0.05002208426594734
8776ce8b-f4df-4a88-aa74-5d1ea8790c52,0.1,0.08,0.06047556549310684
8776ce8b-f4df-4a88-aa74-5d1ea8790c52,0.1,0.13,0.06038188189268112
8776ce8b-f4df-4a88-aa74-5d1ea8790c52,0.1,0.18000000000000002,0.06523562967777252
8776ce8b-f4df-4a88-aa74-5d1ea8790c52,0.1,0.23,0.07100962102413177
8776ce8b-f4df-4a88-aa74-5d1ea8790c52,0.15000000000000002,0.03,0.04723889008164406
8776ce8b-f4df-4a88-aa74-5d1ea8790c52,0.15000000000000002,0.08,0.06235165148973465
8776ce8b-f4df-4a88-aa74-5d1ea8790c52,0.15000000000000002,0.13,0.06645454466342926
8776ce8b-f4df-4a88-aa74-5d1ea8790c52,0.15000000000000002,0.18000000000000002,0.07203245162963867
8776ce8b-f4df-4a88-aa74-5d1ea8790c52,0.15000000000000002,0.23,0.0782562866806984
8776ce8b-f4df-4a88-aa74-5d1ea8790c52,0.2,0.03,0.05676932632923126
8776ce8b-f4df-4a88-aa74-5d1ea8790c52,0.2,0.08,0.06421533972024918
8776ce8b-f4df-4a88-aa74-5d1ea8790c52,0.2,0.13,0.07014037668704987
8776ce8b-f4df-4a88-aa74-5d1ea8790c52,0.2,0.18000000000000002,0.07362474501132965
8776ce8b-f4df-4a88-aa74-5d1ea8790c52,0.2,0.23,0.07472442835569382
8776ce8b-f4df-4a88-aa74-5d1ea8790c52,0.25,0.03,0.05588395521044731
8776ce8b-f4df-4a88-aa74-5d1ea8790c52,0.25,0.08,0.06720907986164093
8776ce8b-f4df-4a88-aa74-5d1ea8790c52,0.25,0.13,0.07797404378652573
8776ce8b-f4df-4a88-aa74-5d1ea8790c52,0.25,0.18000000000000002,0.08252350986003876
8776ce8b-f4df-4a88-aa74-5d1ea8790c52,0.25,0.23,0.0815385952591896
8776ce8b-f4df-4a88-aa74-5d1ea8790c52,0.30000000000000004,0.03,0.05075822398066521
8776ce8b-f4df-4a88-aa74-5d1ea8790c52,0.30000000000000004,0.08,0.07896062731742859
8776ce8b-f4df-4a88-aa74-5d1ea8790c52,0.30000000000000004,0.13,0.08333092927932739
8776ce8b-f4df-4a88-aa74-5d1ea8790c52,0.30000000000000004,0.18000000000000002,0.07944044470787048
8776ce8b-f4df-4a88-aa74-5d1ea8790c52,0.30000000000000004,0.23,0.07774171978235245
87d02f63-4d26-43f8-8c92-48bf66c6c88e,0.0,0.03,0.0
87d02f63-4d26-43f8-8c92-48bf66c6c88e,0.0,0.08,0.0
87d02f63-4d26-43f8-8c92-48bf66c6c88e,0.0,0.13,0.0
87d02f63-4d26-43f8-8c92-48bf66c6c88e,0.0,0.18000000000000002,0.0
87d02f63-4d26-43f8-8c92-48bf66c6c88e,0.0,0.23,0.0
87d02f63-4d26-43f8-8c92-48bf66c6c88e,0.01,0.03,0.0
87d02f63-4d26-43f8-8c92-48bf66c6c88e,0.01,0.08,0.0
87d02f63-4d26-43f8-8c92-48bf66c6c88e,0.01,0.13,0.0
87d02f63-4d26-43f8-8c92-48bf66c6c88e,0.01,0.18000000000000002,0.0
87d02f63-4d26-43f8-8c92-48bf66c6c88e,0.01,0.23,0.0
87d02f63-4d26-43f8-8c92-48bf66c6c88e,0.02,0.03,0.0
87d02f63-4d26-43f8-8c92-48bf66c6c88e,0.02,0.08,0.0
87d02f63-4d26-43f8-8c92-48bf66c6c88e,0.02,0.13,0.0
87d02f63-4d26-43f8-8c92-48bf66c6c88e,0.02,0.18000000000000002,0.0
87d02f63-4d26-43f8-8c92-48bf66c6c88e,0.02,0.23,0.0
87d02f63-4d26-43f8-8c92-48bf66c6c88e,0.03,0.03,0.0
87d02f63-4d26-43f8-8c92-48bf66c6c88e,0.03,0.08,0.0
87d02f63-4d26-43f8-8c92-48bf66c6c88e,0.03,0.13,0.0
87d02f63-4d26-43f8-8c92-48bf66c6c88e,0.03,0.18000000000000002,0.0
87d02f63-4d26-43f8-8c92-48bf66c6c88e,0.03,0.23,0.0
87d02f63-4d26-43f8-8c92-48bf66c6c88e,0.04,0.03,0.0
87d02f63-4d26-43f8-8c92-48bf66c6c88e,0.04,0.08,0.0
87d02f63-4d26-43f8-8c92-48bf66c6c88e,0.05,0.03,0.0
87d02f63-4d26-43f8-8c92-48bf66c6c88e,0.05,0.08,0.0
87d02f63-4d26-43f8-8c92-48bf66c6c88e,0.05,0.13,0.0
87d02f63-4d26-43f8-8c92-48bf66c6c88e,0.05,0.18000000000000002,0.0
87d02f63-4d26-43f8-8c92-48bf66c6c88e,0.05,0.23,0.0
87d02f63-4d26-43f8-8c92-48bf66c6c88e,0.1,0.03,0.0
87d02f63-4d26-43f8-8c92-48bf66c6c88e,0.1,0.08,0.0
87d02f63-4d26-43f8-8c92-48bf66c6c88e,0.1,0.13,0.0
87d02f63-4d26-43f8-8c92-48bf66c6c88e,0.1,0.18000000000000002,0.0
87d02f63-4d26-43f8-8c92-48bf66c6c88e,0.1,0.23,0.0
87d02f63-4d26-43f8-8c92-48bf66c6c88e,0.15000000000000002,0.03,0.0
87d02f63-4d26-43f8-8c92-48bf66c6c88e,0.15000000000000002,0.08,0.0
87d02f63-4d26-43f8-8c92-48bf66c6c88e,0.15000000000000002,0.13,0.0
87d02f63-4d26-43f8-8c92-48bf66c6c88e,0.15000000000000002,0.18000000000000002,0.0
87d02f63-4d26-43f8-8c92-48bf66c6c88e,0.15000000000000002,0.23,0.0
87d02f63-4d26-43f8-8c92-48bf66c6c88e,0.2,0.03,0.0
87d02f63-4d26-43f8-8c92-48bf66c6c88e,0.2,0.08,0.0
87d02f63-4d26-43f8-8c92-48bf66c6c88e,0.2,0.13,0.0
87d02f63-4d26-43f8-8c92-48bf66c6c88e,0.2,0.18000000000000002,0.0
87d02f63-4d26-43f8-8c92-48bf66c6c88e,0.2,0.23,0.0
87d02f63-4d26-43f8-8c92-48bf66c6c88e,0.25,0.03,0.0
87d02f63-4d26-43f8-8c92-48bf66c6c88e,0.25,0.08,0.0
87d02f63-4d26-43f8-8c92-48bf66c6c88e,0.25,0.13,0.0
87d02f63-4d26-43f8-8c92-48bf66c6c88e,0.25,0.18000000000000002,0.0
87d02f63-4d26-43f8-8c92-48bf66c6c88e,0.25,0.23,0.0
87d02f63-4d26-43f8-8c92-48bf66c6c88e,0.30000000000000004,0.03,0.0
87d02f63-4d26-43f8-8c92-48bf66c6c88e,0.30000000000000004,0.08,0.0
87d02f63-4d26-43f8-8c92-48bf66c6c88e,0.30000000000000004,0.13,0.0
87d02f63-4d26-43f8-8c92-48bf66c6c88e,0.30000000000000004,0.18000000000000002,0.0
87d02f63-4d26-43f8-8c92-48bf66c6c88e,0.30000000000000004,0.23,0.0
87ec977a-1812-4ed0-bdd0-bc056c45c36f,0.0,0.03,0.32112184166908264
87ec977a-1812-4ed0-bdd0-bc056c45c36f,0.0,0.08,0.38589802384376526
87ec977a-1812-4ed0-bdd0-bc056c45c36f,0.0,0.13,0.3253685534000397
87ec977a-1812-4ed0-bdd0-bc056c45c36f,0.0,0.18000000000000002,0.29437118768692017
87ec977a-1812-4ed0-bdd0-bc056c45c36f,0.0,0.23,0.271633505821228
87ec977a-1812-4ed0-bdd0-bc056c45c36f,0.01,0.03,0.27857065200805664
87ec977a-1812-4ed0-bdd0-bc056c45c36f,0.01,0.08,0.3048837184906006
87ec977a-1812-4ed0-bdd0-bc056c45c36f,0.01,0.13,0.24787968397140503
87ec977a-1812-4ed0-bdd0-bc056c45c36f,0.01,0.18000000000000002,0.22451813519001007
87ec977a-1812-4ed0-bdd0-bc056c45c36f,0.01,0.23,0.2172531932592392
87ec977a-1812-4ed0-bdd0-bc056c45c36f,0.02,0.03,0.2890636920928955
87ec977a-1812-4ed0-bdd0-bc056c45c36f,0.02,0.08,0.2689690589904785
87ec977a-1812-4ed0-bdd0-bc056c45c36f,0.02,0.13,0.23600295186042786
87ec977a-1812-4ed0-bdd0-bc056c45c36f,0.02,0.18000000000000002,0.213554248213768
87ec977a-1812-4ed0-bdd0-bc056c45c36f,0.02,0.23,0.20564615726470947
87ec977a-1812-4ed0-bdd0-bc056c45c36f,0.03,0.03,0.2806130051612854
87ec977a-1812-4ed0-bdd0-bc056c45c36f,0.03,0.08,0.22738459706306458
87ec977a-1812-4ed0-bdd0-bc056c45c36f,0.03,0.13,0.20239374041557312
87ec977a-1812-4ed0-bdd0-bc056c45c36f,0.03,0.18000000000000002,0.1949850469827652
87ec977a-1812-4ed0-bdd0-bc056c45c36f,0.03,0.23,0.18346236646175385
87ec977a-1812-4ed0-bdd0-bc056c45c36f,0.04,0.03,0.19887468218803406
87ec977a-1812-4ed0-bdd0-bc056c45c36f,0.04,0.08,0.2006371170282364
87ec977a-1812-4ed0-bdd0-bc056c45c36f,0.05,0.03,0.20962679386138916
87ec977a-1812-4ed0-bdd0-bc056c45c36f,0.05,0.08,0.19195756316184998
87ec977a-1812-4ed0-bdd0-bc056c45c36f,0.05,0.13,0.18480300903320312
87ec977a-1812-4ed0-bdd0-bc056c45c36f,0.05,0.18000000000000002,0.17857368290424347
87ec977a-1812-4ed0-bdd0-bc056c45c36f,0.05,0.23,0.16962382197380066
87ec977a-1812-4ed0-bdd0-bc056c45c36f,0.1,0.03,0.11419697105884552
87ec977a-1812-4ed0-bdd0-bc056c45c36f,0.1,0.08,0.13234704732894897
87ec977a-1812-4ed0-bdd0-bc056c45c36f,0.1,0.13,0.1367933601140976
87ec977a-1812-4ed0-bdd0-bc056c45c36f,0.1,0.18000000000000002,0.133311465382576
87ec977a-1812-4ed0-bdd0-bc056c45c36f,0.1,0.23,0.11197671294212341
87ec977a-1812-4ed0-bdd0-bc056c45c36f,0.15000000000000002,0.03,0.09141872078180313
87ec977a-1812-4ed0-bdd0-bc056c45c36f,0.15000000000000002,0.08,0.11455102264881134
87ec977a-1812-4ed0-bdd0-bc056c45c36f,0.15000000000000002,0.13,0.1139049232006073
87ec977a-1812-4ed0-bdd0-bc056c45c36f,0.15000000000000002,0.18000000000000002,0.09479928761720657
87ec977a-1812-4ed0-bdd0-bc056c45c36f,0.15000000000000002,0.23,0.08513233810663223
87ec977a-1812-4ed0-bdd0-bc056c45c36f,0.2,0.03,0.09168563783168793
87ec977a-1812-4ed0-bdd0-bc056c45c36f,0.2,0.08,0.0946788638830185
87ec977a-1812-4ed0-bdd0-bc056c45c36f,0.2,0.13,0.07788537442684174
87ec977a-1812-4ed0-bdd0-bc056c45c36f,0.2,0.18000000000000002,0.07024097442626953
87ec977a-1812-4ed0-bdd0-bc056c45c36f,0.2,0.23,0.07070614397525787
87ec977a-1812-4ed0-bdd0-bc056c45c36f,0.25,0.03,0.05393630638718605
87ec977a-1812-4ed0-bdd0-bc056c45c36f,0.25,0.08,0.06273848563432693
87ec977a-1812-4ed0-bdd0-bc056c45c36f,0.25,0.13,0.0711209625005722
87ec977a-1812-4ed0-bdd0-bc056c45c36f,0.25,0.18000000000000002,0.0726613700389862
87ec977a-1812-4ed0-bdd0-bc056c45c36f,0.25,0.23,0.07433167099952698
87ec977a-1812-4ed0-bdd0-bc056c45c36f,0.30000000000000004,0.03,0.05092424526810646
87ec977a-1812-4ed0-bdd0-bc056c45c36f,0.30000000000000004,0.08,0.06613659858703613
87ec977a-1812-4ed0-bdd0-bc056c45c36f,0.30000000000000004,0.13,0.06932017207145691
87ec977a-1812-4ed0-bdd0-bc056c45c36f,0.30000000000000004,0.18000000000000002,0.07211460173130035
87ec977a-1812-4ed0-bdd0-bc056c45c36f,0.30000000000000004,0.23,0.07019776105880737
8840bd5d-d308-4bbd-ae45-3cb4f2ca85f9,0.0,0.03,0.04502134025096893
8840bd5d-d308-4bbd-ae45-3cb4f2ca85f9,0.0,0.08,0.06830980628728867
8840bd5d-d308-4bbd-ae45-3cb4f2ca85f9,0.0,0.13,0.07105130702257156
8840bd5d-d308-4bbd-ae45-3cb4f2ca85f9,0.0,0.18000000000000002,0.07749775797128677
8840bd5d-d308-4bbd-ae45-3cb4f2ca85f9,0.0,0.23,0.07500598579645157
8840bd5d-d308-4bbd-ae45-3cb4f2ca85f9,0.01,0.03,0.04852552339434624
8840bd5d-d308-4bbd-ae45-3cb4f2ca85f9,0.01,0.08,0.06810545921325684
8840bd5d-d308-4bbd-ae45-3cb4f2ca85f9,0.01,0.13,0.07243818789720535
8840bd5d-d308-4bbd-ae45-3cb4f2ca85f9,0.01,0.18000000000000002,0.0788056030869484
8840bd5d-d308-4bbd-ae45-3cb4f2ca85f9,0.01,0.23,0.06915273517370224
8840bd5d-d308-4bbd-ae45-3cb4f2ca85f9,0.02,0.03,0.04454435408115387
8840bd5d-d308-4bbd-ae45-3cb4f2ca85f9,0.02,0.08,0.06185301020741463
8840bd5d-d308-4bbd-ae45-3cb4f2ca85f9,0.02,0.13,0.06976154446601868
8840bd5d-d308-4bbd-ae45-3cb4f2ca85f9,0.02,0.18000000000000002,0.07130353152751923
8840bd5d-d308-4bbd-ae45-3cb4f2ca85f9,0.02,0.23,0.06611856818199158
8840bd5d-d308-4bbd-ae45-3cb4f2ca85f9,0.03,0.03,0.05210386961698532
8840bd5d-d308-4bbd-ae45-3cb4f2ca85f9,0.03,0.08,0.06489129364490509
8840bd5d-d308-4bbd-ae45-3cb4f2ca85f9,0.03,0.13,0.07280294597148895
8840bd5d-d308-4bbd-ae45-3cb4f2ca85f9,0.03,0.18000000000000002,0.0740877240896225
8840bd5d-d308-4bbd-ae45-3cb4f2ca85f9,0.03,0.23,0.06763837486505508
8840bd5d-d308-4bbd-ae45-3cb4f2ca85f9,0.04,0.03,0.04862593859434128
8840bd5d-d308-4bbd-ae45-3cb4f2ca85f9,0.04,0.08,0.06187764182686806
8840bd5d-d308-4bbd-ae45-3cb4f2ca85f9,0.05,0.03,0.04729312285780907
8840bd5d-d308-4bbd-ae45-3cb4f2ca85f9,0.05,0.08,0.06204841658473015
8840bd5d-d308-4bbd-ae45-3cb4f2ca85f9,0.05,0.13,0.06933162361383438
8840bd5d-d308-4bbd-ae45-3cb4f2ca85f9,0.05,0.18000000000000002,0.06982775777578354
8840bd5d-d308-4bbd-ae45-3cb4f2ca85f9,0.05,0.23,0.07011421769857407
8840bd5d-d308-4bbd-ae45-3cb4f2ca85f9,0.1,0.03,0.04673927649855614
8840bd5d-d308-4bbd-ae45-3cb4f2ca85f9,0.1,0.08,0.06685120612382889
8840bd5d-d308-4bbd-ae45-3cb4f2ca85f9,0.1,0.13,0.06878208369016647
8840bd5d-d308-4bbd-ae45-3cb4f2ca85f9,0.1,0.18000000000000002,0.06877437978982925
8840bd5d-d308-4bbd-ae45-3cb4f2ca85f9,0.1,0.23,0.06705841422080994
8840bd5d-d308-4bbd-ae45-3cb4f2ca85f9,0.15000000000000002,0.03,0.04664020612835884
8840bd5d-d308-4bbd-ae45-3cb4f2ca85f9,0.15000000000000002,0.08,0.051343582570552826
8840bd5d-d308-4bbd-ae45-3cb4f2ca85f9,0.15000000000000002,0.13,0.054791081696748734
8840bd5d-d308-4bbd-ae45-3cb4f2ca85f9,0.15000000000000002,0.18000000000000002,0.06317643076181412
8840bd5d-d308-4bbd-ae45-3cb4f2ca85f9,0.15000000000000002,0.23,0.06714779883623123
8840bd5d-d308-4bbd-ae45-3cb4f2ca85f9,0.2,0.03,0.049783527851104736
8840bd5d-d308-4bbd-ae45-3cb4f2ca85f9,0.2,0.08,0.05963817611336708
8840bd5d-d308-4bbd-ae45-3cb4f2ca85f9,0.2,0.13,0.07081038504838943
8840bd5d-d308-4bbd-ae45-3cb4f2ca85f9,0.2,0.18000000000000002,0.0721258893609047
8840bd5d-d308-4bbd-ae45-3cb4f2ca85f9,0.2,0.23,0.07567501813173294
8840bd5d-d308-4bbd-ae45-3cb4f2ca85f9,0.25,0.03,0.04723262041807175
8840bd5d-d308-4bbd-ae45-3cb4f2ca85f9,0.25,0.08,0.06474146246910095
8840bd5d-d308-4bbd-ae45-3cb4f2ca85f9,0.25,0.13,0.06963410973548889
8840bd5d-d308-4bbd-ae45-3cb4f2ca85f9,0.25,0.18000000000000002,0.07329621911048889
8840bd5d-d308-4bbd-ae45-3cb4f2ca85f9,0.25,0.23,0.06870803236961365
8840bd5d-d308-4bbd-ae45-3cb4f2ca85f9,0.30000000000000004,0.03,0.04558142274618149
8840bd5d-d308-4bbd-ae45-3cb4f2ca85f9,0.30000000000000004,0.08,0.05648008733987808
8840bd5d-d308-4bbd-ae45-3cb4f2ca85f9,0.30000000000000004,0.13,0.06501836329698563
8840bd5d-d308-4bbd-ae45-3cb4f2ca85f9,0.30000000000000004,0.18000000000000002,0.0645449087023735
8840bd5d-d308-4bbd-ae45-3cb4f2ca85f9,0.30000000000000004,0.23,0.07100525498390198
88850b19-97bb-4f7a-ac08-705ef0256046,0.0,0.03,0.12604084610939026
88850b19-97bb-4f7a-ac08-705ef0256046,0.0,0.08,0.19050022959709167
88850b19-97bb-4f7a-ac08-705ef0256046,0.0,0.13,0.15427160263061523
88850b19-97bb-4f7a-ac08-705ef0256046,0.0,0.18000000000000002,0.10303099453449249
88850b19-97bb-4f7a-ac08-705ef0256046,0.0,0.23,0.08818415552377701
88850b19-97bb-4f7a-ac08-705ef0256046,0.01,0.03,0.13112254440784454
88850b19-97bb-4f7a-ac08-705ef0256046,0.01,0.08,0.18298640847206116
88850b19-97bb-4f7a-ac08-705ef0256046,0.01,0.13,0.13493415713310242
88850b19-97bb-4f7a-ac08-705ef0256046,0.01,0.18000000000000002,0.09211225807666779
88850b19-97bb-4f7a-ac08-705ef0256046,0.01,0.23,0.08223623782396317
88850b19-97bb-4f7a-ac08-705ef0256046,0.02,0.03,0.14166571199893951
88850b19-97bb-4f7a-ac08-705ef0256046,0.02,0.08,0.17106670141220093
88850b19-97bb-4f7a-ac08-705ef0256046,0.02,0.13,0.11349212378263474
88850b19-97bb-4f7a-ac08-705ef0256046,0.02,0.18000000000000002,0.0806097686290741
88850b19-97bb-4f7a-ac08-705ef0256046,0.02,0.23,0.08245429396629333
88850b19-97bb-4f7a-ac08-705ef0256046,0.03,0.03,0.1439635455608368
88850b19-97bb-4f7a-ac08-705ef0256046,0.03,0.08,0.15221399068832397
88850b19-97bb-4f7a-ac08-705ef0256046,0.03,0.13,0.08730481564998627
88850b19-97bb-4f7a-ac08-705ef0256046,0.03,0.18000000000000002,0.08229174464941025
88850b19-97bb-4f7a-ac08-705ef0256046,0.03,0.23,0.07593479007482529
88850b19-97bb-4f7a-ac08-705ef0256046,0.04,0.03,0.13635052740573883
88850b19-97bb-4f7a-ac08-705ef0256046,0.04,0.08,0.11751522868871689
88850b19-97bb-4f7a-ac08-705ef0256046,0.05,0.03,0.12101948261260986
88850b19-97bb-4f7a-ac08-705ef0256046,0.05,0.08,0.08969718962907791
88850b19-97bb-4f7a-ac08-705ef0256046,0.05,0.13,0.08843985199928284
88850b19-97bb-4f7a-ac08-705ef0256046,0.05,0.18000000000000002,0.08615456521511078
88850b19-97bb-4f7a-ac08-705ef0256046,0.05,0.23,0.07938948273658752
88850b19-97bb-4f7a-ac08-705ef0256046,0.1,0.03,0.07404705137014389
88850b19-97bb-4f7a-ac08-705ef0256046,0.1,0.08,0.09362871944904327
88850b19-97bb-4f7a-ac08-705ef0256046,0.1,0.13,0.08290086686611176
88850b19-97bb-4f7a-ac08-705ef0256046,0.1,0.18000000000000002,0.07760956883430481
88850b19-97bb-4f7a-ac08-705ef0256046,0.1,0.23,0.07514449954032898
88850b19-97bb-4f7a-ac08-705ef0256046,0.15000000000000002,0.03,0.060439933091402054
88850b19-97bb-4f7a-ac08-705ef0256046,0.15000000000000002,0.08,0.06439350545406342
88850b19-97bb-4f7a-ac08-705ef0256046,0.15000000000000002,0.13,0.06349864602088928
88850b19-97bb-4f7a-ac08-705ef0256046,0.15000000000000002,0.18000000000000002,0.06372559815645218
88850b19-97bb-4f7a-ac08-705ef0256046,0.15000000000000002,0.23,0.06556787341833115
88850b19-97bb-4f7a-ac08-705ef0256046,0.2,0.03,0.04949691519141197
88850b19-97bb-4f7a-ac08-705ef0256046,0.2,0.08,0.06100378930568695
88850b19-97bb-4f7a-ac08-705ef0256046,0.2,0.13,0.0689624547958374
88850b19-97bb-4f7a-ac08-705ef0256046,0.2,0.18000000000000002,0.06809447705745697
88850b19-97bb-4f7a-ac08-705ef0256046,0.2,0.23,0.06463255733251572
88850b19-97bb-4f7a-ac08-705ef0256046,0.25,0.03,0.053239792585372925
88850b19-97bb-4f7a-ac08-705ef0256046,0.25,0.08,0.064125195145607
88850b19-97bb-4f7a-ac08-705ef0256046,0.25,0.13,0.06474586576223373
88850b19-97bb-4f7a-ac08-705ef0256046,0.25,0.18000000000000002,0.06347816437482834
88850b19-97bb-4f7a-ac08-705ef0256046,0.25,0.23,0.06756959110498428
88850b19-97bb-4f7a-ac08-705ef0256046,0.30000000000000004,0.03,0.04606291279196739
88850b19-97bb-4f7a-ac08-705ef0256046,0.30000000000000004,0.08,0.0621052086353302
88850b19-97bb-4f7a-ac08-705ef0256046,0.30000000000000004,0.13,0.06246531754732132
88850b19-97bb-4f7a-ac08-705ef0256046,0.30000000000000004,0.18000000000000002,0.06954494118690491
88850b19-97bb-4f7a-ac08-705ef0256046,0.30000000000000004,0.23,0.07306361198425293
88a6ef9e-b9a1-4a58-b20b-35c2f174f809,0.0,0.03,0.04296436533331871
88a6ef9e-b9a1-4a58-b20b-35c2f174f809,0.0,0.08,0.05688237026333809
88a6ef9e-b9a1-4a58-b20b-35c2f174f809,0.0,0.13,0.061951301991939545
88a6ef9e-b9a1-4a58-b20b-35c2f174f809,0.0,0.18000000000000002,0.07569911330938339
88a6ef9e-b9a1-4a58-b20b-35c2f174f809,0.0,0.23,0.06939943134784698
88a6ef9e-b9a1-4a58-b20b-35c2f174f809,0.01,0.03,0.04579373449087143
88a6ef9e-b9a1-4a58-b20b-35c2f174f809,0.01,0.08,0.05584334209561348
88a6ef9e-b9a1-4a58-b20b-35c2f174f809,0.01,0.13,0.06789006292819977
88a6ef9e-b9a1-4a58-b20b-35c2f174f809,0.01,0.18000000000000002,0.07193218916654587
88a6ef9e-b9a1-4a58-b20b-35c2f174f809,0.01,0.23,0.07173533737659454
88a6ef9e-b9a1-4a58-b20b-35c2f174f809,0.02,0.03,0.04643338918685913
88a6ef9e-b9a1-4a58-b20b-35c2f174f809,0.02,0.08,0.058960847556591034
88a6ef9e-b9a1-4a58-b20b-35c2f174f809,0.02,0.13,0.06177361309528351
88a6ef9e-b9a1-4a58-b20b-35c2f174f809,0.02,0.18000000000000002,0.06758815050125122
88a6ef9e-b9a1-4a58-b20b-35c2f174f809,0.02,0.23,0.06696485728025436
88a6ef9e-b9a1-4a58-b20b-35c2f174f809,0.03,0.03,0.04425017535686493
88a6ef9e-b9a1-4a58-b20b-35c2f174f809,0.03,0.08,0.05821705237030983
88a6ef9e-b9a1-4a58-b20b-35c2f174f809,0.03,0.13,0.06461885571479797
88a6ef9e-b9a1-4a58-b20b-35c2f174f809,0.03,0.18000000000000002,0.07033559679985046
88a6ef9e-b9a1-4a58-b20b-35c2f174f809,0.03,0.23,0.06717249751091003
88a6ef9e-b9a1-4a58-b20b-35c2f174f809,0.04,0.03,0.04662254452705383
88a6ef9e-b9a1-4a58-b20b-35c2f174f809,0.04,0.08,0.05974457040429115
88a6ef9e-b9a1-4a58-b20b-35c2f174f809,0.05,0.03,0.05514091998338699
88a6ef9e-b9a1-4a58-b20b-35c2f174f809,0.05,0.08,0.05510002747178078
88a6ef9e-b9a1-4a58-b20b-35c2f174f809,0.05,0.13,0.0717441514134407
88a6ef9e-b9a1-4a58-b20b-35c2f174f809,0.05,0.18000000000000002,0.06544273346662521
88a6ef9e-b9a1-4a58-b20b-35c2f174f809,0.05,0.23,0.06471924483776093
88a6ef9e-b9a1-4a58-b20b-35c2f174f809,0.1,0.03,0.046742141246795654
88a6ef9e-b9a1-4a58-b20b-35c2f174f809,0.1,0.08,0.07394161820411682
88a6ef9e-b9a1-4a58-b20b-35c2f174f809,0.1,0.13,0.06356435269117355
88a6ef9e-b9a1-4a58-b20b-35c2f174f809,0.1,0.18000000000000002,0.06899145990610123
88a6ef9e-b9a1-4a58-b20b-35c2f174f809,0.1,0.23,0.06436285376548767
88a6ef9e-b9a1-4a58-b20b-35c2f174f809,0.15000000000000002,0.03,0.053117264062166214
88a6ef9e-b9a1-4a58-b20b-35c2f174f809,0.15000000000000002,0.08,0.05824018269777298
88a6ef9e-b9a1-4a58-b20b-35c2f174f809,0.15000000000000002,0.13,0.07109608501195908
88a6ef9e-b9a1-4a58-b20b-35c2f174f809,0.15000000000000002,0.18000000000000002,0.07350365817546844
88a6ef9e-b9a1-4a58-b20b-35c2f174f809,0.15000000000000002,0.23,0.06720899045467377
88a6ef9e-b9a1-4a58-b20b-35c2f174f809,0.2,0.03,0.05365173891186714
88a6ef9e-b9a1-4a58-b20b-35c2f174f809,0.2,0.08,0.06155760586261749
88a6ef9e-b9a1-4a58-b20b-35c2f174f809,0.2,0.13,0.07226946204900742
88a6ef9e-b9a1-4a58-b20b-35c2f174f809,0.2,0.18000000000000002,0.06564955413341522
88a6ef9e-b9a1-4a58-b20b-35c2f174f809,0.2,0.23,0.06492902338504791
88a6ef9e-b9a1-4a58-b20b-35c2f174f809,0.25,0.03,0.05027276277542114
88a6ef9e-b9a1-4a58-b20b-35c2f174f809,0.25,0.08,0.06252970546483994
88a6ef9e-b9a1-4a58-b20b-35c2f174f809,0.25,0.13,0.062384430319070816
88a6ef9e-b9a1-4a58-b20b-35c2f174f809,0.25,0.18000000000000002,0.0645965039730072
88a6ef9e-b9a1-4a58-b20b-35c2f174f809,0.25,0.23,0.06416605412960052
88a6ef9e-b9a1-4a58-b20b-35c2f174f809,0.30000000000000004,0.03,0.04723801463842392
88a6ef9e-b9a1-4a58-b20b-35c2f174f809,0.30000000000000004,0.08,0.05660349875688553
88a6ef9e-b9a1-4a58-b20b-35c2f174f809,0.30000000000000004,0.13,0.06352982670068741
88a6ef9e-b9a1-4a58-b20b-35c2f174f809,0.30000000000000004,0.18000000000000002,0.06235375255346298
88a6ef9e-b9a1-4a58-b20b-35c2f174f809,0.30000000000000004,0.23,0.06802012771368027
8923ded4-bbd4-4218-a82e-e82c096f572c,0.0,0.03,0.17566241323947906
8923ded4-bbd4-4218-a82e-e82c096f572c,0.0,0.08,0.22992824018001556
8923ded4-bbd4-4218-a82e-e82c096f572c,0.0,0.13,0.19029594957828522
8923ded4-bbd4-4218-a82e-e82c096f572c,0.0,0.18000000000000002,0.16235345602035522
8923ded4-bbd4-4218-a82e-e82c096f572c,0.0,0.23,0.14255420863628387
8923ded4-bbd4-4218-a82e-e82c096f572c,0.01,0.03,0.14228539168834686
8923ded4-bbd4-4218-a82e-e82c096f572c,0.01,0.08,0.16765424609184265
8923ded4-bbd4-4218-a82e-e82c096f572c,0.01,0.13,0.1385277509689331
8923ded4-bbd4-4218-a82e-e82c096f572c,0.01,0.18000000000000002,0.11670366674661636
8923ded4-bbd4-4218-a82e-e82c096f572c,0.01,0.23,0.1051262617111206
8923ded4-bbd4-4218-a82e-e82c096f572c,0.02,0.03,0.14620216190814972
8923ded4-bbd4-4218-a82e-e82c096f572c,0.02,0.08,0.14887294173240662
8923ded4-bbd4-4218-a82e-e82c096f572c,0.02,0.13,0.12489061057567596
8923ded4-bbd4-4218-a82e-e82c096f572c,0.02,0.18000000000000002,0.10286436975002289
8923ded4-bbd4-4218-a82e-e82c096f572c,0.02,0.23,0.09557239711284637
8923ded4-bbd4-4218-a82e-e82c096f572c,0.03,0.03,0.13478274643421173
8923ded4-bbd4-4218-a82e-e82c096f572c,0.03,0.08,0.12075894325971603
8923ded4-bbd4-4218-a82e-e82c096f572c,0.03,0.13,0.10454566031694412
8923ded4-bbd4-4218-a82e-e82c096f572c,0.03,0.18000000000000002,0.08737745881080627
8923ded4-bbd4-4218-a82e-e82c096f572c,0.03,0.23,0.07837294787168503
8923ded4-bbd4-4218-a82e-e82c096f572c,0.04,0.03,0.09312150627374649
8923ded4-bbd4-4218-a82e-e82c096f572c,0.04,0.08,0.09465767443180084
8923ded4-bbd4-4218-a82e-e82c096f572c,0.05,0.03,0.08792302757501602
8923ded4-bbd4-4218-a82e-e82c096f572c,0.05,0.08,0.07262074947357178
8923ded4-bbd4-4218-a82e-e82c096f572c,0.05,0.13,0.06345483660697937
8923ded4-bbd4-4218-a82e-e82c096f572c,0.05,0.18000000000000002,0.06509296596050262
8923ded4-bbd4-4218-a82e-e82c096f572c,0.05,0.23,0.06861646473407745
8923ded4-bbd4-4218-a82e-e82c096f572c,0.1,0.03,0.04833866283297539
8923ded4-bbd4-4218-a82e-e82c096f572c,0.1,0.08,0.05263389274477959
8923ded4-bbd4-4218-a82e-e82c096f572c,0.1,0.13,0.06066562980413437
8923ded4-bbd4-4218-a82e-e82c096f572c,0.1,0.18000000000000002,0.06633950769901276
8923ded4-bbd4-4218-a82e-e82c096f572c,0.1,0.23,0.07014214992523193
8923ded4-bbd4-4218-a82e-e82c096f572c,0.15000000000000002,0.03,0.045544903725385666
8923ded4-bbd4-4218-a82e-e82c096f572c,0.15000000000000002,0.08,0.05663377419114113
8923ded4-bbd4-4218-a82e-e82c096f572c,0.15000000000000002,0.13,0.062121808528900146
8923ded4-bbd4-4218-a82e-e82c096f572c,0.15000000000000002,0.18000000000000002,0.06683308631181717
8923ded4-bbd4-4218-a82e-e82c096f572c,0.15000000000000002,0.23,0.07065396010875702
8923ded4-bbd4-4218-a82e-e82c096f572c,0.2,0.03,0.04617565497756004
8923ded4-bbd4-4218-a82e-e82c096f572c,0.2,0.08,0.04681393876671791
8923ded4-bbd4-4218-a82e-e82c096f572c,0.2,0.13,0.05551959201693535
8923ded4-bbd4-4218-a82e-e82c096f572c,0.2,0.18000000000000002,0.06627180427312851
8923ded4-bbd4-4218-a82e-e82c096f572c,0.2,0.23,0.0708879753947258
8923ded4-bbd4-4218-a82e-e82c096f572c,0.25,0.03,0.04293251782655716
8923ded4-bbd4-4218-a82e-e82c096f572c,0.25,0.08,0.05428057163953781
8923ded4-bbd4-4218-a82e-e82c096f572c,0.25,0.13,0.06078129634261131
8923ded4-bbd4-4218-a82e-e82c096f572c,0.25,0.18000000000000002,0.06609499454498291
8923ded4-bbd4-4218-a82e-e82c096f572c,0.25,0.23,0.06588836014270782
8923ded4-bbd4-4218-a82e-e82c096f572c,0.30000000000000004,0.03,0.04611964896321297
8923ded4-bbd4-4218-a82e-e82c096f572c,0.30000000000000004,0.08,0.05876114219427109
8923ded4-bbd4-4218-a82e-e82c096f572c,0.30000000000000004,0.13,0.06406348198652267
8923ded4-bbd4-4218-a82e-e82c096f572c,0.30000000000000004,0.18000000000000002,0.06292633712291718
8923ded4-bbd4-4218-a82e-e82c096f572c,0.30000000000000004,0.23,0.06275781244039536
8a99bee0-8a63-4b4b-af68-b25283cda8ee,0.0,0.03,0.05370476469397545
8a99bee0-8a63-4b4b-af68-b25283cda8ee,0.0,0.08,0.06815798580646515
8a99bee0-8a63-4b4b-af68-b25283cda8ee,0.0,0.13,0.06958350539207458
8a99bee0-8a63-4b4b-af68-b25283cda8ee,0.0,0.18000000000000002,0.06674569100141525
8a99bee0-8a63-4b4b-af68-b25283cda8ee,0.0,0.23,0.06439966708421707
8a99bee0-8a63-4b4b-af68-b25283cda8ee,0.01,0.03,0.048958346247673035
8a99bee0-8a63-4b4b-af68-b25283cda8ee,0.01,0.08,0.06167260557413101
8a99bee0-8a63-4b4b-af68-b25283cda8ee,0.01,0.13,0.06690187007188797
8a99bee0-8a63-4b4b-af68-b25283cda8ee,0.01,0.18000000000000002,0.06274867802858353
8a99bee0-8a63-4b4b-af68-b25283cda8ee,0.01,0.23,0.06532980501651764
8a99bee0-8a63-4b4b-af68-b25283cda8ee,0.02,0.03,0.05432353913784027
8a99bee0-8a63-4b4b-af68-b25283cda8ee,0.02,0.08,0.06612154841423035
8a99bee0-8a63-4b4b-af68-b25283cda8ee,0.02,0.13,0.06741160899400711
8a99bee0-8a63-4b4b-af68-b25283cda8ee,0.02,0.18000000000000002,0.06362658739089966
8a99bee0-8a63-4b4b-af68-b25283cda8ee,0.02,0.23,0.06665188074111938
8a99bee0-8a63-4b4b-af68-b25283cda8ee,0.03,0.03,0.05571179464459419
8a99bee0-8a63-4b4b-af68-b25283cda8ee,0.03,0.08,0.06962709873914719
8a99bee0-8a63-4b4b-af68-b25283cda8ee,0.03,0.13,0.06199829652905464
8a99bee0-8a63-4b4b-af68-b25283cda8ee,0.03,0.18000000000000002,0.06685982644557953
8a99bee0-8a63-4b4b-af68-b25283cda8ee,0.03,0.23,0.06665477156639099
8a99bee0-8a63-4b4b-af68-b25283cda8ee,0.04,0.03,0.04987227916717529
8a99bee0-8a63-4b4b-af68-b25283cda8ee,0.04,0.08,0.061779625713825226
8a99bee0-8a63-4b4b-af68-b25283cda8ee,0.05,0.03,0.05198700353503227
8a99bee0-8a63-4b4b-af68-b25283cda8ee,0.05,0.08,0.06230716407299042
8a99bee0-8a63-4b4b-af68-b25283cda8ee,0.05,0.13,0.06500178575515747
8a99bee0-8a63-4b4b-af68-b25283cda8ee,0.05,0.18000000000000002,0.06565924733877182
8a99bee0-8a63-4b4b-af68-b25283cda8ee,0.05,0.23,0.06391379237174988
8a99bee0-8a63-4b4b-af68-b25283cda8ee,0.1,0.03,0.058618441224098206
8a99bee0-8a63-4b4b-af68-b25283cda8ee,0.1,0.08,0.06834295392036438
8a99bee0-8a63-4b4b-af68-b25283cda8ee,0.1,0.13,0.05860137194395065
8a99bee0-8a63-4b4b-af68-b25283cda8ee,0.1,0.18000000000000002,0.06504294276237488
8a99bee0-8a63-4b4b-af68-b25283cda8ee,0.1,0.23,0.06905409693717957
8a99bee0-8a63-4b4b-af68-b25283cda8ee,0.15000000000000002,0.03,0.04880760982632637
8a99bee0-8a63-4b4b-af68-b25283cda8ee,0.15000000000000002,0.08,0.05654279515147209
8a99bee0-8a63-4b4b-af68-b25283cda8ee,0.15000000000000002,0.13,0.06305019557476044
8a99bee0-8a63-4b4b-af68-b25283cda8ee,0.15000000000000002,0.18000000000000002,0.06543020159006119
8a99bee0-8a63-4b4b-af68-b25283cda8ee,0.15000000000000002,0.23,0.0755583867430687
8a99bee0-8a63-4b4b-af68-b25283cda8ee,0.2,0.03,0.049961697310209274
8a99bee0-8a63-4b4b-af68-b25283cda8ee,0.2,0.08,0.06303032487630844
8a99bee0-8a63-4b4b-af68-b25283cda8ee,0.2,0.13,0.06588289886713028
8a99bee0-8a63-4b4b-af68-b25283cda8ee,0.2,0.18000000000000002,0.07525669783353806
8a99bee0-8a63-4b4b-af68-b25283cda8ee,0.2,0.23,0.08262135833501816
8a99bee0-8a63-4b4b-af68-b25283cda8ee,0.25,0.03,0.051452089101076126
8a99bee0-8a63-4b4b-af68-b25283cda8ee,0.25,0.08,0.05892891809344292
8a99bee0-8a63-4b4b-af68-b25283cda8ee,0.25,0.13,0.07056347280740738
8a99bee0-8a63-4b4b-af68-b25283cda8ee,0.25,0.18000000000000002,0.07980123907327652
8a99bee0-8a63-4b4b-af68-b25283cda8ee,0.25,0.23,0.08444749563932419
8a99bee0-8a63-4b4b-af68-b25283cda8ee,0.30000000000000004,0.03,0.04514548182487488
8a99bee0-8a63-4b4b-af68-b25283cda8ee,0.30000000000000004,0.08,0.05905342847108841
8a99bee0-8a63-4b4b-af68-b25283cda8ee,0.30000000000000004,0.13,0.07338305562734604
8a99bee0-8a63-4b4b-af68-b25283cda8ee,0.30000000000000004,0.18000000000000002,0.07908499985933304
8a99bee0-8a63-4b4b-af68-b25283cda8ee,0.30000000000000004,0.23,0.07617074251174927
8ad8d8a0-1a66-43ae-a1e6-d1096bb718cf,0.0,0.03,0.045496683567762375
8ad8d8a0-1a66-43ae-a1e6-d1096bb718cf,0.0,0.08,0.06472494453191757
8ad8d8a0-1a66-43ae-a1e6-d1096bb718cf,0.0,0.13,0.07532020658254623
8ad8d8a0-1a66-43ae-a1e6-d1096bb718cf,0.0,0.18000000000000002,0.07060616463422775
8ad8d8a0-1a66-43ae-a1e6-d1096bb718cf,0.0,0.23,0.06676837801933289
8ad8d8a0-1a66-43ae-a1e6-d1096bb718cf,0.01,0.03,0.04795600473880768
8ad8d8a0-1a66-43ae-a1e6-d1096bb718cf,0.01,0.08,0.06748341768980026
8ad8d8a0-1a66-43ae-a1e6-d1096bb718cf,0.01,0.13,0.06864240020513535
8ad8d8a0-1a66-43ae-a1e6-d1096bb718cf,0.01,0.18000000000000002,0.0625966489315033
8ad8d8a0-1a66-43ae-a1e6-d1096bb718cf,0.01,0.23,0.061483122408390045
8ad8d8a0-1a66-43ae-a1e6-d1096bb718cf,0.02,0.03,0.04868164658546448
8ad8d8a0-1a66-43ae-a1e6-d1096bb718cf,0.02,0.08,0.0701734647154808
8ad8d8a0-1a66-43ae-a1e6-d1096bb718cf,0.02,0.13,0.06652116030454636
8ad8d8a0-1a66-43ae-a1e6-d1096bb718cf,0.02,0.18000000000000002,0.0641523227095604
8ad8d8a0-1a66-43ae-a1e6-d1096bb718cf,0.02,0.23,0.06293082237243652
8ad8d8a0-1a66-43ae-a1e6-d1096bb718cf,0.03,0.03,0.04895644634962082
8ad8d8a0-1a66-43ae-a1e6-d1096bb718cf,0.03,0.08,0.06709980219602585
8ad8d8a0-1a66-43ae-a1e6-d1096bb718cf,0.03,0.13,0.06359517574310303
8ad8d8a0-1a66-43ae-a1e6-d1096bb718cf,0.03,0.18000000000000002,0.06176755577325821
8ad8d8a0-1a66-43ae-a1e6-d1096bb718cf,0.03,0.23,0.0641564279794693
8ad8d8a0-1a66-43ae-a1e6-d1096bb718cf,0.04,0.03,0.053613096475601196
8ad8d8a0-1a66-43ae-a1e6-d1096bb718cf,0.04,0.08,0.07074114680290222
8ad8d8a0-1a66-43ae-a1e6-d1096bb718cf,0.05,0.03,0.05049041658639908
8ad8d8a0-1a66-43ae-a1e6-d1096bb718cf,0.05,0.08,0.06357172876596451
8ad8d8a0-1a66-43ae-a1e6-d1096bb718cf,0.05,0.13,0.06822580844163895
8ad8d8a0-1a66-43ae-a1e6-d1096bb718cf,0.05,0.18000000000000002,0.06599695235490799
8ad8d8a0-1a66-43ae-a1e6-d1096bb718cf,0.05,0.23,0.06348170340061188
8ad8d8a0-1a66-43ae-a1e6-d1096bb718cf,0.1,0.03,0.04858073219656944
8ad8d8a0-1a66-43ae-a1e6-d1096bb718cf,0.1,0.08,0.06100240722298622
8ad8d8a0-1a66-43ae-a1e6-d1096bb718cf,0.1,0.13,0.06097613275051117
8ad8d8a0-1a66-43ae-a1e6-d1096bb718cf,0.1,0.18000000000000002,0.06738666445016861
8ad8d8a0-1a66-43ae-a1e6-d1096bb718cf,0.1,0.23,0.06912412494421005
8ad8d8a0-1a66-43ae-a1e6-d1096bb718cf,0.15000000000000002,0.03,0.04861341044306755
8ad8d8a0-1a66-43ae-a1e6-d1096bb718cf,0.15000000000000002,0.08,0.05484100803732872
8ad8d8a0-1a66-43ae-a1e6-d1096bb718cf,0.15000000000000002,0.13,0.05805852264165878
8ad8d8a0-1a66-43ae-a1e6-d1096bb718cf,0.15000000000000002,0.18000000000000002,0.05867898836731911
8ad8d8a0-1a66-43ae-a1e6-d1096bb718cf,0.15000000000000002,0.23,0.05627068132162094
8ad8d8a0-1a66-43ae-a1e6-d1096bb718cf,0.2,0.03,0.044739481061697006
8ad8d8a0-1a66-43ae-a1e6-d1096bb718cf,0.2,0.08,0.04991372302174568
8ad8d8a0-1a66-43ae-a1e6-d1096bb718cf,0.2,0.13,0.06079073250293732
8ad8d8a0-1a66-43ae-a1e6-d1096bb718cf,0.2,0.18000000000000002,0.06685329228639603
8ad8d8a0-1a66-43ae-a1e6-d1096bb718cf,0.2,0.23,0.058957748115062714
8ad8d8a0-1a66-43ae-a1e6-d1096bb718cf,0.25,0.03,0.04854937642812729
8ad8d8a0-1a66-43ae-a1e6-d1096bb718cf,0.25,0.08,0.06019473820924759
8ad8d8a0-1a66-43ae-a1e6-d1096bb718cf,0.25,0.13,0.06727518886327744
8ad8d8a0-1a66-43ae-a1e6-d1096bb718cf,0.25,0.18000000000000002,0.058802902698516846
8ad8d8a0-1a66-43ae-a1e6-d1096bb718cf,0.25,0.23,0.06895937025547028
8ad8d8a0-1a66-43ae-a1e6-d1096bb718cf,0.30000000000000004,0.03,0.04952612891793251
8ad8d8a0-1a66-43ae-a1e6-d1096bb718cf,0.30000000000000004,0.08,0.06511752307415009
8ad8d8a0-1a66-43ae-a1e6-d1096bb718cf,0.30000000000000004,0.13,0.06483621895313263
8ad8d8a0-1a66-43ae-a1e6-d1096bb718cf,0.30000000000000004,0.18000000000000002,0.06666429340839386
8ad8d8a0-1a66-43ae-a1e6-d1096bb718cf,0.30000000000000004,0.23,0.07090126723051071
8b880686-7f6a-4af2-9065-4e3947b53ae1,0.0,0.03,0.060471005737781525
8b880686-7f6a-4af2-9065-4e3947b53ae1,0.0,0.08,0.06334113329648972
8b880686-7f6a-4af2-9065-4e3947b53ae1,0.0,0.13,0.06617461144924164
8b880686-7f6a-4af2-9065-4e3947b53ae1,0.0,0.18000000000000002,0.06513722985982895
8b880686-7f6a-4af2-9065-4e3947b53ae1,0.0,0.23,0.067559152841568
8b880686-7f6a-4af2-9065-4e3947b53ae1,0.01,0.03,0.049388956278562546
8b880686-7f6a-4af2-9065-4e3947b53ae1,0.01,0.08,0.06341136246919632
8b880686-7f6a-4af2-9065-4e3947b53ae1,0.01,0.13,0.06544849276542664
8b880686-7f6a-4af2-9065-4e3947b53ae1,0.01,0.18000000000000002,0.06232886388897896
8b880686-7f6a-4af2-9065-4e3947b53ae1,0.01,0.23,0.06610727310180664
8b880686-7f6a-4af2-9065-4e3947b53ae1,0.02,0.03,0.05016455799341202
8b880686-7f6a-4af2-9065-4e3947b53ae1,0.02,0.08,0.06417147070169449
8b880686-7f6a-4af2-9065-4e3947b53ae1,0.02,0.13,0.063045434653759
8b880686-7f6a-4af2-9065-4e3947b53ae1,0.02,0.18000000000000002,0.06242850050330162
8b880686-7f6a-4af2-9065-4e3947b53ae1,0.02,0.23,0.06545977294445038
8b880686-7f6a-4af2-9065-4e3947b53ae1,0.03,0.03,0.05739273875951767
8b880686-7f6a-4af2-9065-4e3947b53ae1,0.03,0.08,0.06358111649751663
8b880686-7f6a-4af2-9065-4e3947b53ae1,0.03,0.13,0.06032966449856758
8b880686-7f6a-4af2-9065-4e3947b53ae1,0.03,0.18000000000000002,0.06167474761605263
8b880686-7f6a-4af2-9065-4e3947b53ae1,0.03,0.23,0.06283678859472275
8b880686-7f6a-4af2-9065-4e3947b53ae1,0.04,0.03,0.0536973737180233
8b880686-7f6a-4af2-9065-4e3947b53ae1,0.04,0.08,0.057744964957237244
8b880686-7f6a-4af2-9065-4e3947b53ae1,0.05,0.03,0.05316071957349777
8b880686-7f6a-4af2-9065-4e3947b53ae1,0.05,0.08,0.058952782303094864
8b880686-7f6a-4af2-9065-4e3947b53ae1,0.05,0.13,0.06413903832435608
8b880686-7f6a-4af2-9065-4e3947b53ae1,0.05,0.18000000000000002,0.05977847799658775
8b880686-7f6a-4af2-9065-4e3947b53ae1,0.05,0.23,0.06279408186674118
8b880686-7f6a-4af2-9065-4e3947b53ae1,0.1,0.03,0.05371743440628052
8b880686-7f6a-4af2-9065-4e3947b53ae1,0.1,0.08,0.05732172355055809
8b880686-7f6a-4af2-9065-4e3947b53ae1,0.1,0.13,0.06330254673957825
8b880686-7f6a-4af2-9065-4e3947b53ae1,0.1,0.18000000000000002,0.0695762112736702
8b880686-7f6a-4af2-9065-4e3947b53ae1,0.1,0.23,0.07120049744844437
8b880686-7f6a-4af2-9065-4e3947b53ae1,0.15000000000000002,0.03,0.04486319050192833
8b880686-7f6a-4af2-9065-4e3947b53ae1,0.15000000000000002,0.08,0.06379611790180206
8b880686-7f6a-4af2-9065-4e3947b53ae1,0.15000000000000002,0.13,0.07503600418567657
8b880686-7f6a-4af2-9065-4e3947b53ae1,0.15000000000000002,0.18000000000000002,0.0708676427602768
8b880686-7f6a-4af2-9065-4e3947b53ae1,0.15000000000000002,0.23,0.07292506098747253
8b880686-7f6a-4af2-9065-4e3947b53ae1,0.2,0.03,0.05370251461863518
8b880686-7f6a-4af2-9065-4e3947b53ae1,0.2,0.08,0.06880316138267517
8b880686-7f6a-4af2-9065-4e3947b53ae1,0.2,0.13,0.07059342414140701
8b880686-7f6a-4af2-9065-4e3947b53ae1,0.2,0.18000000000000002,0.07301001250743866
8b880686-7f6a-4af2-9065-4e3947b53ae1,0.2,0.23,0.06360217183828354
8b880686-7f6a-4af2-9065-4e3947b53ae1,0.25,0.03,0.051127780228853226
8b880686-7f6a-4af2-9065-4e3947b53ae1,0.25,0.08,0.06875543296337128
8b880686-7f6a-4af2-9065-4e3947b53ae1,0.25,0.13,0.07029357552528381
8b880686-7f6a-4af2-9065-4e3947b53ae1,0.25,0.18000000000000002,0.06517071276903152
8b880686-7f6a-4af2-9065-4e3947b53ae1,0.25,0.23,0.06049518659710884
8b880686-7f6a-4af2-9065-4e3947b53ae1,0.30000000000000004,0.03,0.05193159356713295
8b880686-7f6a-4af2-9065-4e3947b53ae1,0.30000000000000004,0.08,0.06099003925919533
8b880686-7f6a-4af2-9065-4e3947b53ae1,0.30000000000000004,0.13,0.05811385065317154
8b880686-7f6a-4af2-9065-4e3947b53ae1,0.30000000000000004,0.18000000000000002,0.05522899702191353
8b880686-7f6a-4af2-9065-4e3947b53ae1,0.30000000000000004,0.23,0.05915180966258049
8c5cc515-e536-403b-8e91-0df743838b8c,0.0,0.03,0.062074966728687286
8c5cc515-e536-403b-8e91-0df743838b8c,0.0,0.08,0.07275702804327011
8c5cc515-e536-403b-8e91-0df743838b8c,0.0,0.13,0.07383152097463608
8c5cc515-e536-403b-8e91-0df743838b8c,0.0,0.18000000000000002,0.07631402462720871
8c5cc515-e536-403b-8e91-0df743838b8c,0.0,0.23,0.07119544595479965
8c5cc515-e536-403b-8e91-0df743838b8c,0.01,0.03,0.06364651769399643
8c5cc515-e536-403b-8e91-0df743838b8c,0.01,0.08,0.07605424523353577
8c5cc515-e536-403b-8e91-0df743838b8c,0.01,0.13,0.07566595077514648
8c5cc515-e536-403b-8e91-0df743838b8c,0.01,0.18000000000000002,0.0782608613371849
8c5cc515-e536-403b-8e91-0df743838b8c,0.01,0.23,0.06826572865247726
8c5cc515-e536-403b-8e91-0df743838b8c,0.02,0.03,0.054558251053094864
8c5cc515-e536-403b-8e91-0df743838b8c,0.02,0.08,0.07470289617776871
8c5cc515-e536-403b-8e91-0df743838b8c,0.02,0.13,0.07075522840023041
8c5cc515-e536-403b-8e91-0df743838b8c,0.02,0.18000000000000002,0.07333597540855408
8c5cc515-e536-403b-8e91-0df743838b8c,0.02,0.23,0.07141438126564026
8c5cc515-e536-403b-8e91-0df743838b8c,0.03,0.03,0.04932381957769394
8c5cc515-e536-403b-8e91-0df743838b8c,0.03,0.08,0.06610728055238724
8c5cc515-e536-403b-8e91-0df743838b8c,0.03,0.13,0.06790642440319061
8c5cc515-e536-403b-8e91-0df743838b8c,0.03,0.18000000000000002,0.07305440306663513
8c5cc515-e536-403b-8e91-0df743838b8c,0.03,0.23,0.06803005188703537
8c5cc515-e536-403b-8e91-0df743838b8c,0.04,0.03,0.05599132925271988
8c5cc515-e536-403b-8e91-0df743838b8c,0.04,0.08,0.06002567708492279
8c5cc515-e536-403b-8e91-0df743838b8c,0.05,0.03,0.0715336874127388
8c5cc515-e536-403b-8e91-0df743838b8c,0.05,0.08,0.06306630373001099
8c5cc515-e536-403b-8e91-0df743838b8c,0.05,0.13,0.07175451517105103
8c5cc515-e536-403b-8e91-0df743838b8c,0.05,0.18000000000000002,0.06757481396198273
8c5cc515-e536-403b-8e91-0df743838b8c,0.05,0.23,0.07164596766233444
8c5cc515-e536-403b-8e91-0df743838b8c,0.1,0.03,0.0611923411488533
8c5cc515-e536-403b-8e91-0df743838b8c,0.1,0.08,0.06925801187753677
8c5cc515-e536-403b-8e91-0df743838b8c,0.1,0.13,0.0635899007320404
8c5cc515-e536-403b-8e91-0df743838b8c,0.1,0.18000000000000002,0.0705978199839592
8c5cc515-e536-403b-8e91-0df743838b8c,0.1,0.23,0.07168921828269958
8c5cc515-e536-403b-8e91-0df743838b8c,0.15000000000000002,0.03,0.05664435401558876
8c5cc515-e536-403b-8e91-0df743838b8c,0.15000000000000002,0.08,0.05433953180909157
8c5cc515-e536-403b-8e91-0df743838b8c,0.15000000000000002,0.13,0.05992266535758972
8c5cc515-e536-403b-8e91-0df743838b8c,0.15000000000000002,0.18000000000000002,0.06463208049535751
8c5cc515-e536-403b-8e91-0df743838b8c,0.15000000000000002,0.23,0.07638363540172577
8c5cc515-e536-403b-8e91-0df743838b8c,0.2,0.03,0.05320638045668602
8c5cc515-e536-403b-8e91-0df743838b8c,0.2,0.08,0.06325414776802063
8c5cc515-e536-403b-8e91-0df743838b8c,0.2,0.13,0.064759261906147
8c5cc515-e536-403b-8e91-0df743838b8c,0.2,0.18000000000000002,0.07637909799814224
8c5cc515-e536-403b-8e91-0df743838b8c,0.2,0.23,0.08176865428686142
8c5cc515-e536-403b-8e91-0df743838b8c,0.25,0.03,0.05220131576061249
8c5cc515-e536-403b-8e91-0df743838b8c,0.25,0.08,0.0611458383500576
8c5cc515-e536-403b-8e91-0df743838b8c,0.25,0.13,0.07632449269294739
8c5cc515-e536-403b-8e91-0df743838b8c,0.25,0.18000000000000002,0.0849674791097641
8c5cc515-e536-403b-8e91-0df743838b8c,0.25,0.23,0.0832785964012146
8c5cc515-e536-403b-8e91-0df743838b8c,0.30000000000000004,0.03,0.047998037189245224
8c5cc515-e536-403b-8e91-0df743838b8c,0.30000000000000004,0.08,0.07233971357345581
8c5cc515-e536-403b-8e91-0df743838b8c,0.30000000000000004,0.13,0.07663588970899582
8c5cc515-e536-403b-8e91-0df743838b8c,0.30000000000000004,0.18000000000000002,0.07422773540019989
8c5cc515-e536-403b-8e91-0df743838b8c,0.30000000000000004,0.23,0.07745230197906494
8cc2359e-5457-47cf-bbef-2d11e1ff09aa,0.0,0.03,0.05879799276590347
8cc2359e-5457-47cf-bbef-2d11e1ff09aa,0.0,0.08,0.06558219343423843
8cc2359e-5457-47cf-bbef-2d11e1ff09aa,0.0,0.13,0.07414748519659042
8cc2359e-5457-47cf-bbef-2d11e1ff09aa,0.0,0.18000000000000002,0.07541175186634064
8cc2359e-5457-47cf-bbef-2d11e1ff09aa,0.0,0.23,0.0716661810874939
8cc2359e-5457-47cf-bbef-2d11e1ff09aa,0.01,0.03,0.0556214265525341
8cc2359e-5457-47cf-bbef-2d11e1ff09aa,0.01,0.08,0.07032851129770279
8cc2359e-5457-47cf-bbef-2d11e1ff09aa,0.01,0.13,0.08262768387794495
8cc2359e-5457-47cf-bbef-2d11e1ff09aa,0.01,0.18000000000000002,0.08164779841899872
8cc2359e-5457-47cf-bbef-2d11e1ff09aa,0.01,0.23,0.07342451065778732
8cc2359e-5457-47cf-bbef-2d11e1ff09aa,0.02,0.03,0.05748698487877846
8cc2359e-5457-47cf-bbef-2d11e1ff09aa,0.02,0.08,0.07168827950954437
8cc2359e-5457-47cf-bbef-2d11e1ff09aa,0.02,0.13,0.08324357867240906
8cc2359e-5457-47cf-bbef-2d11e1ff09aa,0.02,0.18000000000000002,0.07782206684350967
8cc2359e-5457-47cf-bbef-2d11e1ff09aa,0.02,0.23,0.07381825149059296
8cc2359e-5457-47cf-bbef-2d11e1ff09aa,0.03,0.03,0.05485148727893829
8cc2359e-5457-47cf-bbef-2d11e1ff09aa,0.03,0.08,0.07511508464813232
8cc2359e-5457-47cf-bbef-2d11e1ff09aa,0.03,0.13,0.08367393165826797
8cc2359e-5457-47cf-bbef-2d11e1ff09aa,0.03,0.18000000000000002,0.07437817007303238
8cc2359e-5457-47cf-bbef-2d11e1ff09aa,0.03,0.23,0.07530251890420914
8cc2359e-5457-47cf-bbef-2d11e1ff09aa,0.04,0.03,0.06064772978425026
8cc2359e-5457-47cf-bbef-2d11e1ff09aa,0.04,0.08,0.07489647716283798
8cc2359e-5457-47cf-bbef-2d11e1ff09aa,0.05,0.03,0.056350771337747574
8cc2359e-5457-47cf-bbef-2d11e1ff09aa,0.05,0.08,0.07124356925487518
8cc2359e-5457-47cf-bbef-2d11e1ff09aa,0.05,0.13,0.07399088144302368
8cc2359e-5457-47cf-bbef-2d11e1ff09aa,0.05,0.18000000000000002,0.07677185535430908
8cc2359e-5457-47cf-bbef-2d11e1ff09aa,0.05,0.23,0.07431388646364212
8cc2359e-5457-47cf-bbef-2d11e1ff09aa,0.1,0.03,0.05566076189279556
8cc2359e-5457-47cf-bbef-2d11e1ff09aa,0.1,0.08,0.07177633792161942
8cc2359e-5457-47cf-bbef-2d11e1ff09aa,0.1,0.13,0.07601883262395859
8cc2359e-5457-47cf-bbef-2d11e1ff09aa,0.1,0.18000000000000002,0.07498922944068909
8cc2359e-5457-47cf-bbef-2d11e1ff09aa,0.1,0.23,0.07503577321767807
8cc2359e-5457-47cf-bbef-2d11e1ff09aa,0.15000000000000002,0.03,0.059079479426145554
8cc2359e-5457-47cf-bbef-2d11e1ff09aa,0.15000000000000002,0.08,0.07344017922878265
8cc2359e-5457-47cf-bbef-2d11e1ff09aa,0.15000000000000002,0.13,0.0724116861820221
8cc2359e-5457-47cf-bbef-2d11e1ff09aa,0.15000000000000002,0.18000000000000002,0.07315098494291306
8cc2359e-5457-47cf-bbef-2d11e1ff09aa,0.15000000000000002,0.23,0.07361133396625519
8cc2359e-5457-47cf-bbef-2d11e1ff09aa,0.2,0.03,0.06336749345064163
8cc2359e-5457-47cf-bbef-2d11e1ff09aa,0.2,0.08,0.05819445475935936
8cc2359e-5457-47cf-bbef-2d11e1ff09aa,0.2,0.13,0.0614052377641201
8cc2359e-5457-47cf-bbef-2d11e1ff09aa,0.2,0.18000000000000002,0.06465242058038712
8cc2359e-5457-47cf-bbef-2d11e1ff09aa,0.2,0.23,0.06832839548587799
8cc2359e-5457-47cf-bbef-2d11e1ff09aa,0.25,0.03,0.0520048625767231
8cc2359e-5457-47cf-bbef-2d11e1ff09aa,0.25,0.08,0.058007244020700455
8cc2359e-5457-47cf-bbef-2d11e1ff09aa,0.25,0.13,0.06705266237258911
8cc2359e-5457-47cf-bbef-2d11e1ff09aa,0.25,0.18000000000000002,0.06809347122907639
8cc2359e-5457-47cf-bbef-2d11e1ff09aa,0.25,0.23,0.06928643584251404
8cc2359e-5457-47cf-bbef-2d11e1ff09aa,0.30000000000000004,0.03,0.05431424081325531
8cc2359e-5457-47cf-bbef-2d11e1ff09aa,0.30000000000000004,0.08,0.06849081069231033
8cc2359e-5457-47cf-bbef-2d11e1ff09aa,0.30000000000000004,0.13,0.06850925087928772
8cc2359e-5457-47cf-bbef-2d11e1ff09aa,0.30000000000000004,0.18000000000000002,0.06988586485385895
8cc2359e-5457-47cf-bbef-2d11e1ff09aa,0.30000000000000004,0.23,0.06732922047376633
8e0c0854-8569-49b4-9272-5905532708e2,0.0,0.03,0.05382901802659035
8e0c0854-8569-49b4-9272-5905532708e2,0.0,0.08,0.06146625056862831
8e0c0854-8569-49b4-9272-5905532708e2,0.0,0.13,0.07141941785812378
8e0c0854-8569-49b4-9272-5905532708e2,0.0,0.18000000000000002,0.08683808147907257
8e0c0854-8569-49b4-9272-5905532708e2,0.0,0.23,0.0825626403093338
8e0c0854-8569-49b4-9272-5905532708e2,0.01,0.03,0.0518219992518425
8e0c0854-8569-49b4-9272-5905532708e2,0.01,0.08,0.0674675926566124
8e0c0854-8569-49b4-9272-5905532708e2,0.01,0.13,0.07003600895404816
8e0c0854-8569-49b4-9272-5905532708e2,0.01,0.18000000000000002,0.08239594101905823
8e0c0854-8569-49b4-9272-5905532708e2,0.01,0.23,0.07924161851406097
8e0c0854-8569-49b4-9272-5905532708e2,0.02,0.03,0.05328592285513878
8e0c0854-8569-49b4-9272-5905532708e2,0.02,0.08,0.06315195560455322
8e0c0854-8569-49b4-9272-5905532708e2,0.02,0.13,0.07138694077730179
8e0c0854-8569-49b4-9272-5905532708e2,0.02,0.18000000000000002,0.07924108952283859
8e0c0854-8569-49b4-9272-5905532708e2,0.02,0.23,0.07883869856595993
8e0c0854-8569-49b4-9272-5905532708e2,0.03,0.03,0.05016310140490532
8e0c0854-8569-49b4-9272-5905532708e2,0.03,0.08,0.06356559693813324
8e0c0854-8569-49b4-9272-5905532708e2,0.03,0.13,0.07204104959964752
8e0c0854-8569-49b4-9272-5905532708e2,0.03,0.18000000000000002,0.08164820820093155
8e0c0854-8569-49b4-9272-5905532708e2,0.03,0.23,0.07074227929115295
8e0c0854-8569-49b4-9272-5905532708e2,0.04,0.03,0.050386685878038406
8e0c0854-8569-49b4-9272-5905532708e2,0.04,0.08,0.05645579472184181
8e0c0854-8569-49b4-9272-5905532708e2,0.05,0.03,0.04857391119003296
8e0c0854-8569-49b4-9272-5905532708e2,0.05,0.08,0.06079993396997452
8e0c0854-8569-49b4-9272-5905532708e2,0.05,0.13,0.075224868953228
8e0c0854-8569-49b4-9272-5905532708e2,0.05,0.18000000000000002,0.0721728503704071
8e0c0854-8569-49b4-9272-5905532708e2,0.05,0.23,0.06748917698860168
8e0c0854-8569-49b4-9272-5905532708e2,0.1,0.03,0.048175398260354996
8e0c0854-8569-49b4-9272-5905532708e2,0.1,0.08,0.06737429648637772
8e0c0854-8569-49b4-9272-5905532708e2,0.1,0.13,0.06334704905748367
8e0c0854-8569-49b4-9272-5905532708e2,0.1,0.18000000000000002,0.05801820755004883
8e0c0854-8569-49b4-9272-5905532708e2,0.1,0.23,0.05990266427397728
8e0c0854-8569-49b4-9272-5905532708e2,0.15000000000000002,0.03,0.04985418915748596
8e0c0854-8569-49b4-9272-5905532708e2,0.15000000000000002,0.08,0.05101320147514343
8e0c0854-8569-49b4-9272-5905532708e2,0.15000000000000002,0.13,0.0561743900179863
8e0c0854-8569-49b4-9272-5905532708e2,0.15000000000000002,0.18000000000000002,0.061492882668972015
8e0c0854-8569-49b4-9272-5905532708e2,0.15000000000000002,0.23,0.06701570749282837
8e0c0854-8569-49b4-9272-5905532708e2,0.2,0.03,0.053392112255096436
8e0c0854-8569-49b4-9272-5905532708e2,0.2,0.08,0.05065448209643364
8e0c0854-8569-49b4-9272-5905532708e2,0.2,0.13,0.06039527431130409
8e0c0854-8569-49b4-9272-5905532708e2,0.2,0.18000000000000002,0.06897801905870438
8e0c0854-8569-49b4-9272-5905532708e2,0.2,0.23,0.07455667108297348
8e0c0854-8569-49b4-9272-5905532708e2,0.25,0.03,0.049108248203992844
8e0c0854-8569-49b4-9272-5905532708e2,0.25,0.08,0.06449507921934128
8e0c0854-8569-49b4-9272-5905532708e2,0.25,0.13,0.07443322241306305
8e0c0854-8569-49b4-9272-5905532708e2,0.25,0.18000000000000002,0.07703746110200882
8e0c0854-8569-49b4-9272-5905532708e2,0.25,0.23,0.08560240268707275
8e0c0854-8569-49b4-9272-5905532708e2,0.30000000000000004,0.03,0.04996473342180252
8e0c0854-8569-49b4-9272-5905532708e2,0.30000000000000004,0.08,0.062413424253463745
8e0c0854-8569-49b4-9272-5905532708e2,0.30000000000000004,0.13,0.0683102086186409
8e0c0854-8569-49b4-9272-5905532708e2,0.30000000000000004,0.18000000000000002,0.07709236443042755
8e0c0854-8569-49b4-9272-5905532708e2,0.30000000000000004,0.23,0.07267386466264725
8e31c495-d848-4cd6-82b2-68a8f570528b,0.0,0.03,0.08202647417783737
8e31c495-d848-4cd6-82b2-68a8f570528b,0.0,0.08,0.09803836792707443
8e31c495-d848-4cd6-82b2-68a8f570528b,0.0,0.13,0.1212613508105278
8e31c495-d848-4cd6-82b2-68a8f570528b,0.0,0.18000000000000002,0.12608195841312408
8e31c495-d848-4cd6-82b2-68a8f570528b,0.0,0.23,0.12691430747509003
8e31c495-d848-4cd6-82b2-68a8f570528b,0.01,0.03,0.08308589458465576
8e31c495-d848-4cd6-82b2-68a8f570528b,0.01,0.08,0.10731463879346848
8e31c495-d848-4cd6-82b2-68a8f570528b,0.01,0.13,0.12054834514856339
8e31c495-d848-4cd6-82b2-68a8f570528b,0.01,0.18000000000000002,0.12363727390766144
8e31c495-d848-4cd6-82b2-68a8f570528b,0.01,0.23,0.12019313126802444
8e31c495-d848-4cd6-82b2-68a8f570528b,0.02,0.03,0.08704330772161484
8e31c495-d848-4cd6-82b2-68a8f570528b,0.02,0.08,0.11193740367889404
8e31c495-d848-4cd6-82b2-68a8f570528b,0.02,0.13,0.12426130473613739
8e31c495-d848-4cd6-82b2-68a8f570528b,0.02,0.18000000000000002,0.12448520213365555
8e31c495-d848-4cd6-82b2-68a8f570528b,0.02,0.23,0.1198994442820549
8e31c495-d848-4cd6-82b2-68a8f570528b,0.03,0.03,0.08986429870128632
8e31c495-d848-4cd6-82b2-68a8f570528b,0.03,0.08,0.11464982479810715
8e31c495-d848-4cd6-82b2-68a8f570528b,0.03,0.13,0.12463515996932983
8e31c495-d848-4cd6-82b2-68a8f570528b,0.03,0.18000000000000002,0.12274891883134842
8e31c495-d848-4cd6-82b2-68a8f570528b,0.03,0.23,0.11950383335351944
8e31c495-d848-4cd6-82b2-68a8f570528b,0.04,0.03,0.0932721272110939
8e31c495-d848-4cd6-82b2-68a8f570528b,0.04,0.08,0.11999217420816422
8e31c495-d848-4cd6-82b2-68a8f570528b,0.05,0.03,0.09559701383113861
8e31c495-d848-4cd6-82b2-68a8f570528b,0.05,0.08,0.12719875574111938
8e31c495-d848-4cd6-82b2-68a8f570528b,0.05,0.13,0.13141325116157532
8e31c495-d848-4cd6-82b2-68a8f570528b,0.05,0.18000000000000002,0.1321161687374115
8e31c495-d848-4cd6-82b2-68a8f570528b,0.05,0.23,0.12439487874507904
8e31c495-d848-4cd6-82b2-68a8f570528b,0.1,0.03,0.11266744881868362
8e31c495-d848-4cd6-82b2-68a8f570528b,0.1,0.08,0.12867103517055511
8e31c495-d848-4cd6-82b2-68a8f570528b,0.1,0.13,0.12753687798976898
8e31c495-d848-4cd6-82b2-68a8f570528b,0.1,0.18000000000000002,0.11771005392074585
8e31c495-d848-4cd6-82b2-68a8f570528b,0.1,0.23,0.11121977120637894
8e31c495-d848-4cd6-82b2-68a8f570528b,0.15000000000000002,0.03,0.10277191549539566
8e31c495-d848-4cd6-82b2-68a8f570528b,0.15000000000000002,0.08,0.10903292149305344
8e31c495-d848-4cd6-82b2-68a8f570528b,0.15000000000000002,0.13,0.09990961849689484
8e31c495-d848-4cd6-82b2-68a8f570528b,0.15000000000000002,0.18000000000000002,0.09439732134342194
8e31c495-d848-4cd6-82b2-68a8f570528b,0.15000000000000002,0.23,0.08379854261875153
8e31c495-d848-4cd6-82b2-68a8f570528b,0.2,0.03,0.08836691081523895
8e31c495-d848-4cd6-82b2-68a8f570528b,0.2,0.08,0.07965146005153656
8e31c495-d848-4cd6-82b2-68a8f570528b,0.2,0.13,0.07671564817428589
8e31c495-d848-4cd6-82b2-68a8f570528b,0.2,0.18000000000000002,0.06792671233415604
8e31c495-d848-4cd6-82b2-68a8f570528b,0.2,0.23,0.07094153761863708
8e31c495-d848-4cd6-82b2-68a8f570528b,0.25,0.03,0.06436464935541153
8e31c495-d848-4cd6-82b2-68a8f570528b,0.25,0.08,0.062331464141607285
8e31c495-d848-4cd6-82b2-68a8f570528b,0.25,0.13,0.05938040837645531
8e31c495-d848-4cd6-82b2-68a8f570528b,0.25,0.18000000000000002,0.07132039219141006
8e31c495-d848-4cd6-82b2-68a8f570528b,0.25,0.23,0.08672807365655899
8e31c495-d848-4cd6-82b2-68a8f570528b,0.30000000000000004,0.03,0.05458845570683479
8e31c495-d848-4cd6-82b2-68a8f570528b,0.30000000000000004,0.08,0.06019075959920883
8e31c495-d848-4cd6-82b2-68a8f570528b,0.30000000000000004,0.13,0.07807386666536331
8e31c495-d848-4cd6-82b2-68a8f570528b,0.30000000000000004,0.18000000000000002,0.09491543471813202
8e31c495-d848-4cd6-82b2-68a8f570528b,0.30000000000000004,0.23,0.10363747179508209
8e434922-e7ba-481b-bdb8-90f271f68a9e,0.0,0.03,0.0909682884812355
8e434922-e7ba-481b-bdb8-90f271f68a9e,0.0,0.08,0.16541366279125214
8e434922-e7ba-481b-bdb8-90f271f68a9e,0.0,0.13,0.16274899244308472
8e434922-e7ba-481b-bdb8-90f271f68a9e,0.0,0.18000000000000002,0.1380929946899414
8e434922-e7ba-481b-bdb8-90f271f68a9e,0.0,0.23,0.11858552694320679
8e434922-e7ba-481b-bdb8-90f271f68a9e,0.01,0.03,0.0928274542093277
8e434922-e7ba-481b-bdb8-90f271f68a9e,0.01,0.08,0.16028843820095062
8e434922-e7ba-481b-bdb8-90f271f68a9e,0.01,0.13,0.15010516345500946
8e434922-e7ba-481b-bdb8-90f271f68a9e,0.01,0.18000000000000002,0.12906089425086975
8e434922-e7ba-481b-bdb8-90f271f68a9e,0.01,0.23,0.11082088202238083
8e434922-e7ba-481b-bdb8-90f271f68a9e,0.02,0.03,0.10907306522130966
8e434922-e7ba-481b-bdb8-90f271f68a9e,0.02,0.08,0.16671247780323029
8e434922-e7ba-481b-bdb8-90f271f68a9e,0.02,0.13,0.14688648283481598
8e434922-e7ba-481b-bdb8-90f271f68a9e,0.02,0.18000000000000002,0.12461832910776138
8e434922-e7ba-481b-bdb8-90f271f68a9e,0.02,0.23,0.10770560801029205
8e434922-e7ba-481b-bdb8-90f271f68a9e,0.03,0.03,0.11943252384662628
8e434922-e7ba-481b-bdb8-90f271f68a9e,0.03,0.08,0.16631245613098145
8e434922-e7ba-481b-bdb8-90f271f68a9e,0.03,0.13,0.14135442674160004
8e434922-e7ba-481b-bdb8-90f271f68a9e,0.03,0.18000000000000002,0.11554105579853058
8e434922-e7ba-481b-bdb8-90f271f68a9e,0.03,0.23,0.10305546969175339
8e434922-e7ba-481b-bdb8-90f271f68a9e,0.04,0.03,0.1374163031578064
8e434922-e7ba-481b-bdb8-90f271f68a9e,0.04,0.08,0.15721532702445984
8e434922-e7ba-481b-bdb8-90f271f68a9e,0.05,0.03,0.1477053463459015
8e434922-e7ba-481b-bdb8-90f271f68a9e,0.05,0.08,0.1488887220621109
8e434922-e7ba-481b-bdb8-90f271f68a9e,0.05,0.13,0.11819139122962952
8e434922-e7ba-481b-bdb8-90f271f68a9e,0.05,0.18000000000000002,0.09840690344572067
8e434922-e7ba-481b-bdb8-90f271f68a9e,0.05,0.23,0.0907156690955162
8e434922-e7ba-481b-bdb8-90f271f68a9e,0.1,0.03,0.07842467725276947
8e434922-e7ba-481b-bdb8-90f271f68a9e,0.1,0.08,0.08833258599042892
8e434922-e7ba-481b-bdb8-90f271f68a9e,0.1,0.13,0.09408381581306458
8e434922-e7ba-481b-bdb8-90f271f68a9e,0.1,0.18000000000000002,0.08882202208042145
8e434922-e7ba-481b-bdb8-90f271f68a9e,0.1,0.23,0.08678371459245682
8e434922-e7ba-481b-bdb8-90f271f68a9e,0.15000000000000002,0.03,0.06583377718925476
8e434922-e7ba-481b-bdb8-90f271f68a9e,0.15000000000000002,0.08,0.08170468360185623
8e434922-e7ba-481b-bdb8-90f271f68a9e,0.15000000000000002,0.13,0.08638156950473785
8e434922-e7ba-481b-bdb8-90f271f68a9e,0.15000000000000002,0.18000000000000002,0.08454007655382156
8e434922-e7ba-481b-bdb8-90f271f68a9e,0.15000000000000002,0.23,0.08286374807357788
8e434922-e7ba-481b-bdb8-90f271f68a9e,0.2,0.03,0.061035558581352234
8e434922-e7ba-481b-bdb8-90f271f68a9e,0.2,0.08,0.08011945337057114
8e434922-e7ba-481b-bdb8-90f271f68a9e,0.2,0.13,0.08007674664258957
8e434922-e7ba-481b-bdb8-90f271f68a9e,0.2,0.18000000000000002,0.07824861258268356
8e434922-e7ba-481b-bdb8-90f271f68a9e,0.2,0.23,0.07578574120998383
8e434922-e7ba-481b-bdb8-90f271f68a9e,0.25,0.03,0.05632949620485306
8e434922-e7ba-481b-bdb8-90f271f68a9e,0.25,0.08,0.06970132142305374
8e434922-e7ba-481b-bdb8-90f271f68a9e,0.25,0.13,0.06944558769464493
8e434922-e7ba-481b-bdb8-90f271f68a9e,0.25,0.18000000000000002,0.06996382772922516
8e434922-e7ba-481b-bdb8-90f271f68a9e,0.25,0.23,0.0702567994594574
8e434922-e7ba-481b-bdb8-90f271f68a9e,0.30000000000000004,0.03,0.050740621984004974
8e434922-e7ba-481b-bdb8-90f271f68a9e,0.30000000000000004,0.08,0.0678212121129036
8e434922-e7ba-481b-bdb8-90f271f68a9e,0.30000000000000004,0.13,0.06369628757238388
8e434922-e7ba-481b-bdb8-90f271f68a9e,0.30000000000000004,0.18000000000000002,0.06600126624107361
8e434922-e7ba-481b-bdb8-90f271f68a9e,0.30000000000000004,0.23,0.06641507893800735
8e69d7ee-eb00-48e0-adbe-a69300b87ec9,0.0,0.03,0.06825872510671616
8e69d7ee-eb00-48e0-adbe-a69300b87ec9,0.0,0.08,0.1167619526386261
8e69d7ee-eb00-48e0-adbe-a69300b87ec9,0.0,0.13,0.13573765754699707
8e69d7ee-eb00-48e0-adbe-a69300b87ec9,0.0,0.18000000000000002,0.12811408936977386
8e69d7ee-eb00-48e0-adbe-a69300b87ec9,0.0,0.23,0.12086471915245056
8e69d7ee-eb00-48e0-adbe-a69300b87ec9,0.01,0.03,0.07640178501605988
8e69d7ee-eb00-48e0-adbe-a69300b87ec9,0.01,0.08,0.1298062801361084
8e69d7ee-eb00-48e0-adbe-a69300b87ec9,0.01,0.13,0.1512153595685959
8e69d7ee-eb00-48e0-adbe-a69300b87ec9,0.01,0.18000000000000002,0.1419428586959839
8e69d7ee-eb00-48e0-adbe-a69300b87ec9,0.01,0.23,0.1313331425189972
8e69d7ee-eb00-48e0-adbe-a69300b87ec9,0.02,0.03,0.08388297259807587
8e69d7ee-eb00-48e0-adbe-a69300b87ec9,0.02,0.08,0.14183315634727478
8e69d7ee-eb00-48e0-adbe-a69300b87ec9,0.02,0.13,0.15396922826766968
8e69d7ee-eb00-48e0-adbe-a69300b87ec9,0.02,0.18000000000000002,0.1416447013616562
8e69d7ee-eb00-48e0-adbe-a69300b87ec9,0.02,0.23,0.12899228930473328
8e69d7ee-eb00-48e0-adbe-a69300b87ec9,0.03,0.03,0.08524688333272934
8e69d7ee-eb00-48e0-adbe-a69300b87ec9,0.03,0.08,0.14761938154697418
8e69d7ee-eb00-48e0-adbe-a69300b87ec9,0.03,0.13,0.14718104898929596
8e69d7ee-eb00-48e0-adbe-a69300b87ec9,0.03,0.18000000000000002,0.13287056982517242
8e69d7ee-eb00-48e0-adbe-a69300b87ec9,0.03,0.23,0.12184382975101471
8e69d7ee-eb00-48e0-adbe-a69300b87ec9,0.04,0.03,0.10292242467403412
8e69d7ee-eb00-48e0-adbe-a69300b87ec9,0.04,0.08,0.14642976224422455
8e69d7ee-eb00-48e0-adbe-a69300b87ec9,0.05,0.03,0.1217130497097969
8e69d7ee-eb00-48e0-adbe-a69300b87ec9,0.05,0.08,0.13854621350765228
8e69d7ee-eb00-48e0-adbe-a69300b87ec9,0.05,0.13,0.12570267915725708
8e69d7ee-eb00-48e0-adbe-a69300b87ec9,0.05,0.18000000000000002,0.11576877534389496
8e69d7ee-eb00-48e0-adbe-a69300b87ec9,0.05,0.23,0.11109240353107452
8e69d7ee-eb00-48e0-adbe-a69300b87ec9,0.1,0.03,0.09298042953014374
8e69d7ee-eb00-48e0-adbe-a69300b87ec9,0.1,0.08,0.09660279750823975
8e69d7ee-eb00-48e0-adbe-a69300b87ec9,0.1,0.13,0.09900879114866257
8e69d7ee-eb00-48e0-adbe-a69300b87ec9,0.1,0.18000000000000002,0.09498212486505508
8e69d7ee-eb00-48e0-adbe-a69300b87ec9,0.1,0.23,0.09222019463777542
8e69d7ee-eb00-48e0-adbe-a69300b87ec9,0.15000000000000002,0.03,0.05896721035242081
8e69d7ee-eb00-48e0-adbe-a69300b87ec9,0.15000000000000002,0.08,0.07375603914260864
8e69d7ee-eb00-48e0-adbe-a69300b87ec9,0.15000000000000002,0.13,0.07524426281452179
8e69d7ee-eb00-48e0-adbe-a69300b87ec9,0.15000000000000002,0.18000000000000002,0.07485325634479523
8e69d7ee-eb00-48e0-adbe-a69300b87ec9,0.15000000000000002,0.23,0.07388050854206085
8e69d7ee-eb00-48e0-adbe-a69300b87ec9,0.2,0.03,0.05973420664668083
8e69d7ee-eb00-48e0-adbe-a69300b87ec9,0.2,0.08,0.062018562108278275
8e69d7ee-eb00-48e0-adbe-a69300b87ec9,0.2,0.13,0.06550565361976624
8e69d7ee-eb00-48e0-adbe-a69300b87ec9,0.2,0.18000000000000002,0.06980959326028824
8e69d7ee-eb00-48e0-adbe-a69300b87ec9,0.2,0.23,0.07069981098175049
8e69d7ee-eb00-48e0-adbe-a69300b87ec9,0.25,0.03,0.05261499807238579
8e69d7ee-eb00-48e0-adbe-a69300b87ec9,0.25,0.08,0.068699911236763
8e69d7ee-eb00-48e0-adbe-a69300b87ec9,0.25,0.13,0.07169262319803238
8e69d7ee-eb00-48e0-adbe-a69300b87ec9,0.25,0.18000000000000002,0.07383331656455994
8e69d7ee-eb00-48e0-adbe-a69300b87ec9,0.25,0.23,0.06775961816310883
8e69d7ee-eb00-48e0-adbe-a69300b87ec9,0.30000000000000004,0.03,0.0579572394490242
8e69d7ee-eb00-48e0-adbe-a69300b87ec9,0.30000000000000004,0.08,0.06579653918743134
8e69d7ee-eb00-48e0-adbe-a69300b87ec9,0.30000000000000004,0.13,0.07182557135820389
8e69d7ee-eb00-48e0-adbe-a69300b87ec9,0.30000000000000004,0.18000000000000002,0.06729216873645782
8e69d7ee-eb00-48e0-adbe-a69300b87ec9,0.30000000000000004,0.23,0.06691999733448029
8f0e7bdd-352c-46e7-b07f-af369b35a1fc,0.0,0.03,0.05222456529736519
8f0e7bdd-352c-46e7-b07f-af369b35a1fc,0.0,0.08,0.05923758074641228
8f0e7bdd-352c-46e7-b07f-af369b35a1fc,0.0,0.13,0.05701112002134323
8f0e7bdd-352c-46e7-b07f-af369b35a1fc,0.0,0.18000000000000002,0.06258412450551987
8f0e7bdd-352c-46e7-b07f-af369b35a1fc,0.0,0.23,0.06344492733478546
8f0e7bdd-352c-46e7-b07f-af369b35a1fc,0.01,0.03,0.04660046100616455
8f0e7bdd-352c-46e7-b07f-af369b35a1fc,0.01,0.08,0.054843470454216
8f0e7bdd-352c-46e7-b07f-af369b35a1fc,0.01,0.13,0.05758143588900566
8f0e7bdd-352c-46e7-b07f-af369b35a1fc,0.01,0.18000000000000002,0.06373870372772217
8f0e7bdd-352c-46e7-b07f-af369b35a1fc,0.01,0.23,0.06562916189432144
8f0e7bdd-352c-46e7-b07f-af369b35a1fc,0.02,0.03,0.04214521124958992
8f0e7bdd-352c-46e7-b07f-af369b35a1fc,0.02,0.08,0.054101020097732544
8f0e7bdd-352c-46e7-b07f-af369b35a1fc,0.02,0.13,0.059709854423999786
8f0e7bdd-352c-46e7-b07f-af369b35a1fc,0.02,0.18000000000000002,0.0626368299126625
8f0e7bdd-352c-46e7-b07f-af369b35a1fc,0.02,0.23,0.062118545174598694
8f0e7bdd-352c-46e7-b07f-af369b35a1fc,0.03,0.03,0.050550512969493866
8f0e7bdd-352c-46e7-b07f-af369b35a1fc,0.03,0.08,0.05411957949399948
8f0e7bdd-352c-46e7-b07f-af369b35a1fc,0.03,0.13,0.06219079717993736
8f0e7bdd-352c-46e7-b07f-af369b35a1fc,0.03,0.18000000000000002,0.06373310089111328
8f0e7bdd-352c-46e7-b07f-af369b35a1fc,0.03,0.23,0.06386903673410416
8f0e7bdd-352c-46e7-b07f-af369b35a1fc,0.04,0.03,0.04943951964378357
8f0e7bdd-352c-46e7-b07f-af369b35a1fc,0.04,0.08,0.056337255984544754
8f0e7bdd-352c-46e7-b07f-af369b35a1fc,0.05,0.03,0.04812418669462204
8f0e7bdd-352c-46e7-b07f-af369b35a1fc,0.05,0.08,0.05311478674411774
8f0e7bdd-352c-46e7-b07f-af369b35a1fc,0.05,0.13,0.05911162123084068
8f0e7bdd-352c-46e7-b07f-af369b35a1fc,0.05,0.18000000000000002,0.06194841489195824
8f0e7bdd-352c-46e7-b07f-af369b35a1fc,0.05,0.23,0.06722517311573029
8f0e7bdd-352c-46e7-b07f-af369b35a1fc,0.1,0.03,0.050123024731874466
8f0e7bdd-352c-46e7-b07f-af369b35a1fc,0.1,0.08,0.053869713097810745
8f0e7bdd-352c-46e7-b07f-af369b35a1fc,0.1,0.13,0.07066317647695541
8f0e7bdd-352c-46e7-b07f-af369b35a1fc,0.1,0.18000000000000002,0.07639054208993912
8f0e7bdd-352c-46e7-b07f-af369b35a1fc,0.1,0.23,0.0770854577422142
8f0e7bdd-352c-46e7-b07f-af369b35a1fc,0.15000000000000002,0.03,0.056464407593011856
8f0e7bdd-352c-46e7-b07f-af369b35a1fc,0.15000000000000002,0.08,0.07875259220600128
8f0e7bdd-352c-46e7-b07f-af369b35a1fc,0.15000000000000002,0.13,0.07815799117088318
8f0e7bdd-352c-46e7-b07f-af369b35a1fc,0.15000000000000002,0.18000000000000002,0.07799400389194489
8f0e7bdd-352c-46e7-b07f-af369b35a1fc,0.15000000000000002,0.23,0.0754949077963829
8f0e7bdd-352c-46e7-b07f-af369b35a1fc,0.2,0.03,0.06214096024632454
8f0e7bdd-352c-46e7-b07f-af369b35a1fc,0.2,0.08,0.06374168395996094
8f0e7bdd-352c-46e7-b07f-af369b35a1fc,0.2,0.13,0.06444814056158066
8f0e7bdd-352c-46e7-b07f-af369b35a1fc,0.2,0.18000000000000002,0.0743427500128746
8f0e7bdd-352c-46e7-b07f-af369b35a1fc,0.2,0.23,0.07824522256851196
8f0e7bdd-352c-46e7-b07f-af369b35a1fc,0.25,0.03,0.04782748222351074
8f0e7bdd-352c-46e7-b07f-af369b35a1fc,0.25,0.08,0.05354173108935356
8f0e7bdd-352c-46e7-b07f-af369b35a1fc,0.25,0.13,0.06528206169605255
8f0e7bdd-352c-46e7-b07f-af369b35a1fc,0.25,0.18000000000000002,0.06672495603561401
8f0e7bdd-352c-46e7-b07f-af369b35a1fc,0.25,0.23,0.06515464186668396
8f0e7bdd-352c-46e7-b07f-af369b35a1fc,0.30000000000000004,0.03,0.046434562653303146
8f0e7bdd-352c-46e7-b07f-af369b35a1fc,0.30000000000000004,0.08,0.06052975729107857
8f0e7bdd-352c-46e7-b07f-af369b35a1fc,0.30000000000000004,0.13,0.06389783322811127
8f0e7bdd-352c-46e7-b07f-af369b35a1fc,0.30000000000000004,0.18000000000000002,0.0612633191049099
8f0e7bdd-352c-46e7-b07f-af369b35a1fc,0.30000000000000004,0.23,0.06617074459791183
8f173bab-7c45-49c9-8655-bac8a929faf5,0.0,0.03,0.048488933593034744
8f173bab-7c45-49c9-8655-bac8a929faf5,0.0,0.08,0.054426051676273346
8f173bab-7c45-49c9-8655-bac8a929faf5,0.0,0.13,0.052190572023391724
8f173bab-7c45-49c9-8655-bac8a929faf5,0.0,0.18000000000000002,0.05593859404325485
8f173bab-7c45-49c9-8655-bac8a929faf5,0.0,0.23,0.06385066360235214
8f173bab-7c45-49c9-8655-bac8a929faf5,0.01,0.03,0.04868924245238304
8f173bab-7c45-49c9-8655-bac8a929faf5,0.01,0.08,0.05334803834557533
8f173bab-7c45-49c9-8655-bac8a929faf5,0.01,0.13,0.05980384349822998
8f173bab-7c45-49c9-8655-bac8a929faf5,0.01,0.18000000000000002,0.0663018450140953
8f173bab-7c45-49c9-8655-bac8a929faf5,0.01,0.23,0.06639232486486435
8f173bab-7c45-49c9-8655-bac8a929faf5,0.02,0.03,0.044744428247213364
8f173bab-7c45-49c9-8655-bac8a929faf5,0.02,0.08,0.05533362925052643
8f173bab-7c45-49c9-8655-bac8a929faf5,0.02,0.13,0.06221172213554382
8f173bab-7c45-49c9-8655-bac8a929faf5,0.02,0.18000000000000002,0.06624209135770798
8f173bab-7c45-49c9-8655-bac8a929faf5,0.02,0.23,0.06946947425603867
8f173bab-7c45-49c9-8655-bac8a929faf5,0.03,0.03,0.045395977795124054
8f173bab-7c45-49c9-8655-bac8a929faf5,0.03,0.08,0.054375361651182175
8f173bab-7c45-49c9-8655-bac8a929faf5,0.03,0.13,0.05692931264638901
8f173bab-7c45-49c9-8655-bac8a929faf5,0.03,0.18000000000000002,0.0663704127073288
8f173bab-7c45-49c9-8655-bac8a929faf5,0.03,0.23,0.06829141080379486
8f173bab-7c45-49c9-8655-bac8a929faf5,0.04,0.03,0.046385329216718674
8f173bab-7c45-49c9-8655-bac8a929faf5,0.04,0.08,0.057522255927324295
8f173bab-7c45-49c9-8655-bac8a929faf5,0.05,0.03,0.04693778231739998
8f173bab-7c45-49c9-8655-bac8a929faf5,0.05,0.08,0.06000293418765068
8f173bab-7c45-49c9-8655-bac8a929faf5,0.05,0.13,0.05962371826171875
8f173bab-7c45-49c9-8655-bac8a929faf5,0.05,0.18000000000000002,0.0674133449792862
8f173bab-7c45-49c9-8655-bac8a929faf5,0.05,0.23,0.06659763306379318
8f173bab-7c45-49c9-8655-bac8a929faf5,0.1,0.03,0.050258129835128784
8f173bab-7c45-49c9-8655-bac8a929faf5,0.1,0.08,0.05106532573699951
8f173bab-7c45-49c9-8655-bac8a929faf5,0.1,0.13,0.06082315370440483
8f173bab-7c45-49c9-8655-bac8a929faf5,0.1,0.18000000000000002,0.05958873778581619
8f173bab-7c45-49c9-8655-bac8a929faf5,0.1,0.23,0.06806273013353348
8f173bab-7c45-49c9-8655-bac8a929faf5,0.15000000000000002,0.03,0.05200246721506119
8f173bab-7c45-49c9-8655-bac8a929faf5,0.15000000000000002,0.08,0.05684061348438263
8f173bab-7c45-49c9-8655-bac8a929faf5,0.15000000000000002,0.13,0.055499058216810226
8f173bab-7c45-49c9-8655-bac8a929faf5,0.15000000000000002,0.18000000000000002,0.06516581028699875
8f173bab-7c45-49c9-8655-bac8a929faf5,0.15000000000000002,0.23,0.06635355949401855
8f173bab-7c45-49c9-8655-bac8a929faf5,0.2,0.03,0.043422020971775055
8f173bab-7c45-49c9-8655-bac8a929faf5,0.2,0.08,0.05817272886633873
8f173bab-7c45-49c9-8655-bac8a929faf5,0.2,0.13,0.05850563570857048
8f173bab-7c45-49c9-8655-bac8a929faf5,0.2,0.18000000000000002,0.056826960295438766
8f173bab-7c45-49c9-8655-bac8a929faf5,0.2,0.23,0.056465622037649155
8f173bab-7c45-49c9-8655-bac8a929faf5,0.25,0.03,0.04892086610198021
8f173bab-7c45-49c9-8655-bac8a929faf5,0.25,0.08,0.05367174372076988
8f173bab-7c45-49c9-8655-bac8a929faf5,0.25,0.13,0.05562778189778328
8f173bab-7c45-49c9-8655-bac8a929faf5,0.25,0.18000000000000002,0.057042986154556274
8f173bab-7c45-49c9-8655-bac8a929faf5,0.25,0.23,0.061725765466690063
8f173bab-7c45-49c9-8655-bac8a929faf5,0.30000000000000004,0.03,0.045353468507528305
8f173bab-7c45-49c9-8655-bac8a929faf5,0.30000000000000004,0.08,0.05447252839803696
8f173bab-7c45-49c9-8655-bac8a929faf5,0.30000000000000004,0.13,0.06104046851396561
8f173bab-7c45-49c9-8655-bac8a929faf5,0.30000000000000004,0.18000000000000002,0.06335622817277908
8f173bab-7c45-49c9-8655-bac8a929faf5,0.30000000000000004,0.23,0.058228690177202225
8f223dd2-3062-4d1a-ad43-91473d423dc0,0.0,0.03,0.0
8f223dd2-3062-4d1a-ad43-91473d423dc0,0.0,0.08,0.0
8f223dd2-3062-4d1a-ad43-91473d423dc0,0.0,0.13,0.0
8f223dd2-3062-4d1a-ad43-91473d423dc0,0.0,0.18000000000000002,0.0
8f223dd2-3062-4d1a-ad43-91473d423dc0,0.0,0.23,0.0
8f223dd2-3062-4d1a-ad43-91473d423dc0,0.01,0.03,0.0
8f223dd2-3062-4d1a-ad43-91473d423dc0,0.01,0.08,0.0
8f223dd2-3062-4d1a-ad43-91473d423dc0,0.01,0.13,0.0
8f223dd2-3062-4d1a-ad43-91473d423dc0,0.01,0.18000000000000002,0.0
8f223dd2-3062-4d1a-ad43-91473d423dc0,0.01,0.23,0.0
8f223dd2-3062-4d1a-ad43-91473d423dc0,0.02,0.03,0.0
8f223dd2-3062-4d1a-ad43-91473d423dc0,0.02,0.08,0.0
8f223dd2-3062-4d1a-ad43-91473d423dc0,0.02,0.13,0.0
8f223dd2-3062-4d1a-ad43-91473d423dc0,0.02,0.18000000000000002,0.0
8f223dd2-3062-4d1a-ad43-91473d423dc0,0.02,0.23,0.0
8f223dd2-3062-4d1a-ad43-91473d423dc0,0.03,0.03,0.0
8f223dd2-3062-4d1a-ad43-91473d423dc0,0.03,0.08,0.0
8f223dd2-3062-4d1a-ad43-91473d423dc0,0.03,0.13,0.0
8f223dd2-3062-4d1a-ad43-91473d423dc0,0.03,0.18000000000000002,0.0
8f223dd2-3062-4d1a-ad43-91473d423dc0,0.03,0.23,0.0
8f223dd2-3062-4d1a-ad43-91473d423dc0,0.04,0.03,0.0
8f223dd2-3062-4d1a-ad43-91473d423dc0,0.04,0.08,0.0
8f223dd2-3062-4d1a-ad43-91473d423dc0,0.05,0.03,0.0
8f223dd2-3062-4d1a-ad43-91473d423dc0,0.05,0.08,0.0
8f223dd2-3062-4d1a-ad43-91473d423dc0,0.05,0.13,0.0
8f223dd2-3062-4d1a-ad43-91473d423dc0,0.05,0.18000000000000002,0.0
8f223dd2-3062-4d1a-ad43-91473d423dc0,0.05,0.23,0.0
8f223dd2-3062-4d1a-ad43-91473d423dc0,0.1,0.03,0.0
8f223dd2-3062-4d1a-ad43-91473d423dc0,0.1,0.08,0.0
8f223dd2-3062-4d1a-ad43-91473d423dc0,0.1,0.13,0.0
8f223dd2-3062-4d1a-ad43-91473d423dc0,0.1,0.18000000000000002,0.0
8f223dd2-3062-4d1a-ad43-91473d423dc0,0.1,0.23,0.0
8f223dd2-3062-4d1a-ad43-91473d423dc0,0.15000000000000002,0.03,0.0
8f223dd2-3062-4d1a-ad43-91473d423dc0,0.15000000000000002,0.08,0.0
8f223dd2-3062-4d1a-ad43-91473d423dc0,0.15000000000000002,0.13,0.0
8f223dd2-3062-4d1a-ad43-91473d423dc0,0.15000000000000002,0.18000000000000002,0.0
8f223dd2-3062-4d1a-ad43-91473d423dc0,0.15000000000000002,0.23,0.0
8f223dd2-3062-4d1a-ad43-91473d423dc0,0.2,0.03,0.0
8f223dd2-3062-4d1a-ad43-91473d423dc0,0.2,0.08,0.0
8f223dd2-3062-4d1a-ad43-91473d423dc0,0.2,0.13,0.0
8f223dd2-3062-4d1a-ad43-91473d423dc0,0.2,0.18000000000000002,0.0
8f223dd2-3062-4d1a-ad43-91473d423dc0,0.2,0.23,0.0
8f223dd2-3062-4d1a-ad43-91473d423dc0,0.25,0.03,0.0
8f223dd2-3062-4d1a-ad43-91473d423dc0,0.25,0.08,0.0
8f223dd2-3062-4d1a-ad43-91473d423dc0,0.25,0.13,0.0
8f223dd2-3062-4d1a-ad43-91473d423dc0,0.25,0.18000000000000002,0.0
8f223dd2-3062-4d1a-ad43-91473d423dc0,0.25,0.23,0.0
8f223dd2-3062-4d1a-ad43-91473d423dc0,0.30000000000000004,0.03,0.0
8f223dd2-3062-4d1a-ad43-91473d423dc0,0.30000000000000004,0.08,0.0
8f223dd2-3062-4d1a-ad43-91473d423dc0,0.30000000000000004,0.13,0.0
8f223dd2-3062-4d1a-ad43-91473d423dc0,0.30000000000000004,0.18000000000000002,0.0
8f223dd2-3062-4d1a-ad43-91473d423dc0,0.30000000000000004,0.23,0.0
8fee7c03-4eb1-4b12-9073-acb23ac6599e,0.0,0.03,0.047481466084718704
8fee7c03-4eb1-4b12-9073-acb23ac6599e,0.0,0.08,0.050388507544994354
8fee7c03-4eb1-4b12-9073-acb23ac6599e,0.0,0.13,0.0652751475572586
8fee7c03-4eb1-4b12-9073-acb23ac6599e,0.0,0.18000000000000002,0.06396730244159698
8fee7c03-4eb1-4b12-9073-acb23ac6599e,0.0,0.23,0.06712432950735092
8fee7c03-4eb1-4b12-9073-acb23ac6599e,0.01,0.03,0.04763297364115715
8fee7c03-4eb1-4b12-9073-acb23ac6599e,0.01,0.08,0.05631629377603531
8fee7c03-4eb1-4b12-9073-acb23ac6599e,0.01,0.13,0.05848255753517151
8fee7c03-4eb1-4b12-9073-acb23ac6599e,0.01,0.18000000000000002,0.06166389584541321
8fee7c03-4eb1-4b12-9073-acb23ac6599e,0.01,0.23,0.07082892954349518
8fee7c03-4eb1-4b12-9073-acb23ac6599e,0.02,0.03,0.047747526317834854
8fee7c03-4eb1-4b12-9073-acb23ac6599e,0.02,0.08,0.05558782070875168
8fee7c03-4eb1-4b12-9073-acb23ac6599e,0.02,0.13,0.06135459244251251
8fee7c03-4eb1-4b12-9073-acb23ac6599e,0.02,0.18000000000000002,0.06199903413653374
8fee7c03-4eb1-4b12-9073-acb23ac6599e,0.02,0.23,0.07345236837863922
8fee7c03-4eb1-4b12-9073-acb23ac6599e,0.03,0.03,0.04800412058830261
8fee7c03-4eb1-4b12-9073-acb23ac6599e,0.03,0.08,0.05183058977127075
8fee7c03-4eb1-4b12-9073-acb23ac6599e,0.03,0.13,0.06972504407167435
8fee7c03-4eb1-4b12-9073-acb23ac6599e,0.03,0.18000000000000002,0.06248956918716431
8fee7c03-4eb1-4b12-9073-acb23ac6599e,0.03,0.23,0.07318638265132904
8fee7c03-4eb1-4b12-9073-acb23ac6599e,0.04,0.03,0.04780685901641846
8fee7c03-4eb1-4b12-9073-acb23ac6599e,0.04,0.08,0.054006777703762054
8fee7c03-4eb1-4b12-9073-acb23ac6599e,0.05,0.03,0.0415504015982151
8fee7c03-4eb1-4b12-9073-acb23ac6599e,0.05,0.08,0.05422007665038109
8fee7c03-4eb1-4b12-9073-acb23ac6599e,0.05,0.13,0.05713420733809471
8fee7c03-4eb1-4b12-9073-acb23ac6599e,0.05,0.18000000000000002,0.06004730984568596
8fee7c03-4eb1-4b12-9073-acb23ac6599e,0.05,0.23,0.06548904627561569
8fee7c03-4eb1-4b12-9073-acb23ac6599e,0.1,0.03,0.04433537647128105
8fee7c03-4eb1-4b12-9073-acb23ac6599e,0.1,0.08,0.05614219605922699
8fee7c03-4eb1-4b12-9073-acb23ac6599e,0.1,0.13,0.05742725729942322
8fee7c03-4eb1-4b12-9073-acb23ac6599e,0.1,0.18000000000000002,0.06438951194286346
8fee7c03-4eb1-4b12-9073-acb23ac6599e,0.1,0.23,0.06477770209312439
8fee7c03-4eb1-4b12-9073-acb23ac6599e,0.15000000000000002,0.03,0.045707378536462784
8fee7c03-4eb1-4b12-9073-acb23ac6599e,0.15000000000000002,0.08,0.05124461278319359
8fee7c03-4eb1-4b12-9073-acb23ac6599e,0.15000000000000002,0.13,0.06435631215572357
8fee7c03-4eb1-4b12-9073-acb23ac6599e,0.15000000000000002,0.18000000000000002,0.06875082850456238
8fee7c03-4eb1-4b12-9073-acb23ac6599e,0.15000000000000002,0.23,0.06441713869571686
8fee7c03-4eb1-4b12-9073-acb23ac6599e,0.2,0.03,0.04666096344590187
8fee7c03-4eb1-4b12-9073-acb23ac6599e,0.2,0.08,0.06381672620773315
8fee7c03-4eb1-4b12-9073-acb23ac6599e,0.2,0.13,0.06530123949050903
8fee7c03-4eb1-4b12-9073-acb23ac6599e,0.2,0.18000000000000002,0.06547266989946365
8fee7c03-4eb1-4b12-9073-acb23ac6599e,0.2,0.23,0.06821522861719131
8fee7c03-4eb1-4b12-9073-acb23ac6599e,0.25,0.03,0.04415743425488472
8fee7c03-4eb1-4b12-9073-acb23ac6599e,0.25,0.08,0.05926898866891861
8fee7c03-4eb1-4b12-9073-acb23ac6599e,0.25,0.13,0.06345507502555847
8fee7c03-4eb1-4b12-9073-acb23ac6599e,0.25,0.18000000000000002,0.06941573321819305
8fee7c03-4eb1-4b12-9073-acb23ac6599e,0.25,0.23,0.06206054612994194
8fee7c03-4eb1-4b12-9073-acb23ac6599e,0.30000000000000004,0.03,0.0485113151371479
8fee7c03-4eb1-4b12-9073-acb23ac6599e,0.30000000000000004,0.08,0.05700412020087242
8fee7c03-4eb1-4b12-9073-acb23ac6599e,0.30000000000000004,0.13,0.059498000890016556
8fee7c03-4eb1-4b12-9073-acb23ac6599e,0.30000000000000004,0.18000000000000002,0.06398076564073563
8fee7c03-4eb1-4b12-9073-acb23ac6599e,0.30000000000000004,0.23,0.07090942561626434
90a81561-635c-4829-99b9-4ee1ee72456a,0.0,0.03,0.0926811471581459
90a81561-635c-4829-99b9-4ee1ee72456a,0.0,0.08,0.11405909806489944
90a81561-635c-4829-99b9-4ee1ee72456a,0.0,0.13,0.11447890102863312
90a81561-635c-4829-99b9-4ee1ee72456a,0.0,0.18000000000000002,0.13144417107105255
90a81561-635c-4829-99b9-4ee1ee72456a,0.0,0.23,0.13573744893074036
90a81561-635c-4829-99b9-4ee1ee72456a,0.01,0.03,0.09126480668783188
90a81561-635c-4829-99b9-4ee1ee72456a,0.01,0.08,0.10876958072185516
90a81561-635c-4829-99b9-4ee1ee72456a,0.01,0.13,0.120697982609272
90a81561-635c-4829-99b9-4ee1ee72456a,0.01,0.18000000000000002,0.13088174164295197
90a81561-635c-4829-99b9-4ee1ee72456a,0.01,0.23,0.13417865335941315
90a81561-635c-4829-99b9-4ee1ee72456a,0.02,0.03,0.09737575054168701
90a81561-635c-4829-99b9-4ee1ee72456a,0.02,0.08,0.10740978270769119
90a81561-635c-4829-99b9-4ee1ee72456a,0.02,0.13,0.12519167363643646
90a81561-635c-4829-99b9-4ee1ee72456a,0.02,0.18000000000000002,0.13381369411945343
90a81561-635c-4829-99b9-4ee1ee72456a,0.02,0.23,0.1331736296415329
90a81561-635c-4829-99b9-4ee1ee72456a,0.03,0.03,0.09169471263885498
90a81561-635c-4829-99b9-4ee1ee72456a,0.03,0.08,0.1116585060954094
90a81561-635c-4829-99b9-4ee1ee72456a,0.03,0.13,0.1291934698820114
90a81561-635c-4829-99b9-4ee1ee72456a,0.03,0.18000000000000002,0.13560454547405243
90a81561-635c-4829-99b9-4ee1ee72456a,0.03,0.23,0.13199682533740997
90a81561-635c-4829-99b9-4ee1ee72456a,0.04,0.03,0.08964478969573975
90a81561-635c-4829-99b9-4ee1ee72456a,0.04,0.08,0.11495950073003769
90a81561-635c-4829-99b9-4ee1ee72456a,0.05,0.03,0.08873715996742249
90a81561-635c-4829-99b9-4ee1ee72456a,0.05,0.08,0.12732215225696564
90a81561-635c-4829-99b9-4ee1ee72456a,0.05,0.13,0.14498046040534973
90a81561-635c-4829-99b9-4ee1ee72456a,0.05,0.18000000000000002,0.1487428843975067
90a81561-635c-4829-99b9-4ee1ee72456a,0.05,0.23,0.14609599113464355
90a81561-635c-4829-99b9-4ee1ee72456a,0.1,0.03,0.11162034422159195
90a81561-635c-4829-99b9-4ee1ee72456a,0.1,0.08,0.13866248726844788
90a81561-635c-4829-99b9-4ee1ee72456a,0.1,0.13,0.14206813275814056
90a81561-635c-4829-99b9-4ee1ee72456a,0.1,0.18000000000000002,0.13922883570194244
90a81561-635c-4829-99b9-4ee1ee72456a,0.1,0.23,0.12854257225990295
90a81561-635c-4829-99b9-4ee1ee72456a,0.15000000000000002,0.03,0.0991392657160759
90a81561-635c-4829-99b9-4ee1ee72456a,0.15000000000000002,0.08,0.11263635009527206
90a81561-635c-4829-99b9-4ee1ee72456a,0.15000000000000002,0.13,0.11280006915330887
90a81561-635c-4829-99b9-4ee1ee72456a,0.15000000000000002,0.18000000000000002,0.10256590694189072
90a81561-635c-4829-99b9-4ee1ee72456a,0.15000000000000002,0.23,0.08996758610010147
90a81561-635c-4829-99b9-4ee1ee72456a,0.2,0.03,0.06972525268793106
90a81561-635c-4829-99b9-4ee1ee72456a,0.2,0.08,0.08042136579751968
90a81561-635c-4829-99b9-4ee1ee72456a,0.2,0.13,0.07409349828958511
90a81561-635c-4829-99b9-4ee1ee72456a,0.2,0.18000000000000002,0.06568247824907303
90a81561-635c-4829-99b9-4ee1ee72456a,0.2,0.23,0.07067839801311493
90a81561-635c-4829-99b9-4ee1ee72456a,0.25,0.03,0.05498015880584717
90a81561-635c-4829-99b9-4ee1ee72456a,0.25,0.08,0.05824744701385498
90a81561-635c-4829-99b9-4ee1ee72456a,0.25,0.13,0.061388250440359116
90a81561-635c-4829-99b9-4ee1ee72456a,0.25,0.18000000000000002,0.06901155412197113
90a81561-635c-4829-99b9-4ee1ee72456a,0.25,0.23,0.08216319233179092
90a81561-635c-4829-99b9-4ee1ee72456a,0.30000000000000004,0.03,0.05760215222835541
90a81561-635c-4829-99b9-4ee1ee72456a,0.30000000000000004,0.08,0.060311973094940186
90a81561-635c-4829-99b9-4ee1ee72456a,0.30000000000000004,0.13,0.06762143969535828
90a81561-635c-4829-99b9-4ee1ee72456a,0.30000000000000004,0.18000000000000002,0.08188296109437943
90a81561-635c-4829-99b9-4ee1ee72456a,0.30000000000000004,0.23,0.09081358462572098
91088b72-2d18-4723-8f48-a11eb53c0b6c,0.0,0.03,0.04589860886335373
91088b72-2d18-4723-8f48-a11eb53c0b6c,0.0,0.08,0.06347814947366714
91088b72-2d18-4723-8f48-a11eb53c0b6c,0.0,0.13,0.06485368311405182
91088b72-2d18-4723-8f48-a11eb53c0b6c,0.0,0.18000000000000002,0.059096693992614746
91088b72-2d18-4723-8f48-a11eb53c0b6c,0.0,0.23,0.06130073219537735
91088b72-2d18-4723-8f48-a11eb53c0b6c,0.01,0.03,0.05060872808098793
91088b72-2d18-4723-8f48-a11eb53c0b6c,0.01,0.08,0.06164734810590744
91088b72-2d18-4723-8f48-a11eb53c0b6c,0.01,0.13,0.0618794821202755
91088b72-2d18-4723-8f48-a11eb53c0b6c,0.01,0.18000000000000002,0.0602307952940464
91088b72-2d18-4723-8f48-a11eb53c0b6c,0.01,0.23,0.06279020011425018
91088b72-2d18-4723-8f48-a11eb53c0b6c,0.02,0.03,0.04514213651418686
91088b72-2d18-4723-8f48-a11eb53c0b6c,0.02,0.08,0.0621323436498642
91088b72-2d18-4723-8f48-a11eb53c0b6c,0.02,0.13,0.0619317851960659
91088b72-2d18-4723-8f48-a11eb53c0b6c,0.02,0.18000000000000002,0.06323575228452682
91088b72-2d18-4723-8f48-a11eb53c0b6c,0.02,0.23,0.06370170414447784
91088b72-2d18-4723-8f48-a11eb53c0b6c,0.03,0.03,0.042315930128097534
91088b72-2d18-4723-8f48-a11eb53c0b6c,0.03,0.08,0.05579657480120659
91088b72-2d18-4723-8f48-a11eb53c0b6c,0.03,0.13,0.06431952118873596
91088b72-2d18-4723-8f48-a11eb53c0b6c,0.03,0.18000000000000002,0.06458042562007904
91088b72-2d18-4723-8f48-a11eb53c0b6c,0.03,0.23,0.06414243578910828
91088b72-2d18-4723-8f48-a11eb53c0b6c,0.04,0.03,0.04353586211800575
91088b72-2d18-4723-8f48-a11eb53c0b6c,0.04,0.08,0.05737101286649704
91088b72-2d18-4723-8f48-a11eb53c0b6c,0.05,0.03,0.05258699879050255
91088b72-2d18-4723-8f48-a11eb53c0b6c,0.05,0.08,0.05671926960349083
91088b72-2d18-4723-8f48-a11eb53c0b6c,0.05,0.13,0.05926084145903587
91088b72-2d18-4723-8f48-a11eb53c0b6c,0.05,0.18000000000000002,0.059915006160736084
91088b72-2d18-4723-8f48-a11eb53c0b6c,0.05,0.23,0.0693003386259079
91088b72-2d18-4723-8f48-a11eb53c0b6c,0.1,0.03,0.05052589625120163
91088b72-2d18-4723-8f48-a11eb53c0b6c,0.1,0.08,0.06030264124274254
91088b72-2d18-4723-8f48-a11eb53c0b6c,0.1,0.13,0.06182931363582611
91088b72-2d18-4723-8f48-a11eb53c0b6c,0.1,0.18000000000000002,0.06285431236028671
91088b72-2d18-4723-8f48-a11eb53c0b6c,0.1,0.23,0.06345884501934052
91088b72-2d18-4723-8f48-a11eb53c0b6c,0.15000000000000002,0.03,0.05789179354906082
91088b72-2d18-4723-8f48-a11eb53c0b6c,0.15000000000000002,0.08,0.059003569185733795
91088b72-2d18-4723-8f48-a11eb53c0b6c,0.15000000000000002,0.13,0.05700519680976868
91088b72-2d18-4723-8f48-a11eb53c0b6c,0.15000000000000002,0.18000000000000002,0.05891595780849457
91088b72-2d18-4723-8f48-a11eb53c0b6c,0.15000000000000002,0.23,0.061356592923402786
91088b72-2d18-4723-8f48-a11eb53c0b6c,0.2,0.03,0.04760138690471649
91088b72-2d18-4723-8f48-a11eb53c0b6c,0.2,0.08,0.06411144137382507
91088b72-2d18-4723-8f48-a11eb53c0b6c,0.2,0.13,0.06491045653820038
91088b72-2d18-4723-8f48-a11eb53c0b6c,0.2,0.18000000000000002,0.06601087003946304
91088b72-2d18-4723-8f48-a11eb53c0b6c,0.2,0.23,0.06343773007392883
91088b72-2d18-4723-8f48-a11eb53c0b6c,0.25,0.03,0.050824977457523346
91088b72-2d18-4723-8f48-a11eb53c0b6c,0.25,0.08,0.06600812077522278
91088b72-2d18-4723-8f48-a11eb53c0b6c,0.25,0.13,0.07789599150419235
91088b72-2d18-4723-8f48-a11eb53c0b6c,0.25,0.18000000000000002,0.06271886825561523
91088b72-2d18-4723-8f48-a11eb53c0b6c,0.25,0.23,0.060792505741119385
91088b72-2d18-4723-8f48-a11eb53c0b6c,0.30000000000000004,0.03,0.04432721436023712
91088b72-2d18-4723-8f48-a11eb53c0b6c,0.30000000000000004,0.08,0.06068845093250275
91088b72-2d18-4723-8f48-a11eb53c0b6c,0.30000000000000004,0.13,0.05795426294207573
91088b72-2d18-4723-8f48-a11eb53c0b6c,0.30000000000000004,0.18000000000000002,0.06083616986870766
91088b72-2d18-4723-8f48-a11eb53c0b6c,0.30000000000000004,0.23,0.06950950622558594
910da60c-7a11-4be2-8128-90070bd45987,0.0,0.03,0.22171109914779663
910da60c-7a11-4be2-8128-90070bd45987,0.0,0.08,0.3052994906902313
910da60c-7a11-4be2-8128-90070bd45987,0.0,0.13,0.2290794849395752
910da60c-7a11-4be2-8128-90070bd45987,0.0,0.18000000000000002,0.14908890426158905
910da60c-7a11-4be2-8128-90070bd45987,0.0,0.23,0.1147955060005188
910da60c-7a11-4be2-8128-90070bd45987,0.01,0.03,0.2034032642841339
910da60c-7a11-4be2-8128-90070bd45987,0.01,0.08,0.25025907158851624
910da60c-7a11-4be2-8128-90070bd45987,0.01,0.13,0.16145411133766174
910da60c-7a11-4be2-8128-90070bd45987,0.01,0.18000000000000002,0.10126994550228119
910da60c-7a11-4be2-8128-90070bd45987,0.01,0.23,0.08819213509559631
910da60c-7a11-4be2-8128-90070bd45987,0.02,0.03,0.2066369503736496
910da60c-7a11-4be2-8128-90070bd45987,0.02,0.08,0.2297663539648056
910da60c-7a11-4be2-8128-90070bd45987,0.02,0.13,0.12929534912109375
910da60c-7a11-4be2-8128-90070bd45987,0.02,0.18000000000000002,0.08504601567983627
910da60c-7a11-4be2-8128-90070bd45987,0.02,0.23,0.07761897891759872
910da60c-7a11-4be2-8128-90070bd45987,0.03,0.03,0.2063632607460022
910da60c-7a11-4be2-8128-90070bd45987,0.03,0.08,0.1763056218624115
910da60c-7a11-4be2-8128-90070bd45987,0.03,0.13,0.10015370696783066
910da60c-7a11-4be2-8128-90070bd45987,0.03,0.18000000000000002,0.07739949226379395
910da60c-7a11-4be2-8128-90070bd45987,0.03,0.23,0.07113701105117798
910da60c-7a11-4be2-8128-90070bd45987,0.04,0.03,0.17441202700138092
910da60c-7a11-4be2-8128-90070bd45987,0.04,0.08,0.1274280548095703
910da60c-7a11-4be2-8128-90070bd45987,0.05,0.03,0.14461439847946167
910da60c-7a11-4be2-8128-90070bd45987,0.05,0.08,0.09095295518636703
910da60c-7a11-4be2-8128-90070bd45987,0.05,0.13,0.06840088218450546
910da60c-7a11-4be2-8128-90070bd45987,0.05,0.18000000000000002,0.07277323305606842
910da60c-7a11-4be2-8128-90070bd45987,0.05,0.23,0.07082338631153107
910da60c-7a11-4be2-8128-90070bd45987,0.1,0.03,0.06916724890470505
910da60c-7a11-4be2-8128-90070bd45987,0.1,0.08,0.1245063841342926
910da60c-7a11-4be2-8128-90070bd45987,0.1,0.13,0.12322226911783218
910da60c-7a11-4be2-8128-90070bd45987,0.1,0.18000000000000002,0.11764273047447205
910da60c-7a11-4be2-8128-90070bd45987,0.1,0.23,0.1076144427061081
910da60c-7a11-4be2-8128-90070bd45987,0.15000000000000002,0.03,0.08266037702560425
910da60c-7a11-4be2-8128-90070bd45987,0.15000000000000002,0.08,0.09832160174846649
910da60c-7a11-4be2-8128-90070bd45987,0.15000000000000002,0.13,0.092070072889328
910da60c-7a11-4be2-8128-90070bd45987,0.15000000000000002,0.18000000000000002,0.0801578015089035
910da60c-7a11-4be2-8128-90070bd45987,0.15000000000000002,0.23,0.06722257286310196
910da60c-7a11-4be2-8128-90070bd45987,0.2,0.03,0.05554226040840149
910da60c-7a11-4be2-8128-90070bd45987,0.2,0.08,0.05735724791884422
910da60c-7a11-4be2-8128-90070bd45987,0.2,0.13,0.062248263508081436
910da60c-7a11-4be2-8128-90070bd45987,0.2,0.18000000000000002,0.05730123072862625
910da60c-7a11-4be2-8128-90070bd45987,0.2,0.23,0.06267113983631134
910da60c-7a11-4be2-8128-90070bd45987,0.25,0.03,0.05106138065457344
910da60c-7a11-4be2-8128-90070bd45987,0.25,0.08,0.05779199302196503
910da60c-7a11-4be2-8128-90070bd45987,0.25,0.13,0.05936894565820694
910da60c-7a11-4be2-8128-90070bd45987,0.25,0.18000000000000002,0.06561899930238724
910da60c-7a11-4be2-8128-90070bd45987,0.25,0.23,0.07619626820087433
910da60c-7a11-4be2-8128-90070bd45987,0.30000000000000004,0.03,0.04697958379983902
910da60c-7a11-4be2-8128-90070bd45987,0.30000000000000004,0.08,0.060685884207487106
910da60c-7a11-4be2-8128-90070bd45987,0.30000000000000004,0.13,0.06760171800851822
910da60c-7a11-4be2-8128-90070bd45987,0.30000000000000004,0.18000000000000002,0.07821669429540634
910da60c-7a11-4be2-8128-90070bd45987,0.30000000000000004,0.23,0.07706935703754425
9128faa6-efc3-471a-ac52-6053eff192b7,0.0,0.03,0.060740575194358826
9128faa6-efc3-471a-ac52-6053eff192b7,0.0,0.08,0.07712706178426743
9128faa6-efc3-471a-ac52-6053eff192b7,0.0,0.13,0.07786320149898529
9128faa6-efc3-471a-ac52-6053eff192b7,0.0,0.18000000000000002,0.07941742241382599
9128faa6-efc3-471a-ac52-6053eff192b7,0.0,0.23,0.07928521931171417
9128faa6-efc3-471a-ac52-6053eff192b7,0.01,0.03,0.05913002789020538
9128faa6-efc3-471a-ac52-6053eff192b7,0.01,0.08,0.06434512883424759
9128faa6-efc3-471a-ac52-6053eff192b7,0.01,0.13,0.07497386634349823
9128faa6-efc3-471a-ac52-6053eff192b7,0.01,0.18000000000000002,0.07230286300182343
9128faa6-efc3-471a-ac52-6053eff192b7,0.01,0.23,0.07305310666561127
9128faa6-efc3-471a-ac52-6053eff192b7,0.02,0.03,0.05150466412305832
9128faa6-efc3-471a-ac52-6053eff192b7,0.02,0.08,0.07109112292528152
9128faa6-efc3-471a-ac52-6053eff192b7,0.02,0.13,0.08419331908226013
9128faa6-efc3-471a-ac52-6053eff192b7,0.02,0.18000000000000002,0.08087501674890518
9128faa6-efc3-471a-ac52-6053eff192b7,0.02,0.23,0.0755191221833229
9128faa6-efc3-471a-ac52-6053eff192b7,0.03,0.03,0.05122638866305351
9128faa6-efc3-471a-ac52-6053eff192b7,0.03,0.08,0.07566056400537491
9128faa6-efc3-471a-ac52-6053eff192b7,0.03,0.13,0.07742618769407272
9128faa6-efc3-471a-ac52-6053eff192b7,0.03,0.18000000000000002,0.07574065774679184
9128faa6-efc3-471a-ac52-6053eff192b7,0.03,0.23,0.07760456204414368
9128faa6-efc3-471a-ac52-6053eff192b7,0.04,0.03,0.058071352541446686
9128faa6-efc3-471a-ac52-6053eff192b7,0.04,0.08,0.06017664074897766
9128faa6-efc3-471a-ac52-6053eff192b7,0.05,0.03,0.07285705953836441
9128faa6-efc3-471a-ac52-6053eff192b7,0.05,0.08,0.06754644215106964
9128faa6-efc3-471a-ac52-6053eff192b7,0.05,0.13,0.07918450236320496
9128faa6-efc3-471a-ac52-6053eff192b7,0.05,0.18000000000000002,0.07154413312673569
9128faa6-efc3-471a-ac52-6053eff192b7,0.05,0.23,0.06529099494218826
9128faa6-efc3-471a-ac52-6053eff192b7,0.1,0.03,0.059231892228126526
9128faa6-efc3-471a-ac52-6053eff192b7,0.1,0.08,0.08175765722990036
9128faa6-efc3-471a-ac52-6053eff192b7,0.1,0.13,0.07343487441539764
9128faa6-efc3-471a-ac52-6053eff192b7,0.1,0.18000000000000002,0.06860455125570297
9128faa6-efc3-471a-ac52-6053eff192b7,0.1,0.23,0.07102087140083313
9128faa6-efc3-471a-ac52-6053eff192b7,0.15000000000000002,0.03,0.06644777208566666
9128faa6-efc3-471a-ac52-6053eff192b7,0.15000000000000002,0.08,0.06822820007801056
9128faa6-efc3-471a-ac52-6053eff192b7,0.15000000000000002,0.13,0.07025956362485886
9128faa6-efc3-471a-ac52-6053eff192b7,0.15000000000000002,0.18000000000000002,0.07263310253620148
9128faa6-efc3-471a-ac52-6053eff192b7,0.15000000000000002,0.23,0.07369651645421982
9128faa6-efc3-471a-ac52-6053eff192b7,0.2,0.03,0.051440320909023285
9128faa6-efc3-471a-ac52-6053eff192b7,0.2,0.08,0.06283022463321686
9128faa6-efc3-471a-ac52-6053eff192b7,0.2,0.13,0.06950879842042923
9128faa6-efc3-471a-ac52-6053eff192b7,0.2,0.18000000000000002,0.07315457612276077
9128faa6-efc3-471a-ac52-6053eff192b7,0.2,0.23,0.07484039664268494
9128faa6-efc3-471a-ac52-6053eff192b7,0.25,0.03,0.06009891256690025
9128faa6-efc3-471a-ac52-6053eff192b7,0.25,0.08,0.0729544386267662
9128faa6-efc3-471a-ac52-6053eff192b7,0.25,0.13,0.07536828517913818
9128faa6-efc3-471a-ac52-6053eff192b7,0.25,0.18000000000000002,0.0777573436498642
9128faa6-efc3-471a-ac52-6053eff192b7,0.25,0.23,0.08419692516326904
9128faa6-efc3-471a-ac52-6053eff192b7,0.30000000000000004,0.03,0.056382618844509125
9128faa6-efc3-471a-ac52-6053eff192b7,0.30000000000000004,0.08,0.06618829071521759
9128faa6-efc3-471a-ac52-6053eff192b7,0.30000000000000004,0.13,0.07232797145843506
9128faa6-efc3-471a-ac52-6053eff192b7,0.30000000000000004,0.18000000000000002,0.0804126188158989
9128faa6-efc3-471a-ac52-6053eff192b7,0.30000000000000004,0.23,0.07350654155015945
9168b046-72b1-4b0e-9b69-622417f6c22f,0.0,0.03,0.05844516679644585
9168b046-72b1-4b0e-9b69-622417f6c22f,0.0,0.08,0.060547757893800735
9168b046-72b1-4b0e-9b69-622417f6c22f,0.0,0.13,0.07467921823263168
9168b046-72b1-4b0e-9b69-622417f6c22f,0.0,0.18000000000000002,0.0749167650938034
9168b046-72b1-4b0e-9b69-622417f6c22f,0.0,0.23,0.07219596207141876
9168b046-72b1-4b0e-9b69-622417f6c22f,0.01,0.03,0.05173501372337341
9168b046-72b1-4b0e-9b69-622417f6c22f,0.01,0.08,0.06850964576005936
9168b046-72b1-4b0e-9b69-622417f6c22f,0.01,0.13,0.07894730567932129
9168b046-72b1-4b0e-9b69-622417f6c22f,0.01,0.18000000000000002,0.07606524974107742
9168b046-72b1-4b0e-9b69-622417f6c22f,0.01,0.23,0.07295532524585724
9168b046-72b1-4b0e-9b69-622417f6c22f,0.02,0.03,0.04652836173772812
9168b046-72b1-4b0e-9b69-622417f6c22f,0.02,0.08,0.07323917001485825
9168b046-72b1-4b0e-9b69-622417f6c22f,0.02,0.13,0.08056861907243729
9168b046-72b1-4b0e-9b69-622417f6c22f,0.02,0.18000000000000002,0.0743740126490593
9168b046-72b1-4b0e-9b69-622417f6c22f,0.02,0.23,0.0729072093963623
9168b046-72b1-4b0e-9b69-622417f6c22f,0.03,0.03,0.047894734889268875
9168b046-72b1-4b0e-9b69-622417f6c22f,0.03,0.08,0.06583940237760544
9168b046-72b1-4b0e-9b69-622417f6c22f,0.03,0.13,0.07182689011096954
9168b046-72b1-4b0e-9b69-622417f6c22f,0.03,0.18000000000000002,0.06878954917192459
9168b046-72b1-4b0e-9b69-622417f6c22f,0.03,0.23,0.07444936782121658
9168b046-72b1-4b0e-9b69-622417f6c22f,0.04,0.03,0.049843937158584595
9168b046-72b1-4b0e-9b69-622417f6c22f,0.04,0.08,0.07164449244737625
9168b046-72b1-4b0e-9b69-622417f6c22f,0.05,0.03,0.05007186159491539
9168b046-72b1-4b0e-9b69-622417f6c22f,0.05,0.08,0.07256460934877396
9168b046-72b1-4b0e-9b69-622417f6c22f,0.05,0.13,0.07540462911128998
9168b046-72b1-4b0e-9b69-622417f6c22f,0.05,0.18000000000000002,0.06838592141866684
9168b046-72b1-4b0e-9b69-622417f6c22f,0.05,0.23,0.07190954685211182
9168b046-72b1-4b0e-9b69-622417f6c22f,0.1,0.03,0.050317540764808655
9168b046-72b1-4b0e-9b69-622417f6c22f,0.1,0.08,0.06064208224415779
9168b046-72b1-4b0e-9b69-622417f6c22f,0.1,0.13,0.0746157318353653
9168b046-72b1-4b0e-9b69-622417f6c22f,0.1,0.18000000000000002,0.0783010944724083
9168b046-72b1-4b0e-9b69-622417f6c22f,0.1,0.23,0.07749650627374649
9168b046-72b1-4b0e-9b69-622417f6c22f,0.15000000000000002,0.03,0.0509987510740757
9168b046-72b1-4b0e-9b69-622417f6c22f,0.15000000000000002,0.08,0.06417938321828842
9168b046-72b1-4b0e-9b69-622417f6c22f,0.15000000000000002,0.13,0.0737689733505249
9168b046-72b1-4b0e-9b69-622417f6c22f,0.15000000000000002,0.18000000000000002,0.07289772480726242
9168b046-72b1-4b0e-9b69-622417f6c22f,0.15000000000000002,0.23,0.07231932878494263
9168b046-72b1-4b0e-9b69-622417f6c22f,0.2,0.03,0.05602356791496277
9168b046-72b1-4b0e-9b69-622417f6c22f,0.2,0.08,0.05827990546822548
9168b046-72b1-4b0e-9b69-622417f6c22f,0.2,0.13,0.06322314590215683
9168b046-72b1-4b0e-9b69-622417f6c22f,0.2,0.18000000000000002,0.08003466576337814
9168b046-72b1-4b0e-9b69-622417f6c22f,0.2,0.23,0.09609556198120117
9168b046-72b1-4b0e-9b69-622417f6c22f,0.25,0.03,0.049747664481401443
9168b046-72b1-4b0e-9b69-622417f6c22f,0.25,0.08,0.07010246813297272
9168b046-72b1-4b0e-9b69-622417f6c22f,0.25,0.13,0.08691266179084778
9168b046-72b1-4b0e-9b69-622417f6c22f,0.25,0.18000000000000002,0.10403239727020264
9168b046-72b1-4b0e-9b69-622417f6c22f,0.25,0.23,0.10137620568275452
9168b046-72b1-4b0e-9b69-622417f6c22f,0.30000000000000004,0.03,0.05374439060688019
9168b046-72b1-4b0e-9b69-622417f6c22f,0.30000000000000004,0.08,0.0760219395160675
9168b046-72b1-4b0e-9b69-622417f6c22f,0.30000000000000004,0.13,0.09591013193130493
9168b046-72b1-4b0e-9b69-622417f6c22f,0.30000000000000004,0.18000000000000002,0.09348878264427185
9168b046-72b1-4b0e-9b69-622417f6c22f,0.30000000000000004,0.23,0.09000732004642487
919a5da0-b3dc-448c-be94-e7db5ca755ad,0.0,0.03,0.05870756879448891
919a5da0-b3dc-448c-be94-e7db5ca755ad,0.0,0.08,0.09926453232765198
919a5da0-b3dc-448c-be94-e7db5ca755ad,0.0,0.13,0.11786658316850662
919a5da0-b3dc-448c-be94-e7db5ca755ad,0.0,0.18000000000000002,0.11720737814903259
919a5da0-b3dc-448c-be94-e7db5ca755ad,0.0,0.23,0.11659572273492813
919a5da0-b3dc-448c-be94-e7db5ca755ad,0.01,0.03,0.06349287182092667
919a5da0-b3dc-448c-be94-e7db5ca755ad,0.01,0.08,0.11310221254825592
919a5da0-b3dc-448c-be94-e7db5ca755ad,0.01,0.13,0.12604328989982605
919a5da0-b3dc-448c-be94-e7db5ca755ad,0.01,0.18000000000000002,0.12852928042411804
919a5da0-b3dc-448c-be94-e7db5ca755ad,0.01,0.23,0.1246565505862236
919a5da0-b3dc-448c-be94-e7db5ca755ad,0.02,0.03,0.07034686952829361
919a5da0-b3dc-448c-be94-e7db5ca755ad,0.02,0.08,0.11530580371618271
919a5da0-b3dc-448c-be94-e7db5ca755ad,0.02,0.13,0.12489864230155945
919a5da0-b3dc-448c-be94-e7db5ca755ad,0.02,0.18000000000000002,0.12445926666259766
919a5da0-b3dc-448c-be94-e7db5ca755ad,0.02,0.23,0.12171663343906403
919a5da0-b3dc-448c-be94-e7db5ca755ad,0.03,0.03,0.0737452581524849
919a5da0-b3dc-448c-be94-e7db5ca755ad,0.03,0.08,0.1159726232290268
919a5da0-b3dc-448c-be94-e7db5ca755ad,0.03,0.13,0.12610408663749695
919a5da0-b3dc-448c-be94-e7db5ca755ad,0.03,0.18000000000000002,0.12094501405954361
919a5da0-b3dc-448c-be94-e7db5ca755ad,0.03,0.23,0.11667532473802567
919a5da0-b3dc-448c-be94-e7db5ca755ad,0.04,0.03,0.08067566156387329
919a5da0-b3dc-448c-be94-e7db5ca755ad,0.04,0.08,0.1216575875878334
919a5da0-b3dc-448c-be94-e7db5ca755ad,0.05,0.03,0.07744944095611572
919a5da0-b3dc-448c-be94-e7db5ca755ad,0.05,0.08,0.11100646108388901
919a5da0-b3dc-448c-be94-e7db5ca755ad,0.05,0.13,0.10965662449598312
919a5da0-b3dc-448c-be94-e7db5ca755ad,0.05,0.18000000000000002,0.1059650331735611
919a5da0-b3dc-448c-be94-e7db5ca755ad,0.05,0.23,0.10173437744379044
919a5da0-b3dc-448c-be94-e7db5ca755ad,0.1,0.03,0.06286066770553589
919a5da0-b3dc-448c-be94-e7db5ca755ad,0.1,0.08,0.0803486779332161
919a5da0-b3dc-448c-be94-e7db5ca755ad,0.1,0.13,0.08102772384881973
919a5da0-b3dc-448c-be94-e7db5ca755ad,0.1,0.18000000000000002,0.07702259719371796
919a5da0-b3dc-448c-be94-e7db5ca755ad,0.1,0.23,0.07504964619874954
919a5da0-b3dc-448c-be94-e7db5ca755ad,0.15000000000000002,0.03,0.048976633697748184
919a5da0-b3dc-448c-be94-e7db5ca755ad,0.15000000000000002,0.08,0.0619102343916893
919a5da0-b3dc-448c-be94-e7db5ca755ad,0.15000000000000002,0.13,0.06428435444831848
919a5da0-b3dc-448c-be94-e7db5ca755ad,0.15000000000000002,0.18000000000000002,0.07216503471136093
919a5da0-b3dc-448c-be94-e7db5ca755ad,0.15000000000000002,0.23,0.07506527006626129
919a5da0-b3dc-448c-be94-e7db5ca755ad,0.2,0.03,0.049857836216688156
919a5da0-b3dc-448c-be94-e7db5ca755ad,0.2,0.08,0.06743275374174118
919a5da0-b3dc-448c-be94-e7db5ca755ad,0.2,0.13,0.07374747097492218
919a5da0-b3dc-448c-be94-e7db5ca755ad,0.2,0.18000000000000002,0.0750652477145195
919a5da0-b3dc-448c-be94-e7db5ca755ad,0.2,0.23,0.07347153127193451
919a5da0-b3dc-448c-be94-e7db5ca755ad,0.25,0.03,0.04966043680906296
919a5da0-b3dc-448c-be94-e7db5ca755ad,0.25,0.08,0.05841347947716713
919a5da0-b3dc-448c-be94-e7db5ca755ad,0.25,0.13,0.062039103358983994
919a5da0-b3dc-448c-be94-e7db5ca755ad,0.25,0.18000000000000002,0.061519548296928406
919a5da0-b3dc-448c-be94-e7db5ca755ad,0.25,0.23,0.06026725098490715
919a5da0-b3dc-448c-be94-e7db5ca755ad,0.30000000000000004,0.03,0.05282280594110489
919a5da0-b3dc-448c-be94-e7db5ca755ad,0.30000000000000004,0.08,0.06158118695020676
919a5da0-b3dc-448c-be94-e7db5ca755ad,0.30000000000000004,0.13,0.060916539281606674
919a5da0-b3dc-448c-be94-e7db5ca755ad,0.30000000000000004,0.18000000000000002,0.05957404151558876
919a5da0-b3dc-448c-be94-e7db5ca755ad,0.30000000000000004,0.23,0.05878538638353348
91a32493-4cae-42c2-934b-a0155f5db42e,0.0,0.03,0.051797837018966675
91a32493-4cae-42c2-934b-a0155f5db42e,0.0,0.08,0.054263610392808914
91a32493-4cae-42c2-934b-a0155f5db42e,0.0,0.13,0.061757512390613556
91a32493-4cae-42c2-934b-a0155f5db42e,0.0,0.18000000000000002,0.06789092719554901
91a32493-4cae-42c2-934b-a0155f5db42e,0.0,0.23,0.07007080316543579
91a32493-4cae-42c2-934b-a0155f5db42e,0.01,0.03,0.04731930047273636
91a32493-4cae-42c2-934b-a0155f5db42e,0.01,0.08,0.05735647305846214
91a32493-4cae-42c2-934b-a0155f5db42e,0.01,0.13,0.06570912152528763
91a32493-4cae-42c2-934b-a0155f5db42e,0.01,0.18000000000000002,0.06552891433238983
91a32493-4cae-42c2-934b-a0155f5db42e,0.01,0.23,0.06607706844806671
91a32493-4cae-42c2-934b-a0155f5db42e,0.02,0.03,0.04287201538681984
91a32493-4cae-42c2-934b-a0155f5db42e,0.02,0.08,0.0559067465364933
91a32493-4cae-42c2-934b-a0155f5db42e,0.02,0.13,0.0669746845960617
91a32493-4cae-42c2-934b-a0155f5db42e,0.02,0.18000000000000002,0.07287277281284332
91a32493-4cae-42c2-934b-a0155f5db42e,0.02,0.23,0.07005514204502106
91a32493-4cae-42c2-934b-a0155f5db42e,0.03,0.03,0.05230378732085228
91a32493-4cae-42c2-934b-a0155f5db42e,0.03,0.08,0.05658150464296341
91a32493-4cae-42c2-934b-a0155f5db42e,0.03,0.13,0.06564213335514069
91a32493-4cae-42c2-934b-a0155f5db42e,0.03,0.18000000000000002,0.07221025973558426
91a32493-4cae-42c2-934b-a0155f5db42e,0.03,0.23,0.06750130653381348
91a32493-4cae-42c2-934b-a0155f5db42e,0.04,0.03,0.04436234012246132
91a32493-4cae-42c2-934b-a0155f5db42e,0.04,0.08,0.06220740079879761
91a32493-4cae-42c2-934b-a0155f5db42e,0.05,0.03,0.05179663747549057
91a32493-4cae-42c2-934b-a0155f5db42e,0.05,0.08,0.0554235465824604
91a32493-4cae-42c2-934b-a0155f5db42e,0.05,0.13,0.06518980115652084
91a32493-4cae-42c2-934b-a0155f5db42e,0.05,0.18000000000000002,0.06935138255357742
91a32493-4cae-42c2-934b-a0155f5db42e,0.05,0.23,0.06075078621506691
91a32493-4cae-42c2-934b-a0155f5db42e,0.1,0.03,0.04874282330274582
91a32493-4cae-42c2-934b-a0155f5db42e,0.1,0.08,0.0616389624774456
91a32493-4cae-42c2-934b-a0155f5db42e,0.1,0.13,0.07273528724908829
91a32493-4cae-42c2-934b-a0155f5db42e,0.1,0.18000000000000002,0.06298363208770752
91a32493-4cae-42c2-934b-a0155f5db42e,0.1,0.23,0.06669764220714569
91a32493-4cae-42c2-934b-a0155f5db42e,0.15000000000000002,0.03,0.046890657395124435
91a32493-4cae-42c2-934b-a0155f5db42e,0.15000000000000002,0.08,0.06481201201677322
91a32493-4cae-42c2-934b-a0155f5db42e,0.15000000000000002,0.13,0.05708485469222069
91a32493-4cae-42c2-934b-a0155f5db42e,0.15000000000000002,0.18000000000000002,0.05962013453245163
91a32493-4cae-42c2-934b-a0155f5db42e,0.15000000000000002,0.23,0.0660804957151413
91a32493-4cae-42c2-934b-a0155f5db42e,0.2,0.03,0.04499893635511398
91a32493-4cae-42c2-934b-a0155f5db42e,0.2,0.08,0.056313637644052505
91a32493-4cae-42c2-934b-a0155f5db42e,0.2,0.13,0.05673101544380188
91a32493-4cae-42c2-934b-a0155f5db42e,0.2,0.18000000000000002,0.06227131187915802
91a32493-4cae-42c2-934b-a0155f5db42e,0.2,0.23,0.06400331854820251
91a32493-4cae-42c2-934b-a0155f5db42e,0.25,0.03,0.045501675456762314
91a32493-4cae-42c2-934b-a0155f5db42e,0.25,0.08,0.05562217906117439
91a32493-4cae-42c2-934b-a0155f5db42e,0.25,0.13,0.06275198608636856
91a32493-4cae-42c2-934b-a0155f5db42e,0.25,0.18000000000000002,0.0670129731297493
91a32493-4cae-42c2-934b-a0155f5db42e,0.25,0.23,0.07086535543203354
91a32493-4cae-42c2-934b-a0155f5db42e,0.30000000000000004,0.03,0.045634713023900986
91a32493-4cae-42c2-934b-a0155f5db42e,0.30000000000000004,0.08,0.056317590177059174
91a32493-4cae-42c2-934b-a0155f5db42e,0.30000000000000004,0.13,0.06791893392801285
91a32493-4cae-42c2-934b-a0155f5db42e,0.30000000000000004,0.18000000000000002,0.07128395140171051
91a32493-4cae-42c2-934b-a0155f5db42e,0.30000000000000004,0.23,0.0706610456109047
91bbb8e8-b3f9-42e2-9799-d2b3112e863b,0.0,0.03,0.04666920378804207
91bbb8e8-b3f9-42e2-9799-d2b3112e863b,0.0,0.08,0.051602959632873535
91bbb8e8-b3f9-42e2-9799-d2b3112e863b,0.0,0.13,0.06068817898631096
91bbb8e8-b3f9-42e2-9799-d2b3112e863b,0.0,0.18000000000000002,0.07079289853572845
91bbb8e8-b3f9-42e2-9799-d2b3112e863b,0.0,0.23,0.0676255002617836
91bbb8e8-b3f9-42e2-9799-d2b3112e863b,0.01,0.03,0.04353003203868866
91bbb8e8-b3f9-42e2-9799-d2b3112e863b,0.01,0.08,0.055945511907339096
91bbb8e8-b3f9-42e2-9799-d2b3112e863b,0.01,0.13,0.06233055144548416
91bbb8e8-b3f9-42e2-9799-d2b3112e863b,0.01,0.18000000000000002,0.07061415165662766
91bbb8e8-b3f9-42e2-9799-d2b3112e863b,0.01,0.23,0.06646229326725006
91bbb8e8-b3f9-42e2-9799-d2b3112e863b,0.02,0.03,0.051555100828409195
91bbb8e8-b3f9-42e2-9799-d2b3112e863b,0.02,0.08,0.06330675631761551
91bbb8e8-b3f9-42e2-9799-d2b3112e863b,0.02,0.13,0.06299741566181183
91bbb8e8-b3f9-42e2-9799-d2b3112e863b,0.02,0.18000000000000002,0.07318685203790665
91bbb8e8-b3f9-42e2-9799-d2b3112e863b,0.02,0.23,0.06887774169445038
91bbb8e8-b3f9-42e2-9799-d2b3112e863b,0.03,0.03,0.048172108829021454
91bbb8e8-b3f9-42e2-9799-d2b3112e863b,0.03,0.08,0.05268267169594765
91bbb8e8-b3f9-42e2-9799-d2b3112e863b,0.03,0.13,0.06601031124591827
91bbb8e8-b3f9-42e2-9799-d2b3112e863b,0.03,0.18000000000000002,0.06703387945890427
91bbb8e8-b3f9-42e2-9799-d2b3112e863b,0.03,0.23,0.07393677532672882
91bbb8e8-b3f9-42e2-9799-d2b3112e863b,0.04,0.03,0.05086764693260193
91bbb8e8-b3f9-42e2-9799-d2b3112e863b,0.04,0.08,0.05674818530678749
91bbb8e8-b3f9-42e2-9799-d2b3112e863b,0.05,0.03,0.04969436675310135
91bbb8e8-b3f9-42e2-9799-d2b3112e863b,0.05,0.08,0.058573003858327866
91bbb8e8-b3f9-42e2-9799-d2b3112e863b,0.05,0.13,0.07117395848035812
91bbb8e8-b3f9-42e2-9799-d2b3112e863b,0.05,0.18000000000000002,0.07255344837903976
91bbb8e8-b3f9-42e2-9799-d2b3112e863b,0.05,0.23,0.07204972952604294
91bbb8e8-b3f9-42e2-9799-d2b3112e863b,0.1,0.03,0.06601639091968536
91bbb8e8-b3f9-42e2-9799-d2b3112e863b,0.1,0.08,0.06242150440812111
91bbb8e8-b3f9-42e2-9799-d2b3112e863b,0.1,0.13,0.0678454041481018
91bbb8e8-b3f9-42e2-9799-d2b3112e863b,0.1,0.18000000000000002,0.07035941630601883
91bbb8e8-b3f9-42e2-9799-d2b3112e863b,0.1,0.23,0.06512357294559479
91bbb8e8-b3f9-42e2-9799-d2b3112e863b,0.15000000000000002,0.03,0.04641467332839966
91bbb8e8-b3f9-42e2-9799-d2b3112e863b,0.15000000000000002,0.08,0.053519196808338165
91bbb8e8-b3f9-42e2-9799-d2b3112e863b,0.15000000000000002,0.13,0.06452427804470062
91bbb8e8-b3f9-42e2-9799-d2b3112e863b,0.15000000000000002,0.18000000000000002,0.057386014610528946
91bbb8e8-b3f9-42e2-9799-d2b3112e863b,0.15000000000000002,0.23,0.06596462428569794
91bbb8e8-b3f9-42e2-9799-d2b3112e863b,0.2,0.03,0.046100717037916183
91bbb8e8-b3f9-42e2-9799-d2b3112e863b,0.2,0.08,0.06070369854569435
91bbb8e8-b3f9-42e2-9799-d2b3112e863b,0.2,0.13,0.05895049497485161
91bbb8e8-b3f9-42e2-9799-d2b3112e863b,0.2,0.18000000000000002,0.062171876430511475
91bbb8e8-b3f9-42e2-9799-d2b3112e863b,0.2,0.23,0.06700871884822845
91bbb8e8-b3f9-42e2-9799-d2b3112e863b,0.25,0.03,0.04753674194216728
91bbb8e8-b3f9-42e2-9799-d2b3112e863b,0.25,0.08,0.04802348092198372
91bbb8e8-b3f9-42e2-9799-d2b3112e863b,0.25,0.13,0.06396008282899857
91bbb8e8-b3f9-42e2-9799-d2b3112e863b,0.25,0.18000000000000002,0.06835389882326126
91bbb8e8-b3f9-42e2-9799-d2b3112e863b,0.25,0.23,0.0649808719754219
91bbb8e8-b3f9-42e2-9799-d2b3112e863b,0.30000000000000004,0.03,0.04690348356962204
91bbb8e8-b3f9-42e2-9799-d2b3112e863b,0.30000000000000004,0.08,0.0566125251352787
91bbb8e8-b3f9-42e2-9799-d2b3112e863b,0.30000000000000004,0.13,0.06594002991914749
91bbb8e8-b3f9-42e2-9799-d2b3112e863b,0.30000000000000004,0.18000000000000002,0.06463142484426498
91bbb8e8-b3f9-42e2-9799-d2b3112e863b,0.30000000000000004,0.23,0.06918060779571533
92317840-84ce-41b8-9c91-bc1083844c7d,0.0,0.03,0.19416972994804382
92317840-84ce-41b8-9c91-bc1083844c7d,0.0,0.08,0.26356542110443115
92317840-84ce-41b8-9c91-bc1083844c7d,0.0,0.13,0.22442477941513062
92317840-84ce-41b8-9c91-bc1083844c7d,0.0,0.18000000000000002,0.17334742844104767
92317840-84ce-41b8-9c91-bc1083844c7d,0.0,0.23,0.1532689332962036
92317840-84ce-41b8-9c91-bc1083844c7d,0.01,0.03,0.18746618926525116
92317840-84ce-41b8-9c91-bc1083844c7d,0.01,0.08,0.24828477203845978
92317840-84ce-41b8-9c91-bc1083844c7d,0.01,0.13,0.19159984588623047
92317840-84ce-41b8-9c91-bc1083844c7d,0.01,0.18000000000000002,0.14890187978744507
92317840-84ce-41b8-9c91-bc1083844c7d,0.01,0.23,0.12578731775283813
92317840-84ce-41b8-9c91-bc1083844c7d,0.02,0.03,0.20452889800071716
92317840-84ce-41b8-9c91-bc1083844c7d,0.02,0.08,0.23337896168231964
92317840-84ce-41b8-9c91-bc1083844c7d,0.02,0.13,0.16402149200439453
92317840-84ce-41b8-9c91-bc1083844c7d,0.02,0.18000000000000002,0.13432464003562927
92317840-84ce-41b8-9c91-bc1083844c7d,0.02,0.23,0.11138857156038284
92317840-84ce-41b8-9c91-bc1083844c7d,0.03,0.03,0.2116585373878479
92317840-84ce-41b8-9c91-bc1083844c7d,0.03,0.08,0.20750001072883606
92317840-84ce-41b8-9c91-bc1083844c7d,0.03,0.13,0.15136383473873138
92317840-84ce-41b8-9c91-bc1083844c7d,0.03,0.18000000000000002,0.11532356590032578
92317840-84ce-41b8-9c91-bc1083844c7d,0.03,0.23,0.10431163012981415
92317840-84ce-41b8-9c91-bc1083844c7d,0.04,0.03,0.19026809930801392
92317840-84ce-41b8-9c91-bc1083844c7d,0.04,0.08,0.17054827511310577
92317840-84ce-41b8-9c91-bc1083844c7d,0.05,0.03,0.168126180768013
92317840-84ce-41b8-9c91-bc1083844c7d,0.05,0.08,0.145387664437294
92317840-84ce-41b8-9c91-bc1083844c7d,0.05,0.13,0.10553663969039917
92317840-84ce-41b8-9c91-bc1083844c7d,0.05,0.18000000000000002,0.09327945113182068
92317840-84ce-41b8-9c91-bc1083844c7d,0.05,0.23,0.07946182787418365
92317840-84ce-41b8-9c91-bc1083844c7d,0.1,0.03,0.06377668678760529
92317840-84ce-41b8-9c91-bc1083844c7d,0.1,0.08,0.0624854750931263
92317840-84ce-41b8-9c91-bc1083844c7d,0.1,0.13,0.07089769840240479
92317840-84ce-41b8-9c91-bc1083844c7d,0.1,0.18000000000000002,0.06945785880088806
92317840-84ce-41b8-9c91-bc1083844c7d,0.1,0.23,0.0691528394818306
92317840-84ce-41b8-9c91-bc1083844c7d,0.15000000000000002,0.03,0.05047927424311638
92317840-84ce-41b8-9c91-bc1083844c7d,0.15000000000000002,0.08,0.06894971430301666
92317840-84ce-41b8-9c91-bc1083844c7d,0.15000000000000002,0.13,0.07086874544620514
92317840-84ce-41b8-9c91-bc1083844c7d,0.15000000000000002,0.18000000000000002,0.06803452968597412
92317840-84ce-41b8-9c91-bc1083844c7d,0.15000000000000002,0.23,0.06272231042385101
92317840-84ce-41b8-9c91-bc1083844c7d,0.2,0.03,0.05353543907403946
92317840-84ce-41b8-9c91-bc1083844c7d,0.2,0.08,0.060542453080415726
92317840-84ce-41b8-9c91-bc1083844c7d,0.2,0.13,0.0606047660112381
92317840-84ce-41b8-9c91-bc1083844c7d,0.2,0.18000000000000002,0.0725707858800888
92317840-84ce-41b8-9c91-bc1083844c7d,0.2,0.23,0.07512899488210678
92317840-84ce-41b8-9c91-bc1083844c7d,0.25,0.03,0.04938209429383278
92317840-84ce-41b8-9c91-bc1083844c7d,0.25,0.08,0.05781487002968788
92317840-84ce-41b8-9c91-bc1083844c7d,0.25,0.13,0.07221104204654694
92317840-84ce-41b8-9c91-bc1083844c7d,0.25,0.18000000000000002,0.07690529525279999
92317840-84ce-41b8-9c91-bc1083844c7d,0.25,0.23,0.07532589137554169
92317840-84ce-41b8-9c91-bc1083844c7d,0.30000000000000004,0.03,0.049147769808769226
92317840-84ce-41b8-9c91-bc1083844c7d,0.30000000000000004,0.08,0.07017560303211212
92317840-84ce-41b8-9c91-bc1083844c7d,0.30000000000000004,0.13,0.0748538225889206
92317840-84ce-41b8-9c91-bc1083844c7d,0.30000000000000004,0.18000000000000002,0.07460677623748779
92317840-84ce-41b8-9c91-bc1083844c7d,0.30000000000000004,0.23,0.07345972955226898
926034a1-4d17-4bbc-86a1-1e7a879caa3d,0.0,0.03,0.0454171821475029
926034a1-4d17-4bbc-86a1-1e7a879caa3d,0.0,0.08,0.05168003588914871
926034a1-4d17-4bbc-86a1-1e7a879caa3d,0.0,0.13,0.056263525038957596
926034a1-4d17-4bbc-86a1-1e7a879caa3d,0.0,0.18000000000000002,0.05979866534471512
926034a1-4d17-4bbc-86a1-1e7a879caa3d,0.0,0.23,0.07439573109149933
926034a1-4d17-4bbc-86a1-1e7a879caa3d,0.01,0.03,0.045573506504297256
926034a1-4d17-4bbc-86a1-1e7a879caa3d,0.01,0.08,0.05182443931698799
926034a1-4d17-4bbc-86a1-1e7a879caa3d,0.01,0.13,0.057268690317869186
926034a1-4d17-4bbc-86a1-1e7a879caa3d,0.01,0.18000000000000002,0.06434037536382675
926034a1-4d17-4bbc-86a1-1e7a879caa3d,0.01,0.23,0.0779716819524765
926034a1-4d17-4bbc-86a1-1e7a879caa3d,0.02,0.03,0.047572918236255646
926034a1-4d17-4bbc-86a1-1e7a879caa3d,0.02,0.08,0.05561750754714012
926034a1-4d17-4bbc-86a1-1e7a879caa3d,0.02,0.13,0.06035216152667999
926034a1-4d17-4bbc-86a1-1e7a879caa3d,0.02,0.18000000000000002,0.06929753720760345
926034a1-4d17-4bbc-86a1-1e7a879caa3d,0.02,0.23,0.0787002220749855
926034a1-4d17-4bbc-86a1-1e7a879caa3d,0.03,0.03,0.04556044936180115
926034a1-4d17-4bbc-86a1-1e7a879caa3d,0.03,0.08,0.052959904074668884
926034a1-4d17-4bbc-86a1-1e7a879caa3d,0.03,0.13,0.06056017801165581
926034a1-4d17-4bbc-86a1-1e7a879caa3d,0.03,0.18000000000000002,0.07004401832818985
926034a1-4d17-4bbc-86a1-1e7a879caa3d,0.03,0.23,0.08024492114782333
926034a1-4d17-4bbc-86a1-1e7a879caa3d,0.04,0.03,0.05147180333733559
926034a1-4d17-4bbc-86a1-1e7a879caa3d,0.04,0.08,0.05451442673802376
926034a1-4d17-4bbc-86a1-1e7a879caa3d,0.05,0.03,0.058761294931173325
926034a1-4d17-4bbc-86a1-1e7a879caa3d,0.05,0.08,0.060107212513685226
926034a1-4d17-4bbc-86a1-1e7a879caa3d,0.05,0.13,0.06335224956274033
926034a1-4d17-4bbc-86a1-1e7a879caa3d,0.05,0.18000000000000002,0.07786449044942856
926034a1-4d17-4bbc-86a1-1e7a879caa3d,0.05,0.23,0.08156241476535797
926034a1-4d17-4bbc-86a1-1e7a879caa3d,0.1,0.03,0.04877009242773056
926034a1-4d17-4bbc-86a1-1e7a879caa3d,0.1,0.08,0.06672577559947968
926034a1-4d17-4bbc-86a1-1e7a879caa3d,0.1,0.13,0.07990657538175583
926034a1-4d17-4bbc-86a1-1e7a879caa3d,0.1,0.18000000000000002,0.08259588479995728
926034a1-4d17-4bbc-86a1-1e7a879caa3d,0.1,0.23,0.0846438929438591
926034a1-4d17-4bbc-86a1-1e7a879caa3d,0.15000000000000002,0.03,0.05339878797531128
926034a1-4d17-4bbc-86a1-1e7a879caa3d,0.15000000000000002,0.08,0.06613284349441528
926034a1-4d17-4bbc-86a1-1e7a879caa3d,0.15000000000000002,0.13,0.06993906199932098
926034a1-4d17-4bbc-86a1-1e7a879caa3d,0.15000000000000002,0.18000000000000002,0.07223071902990341
926034a1-4d17-4bbc-86a1-1e7a879caa3d,0.15000000000000002,0.23,0.06883510202169418
926034a1-4d17-4bbc-86a1-1e7a879caa3d,0.2,0.03,0.046520307660102844
926034a1-4d17-4bbc-86a1-1e7a879caa3d,0.2,0.08,0.05629061907529831
926034a1-4d17-4bbc-86a1-1e7a879caa3d,0.2,0.13,0.06302028149366379
926034a1-4d17-4bbc-86a1-1e7a879caa3d,0.2,0.18000000000000002,0.06439001858234406
926034a1-4d17-4bbc-86a1-1e7a879caa3d,0.2,0.23,0.06708931922912598
926034a1-4d17-4bbc-86a1-1e7a879caa3d,0.25,0.03,0.043246250599622726
926034a1-4d17-4bbc-86a1-1e7a879caa3d,0.25,0.08,0.052714794874191284
926034a1-4d17-4bbc-86a1-1e7a879caa3d,0.25,0.13,0.057814378291368484
926034a1-4d17-4bbc-86a1-1e7a879caa3d,0.25,0.18000000000000002,0.059643205255270004
926034a1-4d17-4bbc-86a1-1e7a879caa3d,0.25,0.23,0.06189458817243576
926034a1-4d17-4bbc-86a1-1e7a879caa3d,0.30000000000000004,0.03,0.04495632275938988
926034a1-4d17-4bbc-86a1-1e7a879caa3d,0.30000000000000004,0.08,0.0526445172727108
926034a1-4d17-4bbc-86a1-1e7a879caa3d,0.30000000000000004,0.13,0.059091873466968536
926034a1-4d17-4bbc-86a1-1e7a879caa3d,0.30000000000000004,0.18000000000000002,0.06647711247205734
926034a1-4d17-4bbc-86a1-1e7a879caa3d,0.30000000000000004,0.23,0.06574269384145737
92b24591-a98f-4831-b21f-d12b63706ba1,0.0,0.03,0.0
92b24591-a98f-4831-b21f-d12b63706ba1,0.0,0.08,0.0
92b24591-a98f-4831-b21f-d12b63706ba1,0.0,0.13,0.0
92b24591-a98f-4831-b21f-d12b63706ba1,0.0,0.18000000000000002,0.0
92b24591-a98f-4831-b21f-d12b63706ba1,0.0,0.23,0.0
92b24591-a98f-4831-b21f-d12b63706ba1,0.01,0.03,0.0
92b24591-a98f-4831-b21f-d12b63706ba1,0.01,0.08,0.0
92b24591-a98f-4831-b21f-d12b63706ba1,0.01,0.13,0.0
92b24591-a98f-4831-b21f-d12b63706ba1,0.01,0.18000000000000002,0.0
92b24591-a98f-4831-b21f-d12b63706ba1,0.01,0.23,0.0
92b24591-a98f-4831-b21f-d12b63706ba1,0.02,0.03,0.0
92b24591-a98f-4831-b21f-d12b63706ba1,0.02,0.08,0.0
92b24591-a98f-4831-b21f-d12b63706ba1,0.02,0.13,0.0
92b24591-a98f-4831-b21f-d12b63706ba1,0.02,0.18000000000000002,0.0
92b24591-a98f-4831-b21f-d12b63706ba1,0.02,0.23,0.0
92b24591-a98f-4831-b21f-d12b63706ba1,0.03,0.03,0.0
92b24591-a98f-4831-b21f-d12b63706ba1,0.03,0.08,0.0
92b24591-a98f-4831-b21f-d12b63706ba1,0.03,0.13,0.0
92b24591-a98f-4831-b21f-d12b63706ba1,0.03,0.18000000000000002,0.0
92b24591-a98f-4831-b21f-d12b63706ba1,0.03,0.23,0.0
92b24591-a98f-4831-b21f-d12b63706ba1,0.04,0.03,0.0
92b24591-a98f-4831-b21f-d12b63706ba1,0.04,0.08,0.0
92b24591-a98f-4831-b21f-d12b63706ba1,0.05,0.03,0.0
92b24591-a98f-4831-b21f-d12b63706ba1,0.05,0.08,0.0
92b24591-a98f-4831-b21f-d12b63706ba1,0.05,0.13,0.0
92b24591-a98f-4831-b21f-d12b63706ba1,0.05,0.18000000000000002,0.0
92b24591-a98f-4831-b21f-d12b63706ba1,0.05,0.23,0.0
92b24591-a98f-4831-b21f-d12b63706ba1,0.1,0.03,0.0
92b24591-a98f-4831-b21f-d12b63706ba1,0.1,0.08,0.0
92b24591-a98f-4831-b21f-d12b63706ba1,0.1,0.13,0.0
92b24591-a98f-4831-b21f-d12b63706ba1,0.1,0.18000000000000002,0.0
92b24591-a98f-4831-b21f-d12b63706ba1,0.1,0.23,0.0
92b24591-a98f-4831-b21f-d12b63706ba1,0.15000000000000002,0.03,0.0
92b24591-a98f-4831-b21f-d12b63706ba1,0.15000000000000002,0.08,0.0
92b24591-a98f-4831-b21f-d12b63706ba1,0.15000000000000002,0.13,0.0
92b24591-a98f-4831-b21f-d12b63706ba1,0.15000000000000002,0.18000000000000002,0.0
92b24591-a98f-4831-b21f-d12b63706ba1,0.15000000000000002,0.23,0.0
92b24591-a98f-4831-b21f-d12b63706ba1,0.2,0.03,0.0
92b24591-a98f-4831-b21f-d12b63706ba1,0.2,0.08,0.0
92b24591-a98f-4831-b21f-d12b63706ba1,0.2,0.13,0.0
92b24591-a98f-4831-b21f-d12b63706ba1,0.2,0.18000000000000002,0.0
92b24591-a98f-4831-b21f-d12b63706ba1,0.2,0.23,0.0
92b24591-a98f-4831-b21f-d12b63706ba1,0.25,0.03,0.0
92b24591-a98f-4831-b21f-d12b63706ba1,0.25,0.08,0.0
92b24591-a98f-4831-b21f-d12b63706ba1,0.25,0.13,0.0
92b24591-a98f-4831-b21f-d12b63706ba1,0.25,0.18000000000000002,0.0
92b24591-a98f-4831-b21f-d12b63706ba1,0.25,0.23,0.0
92b24591-a98f-4831-b21f-d12b63706ba1,0.30000000000000004,0.03,0.0
92b24591-a98f-4831-b21f-d12b63706ba1,0.30000000000000004,0.08,0.0
92b24591-a98f-4831-b21f-d12b63706ba1,0.30000000000000004,0.13,0.0
92b24591-a98f-4831-b21f-d12b63706ba1,0.30000000000000004,0.18000000000000002,0.0
92b24591-a98f-4831-b21f-d12b63706ba1,0.30000000000000004,0.23,0.0
92f69475-07f6-43ff-876d-8f86dc4ff85f,0.0,0.03,0.06414922326803207
92f69475-07f6-43ff-876d-8f86dc4ff85f,0.0,0.08,0.10350209474563599
92f69475-07f6-43ff-876d-8f86dc4ff85f,0.0,0.13,0.1037040427327156
92f69475-07f6-43ff-876d-8f86dc4ff85f,0.0,0.18000000000000002,0.0872371643781662
92f69475-07f6-43ff-876d-8f86dc4ff85f,0.0,0.23,0.07872388511896133
92f69475-07f6-43ff-876d-8f86dc4ff85f,0.01,0.03,0.07825995981693268
92f69475-07f6-43ff-876d-8f86dc4ff85f,0.01,0.08,0.11132693290710449
92f69475-07f6-43ff-876d-8f86dc4ff85f,0.01,0.13,0.09713002294301987
92f69475-07f6-43ff-876d-8f86dc4ff85f,0.01,0.18000000000000002,0.07831709831953049
92f69475-07f6-43ff-876d-8f86dc4ff85f,0.01,0.23,0.06821471452713013
92f69475-07f6-43ff-876d-8f86dc4ff85f,0.02,0.03,0.08441007137298584
92f69475-07f6-43ff-876d-8f86dc4ff85f,0.02,0.08,0.10783909261226654
92f69475-07f6-43ff-876d-8f86dc4ff85f,0.02,0.13,0.0868765115737915
92f69475-07f6-43ff-876d-8f86dc4ff85f,0.02,0.18000000000000002,0.07030866295099258
92f69475-07f6-43ff-876d-8f86dc4ff85f,0.02,0.23,0.06923180818557739
92f69475-07f6-43ff-876d-8f86dc4ff85f,0.03,0.03,0.09312104433774948
92f69475-07f6-43ff-876d-8f86dc4ff85f,0.03,0.08,0.10136747360229492
92f69475-07f6-43ff-876d-8f86dc4ff85f,0.03,0.13,0.08188570290803909
92f69475-07f6-43ff-876d-8f86dc4ff85f,0.03,0.18000000000000002,0.06389599293470383
92f69475-07f6-43ff-876d-8f86dc4ff85f,0.03,0.23,0.06947227567434311
92f69475-07f6-43ff-876d-8f86dc4ff85f,0.04,0.03,0.09247682243585587
92f69475-07f6-43ff-876d-8f86dc4ff85f,0.04,0.08,0.09377680718898773
92f69475-07f6-43ff-876d-8f86dc4ff85f,0.05,0.03,0.0906052365899086
92f69475-07f6-43ff-876d-8f86dc4ff85f,0.05,0.08,0.09178955852985382
92f69475-07f6-43ff-876d-8f86dc4ff85f,0.05,0.13,0.0740438774228096
92f69475-07f6-43ff-876d-8f86dc4ff85f,0.05,0.18000000000000002,0.06961730867624283
92f69475-07f6-43ff-876d-8f86dc4ff85f,0.05,0.23,0.07539048045873642
92f69475-07f6-43ff-876d-8f86dc4ff85f,0.1,0.03,0.05934841185808182
92f69475-07f6-43ff-876d-8f86dc4ff85f,0.1,0.08,0.06506738066673279
92f69475-07f6-43ff-876d-8f86dc4ff85f,0.1,0.13,0.07243406772613525
92f69475-07f6-43ff-876d-8f86dc4ff85f,0.1,0.18000000000000002,0.07897906750440598
92f69475-07f6-43ff-876d-8f86dc4ff85f,0.1,0.23,0.08350975811481476
92f69475-07f6-43ff-876d-8f86dc4ff85f,0.15000000000000002,0.03,0.05168222635984421
92f69475-07f6-43ff-876d-8f86dc4ff85f,0.15000000000000002,0.08,0.07146228849887848
92f69475-07f6-43ff-876d-8f86dc4ff85f,0.15000000000000002,0.13,0.080305315554142
92f69475-07f6-43ff-876d-8f86dc4ff85f,0.15000000000000002,0.18000000000000002,0.0843072310090065
92f69475-07f6-43ff-876d-8f86dc4ff85f,0.15000000000000002,0.23,0.0859406515955925
92f69475-07f6-43ff-876d-8f86dc4ff85f,0.2,0.03,0.052709151059389114
92f69475-07f6-43ff-876d-8f86dc4ff85f,0.2,0.08,0.06558088213205338
92f69475-07f6-43ff-876d-8f86dc4ff85f,0.2,0.13,0.07238902896642685
92f69475-07f6-43ff-876d-8f86dc4ff85f,0.2,0.18000000000000002,0.07553883641958237
92f69475-07f6-43ff-876d-8f86dc4ff85f,0.2,0.23,0.07279591262340546
92f69475-07f6-43ff-876d-8f86dc4ff85f,0.25,0.03,0.05439300090074539
92f69475-07f6-43ff-876d-8f86dc4ff85f,0.25,0.08,0.061032090336084366
92f69475-07f6-43ff-876d-8f86dc4ff85f,0.25,0.13,0.06639357656240463
92f69475-07f6-43ff-876d-8f86dc4ff85f,0.25,0.18000000000000002,0.06342673301696777
92f69475-07f6-43ff-876d-8f86dc4ff85f,0.25,0.23,0.0652908906340599
92f69475-07f6-43ff-876d-8f86dc4ff85f,0.30000000000000004,0.03,0.05375798046588898
92f69475-07f6-43ff-876d-8f86dc4ff85f,0.30000000000000004,0.08,0.061149999499320984
92f69475-07f6-43ff-876d-8f86dc4ff85f,0.30000000000000004,0.13,0.06670521944761276
92f69475-07f6-43ff-876d-8f86dc4ff85f,0.30000000000000004,0.18000000000000002,0.06716383993625641
92f69475-07f6-43ff-876d-8f86dc4ff85f,0.30000000000000004,0.23,0.06512344628572464
92fdfe42-fd17-4d78-899a-d9ca839e5628,0.0,0.03,0.2598077356815338
92fdfe42-fd17-4d78-899a-d9ca839e5628,0.0,0.08,0.3600243628025055
92fdfe42-fd17-4d78-899a-d9ca839e5628,0.0,0.13,0.27708184719085693
92fdfe42-fd17-4d78-899a-d9ca839e5628,0.0,0.18000000000000002,0.2045060396194458
92fdfe42-fd17-4d78-899a-d9ca839e5628,0.0,0.23,0.1776738315820694
92fdfe42-fd17-4d78-899a-d9ca839e5628,0.01,0.03,0.2773226797580719
92fdfe42-fd17-4d78-899a-d9ca839e5628,0.01,0.08,0.32598304748535156
92fdfe42-fd17-4d78-899a-d9ca839e5628,0.01,0.13,0.2111750990152359
92fdfe42-fd17-4d78-899a-d9ca839e5628,0.01,0.18000000000000002,0.17077943682670593
92fdfe42-fd17-4d78-899a-d9ca839e5628,0.01,0.23,0.14887858927249908
92fdfe42-fd17-4d78-899a-d9ca839e5628,0.02,0.03,0.3020441234111786
92fdfe42-fd17-4d78-899a-d9ca839e5628,0.02,0.08,0.2980717420578003
92fdfe42-fd17-4d78-899a-d9ca839e5628,0.02,0.13,0.18981245160102844
92fdfe42-fd17-4d78-899a-d9ca839e5628,0.02,0.18000000000000002,0.14898334443569183
92fdfe42-fd17-4d78-899a-d9ca839e5628,0.02,0.23,0.1348651796579361
92fdfe42-fd17-4d78-899a-d9ca839e5628,0.03,0.03,0.3051055669784546
92fdfe42-fd17-4d78-899a-d9ca839e5628,0.03,0.08,0.22876666486263275
92fdfe42-fd17-4d78-899a-d9ca839e5628,0.03,0.13,0.15770559012889862
92fdfe42-fd17-4d78-899a-d9ca839e5628,0.03,0.18000000000000002,0.1299232542514801
92fdfe42-fd17-4d78-899a-d9ca839e5628,0.03,0.23,0.1151011735200882
92fdfe42-fd17-4d78-899a-d9ca839e5628,0.04,0.03,0.24529661238193512
92fdfe42-fd17-4d78-899a-d9ca839e5628,0.04,0.08,0.16547048091888428
92fdfe42-fd17-4d78-899a-d9ca839e5628,0.05,0.03,0.1752554178237915
92fdfe42-fd17-4d78-899a-d9ca839e5628,0.05,0.08,0.1119413822889328
92fdfe42-fd17-4d78-899a-d9ca839e5628,0.05,0.13,0.10558503866195679
92fdfe42-fd17-4d78-899a-d9ca839e5628,0.05,0.18000000000000002,0.1121610626578331
92fdfe42-fd17-4d78-899a-d9ca839e5628,0.05,0.23,0.10370849817991257
92fdfe42-fd17-4d78-899a-d9ca839e5628,0.1,0.03,0.07727140933275223
92fdfe42-fd17-4d78-899a-d9ca839e5628,0.1,0.08,0.10473912954330444
92fdfe42-fd17-4d78-899a-d9ca839e5628,0.1,0.13,0.11244118958711624
92fdfe42-fd17-4d78-899a-d9ca839e5628,0.1,0.18000000000000002,0.10415736585855484
92fdfe42-fd17-4d78-899a-d9ca839e5628,0.1,0.23,0.09465546160936356
92fdfe42-fd17-4d78-899a-d9ca839e5628,0.15000000000000002,0.03,0.07157623767852783
92fdfe42-fd17-4d78-899a-d9ca839e5628,0.15000000000000002,0.08,0.0868205726146698
92fdfe42-fd17-4d78-899a-d9ca839e5628,0.15000000000000002,0.13,0.0820244550704956
92fdfe42-fd17-4d78-899a-d9ca839e5628,0.15000000000000002,0.18000000000000002,0.09057274460792542
92fdfe42-fd17-4d78-899a-d9ca839e5628,0.15000000000000002,0.23,0.09232335537672043
92fdfe42-fd17-4d78-899a-d9ca839e5628,0.2,0.03,0.052922751754522324
92fdfe42-fd17-4d78-899a-d9ca839e5628,0.2,0.08,0.07645462453365326
92fdfe42-fd17-4d78-899a-d9ca839e5628,0.2,0.13,0.08548581600189209
92fdfe42-fd17-4d78-899a-d9ca839e5628,0.2,0.18000000000000002,0.08655770123004913
92fdfe42-fd17-4d78-899a-d9ca839e5628,0.2,0.23,0.08938059955835342
92fdfe42-fd17-4d78-899a-d9ca839e5628,0.25,0.03,0.05337312072515488
92fdfe42-fd17-4d78-899a-d9ca839e5628,0.25,0.08,0.07814840227365494
92fdfe42-fd17-4d78-899a-d9ca839e5628,0.25,0.13,0.07861809432506561
92fdfe42-fd17-4d78-899a-d9ca839e5628,0.25,0.18000000000000002,0.08543939143419266
92fdfe42-fd17-4d78-899a-d9ca839e5628,0.25,0.23,0.08587318658828735
92fdfe42-fd17-4d78-899a-d9ca839e5628,0.30000000000000004,0.03,0.06117440015077591
92fdfe42-fd17-4d78-899a-d9ca839e5628,0.30000000000000004,0.08,0.06319396197795868
92fdfe42-fd17-4d78-899a-d9ca839e5628,0.30000000000000004,0.13,0.07467703521251678
92fdfe42-fd17-4d78-899a-d9ca839e5628,0.30000000000000004,0.18000000000000002,0.08006562292575836
92fdfe42-fd17-4d78-899a-d9ca839e5628,0.30000000000000004,0.23,0.08109859377145767
93b310e4-246f-456c-9364-0cab92a7e3f4,0.0,0.03,0.08844706416130066
93b310e4-246f-456c-9364-0cab92a7e3f4,0.0,0.08,0.12455803155899048
93b310e4-246f-456c-9364-0cab92a7e3f4,0.0,0.13,0.13770726323127747
93b310e4-246f-456c-9364-0cab92a7e3f4,0.0,0.18000000000000002,0.1398533582687378
93b310e4-246f-456c-9364-0cab92a7e3f4,0.0,0.23,0.12111011892557144
93b310e4-246f-456c-9364-0cab92a7e3f4,0.01,0.03,0.08312240988016129
93b310e4-246f-456c-9364-0cab92a7e3f4,0.01,0.08,0.1283285766839981
93b310e4-246f-456c-9364-0cab92a7e3f4,0.01,0.13,0.13742470741271973
93b310e4-246f-456c-9364-0cab92a7e3f4,0.01,0.18000000000000002,0.13913103938102722
93b310e4-246f-456c-9364-0cab92a7e3f4,0.01,0.23,0.12064201384782791
93b310e4-246f-456c-9364-0cab92a7e3f4,0.02,0.03,0.0808233767747879
93b310e4-246f-456c-9364-0cab92a7e3f4,0.02,0.08,0.12462643533945084
93b310e4-246f-456c-9364-0cab92a7e3f4,0.02,0.13,0.1406802386045456
93b310e4-246f-456c-9364-0cab92a7e3f4,0.02,0.18000000000000002,0.1366947889328003
93b310e4-246f-456c-9364-0cab92a7e3f4,0.02,0.23,0.11521758139133453
93b310e4-246f-456c-9364-0cab92a7e3f4,0.03,0.03,0.08294280618429184
93b310e4-246f-456c-9364-0cab92a7e3f4,0.03,0.08,0.13147389888763428
93b310e4-246f-456c-9364-0cab92a7e3f4,0.03,0.13,0.14215438067913055
93b310e4-246f-456c-9364-0cab92a7e3f4,0.03,0.18000000000000002,0.1368129849433899
93b310e4-246f-456c-9364-0cab92a7e3f4,0.03,0.23,0.10768565535545349
93b310e4-246f-456c-9364-0cab92a7e3f4,0.04,0.03,0.08091702312231064
93b310e4-246f-456c-9364-0cab92a7e3f4,0.04,0.08,0.13416852056980133
93b310e4-246f-456c-9364-0cab92a7e3f4,0.05,0.03,0.0976492166519165
93b310e4-246f-456c-9364-0cab92a7e3f4,0.05,0.08,0.1340322345495224
93b310e4-246f-456c-9364-0cab92a7e3f4,0.05,0.13,0.14648878574371338
93b310e4-246f-456c-9364-0cab92a7e3f4,0.05,0.18000000000000002,0.12929043173789978
93b310e4-246f-456c-9364-0cab92a7e3f4,0.05,0.23,0.1032557412981987
93b310e4-246f-456c-9364-0cab92a7e3f4,0.1,0.03,0.10261547565460205
93b310e4-246f-456c-9364-0cab92a7e3f4,0.1,0.08,0.13530153036117554
93b310e4-246f-456c-9364-0cab92a7e3f4,0.1,0.13,0.12981021404266357
93b310e4-246f-456c-9364-0cab92a7e3f4,0.1,0.18000000000000002,0.12227512151002884
93b310e4-246f-456c-9364-0cab92a7e3f4,0.1,0.23,0.10993577539920807
93b310e4-246f-456c-9364-0cab92a7e3f4,0.15000000000000002,0.03,0.08344577997922897
93b310e4-246f-456c-9364-0cab92a7e3f4,0.15000000000000002,0.08,0.10572103410959244
93b310e4-246f-456c-9364-0cab92a7e3f4,0.15000000000000002,0.13,0.11886315792798996
93b310e4-246f-456c-9364-0cab92a7e3f4,0.15000000000000002,0.18000000000000002,0.12016288936138153
93b310e4-246f-456c-9364-0cab92a7e3f4,0.15000000000000002,0.23,0.14730322360992432
93b310e4-246f-456c-9364-0cab92a7e3f4,0.2,0.03,0.07087243348360062
93b310e4-246f-456c-9364-0cab92a7e3f4,0.2,0.08,0.1123482808470726
93b310e4-246f-456c-9364-0cab92a7e3f4,0.2,0.13,0.11919422447681427
93b310e4-246f-456c-9364-0cab92a7e3f4,0.2,0.18000000000000002,0.14950209856033325
93b310e4-246f-456c-9364-0cab92a7e3f4,0.2,0.23,0.1602758765220642
93b310e4-246f-456c-9364-0cab92a7e3f4,0.25,0.03,0.0876595675945282
93b310e4-246f-456c-9364-0cab92a7e3f4,0.25,0.08,0.10362215340137482
93b310e4-246f-456c-9364-0cab92a7e3f4,0.25,0.13,0.12974096834659576
93b310e4-246f-456c-9364-0cab92a7e3f4,0.25,0.18000000000000002,0.14890216290950775
93b310e4-246f-456c-9364-0cab92a7e3f4,0.25,0.23,0.1659209281206131
93b310e4-246f-456c-9364-0cab92a7e3f4,0.30000000000000004,0.03,0.07032352685928345
93b310e4-246f-456c-9364-0cab92a7e3f4,0.30000000000000004,0.08,0.12720532715320587
93b310e4-246f-456c-9364-0cab92a7e3f4,0.30000000000000004,0.13,0.14694844186306
93b310e4-246f-456c-9364-0cab92a7e3f4,0.30000000000000004,0.18000000000000002,0.16533492505550385
93b310e4-246f-456c-9364-0cab92a7e3f4,0.30000000000000004,0.23,0.16592229902744293
93d40ce3-12d4-44b5-a220-ba7cc239de76,0.0,0.03,0.05095820128917694
93d40ce3-12d4-44b5-a220-ba7cc239de76,0.0,0.08,0.08312174677848816
93d40ce3-12d4-44b5-a220-ba7cc239de76,0.0,0.13,0.10289987921714783
93d40ce3-12d4-44b5-a220-ba7cc239de76,0.0,0.18000000000000002,0.11248378455638885
93d40ce3-12d4-44b5-a220-ba7cc239de76,0.0,0.23,0.11410477012395859
93d40ce3-12d4-44b5-a220-ba7cc239de76,0.01,0.03,0.054022498428821564
93d40ce3-12d4-44b5-a220-ba7cc239de76,0.01,0.08,0.08074857294559479
93d40ce3-12d4-44b5-a220-ba7cc239de76,0.01,0.13,0.08935968577861786
93d40ce3-12d4-44b5-a220-ba7cc239de76,0.01,0.18000000000000002,0.09085658937692642
93d40ce3-12d4-44b5-a220-ba7cc239de76,0.01,0.23,0.088353231549263
93d40ce3-12d4-44b5-a220-ba7cc239de76,0.02,0.03,0.05552752688527107
93d40ce3-12d4-44b5-a220-ba7cc239de76,0.02,0.08,0.07958405464887619
93d40ce3-12d4-44b5-a220-ba7cc239de76,0.02,0.13,0.09061915427446365
93d40ce3-12d4-44b5-a220-ba7cc239de76,0.02,0.18000000000000002,0.08997570723295212
93d40ce3-12d4-44b5-a220-ba7cc239de76,0.02,0.23,0.08594370633363724
93d40ce3-12d4-44b5-a220-ba7cc239de76,0.03,0.03,0.05770384147763252
93d40ce3-12d4-44b5-a220-ba7cc239de76,0.03,0.08,0.08599431067705154
93d40ce3-12d4-44b5-a220-ba7cc239de76,0.03,0.13,0.09154164791107178
93d40ce3-12d4-44b5-a220-ba7cc239de76,0.03,0.18000000000000002,0.0896463394165039
93d40ce3-12d4-44b5-a220-ba7cc239de76,0.03,0.23,0.08789154142141342
93d40ce3-12d4-44b5-a220-ba7cc239de76,0.04,0.03,0.062663234770298
93d40ce3-12d4-44b5-a220-ba7cc239de76,0.04,0.08,0.08845993876457214
93d40ce3-12d4-44b5-a220-ba7cc239de76,0.05,0.03,0.06532499194145203
93d40ce3-12d4-44b5-a220-ba7cc239de76,0.05,0.08,0.0997895821928978
93d40ce3-12d4-44b5-a220-ba7cc239de76,0.05,0.13,0.11122819781303406
93d40ce3-12d4-44b5-a220-ba7cc239de76,0.05,0.18000000000000002,0.11192835122346878
93d40ce3-12d4-44b5-a220-ba7cc239de76,0.05,0.23,0.11317004263401031
93d40ce3-12d4-44b5-a220-ba7cc239de76,0.1,0.03,0.07537484914064407
93d40ce3-12d4-44b5-a220-ba7cc239de76,0.1,0.08,0.09430205821990967
93d40ce3-12d4-44b5-a220-ba7cc239de76,0.1,0.13,0.0974695235490799
93d40ce3-12d4-44b5-a220-ba7cc239de76,0.1,0.18000000000000002,0.10392148047685623
93d40ce3-12d4-44b5-a220-ba7cc239de76,0.1,0.23,0.09877638518810272
93d40ce3-12d4-44b5-a220-ba7cc239de76,0.15000000000000002,0.03,0.05591790750622749
93d40ce3-12d4-44b5-a220-ba7cc239de76,0.15000000000000002,0.08,0.072393499314785
93d40ce3-12d4-44b5-a220-ba7cc239de76,0.15000000000000002,0.13,0.08398813754320145
93d40ce3-12d4-44b5-a220-ba7cc239de76,0.15000000000000002,0.18000000000000002,0.0809018611907959
93d40ce3-12d4-44b5-a220-ba7cc239de76,0.15000000000000002,0.23,0.0719316229224205
93d40ce3-12d4-44b5-a220-ba7cc239de76,0.2,0.03,0.05639833211898804
93d40ce3-12d4-44b5-a220-ba7cc239de76,0.2,0.08,0.0683220848441124
93d40ce3-12d4-44b5-a220-ba7cc239de76,0.2,0.13,0.06654208898544312
93d40ce3-12d4-44b5-a220-ba7cc239de76,0.2,0.18000000000000002,0.0650409385561943
93d40ce3-12d4-44b5-a220-ba7cc239de76,0.2,0.23,0.06596057862043381
93d40ce3-12d4-44b5-a220-ba7cc239de76,0.25,0.03,0.05014443024992943
93d40ce3-12d4-44b5-a220-ba7cc239de76,0.25,0.08,0.07186049968004227
93d40ce3-12d4-44b5-a220-ba7cc239de76,0.25,0.13,0.0700698047876358
93d40ce3-12d4-44b5-a220-ba7cc239de76,0.25,0.18000000000000002,0.06485307216644287
93d40ce3-12d4-44b5-a220-ba7cc239de76,0.25,0.23,0.06374426186084747
93d40ce3-12d4-44b5-a220-ba7cc239de76,0.30000000000000004,0.03,0.0604015588760376
93d40ce3-12d4-44b5-a220-ba7cc239de76,0.30000000000000004,0.08,0.06251402199268341
93d40ce3-12d4-44b5-a220-ba7cc239de76,0.30000000000000004,0.13,0.07061886787414551
93d40ce3-12d4-44b5-a220-ba7cc239de76,0.30000000000000004,0.18000000000000002,0.06919744610786438
93d40ce3-12d4-44b5-a220-ba7cc239de76,0.30000000000000004,0.23,0.07555950433015823
943824c8-02e9-41ba-859d-d134eab8cd0c,0.0,0.03,0.1976141333580017
943824c8-02e9-41ba-859d-d134eab8cd0c,0.0,0.08,0.31880760192871094
943824c8-02e9-41ba-859d-d134eab8cd0c,0.0,0.13,0.3559637665748596
943824c8-02e9-41ba-859d-d134eab8cd0c,0.0,0.18000000000000002,0.35160011053085327
943824c8-02e9-41ba-859d-d134eab8cd0c,0.0,0.23,0.33217641711235046
943824c8-02e9-41ba-859d-d134eab8cd0c,0.01,0.03,0.20187127590179443
943824c8-02e9-41ba-859d-d134eab8cd0c,0.01,0.08,0.29745543003082275
943824c8-02e9-41ba-859d-d134eab8cd0c,0.01,0.13,0.31501591205596924
943824c8-02e9-41ba-859d-d134eab8cd0c,0.01,0.18000000000000002,0.30809512734413147
943824c8-02e9-41ba-859d-d134eab8cd0c,0.01,0.23,0.29261288046836853
943824c8-02e9-41ba-859d-d134eab8cd0c,0.02,0.03,0.2249296009540558
943824c8-02e9-41ba-859d-d134eab8cd0c,0.02,0.08,0.3037838637828827
943824c8-02e9-41ba-859d-d134eab8cd0c,0.02,0.13,0.3149564862251282
943824c8-02e9-41ba-859d-d134eab8cd0c,0.02,0.18000000000000002,0.2993134558200836
943824c8-02e9-41ba-859d-d134eab8cd0c,0.02,0.23,0.28278470039367676
943824c8-02e9-41ba-859d-d134eab8cd0c,0.03,0.03,0.25052472949028015
943824c8-02e9-41ba-859d-d134eab8cd0c,0.03,0.08,0.3138960301876068
943824c8-02e9-41ba-859d-d134eab8cd0c,0.03,0.13,0.31048208475112915
943824c8-02e9-41ba-859d-d134eab8cd0c,0.03,0.18000000000000002,0.2940142750740051
943824c8-02e9-41ba-859d-d134eab8cd0c,0.03,0.23,0.27523040771484375
943824c8-02e9-41ba-859d-d134eab8cd0c,0.04,0.03,0.2692471444606781
943824c8-02e9-41ba-859d-d134eab8cd0c,0.04,0.08,0.3145042657852173
943824c8-02e9-41ba-859d-d134eab8cd0c,0.05,0.03,0.31569838523864746
943824c8-02e9-41ba-859d-d134eab8cd0c,0.05,0.08,0.35120975971221924
943824c8-02e9-41ba-859d-d134eab8cd0c,0.05,0.13,0.33338963985443115
943824c8-02e9-41ba-859d-d134eab8cd0c,0.05,0.18000000000000002,0.3048897385597229
943824c8-02e9-41ba-859d-d134eab8cd0c,0.05,0.23,0.2810984253883362
943824c8-02e9-41ba-859d-d134eab8cd0c,0.1,0.03,0.2549983263015747
943824c8-02e9-41ba-859d-d134eab8cd0c,0.1,0.08,0.2577044665813446
943824c8-02e9-41ba-859d-d134eab8cd0c,0.1,0.13,0.2349831610918045
943824c8-02e9-41ba-859d-d134eab8cd0c,0.1,0.18000000000000002,0.21497990190982819
943824c8-02e9-41ba-859d-d134eab8cd0c,0.1,0.23,0.19157133996486664
943824c8-02e9-41ba-859d-d134eab8cd0c,0.15000000000000002,0.03,0.16144943237304688
943824c8-02e9-41ba-859d-d134eab8cd0c,0.15000000000000002,0.08,0.1663873940706253
943824c8-02e9-41ba-859d-d134eab8cd0c,0.15000000000000002,0.13,0.15529270470142365
943824c8-02e9-41ba-859d-d134eab8cd0c,0.15000000000000002,0.18000000000000002,0.13636451959609985
943824c8-02e9-41ba-859d-d134eab8cd0c,0.15000000000000002,0.23,0.12103893607854843
943824c8-02e9-41ba-859d-d134eab8cd0c,0.2,0.03,0.11697205901145935
943824c8-02e9-41ba-859d-d134eab8cd0c,0.2,0.08,0.11650215089321136
943824c8-02e9-41ba-859d-d134eab8cd0c,0.2,0.13,0.1000918373465538
943824c8-02e9-41ba-859d-d134eab8cd0c,0.2,0.18000000000000002,0.08859260380268097
943824c8-02e9-41ba-859d-d134eab8cd0c,0.2,0.23,0.0815514624118805
943824c8-02e9-41ba-859d-d134eab8cd0c,0.25,0.03,0.07179104536771774
943824c8-02e9-41ba-859d-d134eab8cd0c,0.25,0.08,0.07084648311138153
943824c8-02e9-41ba-859d-d134eab8cd0c,0.25,0.13,0.08071388304233551
943824c8-02e9-41ba-859d-d134eab8cd0c,0.25,0.18000000000000002,0.08230079710483551
943824c8-02e9-41ba-859d-d134eab8cd0c,0.25,0.23,0.08063486963510513
943824c8-02e9-41ba-859d-d134eab8cd0c,0.30000000000000004,0.03,0.05878271162509918
943824c8-02e9-41ba-859d-d134eab8cd0c,0.30000000000000004,0.08,0.07585827261209488
943824c8-02e9-41ba-859d-d134eab8cd0c,0.30000000000000004,0.13,0.07569555938243866
943824c8-02e9-41ba-859d-d134eab8cd0c,0.30000000000000004,0.18000000000000002,0.07276862114667892
943824c8-02e9-41ba-859d-d134eab8cd0c,0.30000000000000004,0.23,0.07354342192411423
9441227a-0e97-43c8-85c5-8fe2cb305746,0.0,0.03,0.06859178096055984
9441227a-0e97-43c8-85c5-8fe2cb305746,0.0,0.08,0.10618303716182709
9441227a-0e97-43c8-85c5-8fe2cb305746,0.0,0.13,0.1116517037153244
9441227a-0e97-43c8-85c5-8fe2cb305746,0.0,0.18000000000000002,0.10268992930650711
9441227a-0e97-43c8-85c5-8fe2cb305746,0.0,0.23,0.09425035864114761
9441227a-0e97-43c8-85c5-8fe2cb305746,0.01,0.03,0.06723005324602127
9441227a-0e97-43c8-85c5-8fe2cb305746,0.01,0.08,0.10328143835067749
9441227a-0e97-43c8-85c5-8fe2cb305746,0.01,0.13,0.11240200698375702
9441227a-0e97-43c8-85c5-8fe2cb305746,0.01,0.18000000000000002,0.10464700311422348
9441227a-0e97-43c8-85c5-8fe2cb305746,0.01,0.23,0.09586096554994583
9441227a-0e97-43c8-85c5-8fe2cb305746,0.02,0.03,0.07189279049634933
9441227a-0e97-43c8-85c5-8fe2cb305746,0.02,0.08,0.10585016757249832
9441227a-0e97-43c8-85c5-8fe2cb305746,0.02,0.13,0.1115027591586113
9441227a-0e97-43c8-85c5-8fe2cb305746,0.02,0.18000000000000002,0.10447479784488678
9441227a-0e97-43c8-85c5-8fe2cb305746,0.02,0.23,0.09356389194726944
9441227a-0e97-43c8-85c5-8fe2cb305746,0.03,0.03,0.07665211707353592
9441227a-0e97-43c8-85c5-8fe2cb305746,0.03,0.08,0.10999912768602371
9441227a-0e97-43c8-85c5-8fe2cb305746,0.03,0.13,0.10883913189172745
9441227a-0e97-43c8-85c5-8fe2cb305746,0.03,0.18000000000000002,0.09873887896537781
9441227a-0e97-43c8-85c5-8fe2cb305746,0.03,0.23,0.08837547153234482
9441227a-0e97-43c8-85c5-8fe2cb305746,0.04,0.03,0.08001982420682907
9441227a-0e97-43c8-85c5-8fe2cb305746,0.04,0.08,0.10810749232769012
9441227a-0e97-43c8-85c5-8fe2cb305746,0.05,0.03,0.08212869614362717
9441227a-0e97-43c8-85c5-8fe2cb305746,0.05,0.08,0.09484678506851196
9441227a-0e97-43c8-85c5-8fe2cb305746,0.05,0.13,0.08804551512002945
9441227a-0e97-43c8-85c5-8fe2cb305746,0.05,0.18000000000000002,0.08334282785654068
9441227a-0e97-43c8-85c5-8fe2cb305746,0.05,0.23,0.07744697481393814
9441227a-0e97-43c8-85c5-8fe2cb305746,0.1,0.03,0.062457289546728134
9441227a-0e97-43c8-85c5-8fe2cb305746,0.1,0.08,0.07057826966047287
9441227a-0e97-43c8-85c5-8fe2cb305746,0.1,0.13,0.07230085879564285
9441227a-0e97-43c8-85c5-8fe2cb305746,0.1,0.18000000000000002,0.07668173313140869
9441227a-0e97-43c8-85c5-8fe2cb305746,0.1,0.23,0.07765170186758041
9441227a-0e97-43c8-85c5-8fe2cb305746,0.15000000000000002,0.03,0.061925724148750305
9441227a-0e97-43c8-85c5-8fe2cb305746,0.15000000000000002,0.08,0.07292097061872482
9441227a-0e97-43c8-85c5-8fe2cb305746,0.15000000000000002,0.13,0.07648754864931107
9441227a-0e97-43c8-85c5-8fe2cb305746,0.15000000000000002,0.18000000000000002,0.07707291841506958
9441227a-0e97-43c8-85c5-8fe2cb305746,0.15000000000000002,0.23,0.07818254083395004
9441227a-0e97-43c8-85c5-8fe2cb305746,0.2,0.03,0.05669542774558067
9441227a-0e97-43c8-85c5-8fe2cb305746,0.2,0.08,0.06513893604278564
9441227a-0e97-43c8-85c5-8fe2cb305746,0.2,0.13,0.07116897404193878
9441227a-0e97-43c8-85c5-8fe2cb305746,0.2,0.18000000000000002,0.07732782512903214
9441227a-0e97-43c8-85c5-8fe2cb305746,0.2,0.23,0.07170773297548294
9441227a-0e97-43c8-85c5-8fe2cb305746,0.25,0.03,0.04869845509529114
9441227a-0e97-43c8-85c5-8fe2cb305746,0.25,0.08,0.07010788470506668
9441227a-0e97-43c8-85c5-8fe2cb305746,0.25,0.13,0.08242640644311905
9441227a-0e97-43c8-85c5-8fe2cb305746,0.25,0.18000000000000002,0.07883812487125397
9441227a-0e97-43c8-85c5-8fe2cb305746,0.25,0.23,0.07388288527727127
9441227a-0e97-43c8-85c5-8fe2cb305746,0.30000000000000004,0.03,0.06059098243713379
9441227a-0e97-43c8-85c5-8fe2cb305746,0.30000000000000004,0.08,0.07773402333259583
9441227a-0e97-43c8-85c5-8fe2cb305746,0.30000000000000004,0.13,0.07214172929525375
9441227a-0e97-43c8-85c5-8fe2cb305746,0.30000000000000004,0.18000000000000002,0.0667380541563034
9441227a-0e97-43c8-85c5-8fe2cb305746,0.30000000000000004,0.23,0.06403237581253052
94598b5d-ddd4-4586-98c1-860bb252b6a8,0.0,0.03,0.0550403818488121
94598b5d-ddd4-4586-98c1-860bb252b6a8,0.0,0.08,0.05693228542804718
94598b5d-ddd4-4586-98c1-860bb252b6a8,0.0,0.13,0.06797618418931961
94598b5d-ddd4-4586-98c1-860bb252b6a8,0.0,0.18000000000000002,0.06540016084909439
94598b5d-ddd4-4586-98c1-860bb252b6a8,0.0,0.23,0.0689956396818161
94598b5d-ddd4-4586-98c1-860bb252b6a8,0.01,0.03,0.047233354300260544
94598b5d-ddd4-4586-98c1-860bb252b6a8,0.01,0.08,0.05438287928700447
94598b5d-ddd4-4586-98c1-860bb252b6a8,0.01,0.13,0.06768350303173065
94598b5d-ddd4-4586-98c1-860bb252b6a8,0.01,0.18000000000000002,0.06201215088367462
94598b5d-ddd4-4586-98c1-860bb252b6a8,0.01,0.23,0.06709127128124237
94598b5d-ddd4-4586-98c1-860bb252b6a8,0.02,0.03,0.052249785512685776
94598b5d-ddd4-4586-98c1-860bb252b6a8,0.02,0.08,0.056128714233636856
94598b5d-ddd4-4586-98c1-860bb252b6a8,0.02,0.13,0.06636787950992584
94598b5d-ddd4-4586-98c1-860bb252b6a8,0.02,0.18000000000000002,0.06689751893281937
94598b5d-ddd4-4586-98c1-860bb252b6a8,0.02,0.23,0.0711403414607048
94598b5d-ddd4-4586-98c1-860bb252b6a8,0.03,0.03,0.04617065191268921
94598b5d-ddd4-4586-98c1-860bb252b6a8,0.03,0.08,0.06399773061275482
94598b5d-ddd4-4586-98c1-860bb252b6a8,0.03,0.13,0.06613779813051224
94598b5d-ddd4-4586-98c1-860bb252b6a8,0.03,0.18000000000000002,0.06599630415439606
94598b5d-ddd4-4586-98c1-860bb252b6a8,0.03,0.23,0.07461365312337875
94598b5d-ddd4-4586-98c1-860bb252b6a8,0.04,0.03,0.048061151057481766
94598b5d-ddd4-4586-98c1-860bb252b6a8,0.04,0.08,0.06365218013525009
94598b5d-ddd4-4586-98c1-860bb252b6a8,0.05,0.03,0.045367274433374405
94598b5d-ddd4-4586-98c1-860bb252b6a8,0.05,0.08,0.06278873980045319
94598b5d-ddd4-4586-98c1-860bb252b6a8,0.05,0.13,0.06362106651067734
94598b5d-ddd4-4586-98c1-860bb252b6a8,0.05,0.18000000000000002,0.06683181971311569
94598b5d-ddd4-4586-98c1-860bb252b6a8,0.05,0.23,0.0715339258313179
94598b5d-ddd4-4586-98c1-860bb252b6a8,0.1,0.03,0.05032612755894661
94598b5d-ddd4-4586-98c1-860bb252b6a8,0.1,0.08,0.05702047422528267
94598b5d-ddd4-4586-98c1-860bb252b6a8,0.1,0.13,0.05971913784742355
94598b5d-ddd4-4586-98c1-860bb252b6a8,0.1,0.18000000000000002,0.06586655974388123
94598b5d-ddd4-4586-98c1-860bb252b6a8,0.1,0.23,0.08339711278676987
94598b5d-ddd4-4586-98c1-860bb252b6a8,0.15000000000000002,0.03,0.04456910490989685
94598b5d-ddd4-4586-98c1-860bb252b6a8,0.15000000000000002,0.08,0.05519362911581993
94598b5d-ddd4-4586-98c1-860bb252b6a8,0.15000000000000002,0.13,0.0714683011174202
94598b5d-ddd4-4586-98c1-860bb252b6a8,0.15000000000000002,0.18000000000000002,0.08954107761383057
94598b5d-ddd4-4586-98c1-860bb252b6a8,0.15000000000000002,0.23,0.08868228644132614
94598b5d-ddd4-4586-98c1-860bb252b6a8,0.2,0.03,0.04854433238506317
94598b5d-ddd4-4586-98c1-860bb252b6a8,0.2,0.08,0.07246857136487961
94598b5d-ddd4-4586-98c1-860bb252b6a8,0.2,0.13,0.0912274569272995
94598b5d-ddd4-4586-98c1-860bb252b6a8,0.2,0.18000000000000002,0.08918812870979309
94598b5d-ddd4-4586-98c1-860bb252b6a8,0.2,0.23,0.08118182420730591
94598b5d-ddd4-4586-98c1-860bb252b6a8,0.25,0.03,0.04908095672726631
94598b5d-ddd4-4586-98c1-860bb252b6a8,0.25,0.08,0.07120440900325775
94598b5d-ddd4-4586-98c1-860bb252b6a8,0.25,0.13,0.07675840705633163
94598b5d-ddd4-4586-98c1-860bb252b6a8,0.25,0.18000000000000002,0.0725267231464386
94598b5d-ddd4-4586-98c1-860bb252b6a8,0.25,0.23,0.07413648068904877
94598b5d-ddd4-4586-98c1-860bb252b6a8,0.30000000000000004,0.03,0.050918251276016235
94598b5d-ddd4-4586-98c1-860bb252b6a8,0.30000000000000004,0.08,0.06469650566577911
94598b5d-ddd4-4586-98c1-860bb252b6a8,0.30000000000000004,0.13,0.06397062540054321
94598b5d-ddd4-4586-98c1-860bb252b6a8,0.30000000000000004,0.18000000000000002,0.06723759323358536
94598b5d-ddd4-4586-98c1-860bb252b6a8,0.30000000000000004,0.23,0.06770527362823486
94a26c13-e386-4c82-b4dd-3028c06c570e,0.0,0.03,0.04760225489735603
94a26c13-e386-4c82-b4dd-3028c06c570e,0.0,0.08,0.06097695603966713
94a26c13-e386-4c82-b4dd-3028c06c570e,0.0,0.13,0.06440265476703644
94a26c13-e386-4c82-b4dd-3028c06c570e,0.0,0.18000000000000002,0.060686755925416946
94a26c13-e386-4c82-b4dd-3028c06c570e,0.0,0.23,0.07041875272989273
94a26c13-e386-4c82-b4dd-3028c06c570e,0.01,0.03,0.04596061259508133
94a26c13-e386-4c82-b4dd-3028c06c570e,0.01,0.08,0.061965879052877426
94a26c13-e386-4c82-b4dd-3028c06c570e,0.01,0.13,0.06213841959834099
94a26c13-e386-4c82-b4dd-3028c06c570e,0.01,0.18000000000000002,0.058482538908720016
94a26c13-e386-4c82-b4dd-3028c06c570e,0.01,0.23,0.06616085022687912
94a26c13-e386-4c82-b4dd-3028c06c570e,0.02,0.03,0.047538962215185165
94a26c13-e386-4c82-b4dd-3028c06c570e,0.02,0.08,0.05868692323565483
94a26c13-e386-4c82-b4dd-3028c06c570e,0.02,0.13,0.062236569821834564
94a26c13-e386-4c82-b4dd-3028c06c570e,0.02,0.18000000000000002,0.05958249792456627
94a26c13-e386-4c82-b4dd-3028c06c570e,0.02,0.23,0.06884455680847168
94a26c13-e386-4c82-b4dd-3028c06c570e,0.03,0.03,0.04793398082256317
94a26c13-e386-4c82-b4dd-3028c06c570e,0.03,0.08,0.05743054673075676
94a26c13-e386-4c82-b4dd-3028c06c570e,0.03,0.13,0.062178388237953186
94a26c13-e386-4c82-b4dd-3028c06c570e,0.03,0.18000000000000002,0.06121572479605675
94a26c13-e386-4c82-b4dd-3028c06c570e,0.03,0.23,0.06576337665319443
94a26c13-e386-4c82-b4dd-3028c06c570e,0.04,0.03,0.05037795379757881
94a26c13-e386-4c82-b4dd-3028c06c570e,0.04,0.08,0.056708529591560364
94a26c13-e386-4c82-b4dd-3028c06c570e,0.05,0.03,0.049444593489170074
94a26c13-e386-4c82-b4dd-3028c06c570e,0.05,0.08,0.06097628176212311
94a26c13-e386-4c82-b4dd-3028c06c570e,0.05,0.13,0.05959809571504593
94a26c13-e386-4c82-b4dd-3028c06c570e,0.05,0.18000000000000002,0.06357365101575851
94a26c13-e386-4c82-b4dd-3028c06c570e,0.05,0.23,0.06700728833675385
94a26c13-e386-4c82-b4dd-3028c06c570e,0.1,0.03,0.050285454839468
94a26c13-e386-4c82-b4dd-3028c06c570e,0.1,0.08,0.05720607563853264
94a26c13-e386-4c82-b4dd-3028c06c570e,0.1,0.13,0.06422191113233566
94a26c13-e386-4c82-b4dd-3028c06c570e,0.1,0.18000000000000002,0.06796450912952423
94a26c13-e386-4c82-b4dd-3028c06c570e,0.1,0.23,0.06501582264900208
94a26c13-e386-4c82-b4dd-3028c06c570e,0.15000000000000002,0.03,0.047159403562545776
94a26c13-e386-4c82-b4dd-3028c06c570e,0.15000000000000002,0.08,0.06106895953416824
94a26c13-e386-4c82-b4dd-3028c06c570e,0.15000000000000002,0.13,0.06390275061130524
94a26c13-e386-4c82-b4dd-3028c06c570e,0.15000000000000002,0.18000000000000002,0.061734043061733246
94a26c13-e386-4c82-b4dd-3028c06c570e,0.15000000000000002,0.23,0.07242084294557571
94a26c13-e386-4c82-b4dd-3028c06c570e,0.2,0.03,0.053129736334085464
94a26c13-e386-4c82-b4dd-3028c06c570e,0.2,0.08,0.058566078543663025
94a26c13-e386-4c82-b4dd-3028c06c570e,0.2,0.13,0.059266865253448486
94a26c13-e386-4c82-b4dd-3028c06c570e,0.2,0.18000000000000002,0.06898779422044754
94a26c13-e386-4c82-b4dd-3028c06c570e,0.2,0.23,0.07738197594881058
94a26c13-e386-4c82-b4dd-3028c06c570e,0.25,0.03,0.049120258539915085
94a26c13-e386-4c82-b4dd-3028c06c570e,0.25,0.08,0.06123696267604828
94a26c13-e386-4c82-b4dd-3028c06c570e,0.25,0.13,0.06737568229436874
94a26c13-e386-4c82-b4dd-3028c06c570e,0.25,0.18000000000000002,0.07499648630619049
94a26c13-e386-4c82-b4dd-3028c06c570e,0.25,0.23,0.07349472492933273
94a26c13-e386-4c82-b4dd-3028c06c570e,0.30000000000000004,0.03,0.0564207024872303
94a26c13-e386-4c82-b4dd-3028c06c570e,0.30000000000000004,0.08,0.06648016721010208
94a26c13-e386-4c82-b4dd-3028c06c570e,0.30000000000000004,0.13,0.07143232226371765
94a26c13-e386-4c82-b4dd-3028c06c570e,0.30000000000000004,0.18000000000000002,0.06907888501882553
94a26c13-e386-4c82-b4dd-3028c06c570e,0.30000000000000004,0.23,0.08078785240650177
94be2b71-cf56-469a-b720-6f6237b517a9,0.0,0.03,0.05122287943959236
94be2b71-cf56-469a-b720-6f6237b517a9,0.0,0.08,0.06050993129611015
94be2b71-cf56-469a-b720-6f6237b517a9,0.0,0.13,0.05849231407046318
94be2b71-cf56-469a-b720-6f6237b517a9,0.0,0.18000000000000002,0.05964094027876854
94be2b71-cf56-469a-b720-6f6237b517a9,0.0,0.23,0.06128600984811783
94be2b71-cf56-469a-b720-6f6237b517a9,0.01,0.03,0.04234865680336952
94be2b71-cf56-469a-b720-6f6237b517a9,0.01,0.08,0.058988865464925766
94be2b71-cf56-469a-b720-6f6237b517a9,0.01,0.13,0.060550205409526825
94be2b71-cf56-469a-b720-6f6237b517a9,0.01,0.18000000000000002,0.0609276220202446
94be2b71-cf56-469a-b720-6f6237b517a9,0.01,0.23,0.062111690640449524
94be2b71-cf56-469a-b720-6f6237b517a9,0.02,0.03,0.04504223167896271
94be2b71-cf56-469a-b720-6f6237b517a9,0.02,0.08,0.0575464703142643
94be2b71-cf56-469a-b720-6f6237b517a9,0.02,0.13,0.06444957852363586
94be2b71-cf56-469a-b720-6f6237b517a9,0.02,0.18000000000000002,0.06232843175530434
94be2b71-cf56-469a-b720-6f6237b517a9,0.02,0.23,0.06368140131235123
94be2b71-cf56-469a-b720-6f6237b517a9,0.03,0.03,0.053606145083904266
94be2b71-cf56-469a-b720-6f6237b517a9,0.03,0.08,0.06116902828216553
94be2b71-cf56-469a-b720-6f6237b517a9,0.03,0.13,0.06511735171079636
94be2b71-cf56-469a-b720-6f6237b517a9,0.03,0.18000000000000002,0.06234538182616234
94be2b71-cf56-469a-b720-6f6237b517a9,0.03,0.23,0.06977110356092453
94be2b71-cf56-469a-b720-6f6237b517a9,0.04,0.03,0.05642610788345337
94be2b71-cf56-469a-b720-6f6237b517a9,0.04,0.08,0.058524709194898605
94be2b71-cf56-469a-b720-6f6237b517a9,0.05,0.03,0.04854531213641167
94be2b71-cf56-469a-b720-6f6237b517a9,0.05,0.08,0.057997122406959534
94be2b71-cf56-469a-b720-6f6237b517a9,0.05,0.13,0.061142951250076294
94be2b71-cf56-469a-b720-6f6237b517a9,0.05,0.18000000000000002,0.0640937089920044
94be2b71-cf56-469a-b720-6f6237b517a9,0.05,0.23,0.07075270265340805
94be2b71-cf56-469a-b720-6f6237b517a9,0.1,0.03,0.04832438379526138
94be2b71-cf56-469a-b720-6f6237b517a9,0.1,0.08,0.059274617582559586
94be2b71-cf56-469a-b720-6f6237b517a9,0.1,0.13,0.06505171954631805
94be2b71-cf56-469a-b720-6f6237b517a9,0.1,0.18000000000000002,0.07375136762857437
94be2b71-cf56-469a-b720-6f6237b517a9,0.1,0.23,0.07318508625030518
94be2b71-cf56-469a-b720-6f6237b517a9,0.15000000000000002,0.03,0.04924071952700615
94be2b71-cf56-469a-b720-6f6237b517a9,0.15000000000000002,0.08,0.06010974198579788
94be2b71-cf56-469a-b720-6f6237b517a9,0.15000000000000002,0.13,0.06991148740053177
94be2b71-cf56-469a-b720-6f6237b517a9,0.15000000000000002,0.18000000000000002,0.07081858813762665
94be2b71-cf56-469a-b720-6f6237b517a9,0.15000000000000002,0.23,0.06840500980615616
94be2b71-cf56-469a-b720-6f6237b517a9,0.2,0.03,0.05087626352906227
94be2b71-cf56-469a-b720-6f6237b517a9,0.2,0.08,0.056232620030641556
94be2b71-cf56-469a-b720-6f6237b517a9,0.2,0.13,0.06692078709602356
94be2b71-cf56-469a-b720-6f6237b517a9,0.2,0.18000000000000002,0.06051335856318474
94be2b71-cf56-469a-b720-6f6237b517a9,0.2,0.23,0.06273576617240906
94be2b71-cf56-469a-b720-6f6237b517a9,0.25,0.03,0.04690425843000412
94be2b71-cf56-469a-b720-6f6237b517a9,0.25,0.08,0.05741528049111366
94be2b71-cf56-469a-b720-6f6237b517a9,0.25,0.13,0.061436865478754044
94be2b71-cf56-469a-b720-6f6237b517a9,0.25,0.18000000000000002,0.062354352325201035
94be2b71-cf56-469a-b720-6f6237b517a9,0.25,0.23,0.06596113741397858
94be2b71-cf56-469a-b720-6f6237b517a9,0.30000000000000004,0.03,0.04690353572368622
94be2b71-cf56-469a-b720-6f6237b517a9,0.30000000000000004,0.08,0.053029414266347885
94be2b71-cf56-469a-b720-6f6237b517a9,0.30000000000000004,0.13,0.060653649270534515
94be2b71-cf56-469a-b720-6f6237b517a9,0.30000000000000004,0.18000000000000002,0.060708578675985336
94be2b71-cf56-469a-b720-6f6237b517a9,0.30000000000000004,0.23,0.06213512644171715
94c7b237-1cf0-481f-a20a-6f3d0031ac27,0.0,0.03,0.05624266713857651
94c7b237-1cf0-481f-a20a-6f3d0031ac27,0.0,0.08,0.1018974632024765
94c7b237-1cf0-481f-a20a-6f3d0031ac27,0.0,0.13,0.1327231526374817
94c7b237-1cf0-481f-a20a-6f3d0031ac27,0.0,0.18000000000000002,0.1457991600036621
94c7b237-1cf0-481f-a20a-6f3d0031ac27,0.0,0.23,0.14105422794818878
94c7b237-1cf0-481f-a20a-6f3d0031ac27,0.01,0.03,0.06207260489463806
94c7b237-1cf0-481f-a20a-6f3d0031ac27,0.01,0.08,0.10703293979167938
94c7b237-1cf0-481f-a20a-6f3d0031ac27,0.01,0.13,0.13631071150302887
94c7b237-1cf0-481f-a20a-6f3d0031ac27,0.01,0.18000000000000002,0.14610271155834198
94c7b237-1cf0-481f-a20a-6f3d0031ac27,0.01,0.23,0.14280657470226288
94c7b237-1cf0-481f-a20a-6f3d0031ac27,0.02,0.03,0.05817708745598793
94c7b237-1cf0-481f-a20a-6f3d0031ac27,0.02,0.08,0.10676395148038864
94c7b237-1cf0-481f-a20a-6f3d0031ac27,0.02,0.13,0.1332368105649948
94c7b237-1cf0-481f-a20a-6f3d0031ac27,0.02,0.18000000000000002,0.1426679939031601
94c7b237-1cf0-481f-a20a-6f3d0031ac27,0.02,0.23,0.13663990795612335
94c7b237-1cf0-481f-a20a-6f3d0031ac27,0.03,0.03,0.06124867871403694
94c7b237-1cf0-481f-a20a-6f3d0031ac27,0.03,0.08,0.11449526250362396
94c7b237-1cf0-481f-a20a-6f3d0031ac27,0.03,0.13,0.13520902395248413
94c7b237-1cf0-481f-a20a-6f3d0031ac27,0.03,0.18000000000000002,0.1386902630329132
94c7b237-1cf0-481f-a20a-6f3d0031ac27,0.03,0.23,0.13095301389694214
94c7b237-1cf0-481f-a20a-6f3d0031ac27,0.04,0.03,0.0685553178191185
94c7b237-1cf0-481f-a20a-6f3d0031ac27,0.04,0.08,0.1164444163441658
94c7b237-1cf0-481f-a20a-6f3d0031ac27,0.05,0.03,0.08380842953920364
94c7b237-1cf0-481f-a20a-6f3d0031ac27,0.05,0.08,0.12303352355957031
94c7b237-1cf0-481f-a20a-6f3d0031ac27,0.05,0.13,0.1352611780166626
94c7b237-1cf0-481f-a20a-6f3d0031ac27,0.05,0.18000000000000002,0.1298171430826187
94c7b237-1cf0-481f-a20a-6f3d0031ac27,0.05,0.23,0.11788053065538406
94c7b237-1cf0-481f-a20a-6f3d0031ac27,0.1,0.03,0.08132397383451462
94c7b237-1cf0-481f-a20a-6f3d0031ac27,0.1,0.08,0.10215030610561371
94c7b237-1cf0-481f-a20a-6f3d0031ac27,0.1,0.13,0.10130450874567032
94c7b237-1cf0-481f-a20a-6f3d0031ac27,0.1,0.18000000000000002,0.09061889350414276
94c7b237-1cf0-481f-a20a-6f3d0031ac27,0.1,0.23,0.08231855183839798
94c7b237-1cf0-481f-a20a-6f3d0031ac27,0.15000000000000002,0.03,0.05237888917326927
94c7b237-1cf0-481f-a20a-6f3d0031ac27,0.15000000000000002,0.08,0.06977029144763947
94c7b237-1cf0-481f-a20a-6f3d0031ac27,0.15000000000000002,0.13,0.0642053559422493
94c7b237-1cf0-481f-a20a-6f3d0031ac27,0.15000000000000002,0.18000000000000002,0.06874653697013855
94c7b237-1cf0-481f-a20a-6f3d0031ac27,0.15000000000000002,0.23,0.06726303696632385
94c7b237-1cf0-481f-a20a-6f3d0031ac27,0.2,0.03,0.047498125582933426
94c7b237-1cf0-481f-a20a-6f3d0031ac27,0.2,0.08,0.061781417578458786
94c7b237-1cf0-481f-a20a-6f3d0031ac27,0.2,0.13,0.0653107762336731
94c7b237-1cf0-481f-a20a-6f3d0031ac27,0.2,0.18000000000000002,0.06477194279432297
94c7b237-1cf0-481f-a20a-6f3d0031ac27,0.2,0.23,0.06698799878358841
94c7b237-1cf0-481f-a20a-6f3d0031ac27,0.25,0.03,0.04788516089320183
94c7b237-1cf0-481f-a20a-6f3d0031ac27,0.25,0.08,0.0579361654818058
94c7b237-1cf0-481f-a20a-6f3d0031ac27,0.25,0.13,0.0587419718503952
94c7b237-1cf0-481f-a20a-6f3d0031ac27,0.25,0.18000000000000002,0.062285684049129486
94c7b237-1cf0-481f-a20a-6f3d0031ac27,0.25,0.23,0.05868211016058922
94c7b237-1cf0-481f-a20a-6f3d0031ac27,0.30000000000000004,0.03,0.04749510437250137
94c7b237-1cf0-481f-a20a-6f3d0031ac27,0.30000000000000004,0.08,0.05665590986609459
94c7b237-1cf0-481f-a20a-6f3d0031ac27,0.30000000000000004,0.13,0.06085602194070816
94c7b237-1cf0-481f-a20a-6f3d0031ac27,0.30000000000000004,0.18000000000000002,0.05854504182934761
94c7b237-1cf0-481f-a20a-6f3d0031ac27,0.30000000000000004,0.23,0.06433232128620148
966001d1-ed0e-4115-a6c6-53cfbe5f1941,0.0,0.03,0.059708960354328156
966001d1-ed0e-4115-a6c6-53cfbe5f1941,0.0,0.08,0.06387697160243988
966001d1-ed0e-4115-a6c6-53cfbe5f1941,0.0,0.13,0.07293044030666351
966001d1-ed0e-4115-a6c6-53cfbe5f1941,0.0,0.18000000000000002,0.07350022345781326
966001d1-ed0e-4115-a6c6-53cfbe5f1941,0.0,0.23,0.07091588526964188
966001d1-ed0e-4115-a6c6-53cfbe5f1941,0.01,0.03,0.054555002599954605
966001d1-ed0e-4115-a6c6-53cfbe5f1941,0.01,0.08,0.06440748274326324
966001d1-ed0e-4115-a6c6-53cfbe5f1941,0.01,0.13,0.07007846981287003
966001d1-ed0e-4115-a6c6-53cfbe5f1941,0.01,0.18000000000000002,0.07152069360017776
966001d1-ed0e-4115-a6c6-53cfbe5f1941,0.01,0.23,0.06892988085746765
966001d1-ed0e-4115-a6c6-53cfbe5f1941,0.02,0.03,0.05537610128521919
966001d1-ed0e-4115-a6c6-53cfbe5f1941,0.02,0.08,0.06887870281934738
966001d1-ed0e-4115-a6c6-53cfbe5f1941,0.02,0.13,0.07390861958265305
966001d1-ed0e-4115-a6c6-53cfbe5f1941,0.02,0.18000000000000002,0.07315577566623688
966001d1-ed0e-4115-a6c6-53cfbe5f1941,0.02,0.23,0.07109785825014114
966001d1-ed0e-4115-a6c6-53cfbe5f1941,0.03,0.03,0.055576927959918976
966001d1-ed0e-4115-a6c6-53cfbe5f1941,0.03,0.08,0.06663630157709122
966001d1-ed0e-4115-a6c6-53cfbe5f1941,0.03,0.13,0.07194069772958755
966001d1-ed0e-4115-a6c6-53cfbe5f1941,0.03,0.18000000000000002,0.07078542560338974
966001d1-ed0e-4115-a6c6-53cfbe5f1941,0.03,0.23,0.07316658645868301
966001d1-ed0e-4115-a6c6-53cfbe5f1941,0.04,0.03,0.05366237089037895
966001d1-ed0e-4115-a6c6-53cfbe5f1941,0.04,0.08,0.07036954164505005
966001d1-ed0e-4115-a6c6-53cfbe5f1941,0.05,0.03,0.05888596922159195
966001d1-ed0e-4115-a6c6-53cfbe5f1941,0.05,0.08,0.07144088298082352
966001d1-ed0e-4115-a6c6-53cfbe5f1941,0.05,0.13,0.07318630814552307
966001d1-ed0e-4115-a6c6-53cfbe5f1941,0.05,0.18000000000000002,0.07021915912628174
966001d1-ed0e-4115-a6c6-53cfbe5f1941,0.05,0.23,0.0733204185962677
966001d1-ed0e-4115-a6c6-53cfbe5f1941,0.1,0.03,0.05694044381380081
966001d1-ed0e-4115-a6c6-53cfbe5f1941,0.1,0.08,0.06936393678188324
966001d1-ed0e-4115-a6c6-53cfbe5f1941,0.1,0.13,0.06692690402269363
966001d1-ed0e-4115-a6c6-53cfbe5f1941,0.1,0.18000000000000002,0.06941983103752136
966001d1-ed0e-4115-a6c6-53cfbe5f1941,0.1,0.23,0.07415804266929626
966001d1-ed0e-4115-a6c6-53cfbe5f1941,0.15000000000000002,0.03,0.05908084288239479
966001d1-ed0e-4115-a6c6-53cfbe5f1941,0.15000000000000002,0.08,0.06775031238794327
966001d1-ed0e-4115-a6c6-53cfbe5f1941,0.15000000000000002,0.13,0.06634003669023514
966001d1-ed0e-4115-a6c6-53cfbe5f1941,0.15000000000000002,0.18000000000000002,0.07155688107013702
966001d1-ed0e-4115-a6c6-53cfbe5f1941,0.15000000000000002,0.23,0.06761924922466278
966001d1-ed0e-4115-a6c6-53cfbe5f1941,0.2,0.03,0.057846326380968094
966001d1-ed0e-4115-a6c6-53cfbe5f1941,0.2,0.08,0.06736768782138824
966001d1-ed0e-4115-a6c6-53cfbe5f1941,0.2,0.13,0.07220806181430817
966001d1-ed0e-4115-a6c6-53cfbe5f1941,0.2,0.18000000000000002,0.06689487397670746
966001d1-ed0e-4115-a6c6-53cfbe5f1941,0.2,0.23,0.06568996608257294
966001d1-ed0e-4115-a6c6-53cfbe5f1941,0.25,0.03,0.05494576692581177
966001d1-ed0e-4115-a6c6-53cfbe5f1941,0.25,0.08,0.06865803152322769
966001d1-ed0e-4115-a6c6-53cfbe5f1941,0.25,0.13,0.06107984855771065
966001d1-ed0e-4115-a6c6-53cfbe5f1941,0.25,0.18000000000000002,0.0639006644487381
966001d1-ed0e-4115-a6c6-53cfbe5f1941,0.25,0.23,0.06660463660955429
966001d1-ed0e-4115-a6c6-53cfbe5f1941,0.30000000000000004,0.03,0.05599372833967209
966001d1-ed0e-4115-a6c6-53cfbe5f1941,0.30000000000000004,0.08,0.059051819145679474
966001d1-ed0e-4115-a6c6-53cfbe5f1941,0.30000000000000004,0.13,0.0596994124352932
966001d1-ed0e-4115-a6c6-53cfbe5f1941,0.30000000000000004,0.18000000000000002,0.06557837873697281
966001d1-ed0e-4115-a6c6-53cfbe5f1941,0.30000000000000004,0.23,0.06891776621341705
967060e0-6667-4e73-a3e8-9b2f3c54c30a,0.0,0.03,0.08732250332832336
967060e0-6667-4e73-a3e8-9b2f3c54c30a,0.0,0.08,0.13818839192390442
967060e0-6667-4e73-a3e8-9b2f3c54c30a,0.0,0.13,0.15014134347438812
967060e0-6667-4e73-a3e8-9b2f3c54c30a,0.0,0.18000000000000002,0.15497764945030212
967060e0-6667-4e73-a3e8-9b2f3c54c30a,0.0,0.23,0.1528780460357666
967060e0-6667-4e73-a3e8-9b2f3c54c30a,0.01,0.03,0.07251051068305969
967060e0-6667-4e73-a3e8-9b2f3c54c30a,0.01,0.08,0.13415908813476562
967060e0-6667-4e73-a3e8-9b2f3c54c30a,0.01,0.13,0.1466573178768158
967060e0-6667-4e73-a3e8-9b2f3c54c30a,0.01,0.18000000000000002,0.14574113488197327
967060e0-6667-4e73-a3e8-9b2f3c54c30a,0.01,0.23,0.14728818833827972
967060e0-6667-4e73-a3e8-9b2f3c54c30a,0.02,0.03,0.07370901107788086
967060e0-6667-4e73-a3e8-9b2f3c54c30a,0.02,0.08,0.11259672045707703
967060e0-6667-4e73-a3e8-9b2f3c54c30a,0.02,0.13,0.14111822843551636
967060e0-6667-4e73-a3e8-9b2f3c54c30a,0.02,0.18000000000000002,0.13892120122909546
967060e0-6667-4e73-a3e8-9b2f3c54c30a,0.02,0.23,0.14440274238586426
967060e0-6667-4e73-a3e8-9b2f3c54c30a,0.03,0.03,0.08169589936733246
967060e0-6667-4e73-a3e8-9b2f3c54c30a,0.03,0.08,0.13740301132202148
967060e0-6667-4e73-a3e8-9b2f3c54c30a,0.03,0.13,0.1412624716758728
967060e0-6667-4e73-a3e8-9b2f3c54c30a,0.03,0.18000000000000002,0.1474912166595459
967060e0-6667-4e73-a3e8-9b2f3c54c30a,0.03,0.23,0.15128426253795624
967060e0-6667-4e73-a3e8-9b2f3c54c30a,0.04,0.03,0.09172660857439041
967060e0-6667-4e73-a3e8-9b2f3c54c30a,0.04,0.08,0.1388915330171585
967060e0-6667-4e73-a3e8-9b2f3c54c30a,0.05,0.03,0.08946927636861801
967060e0-6667-4e73-a3e8-9b2f3c54c30a,0.05,0.08,0.11772608757019043
967060e0-6667-4e73-a3e8-9b2f3c54c30a,0.05,0.13,0.13491325080394745
967060e0-6667-4e73-a3e8-9b2f3c54c30a,0.05,0.18000000000000002,0.13630779087543488
967060e0-6667-4e73-a3e8-9b2f3c54c30a,0.05,0.23,0.1447160542011261
967060e0-6667-4e73-a3e8-9b2f3c54c30a,0.1,0.03,0.08275851607322693
967060e0-6667-4e73-a3e8-9b2f3c54c30a,0.1,0.08,0.11618141829967499
967060e0-6667-4e73-a3e8-9b2f3c54c30a,0.1,0.13,0.1242394670844078
967060e0-6667-4e73-a3e8-9b2f3c54c30a,0.1,0.18000000000000002,0.13750310242176056
967060e0-6667-4e73-a3e8-9b2f3c54c30a,0.1,0.23,0.1373281031847
967060e0-6667-4e73-a3e8-9b2f3c54c30a,0.15000000000000002,0.03,0.06727012246847153
967060e0-6667-4e73-a3e8-9b2f3c54c30a,0.15000000000000002,0.08,0.09021465480327606
967060e0-6667-4e73-a3e8-9b2f3c54c30a,0.15000000000000002,0.13,0.11806104332208633
967060e0-6667-4e73-a3e8-9b2f3c54c30a,0.15000000000000002,0.18000000000000002,0.12191706150770187
967060e0-6667-4e73-a3e8-9b2f3c54c30a,0.15000000000000002,0.23,0.1331869214773178
967060e0-6667-4e73-a3e8-9b2f3c54c30a,0.2,0.03,0.07403270900249481
967060e0-6667-4e73-a3e8-9b2f3c54c30a,0.2,0.08,0.11142732948064804
967060e0-6667-4e73-a3e8-9b2f3c54c30a,0.2,0.13,0.11988363415002823
967060e0-6667-4e73-a3e8-9b2f3c54c30a,0.2,0.18000000000000002,0.13426633179187775
967060e0-6667-4e73-a3e8-9b2f3c54c30a,0.2,0.23,0.13275273144245148
967060e0-6667-4e73-a3e8-9b2f3c54c30a,0.25,0.03,0.07557100057601929
967060e0-6667-4e73-a3e8-9b2f3c54c30a,0.25,0.08,0.09626029431819916
967060e0-6667-4e73-a3e8-9b2f3c54c30a,0.25,0.13,0.12253940105438232
967060e0-6667-4e73-a3e8-9b2f3c54c30a,0.25,0.18000000000000002,0.12282904982566833
967060e0-6667-4e73-a3e8-9b2f3c54c30a,0.25,0.23,0.12402049452066422
967060e0-6667-4e73-a3e8-9b2f3c54c30a,0.30000000000000004,0.03,0.07095489650964737
967060e0-6667-4e73-a3e8-9b2f3c54c30a,0.30000000000000004,0.08,0.11505784839391708
967060e0-6667-4e73-a3e8-9b2f3c54c30a,0.30000000000000004,0.13,0.11766109615564346
967060e0-6667-4e73-a3e8-9b2f3c54c30a,0.30000000000000004,0.18000000000000002,0.12059904634952545
967060e0-6667-4e73-a3e8-9b2f3c54c30a,0.30000000000000004,0.23,0.11831529438495636
96b98669-08ff-4f65-9a49-4d25c2e3bded,0.0,0.03,0.07488983124494553
96b98669-08ff-4f65-9a49-4d25c2e3bded,0.0,0.08,0.10949378460645676
96b98669-08ff-4f65-9a49-4d25c2e3bded,0.0,0.13,0.10377651453018188
96b98669-08ff-4f65-9a49-4d25c2e3bded,0.0,0.18000000000000002,0.09203649312257767
96b98669-08ff-4f65-9a49-4d25c2e3bded,0.0,0.23,0.07890510559082031
96b98669-08ff-4f65-9a49-4d25c2e3bded,0.01,0.03,0.06899213790893555
96b98669-08ff-4f65-9a49-4d25c2e3bded,0.01,0.08,0.08853092789649963
96b98669-08ff-4f65-9a49-4d25c2e3bded,0.01,0.13,0.08217039704322815
96b98669-08ff-4f65-9a49-4d25c2e3bded,0.01,0.18000000000000002,0.07012784481048584
96b98669-08ff-4f65-9a49-4d25c2e3bded,0.01,0.23,0.07595665007829666
96b98669-08ff-4f65-9a49-4d25c2e3bded,0.02,0.03,0.06571577489376068
96b98669-08ff-4f65-9a49-4d25c2e3bded,0.02,0.08,0.08155325055122375
96b98669-08ff-4f65-9a49-4d25c2e3bded,0.02,0.13,0.08096775412559509
96b98669-08ff-4f65-9a49-4d25c2e3bded,0.02,0.18000000000000002,0.07072928547859192
96b98669-08ff-4f65-9a49-4d25c2e3bded,0.02,0.23,0.0745222344994545
96b98669-08ff-4f65-9a49-4d25c2e3bded,0.03,0.03,0.07066559046506882
96b98669-08ff-4f65-9a49-4d25c2e3bded,0.03,0.08,0.08189777284860611
96b98669-08ff-4f65-9a49-4d25c2e3bded,0.03,0.13,0.07330498844385147
96b98669-08ff-4f65-9a49-4d25c2e3bded,0.03,0.18000000000000002,0.07263952493667603
96b98669-08ff-4f65-9a49-4d25c2e3bded,0.03,0.23,0.07935448735952377
96b98669-08ff-4f65-9a49-4d25c2e3bded,0.04,0.03,0.06967632472515106
96b98669-08ff-4f65-9a49-4d25c2e3bded,0.04,0.08,0.08454563468694687
96b98669-08ff-4f65-9a49-4d25c2e3bded,0.05,0.03,0.07953821867704391
96b98669-08ff-4f65-9a49-4d25c2e3bded,0.05,0.08,0.0808941051363945
96b98669-08ff-4f65-9a49-4d25c2e3bded,0.05,0.13,0.07024723291397095
96b98669-08ff-4f65-9a49-4d25c2e3bded,0.05,0.18000000000000002,0.07652965188026428
96b98669-08ff-4f65-9a49-4d25c2e3bded,0.05,0.23,0.07639583200216293
96b98669-08ff-4f65-9a49-4d25c2e3bded,0.1,0.03,0.056600477546453476
96b98669-08ff-4f65-9a49-4d25c2e3bded,0.1,0.08,0.06300606578588486
96b98669-08ff-4f65-9a49-4d25c2e3bded,0.1,0.13,0.0696227177977562
96b98669-08ff-4f65-9a49-4d25c2e3bded,0.1,0.18000000000000002,0.07085118442773819
96b98669-08ff-4f65-9a49-4d25c2e3bded,0.1,0.23,0.0752725675702095
96b98669-08ff-4f65-9a49-4d25c2e3bded,0.15000000000000002,0.03,0.05649283528327942
96b98669-08ff-4f65-9a49-4d25c2e3bded,0.15000000000000002,0.08,0.06717267632484436
96b98669-08ff-4f65-9a49-4d25c2e3bded,0.15000000000000002,0.13,0.06670483946800232
96b98669-08ff-4f65-9a49-4d25c2e3bded,0.15000000000000002,0.18000000000000002,0.07293708622455597
96b98669-08ff-4f65-9a49-4d25c2e3bded,0.15000000000000002,0.23,0.08161287009716034
96b98669-08ff-4f65-9a49-4d25c2e3bded,0.2,0.03,0.05443776026368141
96b98669-08ff-4f65-9a49-4d25c2e3bded,0.2,0.08,0.06465033441781998
96b98669-08ff-4f65-9a49-4d25c2e3bded,0.2,0.13,0.07709981501102448
96b98669-08ff-4f65-9a49-4d25c2e3bded,0.2,0.18000000000000002,0.08556877076625824
96b98669-08ff-4f65-9a49-4d25c2e3bded,0.2,0.23,0.08598563820123672
96b98669-08ff-4f65-9a49-4d25c2e3bded,0.25,0.03,0.051600243896245956
96b98669-08ff-4f65-9a49-4d25c2e3bded,0.25,0.08,0.07069212943315506
96b98669-08ff-4f65-9a49-4d25c2e3bded,0.25,0.13,0.08121912181377411
96b98669-08ff-4f65-9a49-4d25c2e3bded,0.25,0.18000000000000002,0.08282514661550522
96b98669-08ff-4f65-9a49-4d25c2e3bded,0.25,0.23,0.08204447478055954
96b98669-08ff-4f65-9a49-4d25c2e3bded,0.30000000000000004,0.03,0.058315377682447433
96b98669-08ff-4f65-9a49-4d25c2e3bded,0.30000000000000004,0.08,0.07728926837444305
96b98669-08ff-4f65-9a49-4d25c2e3bded,0.30000000000000004,0.13,0.0733054056763649
96b98669-08ff-4f65-9a49-4d25c2e3bded,0.30000000000000004,0.18000000000000002,0.07337282598018646
96b98669-08ff-4f65-9a49-4d25c2e3bded,0.30000000000000004,0.23,0.07325340807437897
971f1d41-036e-464b-b6f5-d03c71532fb3,0.0,0.03,0.055543478578329086
971f1d41-036e-464b-b6f5-d03c71532fb3,0.0,0.08,0.0718289464712143
971f1d41-036e-464b-b6f5-d03c71532fb3,0.0,0.13,0.09062886983156204
971f1d41-036e-464b-b6f5-d03c71532fb3,0.0,0.18000000000000002,0.09044595807790756
971f1d41-036e-464b-b6f5-d03c71532fb3,0.0,0.23,0.09254857152700424
971f1d41-036e-464b-b6f5-d03c71532fb3,0.01,0.03,0.05563893914222717
971f1d41-036e-464b-b6f5-d03c71532fb3,0.01,0.08,0.07361389696598053
971f1d41-036e-464b-b6f5-d03c71532fb3,0.01,0.13,0.08621475845575333
971f1d41-036e-464b-b6f5-d03c71532fb3,0.01,0.18000000000000002,0.0875755250453949
971f1d41-036e-464b-b6f5-d03c71532fb3,0.01,0.23,0.09074889123439789
971f1d41-036e-464b-b6f5-d03c71532fb3,0.02,0.03,0.06014401093125343
971f1d41-036e-464b-b6f5-d03c71532fb3,0.02,0.08,0.08325768262147903
971f1d41-036e-464b-b6f5-d03c71532fb3,0.02,0.13,0.08803385496139526
971f1d41-036e-464b-b6f5-d03c71532fb3,0.02,0.18000000000000002,0.09597522765398026
971f1d41-036e-464b-b6f5-d03c71532fb3,0.02,0.23,0.09587451070547104
971f1d41-036e-464b-b6f5-d03c71532fb3,0.03,0.03,0.05231297016143799
971f1d41-036e-464b-b6f5-d03c71532fb3,0.03,0.08,0.06654714792966843
971f1d41-036e-464b-b6f5-d03c71532fb3,0.03,0.13,0.07625272125005722
971f1d41-036e-464b-b6f5-d03c71532fb3,0.03,0.18000000000000002,0.08750468492507935
971f1d41-036e-464b-b6f5-d03c71532fb3,0.03,0.23,0.0946044847369194
971f1d41-036e-464b-b6f5-d03c71532fb3,0.04,0.03,0.05213186889886856
971f1d41-036e-464b-b6f5-d03c71532fb3,0.04,0.08,0.06513126939535141
971f1d41-036e-464b-b6f5-d03c71532fb3,0.05,0.03,0.05762016028165817
971f1d41-036e-464b-b6f5-d03c71532fb3,0.05,0.08,0.07497496902942657
971f1d41-036e-464b-b6f5-d03c71532fb3,0.05,0.13,0.08319365233182907
971f1d41-036e-464b-b6f5-d03c71532fb3,0.05,0.18000000000000002,0.09596246480941772
971f1d41-036e-464b-b6f5-d03c71532fb3,0.05,0.23,0.0979272872209549
971f1d41-036e-464b-b6f5-d03c71532fb3,0.1,0.03,0.05476977676153183
971f1d41-036e-464b-b6f5-d03c71532fb3,0.1,0.08,0.07210985571146011
971f1d41-036e-464b-b6f5-d03c71532fb3,0.1,0.13,0.08576510846614838
971f1d41-036e-464b-b6f5-d03c71532fb3,0.1,0.18000000000000002,0.09276659786701202
971f1d41-036e-464b-b6f5-d03c71532fb3,0.1,0.23,0.10400127619504929
971f1d41-036e-464b-b6f5-d03c71532fb3,0.15000000000000002,0.03,0.0629073977470398
971f1d41-036e-464b-b6f5-d03c71532fb3,0.15000000000000002,0.08,0.0795971229672432
971f1d41-036e-464b-b6f5-d03c71532fb3,0.15000000000000002,0.13,0.08558449894189835
971f1d41-036e-464b-b6f5-d03c71532fb3,0.15000000000000002,0.18000000000000002,0.10339632630348206
971f1d41-036e-464b-b6f5-d03c71532fb3,0.15000000000000002,0.23,0.09466508030891418
971f1d41-036e-464b-b6f5-d03c71532fb3,0.2,0.03,0.055460311472415924
971f1d41-036e-464b-b6f5-d03c71532fb3,0.2,0.08,0.07214201986789703
971f1d41-036e-464b-b6f5-d03c71532fb3,0.2,0.13,0.08204410970211029
971f1d41-036e-464b-b6f5-d03c71532fb3,0.2,0.18000000000000002,0.08475560694932938
971f1d41-036e-464b-b6f5-d03c71532fb3,0.2,0.23,0.08125011622905731
971f1d41-036e-464b-b6f5-d03c71532fb3,0.25,0.03,0.05799373984336853
971f1d41-036e-464b-b6f5-d03c71532fb3,0.25,0.08,0.08942127227783203
971f1d41-036e-464b-b6f5-d03c71532fb3,0.25,0.13,0.08282724767923355
971f1d41-036e-464b-b6f5-d03c71532fb3,0.25,0.18000000000000002,0.08356031030416489
971f1d41-036e-464b-b6f5-d03c71532fb3,0.25,0.23,0.08539111912250519
971f1d41-036e-464b-b6f5-d03c71532fb3,0.30000000000000004,0.03,0.06369870156049728
971f1d41-036e-464b-b6f5-d03c71532fb3,0.30000000000000004,0.08,0.06519283354282379
971f1d41-036e-464b-b6f5-d03c71532fb3,0.30000000000000004,0.13,0.07514168322086334
971f1d41-036e-464b-b6f5-d03c71532fb3,0.30000000000000004,0.18000000000000002,0.07048334926366806
971f1d41-036e-464b-b6f5-d03c71532fb3,0.30000000000000004,0.23,0.06355646252632141
97454ce6-3f86-4c0d-a9bd-d0ca7eb77f13,0.0,0.03,0.07749425619840622
97454ce6-3f86-4c0d-a9bd-d0ca7eb77f13,0.0,0.08,0.10227925330400467
97454ce6-3f86-4c0d-a9bd-d0ca7eb77f13,0.0,0.13,0.09194374829530716
97454ce6-3f86-4c0d-a9bd-d0ca7eb77f13,0.0,0.18000000000000002,0.07059673964977264
97454ce6-3f86-4c0d-a9bd-d0ca7eb77f13,0.0,0.23,0.06541944295167923
97454ce6-3f86-4c0d-a9bd-d0ca7eb77f13,0.01,0.03,0.07937498390674591
97454ce6-3f86-4c0d-a9bd-d0ca7eb77f13,0.01,0.08,0.0979783907532692
97454ce6-3f86-4c0d-a9bd-d0ca7eb77f13,0.01,0.13,0.0842166468501091
97454ce6-3f86-4c0d-a9bd-d0ca7eb77f13,0.01,0.18000000000000002,0.06671012938022614
97454ce6-3f86-4c0d-a9bd-d0ca7eb77f13,0.01,0.23,0.06667523086071014
97454ce6-3f86-4c0d-a9bd-d0ca7eb77f13,0.02,0.03,0.088180311024189
97454ce6-3f86-4c0d-a9bd-d0ca7eb77f13,0.02,0.08,0.09087388962507248
97454ce6-3f86-4c0d-a9bd-d0ca7eb77f13,0.02,0.13,0.07439170777797699
97454ce6-3f86-4c0d-a9bd-d0ca7eb77f13,0.02,0.18000000000000002,0.06533005088567734
97454ce6-3f86-4c0d-a9bd-d0ca7eb77f13,0.02,0.23,0.06804031133651733
97454ce6-3f86-4c0d-a9bd-d0ca7eb77f13,0.03,0.03,0.08414740860462189
97454ce6-3f86-4c0d-a9bd-d0ca7eb77f13,0.03,0.08,0.09003787487745285
97454ce6-3f86-4c0d-a9bd-d0ca7eb77f13,0.03,0.13,0.06975477188825607
97454ce6-3f86-4c0d-a9bd-d0ca7eb77f13,0.03,0.18000000000000002,0.06377451866865158
97454ce6-3f86-4c0d-a9bd-d0ca7eb77f13,0.03,0.23,0.06584842503070831
97454ce6-3f86-4c0d-a9bd-d0ca7eb77f13,0.04,0.03,0.07902238517999649
97454ce6-3f86-4c0d-a9bd-d0ca7eb77f13,0.04,0.08,0.0780370756983757
97454ce6-3f86-4c0d-a9bd-d0ca7eb77f13,0.05,0.03,0.07084812968969345
97454ce6-3f86-4c0d-a9bd-d0ca7eb77f13,0.05,0.08,0.07048890739679337
97454ce6-3f86-4c0d-a9bd-d0ca7eb77f13,0.05,0.13,0.06197454035282135
97454ce6-3f86-4c0d-a9bd-d0ca7eb77f13,0.05,0.18000000000000002,0.06772550940513611
97454ce6-3f86-4c0d-a9bd-d0ca7eb77f13,0.05,0.23,0.06567630171775818
97454ce6-3f86-4c0d-a9bd-d0ca7eb77f13,0.1,0.03,0.05682509019970894
97454ce6-3f86-4c0d-a9bd-d0ca7eb77f13,0.1,0.08,0.06595571339130402
97454ce6-3f86-4c0d-a9bd-d0ca7eb77f13,0.1,0.13,0.07305580377578735
97454ce6-3f86-4c0d-a9bd-d0ca7eb77f13,0.1,0.18000000000000002,0.06726594269275665
97454ce6-3f86-4c0d-a9bd-d0ca7eb77f13,0.1,0.23,0.06905047595500946
97454ce6-3f86-4c0d-a9bd-d0ca7eb77f13,0.15000000000000002,0.03,0.057555243372917175
97454ce6-3f86-4c0d-a9bd-d0ca7eb77f13,0.15000000000000002,0.08,0.07211856544017792
97454ce6-3f86-4c0d-a9bd-d0ca7eb77f13,0.15000000000000002,0.13,0.07408403605222702
97454ce6-3f86-4c0d-a9bd-d0ca7eb77f13,0.15000000000000002,0.18000000000000002,0.07391814887523651
97454ce6-3f86-4c0d-a9bd-d0ca7eb77f13,0.15000000000000002,0.23,0.07307896763086319
97454ce6-3f86-4c0d-a9bd-d0ca7eb77f13,0.2,0.03,0.06164940446615219
97454ce6-3f86-4c0d-a9bd-d0ca7eb77f13,0.2,0.08,0.07013925909996033
97454ce6-3f86-4c0d-a9bd-d0ca7eb77f13,0.2,0.13,0.07433886080980301
97454ce6-3f86-4c0d-a9bd-d0ca7eb77f13,0.2,0.18000000000000002,0.07496311515569687
97454ce6-3f86-4c0d-a9bd-d0ca7eb77f13,0.2,0.23,0.07313717156648636
97454ce6-3f86-4c0d-a9bd-d0ca7eb77f13,0.25,0.03,0.056445926427841187
97454ce6-3f86-4c0d-a9bd-d0ca7eb77f13,0.25,0.08,0.06978996098041534
97454ce6-3f86-4c0d-a9bd-d0ca7eb77f13,0.25,0.13,0.07022244483232498
97454ce6-3f86-4c0d-a9bd-d0ca7eb77f13,0.25,0.18000000000000002,0.07154107093811035
97454ce6-3f86-4c0d-a9bd-d0ca7eb77f13,0.25,0.23,0.0725584328174591
97454ce6-3f86-4c0d-a9bd-d0ca7eb77f13,0.30000000000000004,0.03,0.05905892699956894
97454ce6-3f86-4c0d-a9bd-d0ca7eb77f13,0.30000000000000004,0.08,0.07007743418216705
97454ce6-3f86-4c0d-a9bd-d0ca7eb77f13,0.30000000000000004,0.13,0.07428926974534988
97454ce6-3f86-4c0d-a9bd-d0ca7eb77f13,0.30000000000000004,0.18000000000000002,0.0765601396560669
97454ce6-3f86-4c0d-a9bd-d0ca7eb77f13,0.30000000000000004,0.23,0.07731568068265915
97682f63-4be1-496a-b316-25d0e2f9e3f7,0.0,0.03,0.0449175164103508
97682f63-4be1-496a-b316-25d0e2f9e3f7,0.0,0.08,0.056625694036483765
97682f63-4be1-496a-b316-25d0e2f9e3f7,0.0,0.13,0.0592116042971611
97682f63-4be1-496a-b316-25d0e2f9e3f7,0.0,0.18000000000000002,0.06255129724740982
97682f63-4be1-496a-b316-25d0e2f9e3f7,0.0,0.23,0.06290221959352493
97682f63-4be1-496a-b316-25d0e2f9e3f7,0.01,0.03,0.05767635628581047
97682f63-4be1-496a-b316-25d0e2f9e3f7,0.01,0.08,0.05627436935901642
97682f63-4be1-496a-b316-25d0e2f9e3f7,0.01,0.13,0.06348372995853424
97682f63-4be1-496a-b316-25d0e2f9e3f7,0.01,0.18000000000000002,0.06656214594841003
97682f63-4be1-496a-b316-25d0e2f9e3f7,0.01,0.23,0.06594280898571014
97682f63-4be1-496a-b316-25d0e2f9e3f7,0.02,0.03,0.04530376195907593
97682f63-4be1-496a-b316-25d0e2f9e3f7,0.02,0.08,0.057056181132793427
97682f63-4be1-496a-b316-25d0e2f9e3f7,0.02,0.13,0.05956738814711571
97682f63-4be1-496a-b316-25d0e2f9e3f7,0.02,0.18000000000000002,0.06185010075569153
97682f63-4be1-496a-b316-25d0e2f9e3f7,0.02,0.23,0.06787077337503433
97682f63-4be1-496a-b316-25d0e2f9e3f7,0.03,0.03,0.05026167631149292
97682f63-4be1-496a-b316-25d0e2f9e3f7,0.03,0.08,0.05052017793059349
97682f63-4be1-496a-b316-25d0e2f9e3f7,0.03,0.13,0.06118813157081604
97682f63-4be1-496a-b316-25d0e2f9e3f7,0.03,0.18000000000000002,0.06436768174171448
97682f63-4be1-496a-b316-25d0e2f9e3f7,0.03,0.23,0.06591103225946426
97682f63-4be1-496a-b316-25d0e2f9e3f7,0.04,0.03,0.04650409147143364
97682f63-4be1-496a-b316-25d0e2f9e3f7,0.04,0.08,0.05782545357942581
97682f63-4be1-496a-b316-25d0e2f9e3f7,0.05,0.03,0.043636731803417206
97682f63-4be1-496a-b316-25d0e2f9e3f7,0.05,0.08,0.0628984123468399
97682f63-4be1-496a-b316-25d0e2f9e3f7,0.05,0.13,0.06616764515638351
97682f63-4be1-496a-b316-25d0e2f9e3f7,0.05,0.18000000000000002,0.07176966965198517
97682f63-4be1-496a-b316-25d0e2f9e3f7,0.05,0.23,0.07123805582523346
97682f63-4be1-496a-b316-25d0e2f9e3f7,0.1,0.03,0.05541999265551567
97682f63-4be1-496a-b316-25d0e2f9e3f7,0.1,0.08,0.06726790219545364
97682f63-4be1-496a-b316-25d0e2f9e3f7,0.1,0.13,0.07346317172050476
97682f63-4be1-496a-b316-25d0e2f9e3f7,0.1,0.18000000000000002,0.07245581597089767
97682f63-4be1-496a-b316-25d0e2f9e3f7,0.1,0.23,0.07846418023109436
97682f63-4be1-496a-b316-25d0e2f9e3f7,0.15000000000000002,0.03,0.04630841687321663
97682f63-4be1-496a-b316-25d0e2f9e3f7,0.15000000000000002,0.08,0.06225191429257393
97682f63-4be1-496a-b316-25d0e2f9e3f7,0.15000000000000002,0.13,0.07067723572254181
97682f63-4be1-496a-b316-25d0e2f9e3f7,0.15000000000000002,0.18000000000000002,0.0775132104754448
97682f63-4be1-496a-b316-25d0e2f9e3f7,0.15000000000000002,0.23,0.08168797940015793
97682f63-4be1-496a-b316-25d0e2f9e3f7,0.2,0.03,0.04835236072540283
97682f63-4be1-496a-b316-25d0e2f9e3f7,0.2,0.08,0.05495442450046539
97682f63-4be1-496a-b316-25d0e2f9e3f7,0.2,0.13,0.07349666953086853
97682f63-4be1-496a-b316-25d0e2f9e3f7,0.2,0.18000000000000002,0.07855801284313202
97682f63-4be1-496a-b316-25d0e2f9e3f7,0.2,0.23,0.0818074494600296
97682f63-4be1-496a-b316-25d0e2f9e3f7,0.25,0.03,0.04811888933181763
97682f63-4be1-496a-b316-25d0e2f9e3f7,0.25,0.08,0.0643492192029953
97682f63-4be1-496a-b316-25d0e2f9e3f7,0.25,0.13,0.06885597109794617
97682f63-4be1-496a-b316-25d0e2f9e3f7,0.25,0.18000000000000002,0.07017476856708527
97682f63-4be1-496a-b316-25d0e2f9e3f7,0.25,0.23,0.07033395022153854
97682f63-4be1-496a-b316-25d0e2f9e3f7,0.30000000000000004,0.03,0.05096842348575592
97682f63-4be1-496a-b316-25d0e2f9e3f7,0.30000000000000004,0.08,0.06153180077672005
97682f63-4be1-496a-b316-25d0e2f9e3f7,0.30000000000000004,0.13,0.0728655681014061
97682f63-4be1-496a-b316-25d0e2f9e3f7,0.30000000000000004,0.18000000000000002,0.07308205217123032
97682f63-4be1-496a-b316-25d0e2f9e3f7,0.30000000000000004,0.23,0.07784321159124374
980db90c-6777-406d-8099-ec9ef67444fd,0.0,0.03,0.04827401414513588
980db90c-6777-406d-8099-ec9ef67444fd,0.0,0.08,0.06439834088087082
980db90c-6777-406d-8099-ec9ef67444fd,0.0,0.13,0.061053887009620667
980db90c-6777-406d-8099-ec9ef67444fd,0.0,0.18000000000000002,0.07292857021093369
980db90c-6777-406d-8099-ec9ef67444fd,0.0,0.23,0.07335995882749557
980db90c-6777-406d-8099-ec9ef67444fd,0.01,0.03,0.05087772756814957
980db90c-6777-406d-8099-ec9ef67444fd,0.01,0.08,0.06174464523792267
980db90c-6777-406d-8099-ec9ef67444fd,0.01,0.13,0.06423749029636383
980db90c-6777-406d-8099-ec9ef67444fd,0.01,0.18000000000000002,0.07798120379447937
980db90c-6777-406d-8099-ec9ef67444fd,0.01,0.23,0.07462933659553528
980db90c-6777-406d-8099-ec9ef67444fd,0.02,0.03,0.05435497313737869
980db90c-6777-406d-8099-ec9ef67444fd,0.02,0.08,0.062361449003219604
980db90c-6777-406d-8099-ec9ef67444fd,0.02,0.13,0.06092178821563721
980db90c-6777-406d-8099-ec9ef67444fd,0.02,0.18000000000000002,0.07887808233499527
980db90c-6777-406d-8099-ec9ef67444fd,0.02,0.23,0.07391006499528885
980db90c-6777-406d-8099-ec9ef67444fd,0.03,0.03,0.051265306770801544
980db90c-6777-406d-8099-ec9ef67444fd,0.03,0.08,0.05295925214886665
980db90c-6777-406d-8099-ec9ef67444fd,0.03,0.13,0.06608695536851883
980db90c-6777-406d-8099-ec9ef67444fd,0.03,0.18000000000000002,0.07770046591758728
980db90c-6777-406d-8099-ec9ef67444fd,0.03,0.23,0.06642384827136993
980db90c-6777-406d-8099-ec9ef67444fd,0.04,0.03,0.056375131011009216
980db90c-6777-406d-8099-ec9ef67444fd,0.04,0.08,0.05614902079105377
980db90c-6777-406d-8099-ec9ef67444fd,0.05,0.03,0.044491834938526154
980db90c-6777-406d-8099-ec9ef67444fd,0.05,0.08,0.057893797755241394
980db90c-6777-406d-8099-ec9ef67444fd,0.05,0.13,0.06731846928596497
980db90c-6777-406d-8099-ec9ef67444fd,0.05,0.18000000000000002,0.06819300353527069
980db90c-6777-406d-8099-ec9ef67444fd,0.05,0.23,0.06514165550470352
980db90c-6777-406d-8099-ec9ef67444fd,0.1,0.03,0.04886968061327934
980db90c-6777-406d-8099-ec9ef67444fd,0.1,0.08,0.060402341187000275
980db90c-6777-406d-8099-ec9ef67444fd,0.1,0.13,0.06342493742704391
980db90c-6777-406d-8099-ec9ef67444fd,0.1,0.18000000000000002,0.06384573876857758
980db90c-6777-406d-8099-ec9ef67444fd,0.1,0.23,0.06230849400162697
980db90c-6777-406d-8099-ec9ef67444fd,0.15000000000000002,0.03,0.04846915975213051
980db90c-6777-406d-8099-ec9ef67444fd,0.15000000000000002,0.08,0.0629848837852478
980db90c-6777-406d-8099-ec9ef67444fd,0.15000000000000002,0.13,0.06377516686916351
980db90c-6777-406d-8099-ec9ef67444fd,0.15000000000000002,0.18000000000000002,0.06983224302530289
980db90c-6777-406d-8099-ec9ef67444fd,0.15000000000000002,0.23,0.06751056015491486
980db90c-6777-406d-8099-ec9ef67444fd,0.2,0.03,0.045993123203516006
980db90c-6777-406d-8099-ec9ef67444fd,0.2,0.08,0.05303329974412918
980db90c-6777-406d-8099-ec9ef67444fd,0.2,0.13,0.06328901648521423
980db90c-6777-406d-8099-ec9ef67444fd,0.2,0.18000000000000002,0.06592170894145966
980db90c-6777-406d-8099-ec9ef67444fd,0.2,0.23,0.06888004392385483
980db90c-6777-406d-8099-ec9ef67444fd,0.25,0.03,0.04633032903075218
980db90c-6777-406d-8099-ec9ef67444fd,0.25,0.08,0.06133485585451126
980db90c-6777-406d-8099-ec9ef67444fd,0.25,0.13,0.06698102504014969
980db90c-6777-406d-8099-ec9ef67444fd,0.25,0.18000000000000002,0.07081956416368484
980db90c-6777-406d-8099-ec9ef67444fd,0.25,0.23,0.06678394973278046
980db90c-6777-406d-8099-ec9ef67444fd,0.30000000000000004,0.03,0.04465667903423309
980db90c-6777-406d-8099-ec9ef67444fd,0.30000000000000004,0.08,0.059165362268686295
980db90c-6777-406d-8099-ec9ef67444fd,0.30000000000000004,0.13,0.0654594898223877
980db90c-6777-406d-8099-ec9ef67444fd,0.30000000000000004,0.18000000000000002,0.06224459409713745
980db90c-6777-406d-8099-ec9ef67444fd,0.30000000000000004,0.23,0.061190031468868256
983d461b-79b8-4a01-90d2-cdba4fbeb706,0.0,0.03,0.11022962629795074
983d461b-79b8-4a01-90d2-cdba4fbeb706,0.0,0.08,0.17539086937904358
983d461b-79b8-4a01-90d2-cdba4fbeb706,0.0,0.13,0.16344432532787323
983d461b-79b8-4a01-90d2-cdba4fbeb706,0.0,0.18000000000000002,0.14550359547138214
983d461b-79b8-4a01-90d2-cdba4fbeb706,0.0,0.23,0.1267382800579071
983d461b-79b8-4a01-90d2-cdba4fbeb706,0.01,0.03,0.1181764304637909
983d461b-79b8-4a01-90d2-cdba4fbeb706,0.01,0.08,0.15986788272857666
983d461b-79b8-4a01-90d2-cdba4fbeb706,0.01,0.13,0.14367716014385223
983d461b-79b8-4a01-90d2-cdba4fbeb706,0.01,0.18000000000000002,0.12484240531921387
983d461b-79b8-4a01-90d2-cdba4fbeb706,0.01,0.23,0.10730872303247452
983d461b-79b8-4a01-90d2-cdba4fbeb706,0.02,0.03,0.12004341185092926
983d461b-79b8-4a01-90d2-cdba4fbeb706,0.02,0.08,0.15065297484397888
983d461b-79b8-4a01-90d2-cdba4fbeb706,0.02,0.13,0.13885533809661865
983d461b-79b8-4a01-90d2-cdba4fbeb706,0.02,0.18000000000000002,0.10983166843652725
983d461b-79b8-4a01-90d2-cdba4fbeb706,0.02,0.23,0.10358962416648865
983d461b-79b8-4a01-90d2-cdba4fbeb706,0.03,0.03,0.11453236639499664
983d461b-79b8-4a01-90d2-cdba4fbeb706,0.03,0.08,0.13335725665092468
983d461b-79b8-4a01-90d2-cdba4fbeb706,0.03,0.13,0.11885441094636917
983d461b-79b8-4a01-90d2-cdba4fbeb706,0.03,0.18000000000000002,0.10021167248487473
983d461b-79b8-4a01-90d2-cdba4fbeb706,0.03,0.23,0.09580964595079422
983d461b-79b8-4a01-90d2-cdba4fbeb706,0.04,0.03,0.1050998866558075
983d461b-79b8-4a01-90d2-cdba4fbeb706,0.04,0.08,0.12154166400432587
983d461b-79b8-4a01-90d2-cdba4fbeb706,0.05,0.03,0.1037042960524559
983d461b-79b8-4a01-90d2-cdba4fbeb706,0.05,0.08,0.10824082046747208
983d461b-79b8-4a01-90d2-cdba4fbeb706,0.05,0.13,0.09385137259960175
983d461b-79b8-4a01-90d2-cdba4fbeb706,0.05,0.18000000000000002,0.08535261452198029
983d461b-79b8-4a01-90d2-cdba4fbeb706,0.05,0.23,0.08673284947872162
983d461b-79b8-4a01-90d2-cdba4fbeb706,0.1,0.03,0.05011570081114769
983d461b-79b8-4a01-90d2-cdba4fbeb706,0.1,0.08,0.05575713887810707
983d461b-79b8-4a01-90d2-cdba4fbeb706,0.1,0.13,0.06726465374231339
983d461b-79b8-4a01-90d2-cdba4fbeb706,0.1,0.18000000000000002,0.06956974416971207
983d461b-79b8-4a01-90d2-cdba4fbeb706,0.1,0.23,0.07201045751571655
983d461b-79b8-4a01-90d2-cdba4fbeb706,0.15000000000000002,0.03,0.047267377376556396
983d461b-79b8-4a01-90d2-cdba4fbeb706,0.15000000000000002,0.08,0.05286161229014397
983d461b-79b8-4a01-90d2-cdba4fbeb706,0.15000000000000002,0.13,0.06502095609903336
983d461b-79b8-4a01-90d2-cdba4fbeb706,0.15000000000000002,0.18000000000000002,0.0656374841928482
983d461b-79b8-4a01-90d2-cdba4fbeb706,0.15000000000000002,0.23,0.0728544294834137
983d461b-79b8-4a01-90d2-cdba4fbeb706,0.2,0.03,0.0458550751209259
983d461b-79b8-4a01-90d2-cdba4fbeb706,0.2,0.08,0.05828745663166046
983d461b-79b8-4a01-90d2-cdba4fbeb706,0.2,0.13,0.06219951808452606
983d461b-79b8-4a01-90d2-cdba4fbeb706,0.2,0.18000000000000002,0.07099401205778122
983d461b-79b8-4a01-90d2-cdba4fbeb706,0.2,0.23,0.07333555072546005
983d461b-79b8-4a01-90d2-cdba4fbeb706,0.25,0.03,0.05014726147055626
983d461b-79b8-4a01-90d2-cdba4fbeb706,0.25,0.08,0.06266279518604279
983d461b-79b8-4a01-90d2-cdba4fbeb706,0.25,0.13,0.06530056893825531
983d461b-79b8-4a01-90d2-cdba4fbeb706,0.25,0.18000000000000002,0.072750523686409
983d461b-79b8-4a01-90d2-cdba4fbeb706,0.25,0.23,0.06592220813035965
983d461b-79b8-4a01-90d2-cdba4fbeb706,0.30000000000000004,0.03,0.0477541983127594
983d461b-79b8-4a01-90d2-cdba4fbeb706,0.30000000000000004,0.08,0.06239531189203262
983d461b-79b8-4a01-90d2-cdba4fbeb706,0.30000000000000004,0.13,0.06794208288192749
983d461b-79b8-4a01-90d2-cdba4fbeb706,0.30000000000000004,0.18000000000000002,0.061637118458747864
983d461b-79b8-4a01-90d2-cdba4fbeb706,0.30000000000000004,0.23,0.07201094180345535
992c0527-65bb-415e-bb4d-3935896f2903,0.0,0.03,0.27065128087997437
992c0527-65bb-415e-bb4d-3935896f2903,0.0,0.08,0.31517624855041504
992c0527-65bb-415e-bb4d-3935896f2903,0.0,0.13,0.23645688593387604
992c0527-65bb-415e-bb4d-3935896f2903,0.0,0.18000000000000002,0.18747670948505402
992c0527-65bb-415e-bb4d-3935896f2903,0.0,0.23,0.15482446551322937
992c0527-65bb-415e-bb4d-3935896f2903,0.01,0.03,0.24209611117839813
992c0527-65bb-415e-bb4d-3935896f2903,0.01,0.08,0.24711419641971588
992c0527-65bb-415e-bb4d-3935896f2903,0.01,0.13,0.174528107047081
992c0527-65bb-415e-bb4d-3935896f2903,0.01,0.18000000000000002,0.13946332037448883
992c0527-65bb-415e-bb4d-3935896f2903,0.01,0.23,0.12190712988376617
992c0527-65bb-415e-bb4d-3935896f2903,0.02,0.03,0.2512376010417938
992c0527-65bb-415e-bb4d-3935896f2903,0.02,0.08,0.21455122530460358
992c0527-65bb-415e-bb4d-3935896f2903,0.02,0.13,0.15248054265975952
992c0527-65bb-415e-bb4d-3935896f2903,0.02,0.18000000000000002,0.12001751363277435
992c0527-65bb-415e-bb4d-3935896f2903,0.02,0.23,0.10765436291694641
992c0527-65bb-415e-bb4d-3935896f2903,0.03,0.03,0.2343861311674118
992c0527-65bb-415e-bb4d-3935896f2903,0.03,0.08,0.16050346195697784
992c0527-65bb-415e-bb4d-3935896f2903,0.03,0.13,0.1194276213645935
992c0527-65bb-415e-bb4d-3935896f2903,0.03,0.18000000000000002,0.1025242730975151
992c0527-65bb-415e-bb4d-3935896f2903,0.03,0.23,0.08708450198173523
992c0527-65bb-415e-bb4d-3935896f2903,0.04,0.03,0.17315463721752167
992c0527-65bb-415e-bb4d-3935896f2903,0.04,0.08,0.12216264754533768
992c0527-65bb-415e-bb4d-3935896f2903,0.05,0.03,0.11637084931135178
992c0527-65bb-415e-bb4d-3935896f2903,0.05,0.08,0.08833140134811401
992c0527-65bb-415e-bb4d-3935896f2903,0.05,0.13,0.0728270411491394
992c0527-65bb-415e-bb4d-3935896f2903,0.05,0.18000000000000002,0.07211488485336304
992c0527-65bb-415e-bb4d-3935896f2903,0.05,0.23,0.07080091536045074
992c0527-65bb-415e-bb4d-3935896f2903,0.1,0.03,0.058964356780052185
992c0527-65bb-415e-bb4d-3935896f2903,0.1,0.08,0.06791234016418457
992c0527-65bb-415e-bb4d-3935896f2903,0.1,0.13,0.06792622804641724
992c0527-65bb-415e-bb4d-3935896f2903,0.1,0.18000000000000002,0.07461229711771011
992c0527-65bb-415e-bb4d-3935896f2903,0.1,0.23,0.07540959864854813
992c0527-65bb-415e-bb4d-3935896f2903,0.15000000000000002,0.03,0.046902917325496674
992c0527-65bb-415e-bb4d-3935896f2903,0.15000000000000002,0.08,0.0680401474237442
992c0527-65bb-415e-bb4d-3935896f2903,0.15000000000000002,0.13,0.0664539784193039
992c0527-65bb-415e-bb4d-3935896f2903,0.15000000000000002,0.18000000000000002,0.06930920481681824
992c0527-65bb-415e-bb4d-3935896f2903,0.15000000000000002,0.23,0.06628677994012833
992c0527-65bb-415e-bb4d-3935896f2903,0.2,0.03,0.051559753715991974
992c0527-65bb-415e-bb4d-3935896f2903,0.2,0.08,0.057300668209791183
992c0527-65bb-415e-bb4d-3935896f2903,0.2,0.13,0.06146368384361267
992c0527-65bb-415e-bb4d-3935896f2903,0.2,0.18000000000000002,0.06001238524913788
992c0527-65bb-415e-bb4d-3935896f2903,0.2,0.23,0.06605850160121918
992c0527-65bb-415e-bb4d-3935896f2903,0.25,0.03,0.047821786254644394
992c0527-65bb-415e-bb4d-3935896f2903,0.25,0.08,0.05980273336172104
992c0527-65bb-415e-bb4d-3935896f2903,0.25,0.13,0.060459744185209274
992c0527-65bb-415e-bb4d-3935896f2903,0.25,0.18000000000000002,0.06568833440542221
992c0527-65bb-415e-bb4d-3935896f2903,0.25,0.23,0.06425509601831436
992c0527-65bb-415e-bb4d-3935896f2903,0.30000000000000004,0.03,0.05238619074225426
992c0527-65bb-415e-bb4d-3935896f2903,0.30000000000000004,0.08,0.057562291622161865
992c0527-65bb-415e-bb4d-3935896f2903,0.30000000000000004,0.13,0.06396829336881638
992c0527-65bb-415e-bb4d-3935896f2903,0.30000000000000004,0.18000000000000002,0.06780055165290833
992c0527-65bb-415e-bb4d-3935896f2903,0.30000000000000004,0.23,0.0687999352812767
99f897f1-f285-43d9-9325-6de43204f815,0.0,0.03,0.059771664440631866
99f897f1-f285-43d9-9325-6de43204f815,0.0,0.08,0.10112705081701279
99f897f1-f285-43d9-9325-6de43204f815,0.0,0.13,0.10659870505332947
99f897f1-f285-43d9-9325-6de43204f815,0.0,0.18000000000000002,0.09740316867828369
99f897f1-f285-43d9-9325-6de43204f815,0.0,0.23,0.08350029587745667
99f897f1-f285-43d9-9325-6de43204f815,0.01,0.03,0.053300708532333374
99f897f1-f285-43d9-9325-6de43204f815,0.01,0.08,0.08846799284219742
99f897f1-f285-43d9-9325-6de43204f815,0.01,0.13,0.09817501902580261
99f897f1-f285-43d9-9325-6de43204f815,0.01,0.18000000000000002,0.09144189953804016
99f897f1-f285-43d9-9325-6de43204f815,0.01,0.23,0.0800880715250969
99f897f1-f285-43d9-9325-6de43204f815,0.02,0.03,0.05791497230529785
99f897f1-f285-43d9-9325-6de43204f815,0.02,0.08,0.09216030687093735
99f897f1-f285-43d9-9325-6de43204f815,0.02,0.13,0.10038464516401291
99f897f1-f285-43d9-9325-6de43204f815,0.02,0.18000000000000002,0.09256128966808319
99f897f1-f285-43d9-9325-6de43204f815,0.02,0.23,0.0832342728972435
99f897f1-f285-43d9-9325-6de43204f815,0.03,0.03,0.0600275918841362
99f897f1-f285-43d9-9325-6de43204f815,0.03,0.08,0.09971138089895248
99f897f1-f285-43d9-9325-6de43204f815,0.03,0.13,0.09745396673679352
99f897f1-f285-43d9-9325-6de43204f815,0.03,0.18000000000000002,0.08671386539936066
99f897f1-f285-43d9-9325-6de43204f815,0.03,0.23,0.08200806379318237
99f897f1-f285-43d9-9325-6de43204f815,0.04,0.03,0.059762001037597656
99f897f1-f285-43d9-9325-6de43204f815,0.04,0.08,0.09905921667814255
99f897f1-f285-43d9-9325-6de43204f815,0.05,0.03,0.06795097142457962
99f897f1-f285-43d9-9325-6de43204f815,0.05,0.08,0.08608010411262512
99f897f1-f285-43d9-9325-6de43204f815,0.05,0.13,0.0814879760146141
99f897f1-f285-43d9-9325-6de43204f815,0.05,0.18000000000000002,0.08138957619667053
99f897f1-f285-43d9-9325-6de43204f815,0.05,0.23,0.08503155410289764
99f897f1-f285-43d9-9325-6de43204f815,0.1,0.03,0.050393301993608475
99f897f1-f285-43d9-9325-6de43204f815,0.1,0.08,0.06961029022932053
99f897f1-f285-43d9-9325-6de43204f815,0.1,0.13,0.07394449412822723
99f897f1-f285-43d9-9325-6de43204f815,0.1,0.18000000000000002,0.07959981262683868
99f897f1-f285-43d9-9325-6de43204f815,0.1,0.23,0.07404017448425293
99f897f1-f285-43d9-9325-6de43204f815,0.15000000000000002,0.03,0.046705055981874466
99f897f1-f285-43d9-9325-6de43204f815,0.15000000000000002,0.08,0.06316535919904709
99f897f1-f285-43d9-9325-6de43204f815,0.15000000000000002,0.13,0.06418409198522568
99f897f1-f285-43d9-9325-6de43204f815,0.15000000000000002,0.18000000000000002,0.06308229267597198
99f897f1-f285-43d9-9325-6de43204f815,0.15000000000000002,0.23,0.06726869195699692
99f897f1-f285-43d9-9325-6de43204f815,0.2,0.03,0.045812882483005524
99f897f1-f285-43d9-9325-6de43204f815,0.2,0.08,0.059119585901498795
99f897f1-f285-43d9-9325-6de43204f815,0.2,0.13,0.05689450353384018
99f897f1-f285-43d9-9325-6de43204f815,0.2,0.18000000000000002,0.06597961485385895
99f897f1-f285-43d9-9325-6de43204f815,0.2,0.23,0.07012142241001129
99f897f1-f285-43d9-9325-6de43204f815,0.25,0.03,0.05102258920669556
99f897f1-f285-43d9-9325-6de43204f815,0.25,0.08,0.05657389387488365
99f897f1-f285-43d9-9325-6de43204f815,0.25,0.13,0.07159294933080673
99f897f1-f285-43d9-9325-6de43204f815,0.25,0.18000000000000002,0.07542940974235535
99f897f1-f285-43d9-9325-6de43204f815,0.25,0.23,0.07448147982358932
99f897f1-f285-43d9-9325-6de43204f815,0.30000000000000004,0.03,0.04678560793399811
99f897f1-f285-43d9-9325-6de43204f815,0.30000000000000004,0.08,0.06272689253091812
99f897f1-f285-43d9-9325-6de43204f815,0.30000000000000004,0.13,0.07142744958400726
99f897f1-f285-43d9-9325-6de43204f815,0.30000000000000004,0.18000000000000002,0.06909497082233429
99f897f1-f285-43d9-9325-6de43204f815,0.30000000000000004,0.23,0.06704949587583542
9a01a2a6-c2c6-4868-b3c0-d3b469e4cef2,0.0,0.03,0.21280868351459503
9a01a2a6-c2c6-4868-b3c0-d3b469e4cef2,0.0,0.08,0.24458622932434082
9a01a2a6-c2c6-4868-b3c0-d3b469e4cef2,0.0,0.13,0.17259976267814636
9a01a2a6-c2c6-4868-b3c0-d3b469e4cef2,0.0,0.18000000000000002,0.12061264365911484
9a01a2a6-c2c6-4868-b3c0-d3b469e4cef2,0.0,0.23,0.10106649249792099
9a01a2a6-c2c6-4868-b3c0-d3b469e4cef2,0.01,0.03,0.23287822306156158
9a01a2a6-c2c6-4868-b3c0-d3b469e4cef2,0.01,0.08,0.2256651222705841
9a01a2a6-c2c6-4868-b3c0-d3b469e4cef2,0.01,0.13,0.13453280925750732
9a01a2a6-c2c6-4868-b3c0-d3b469e4cef2,0.01,0.18000000000000002,0.10282351076602936
9a01a2a6-c2c6-4868-b3c0-d3b469e4cef2,0.01,0.23,0.09177044034004211
9a01a2a6-c2c6-4868-b3c0-d3b469e4cef2,0.02,0.03,0.23433040082454681
9a01a2a6-c2c6-4868-b3c0-d3b469e4cef2,0.02,0.08,0.18860098719596863
9a01a2a6-c2c6-4868-b3c0-d3b469e4cef2,0.02,0.13,0.12260184437036514
9a01a2a6-c2c6-4868-b3c0-d3b469e4cef2,0.02,0.18000000000000002,0.09640135616064072
9a01a2a6-c2c6-4868-b3c0-d3b469e4cef2,0.02,0.23,0.09470149874687195
9a01a2a6-c2c6-4868-b3c0-d3b469e4cef2,0.03,0.03,0.2107744812965393
9a01a2a6-c2c6-4868-b3c0-d3b469e4cef2,0.03,0.08,0.14216135442256927
9a01a2a6-c2c6-4868-b3c0-d3b469e4cef2,0.03,0.13,0.11125597357749939
9a01a2a6-c2c6-4868-b3c0-d3b469e4cef2,0.03,0.18000000000000002,0.09064367413520813
9a01a2a6-c2c6-4868-b3c0-d3b469e4cef2,0.03,0.23,0.09693929553031921
9a01a2a6-c2c6-4868-b3c0-d3b469e4cef2,0.04,0.03,0.16547168791294098
9a01a2a6-c2c6-4868-b3c0-d3b469e4cef2,0.04,0.08,0.1185477003455162
9a01a2a6-c2c6-4868-b3c0-d3b469e4cef2,0.05,0.03,0.13974057137966156
9a01a2a6-c2c6-4868-b3c0-d3b469e4cef2,0.05,0.08,0.13374993205070496
9a01a2a6-c2c6-4868-b3c0-d3b469e4cef2,0.05,0.13,0.1095847561955452
9a01a2a6-c2c6-4868-b3c0-d3b469e4cef2,0.05,0.18000000000000002,0.09809079021215439
9a01a2a6-c2c6-4868-b3c0-d3b469e4cef2,0.05,0.23,0.09475480020046234
9a01a2a6-c2c6-4868-b3c0-d3b469e4cef2,0.1,0.03,0.10426314175128937
9a01a2a6-c2c6-4868-b3c0-d3b469e4cef2,0.1,0.08,0.09063217043876648
9a01a2a6-c2c6-4868-b3c0-d3b469e4cef2,0.1,0.13,0.07884492725133896
9a01a2a6-c2c6-4868-b3c0-d3b469e4cef2,0.1,0.18000000000000002,0.07840286940336227
9a01a2a6-c2c6-4868-b3c0-d3b469e4cef2,0.1,0.23,0.080115906894207
9a01a2a6-c2c6-4868-b3c0-d3b469e4cef2,0.15000000000000002,0.03,0.0556129515171051
9a01a2a6-c2c6-4868-b3c0-d3b469e4cef2,0.15000000000000002,0.08,0.07555635273456573
9a01a2a6-c2c6-4868-b3c0-d3b469e4cef2,0.15000000000000002,0.13,0.07785848528146744
9a01a2a6-c2c6-4868-b3c0-d3b469e4cef2,0.15000000000000002,0.18000000000000002,0.0784439966082573
9a01a2a6-c2c6-4868-b3c0-d3b469e4cef2,0.15000000000000002,0.23,0.08731576800346375
9a01a2a6-c2c6-4868-b3c0-d3b469e4cef2,0.2,0.03,0.057116955518722534
9a01a2a6-c2c6-4868-b3c0-d3b469e4cef2,0.2,0.08,0.0612848624587059
9a01a2a6-c2c6-4868-b3c0-d3b469e4cef2,0.2,0.13,0.07124927639961243
9a01a2a6-c2c6-4868-b3c0-d3b469e4cef2,0.2,0.18000000000000002,0.08142973482608795
9a01a2a6-c2c6-4868-b3c0-d3b469e4cef2,0.2,0.23,0.08251427114009857
9a01a2a6-c2c6-4868-b3c0-d3b469e4cef2,0.25,0.03,0.05091096833348274
9a01a2a6-c2c6-4868-b3c0-d3b469e4cef2,0.25,0.08,0.06860172003507614
9a01a2a6-c2c6-4868-b3c0-d3b469e4cef2,0.25,0.13,0.07864457368850708
9a01a2a6-c2c6-4868-b3c0-d3b469e4cef2,0.25,0.18000000000000002,0.0800514817237854
9a01a2a6-c2c6-4868-b3c0-d3b469e4cef2,0.25,0.23,0.08090844750404358
9a01a2a6-c2c6-4868-b3c0-d3b469e4cef2,0.30000000000000004,0.03,0.05123953893780708
9a01a2a6-c2c6-4868-b3c0-d3b469e4cef2,0.30000000000000004,0.08,0.07558142393827438
9a01a2a6-c2c6-4868-b3c0-d3b469e4cef2,0.30000000000000004,0.13,0.0759507343173027
9a01a2a6-c2c6-4868-b3c0-d3b469e4cef2,0.30000000000000004,0.18000000000000002,0.07250750809907913
9a01a2a6-c2c6-4868-b3c0-d3b469e4cef2,0.30000000000000004,0.23,0.07881902158260345
9a3a7f77-3e79-40c1-b387-a72d700ba211,0.0,0.03,0.09465842694044113
9a3a7f77-3e79-40c1-b387-a72d700ba211,0.0,0.08,0.16841556131839752
9a3a7f77-3e79-40c1-b387-a72d700ba211,0.0,0.13,0.18299274146556854
9a3a7f77-3e79-40c1-b387-a72d700ba211,0.0,0.18000000000000002,0.16888903081417084
9a3a7f77-3e79-40c1-b387-a72d700ba211,0.0,0.23,0.1479889154434204
9a3a7f77-3e79-40c1-b387-a72d700ba211,0.01,0.03,0.11720865219831467
9a3a7f77-3e79-40c1-b387-a72d700ba211,0.01,0.08,0.166440948843956
9a3a7f77-3e79-40c1-b387-a72d700ba211,0.01,0.13,0.16354712843894958
9a3a7f77-3e79-40c1-b387-a72d700ba211,0.01,0.18000000000000002,0.14080612361431122
9a3a7f77-3e79-40c1-b387-a72d700ba211,0.01,0.23,0.12444604933261871
9a3a7f77-3e79-40c1-b387-a72d700ba211,0.02,0.03,0.132067009806633
9a3a7f77-3e79-40c1-b387-a72d700ba211,0.02,0.08,0.1770508736371994
9a3a7f77-3e79-40c1-b387-a72d700ba211,0.02,0.13,0.16139847040176392
9a3a7f77-3e79-40c1-b387-a72d700ba211,0.02,0.18000000000000002,0.1378156542778015
9a3a7f77-3e79-40c1-b387-a72d700ba211,0.02,0.23,0.11868367344141006
9a3a7f77-3e79-40c1-b387-a72d700ba211,0.03,0.03,0.14413146674633026
9a3a7f77-3e79-40c1-b387-a72d700ba211,0.03,0.08,0.17580054700374603
9a3a7f77-3e79-40c1-b387-a72d700ba211,0.03,0.13,0.15495483577251434
9a3a7f77-3e79-40c1-b387-a72d700ba211,0.03,0.18000000000000002,0.12704195082187653
9a3a7f77-3e79-40c1-b387-a72d700ba211,0.03,0.23,0.11424119770526886
9a3a7f77-3e79-40c1-b387-a72d700ba211,0.04,0.03,0.14627277851104736
9a3a7f77-3e79-40c1-b387-a72d700ba211,0.04,0.08,0.16372676193714142
9a3a7f77-3e79-40c1-b387-a72d700ba211,0.05,0.03,0.15873681008815765
9a3a7f77-3e79-40c1-b387-a72d700ba211,0.05,0.08,0.1786818951368332
9a3a7f77-3e79-40c1-b387-a72d700ba211,0.05,0.13,0.15919984877109528
9a3a7f77-3e79-40c1-b387-a72d700ba211,0.05,0.18000000000000002,0.13475048542022705
9a3a7f77-3e79-40c1-b387-a72d700ba211,0.05,0.23,0.11183924227952957
9a3a7f77-3e79-40c1-b387-a72d700ba211,0.1,0.03,0.11847272515296936
9a3a7f77-3e79-40c1-b387-a72d700ba211,0.1,0.08,0.12044882029294968
9a3a7f77-3e79-40c1-b387-a72d700ba211,0.1,0.13,0.10519301891326904
9a3a7f77-3e79-40c1-b387-a72d700ba211,0.1,0.18000000000000002,0.08948800712823868
9a3a7f77-3e79-40c1-b387-a72d700ba211,0.1,0.23,0.0797613263130188
9a3a7f77-3e79-40c1-b387-a72d700ba211,0.15000000000000002,0.03,0.08856318145990372
9a3a7f77-3e79-40c1-b387-a72d700ba211,0.15000000000000002,0.08,0.08641399443149567
9a3a7f77-3e79-40c1-b387-a72d700ba211,0.15000000000000002,0.13,0.07429835945367813
9a3a7f77-3e79-40c1-b387-a72d700ba211,0.15000000000000002,0.18000000000000002,0.0704800933599472
9a3a7f77-3e79-40c1-b387-a72d700ba211,0.15000000000000002,0.23,0.0715000331401825
9a3a7f77-3e79-40c1-b387-a72d700ba211,0.2,0.03,0.06545012444257736
9a3a7f77-3e79-40c1-b387-a72d700ba211,0.2,0.08,0.06638389080762863
9a3a7f77-3e79-40c1-b387-a72d700ba211,0.2,0.13,0.0642673596739769
9a3a7f77-3e79-40c1-b387-a72d700ba211,0.2,0.18000000000000002,0.06668948382139206
9a3a7f77-3e79-40c1-b387-a72d700ba211,0.2,0.23,0.06558137387037277
9a3a7f77-3e79-40c1-b387-a72d700ba211,0.25,0.03,0.054104823619127274
9a3a7f77-3e79-40c1-b387-a72d700ba211,0.25,0.08,0.06235366687178612
9a3a7f77-3e79-40c1-b387-a72d700ba211,0.25,0.13,0.06423124670982361
9a3a7f77-3e79-40c1-b387-a72d700ba211,0.25,0.18000000000000002,0.06508807092905045
9a3a7f77-3e79-40c1-b387-a72d700ba211,0.25,0.23,0.06085851415991783
9a3a7f77-3e79-40c1-b387-a72d700ba211,0.30000000000000004,0.03,0.0542830228805542
9a3a7f77-3e79-40c1-b387-a72d700ba211,0.30000000000000004,0.08,0.059506747871637344
9a3a7f77-3e79-40c1-b387-a72d700ba211,0.30000000000000004,0.13,0.0611579455435276
9a3a7f77-3e79-40c1-b387-a72d700ba211,0.30000000000000004,0.18000000000000002,0.059215232729911804
9a3a7f77-3e79-40c1-b387-a72d700ba211,0.30000000000000004,0.23,0.06490996479988098
9b0a3b2f-0b38-49f6-8304-7aa44b9682f1,0.0,0.03,0.059356365352869034
9b0a3b2f-0b38-49f6-8304-7aa44b9682f1,0.0,0.08,0.05963023006916046
9b0a3b2f-0b38-49f6-8304-7aa44b9682f1,0.0,0.13,0.06868014484643936
9b0a3b2f-0b38-49f6-8304-7aa44b9682f1,0.0,0.18000000000000002,0.07411094009876251
9b0a3b2f-0b38-49f6-8304-7aa44b9682f1,0.0,0.23,0.06957849115133286
9b0a3b2f-0b38-49f6-8304-7aa44b9682f1,0.01,0.03,0.0655575841665268
9b0a3b2f-0b38-49f6-8304-7aa44b9682f1,0.01,0.08,0.06321629136800766
9b0a3b2f-0b38-49f6-8304-7aa44b9682f1,0.01,0.13,0.07381400465965271
9b0a3b2f-0b38-49f6-8304-7aa44b9682f1,0.01,0.18000000000000002,0.07250148802995682
9b0a3b2f-0b38-49f6-8304-7aa44b9682f1,0.01,0.23,0.07664133608341217
9b0a3b2f-0b38-49f6-8304-7aa44b9682f1,0.02,0.03,0.046051025390625
9b0a3b2f-0b38-49f6-8304-7aa44b9682f1,0.02,0.08,0.05675947293639183
9b0a3b2f-0b38-49f6-8304-7aa44b9682f1,0.02,0.13,0.06816839426755905
9b0a3b2f-0b38-49f6-8304-7aa44b9682f1,0.02,0.18000000000000002,0.07078481465578079
9b0a3b2f-0b38-49f6-8304-7aa44b9682f1,0.02,0.23,0.07146161794662476
9b0a3b2f-0b38-49f6-8304-7aa44b9682f1,0.03,0.03,0.046031415462493896
9b0a3b2f-0b38-49f6-8304-7aa44b9682f1,0.03,0.08,0.06191548705101013
9b0a3b2f-0b38-49f6-8304-7aa44b9682f1,0.03,0.13,0.06932029873132706
9b0a3b2f-0b38-49f6-8304-7aa44b9682f1,0.03,0.18000000000000002,0.07321538776159286
9b0a3b2f-0b38-49f6-8304-7aa44b9682f1,0.03,0.23,0.07349976152181625
9b0a3b2f-0b38-49f6-8304-7aa44b9682f1,0.04,0.03,0.05018899217247963
9b0a3b2f-0b38-49f6-8304-7aa44b9682f1,0.04,0.08,0.06367570161819458
9b0a3b2f-0b38-49f6-8304-7aa44b9682f1,0.05,0.03,0.047051459550857544
9b0a3b2f-0b38-49f6-8304-7aa44b9682f1,0.05,0.08,0.06064192205667496
9b0a3b2f-0b38-49f6-8304-7aa44b9682f1,0.05,0.13,0.06667736917734146
9b0a3b2f-0b38-49f6-8304-7aa44b9682f1,0.05,0.18000000000000002,0.06891930848360062
9b0a3b2f-0b38-49f6-8304-7aa44b9682f1,0.05,0.23,0.07031810283660889
9b0a3b2f-0b38-49f6-8304-7aa44b9682f1,0.1,0.03,0.04709488898515701
9b0a3b2f-0b38-49f6-8304-7aa44b9682f1,0.1,0.08,0.06402751058340073
9b0a3b2f-0b38-49f6-8304-7aa44b9682f1,0.1,0.13,0.058391813188791275
9b0a3b2f-0b38-49f6-8304-7aa44b9682f1,0.1,0.18000000000000002,0.0612887367606163
9b0a3b2f-0b38-49f6-8304-7aa44b9682f1,0.1,0.23,0.06515595316886902
9b0a3b2f-0b38-49f6-8304-7aa44b9682f1,0.15000000000000002,0.03,0.04872541129589081
9b0a3b2f-0b38-49f6-8304-7aa44b9682f1,0.15000000000000002,0.08,0.05710296332836151
9b0a3b2f-0b38-49f6-8304-7aa44b9682f1,0.15000000000000002,0.13,0.06391918659210205
9b0a3b2f-0b38-49f6-8304-7aa44b9682f1,0.15000000000000002,0.18000000000000002,0.06560830771923065
9b0a3b2f-0b38-49f6-8304-7aa44b9682f1,0.15000000000000002,0.23,0.07538441568613052
9b0a3b2f-0b38-49f6-8304-7aa44b9682f1,0.2,0.03,0.04509294033050537
9b0a3b2f-0b38-49f6-8304-7aa44b9682f1,0.2,0.08,0.05967387557029724
9b0a3b2f-0b38-49f6-8304-7aa44b9682f1,0.2,0.13,0.06797635555267334
9b0a3b2f-0b38-49f6-8304-7aa44b9682f1,0.2,0.18000000000000002,0.0683402419090271
9b0a3b2f-0b38-49f6-8304-7aa44b9682f1,0.2,0.23,0.07162804901599884
9b0a3b2f-0b38-49f6-8304-7aa44b9682f1,0.25,0.03,0.05105048418045044
9b0a3b2f-0b38-49f6-8304-7aa44b9682f1,0.25,0.08,0.06071125343441963
9b0a3b2f-0b38-49f6-8304-7aa44b9682f1,0.25,0.13,0.06403530389070511
9b0a3b2f-0b38-49f6-8304-7aa44b9682f1,0.25,0.18000000000000002,0.06740189343690872
9b0a3b2f-0b38-49f6-8304-7aa44b9682f1,0.25,0.23,0.07033593952655792
9b0a3b2f-0b38-49f6-8304-7aa44b9682f1,0.30000000000000004,0.03,0.04825294762849808
9b0a3b2f-0b38-49f6-8304-7aa44b9682f1,0.30000000000000004,0.08,0.05923975259065628
9b0a3b2f-0b38-49f6-8304-7aa44b9682f1,0.30000000000000004,0.13,0.06334676593542099
9b0a3b2f-0b38-49f6-8304-7aa44b9682f1,0.30000000000000004,0.18000000000000002,0.0686526894569397
9b0a3b2f-0b38-49f6-8304-7aa44b9682f1,0.30000000000000004,0.23,0.07312235236167908
9c1cc8c4-462a-461c-a59c-e5459667fb51,0.0,0.03,0.052787117660045624
9c1cc8c4-462a-461c-a59c-e5459667fb51,0.0,0.08,0.0609738826751709
9c1cc8c4-462a-461c-a59c-e5459667fb51,0.0,0.13,0.06810471415519714
9c1cc8c4-462a-461c-a59c-e5459667fb51,0.0,0.18000000000000002,0.07954636216163635
9c1cc8c4-462a-461c-a59c-e5459667fb51,0.0,0.23,0.07838605344295502
9c1cc8c4-462a-461c-a59c-e5459667fb51,0.01,0.03,0.05140802636742592
9c1cc8c4-462a-461c-a59c-e5459667fb51,0.01,0.08,0.06410921365022659
9c1cc8c4-462a-461c-a59c-e5459667fb51,0.01,0.13,0.07062333822250366
9c1cc8c4-462a-461c-a59c-e5459667fb51,0.01,0.18000000000000002,0.0786270722746849
9c1cc8c4-462a-461c-a59c-e5459667fb51,0.01,0.23,0.07513745129108429
9c1cc8c4-462a-461c-a59c-e5459667fb51,0.02,0.03,0.052665624767541885
9c1cc8c4-462a-461c-a59c-e5459667fb51,0.02,0.08,0.06654098629951477
9c1cc8c4-462a-461c-a59c-e5459667fb51,0.02,0.13,0.07354754954576492
9c1cc8c4-462a-461c-a59c-e5459667fb51,0.02,0.18000000000000002,0.07591357082128525
9c1cc8c4-462a-461c-a59c-e5459667fb51,0.02,0.23,0.07287143170833588
9c1cc8c4-462a-461c-a59c-e5459667fb51,0.03,0.03,0.050287749618291855
9c1cc8c4-462a-461c-a59c-e5459667fb51,0.03,0.08,0.06303378194570541
9c1cc8c4-462a-461c-a59c-e5459667fb51,0.03,0.13,0.07535362988710403
9c1cc8c4-462a-461c-a59c-e5459667fb51,0.03,0.18000000000000002,0.07593976706266403
9c1cc8c4-462a-461c-a59c-e5459667fb51,0.03,0.23,0.07401123642921448
9c1cc8c4-462a-461c-a59c-e5459667fb51,0.04,0.03,0.0507679209113121
9c1cc8c4-462a-461c-a59c-e5459667fb51,0.04,0.08,0.06215139850974083
9c1cc8c4-462a-461c-a59c-e5459667fb51,0.05,0.03,0.04936022311449051
9c1cc8c4-462a-461c-a59c-e5459667fb51,0.05,0.08,0.05871003493666649
9c1cc8c4-462a-461c-a59c-e5459667fb51,0.05,0.13,0.07076261937618256
9c1cc8c4-462a-461c-a59c-e5459667fb51,0.05,0.18000000000000002,0.07462743669748306
9c1cc8c4-462a-461c-a59c-e5459667fb51,0.05,0.23,0.06879419833421707
9c1cc8c4-462a-461c-a59c-e5459667fb51,0.1,0.03,0.050652652978897095
9c1cc8c4-462a-461c-a59c-e5459667fb51,0.1,0.08,0.07223866879940033
9c1cc8c4-462a-461c-a59c-e5459667fb51,0.1,0.13,0.07650438696146011
9c1cc8c4-462a-461c-a59c-e5459667fb51,0.1,0.18000000000000002,0.06498140841722488
9c1cc8c4-462a-461c-a59c-e5459667fb51,0.1,0.23,0.059784673154354095
9c1cc8c4-462a-461c-a59c-e5459667fb51,0.15000000000000002,0.03,0.056573331356048584
9c1cc8c4-462a-461c-a59c-e5459667fb51,0.15000000000000002,0.08,0.06830143928527832
9c1cc8c4-462a-461c-a59c-e5459667fb51,0.15000000000000002,0.13,0.058078039437532425
9c1cc8c4-462a-461c-a59c-e5459667fb51,0.15000000000000002,0.18000000000000002,0.06230592727661133
9c1cc8c4-462a-461c-a59c-e5459667fb51,0.15000000000000002,0.23,0.060978811234235764
9c1cc8c4-462a-461c-a59c-e5459667fb51,0.2,0.03,0.04479224234819412
9c1cc8c4-462a-461c-a59c-e5459667fb51,0.2,0.08,0.06223294511437416
9c1cc8c4-462a-461c-a59c-e5459667fb51,0.2,0.13,0.06372205913066864
9c1cc8c4-462a-461c-a59c-e5459667fb51,0.2,0.18000000000000002,0.0618673712015152
9c1cc8c4-462a-461c-a59c-e5459667fb51,0.2,0.23,0.05883974954485893
9c1cc8c4-462a-461c-a59c-e5459667fb51,0.25,0.03,0.045279040932655334
9c1cc8c4-462a-461c-a59c-e5459667fb51,0.25,0.08,0.0583794079720974
9c1cc8c4-462a-461c-a59c-e5459667fb51,0.25,0.13,0.056335024535655975
9c1cc8c4-462a-461c-a59c-e5459667fb51,0.25,0.18000000000000002,0.057689618319272995
9c1cc8c4-462a-461c-a59c-e5459667fb51,0.25,0.23,0.057530757039785385
9c1cc8c4-462a-461c-a59c-e5459667fb51,0.30000000000000004,0.03,0.048154566437006
9c1cc8c4-462a-461c-a59c-e5459667fb51,0.30000000000000004,0.08,0.06009086221456528
9c1cc8c4-462a-461c-a59c-e5459667fb51,0.30000000000000004,0.13,0.06561148166656494
9c1cc8c4-462a-461c-a59c-e5459667fb51,0.30000000000000004,0.18000000000000002,0.05999421700835228
9c1cc8c4-462a-461c-a59c-e5459667fb51,0.30000000000000004,0.23,0.05904797837138176
9ced414b-ebbe-4f5c-9c7e-3f1031f8cc93,0.0,0.03,0.13133619725704193
9ced414b-ebbe-4f5c-9c7e-3f1031f8cc93,0.0,0.08,0.19514009356498718
9ced414b-ebbe-4f5c-9c7e-3f1031f8cc93,0.0,0.13,0.20835214853286743
9ced414b-ebbe-4f5c-9c7e-3f1031f8cc93,0.0,0.18000000000000002,0.20866477489471436
9ced414b-ebbe-4f5c-9c7e-3f1031f8cc93,0.0,0.23,0.2105327844619751
9ced414b-ebbe-4f5c-9c7e-3f1031f8cc93,0.01,0.03,0.13139840960502625
9ced414b-ebbe-4f5c-9c7e-3f1031f8cc93,0.01,0.08,0.1802682876586914
9ced414b-ebbe-4f5c-9c7e-3f1031f8cc93,0.01,0.13,0.20510755479335785
9ced414b-ebbe-4f5c-9c7e-3f1031f8cc93,0.01,0.18000000000000002,0.2056911736726761
9ced414b-ebbe-4f5c-9c7e-3f1031f8cc93,0.01,0.23,0.20410627126693726
9ced414b-ebbe-4f5c-9c7e-3f1031f8cc93,0.02,0.03,0.14115042984485626
9ced414b-ebbe-4f5c-9c7e-3f1031f8cc93,0.02,0.08,0.18541209399700165
9ced414b-ebbe-4f5c-9c7e-3f1031f8cc93,0.02,0.13,0.19857148826122284
9ced414b-ebbe-4f5c-9c7e-3f1031f8cc93,0.02,0.18000000000000002,0.20553167164325714
9ced414b-ebbe-4f5c-9c7e-3f1031f8cc93,0.02,0.23,0.19703099131584167
9ced414b-ebbe-4f5c-9c7e-3f1031f8cc93,0.03,0.03,0.1268971711397171
9ced414b-ebbe-4f5c-9c7e-3f1031f8cc93,0.03,0.08,0.18713262677192688
9ced414b-ebbe-4f5c-9c7e-3f1031f8cc93,0.03,0.13,0.1950598806142807
9ced414b-ebbe-4f5c-9c7e-3f1031f8cc93,0.03,0.18000000000000002,0.20175844430923462
9ced414b-ebbe-4f5c-9c7e-3f1031f8cc93,0.03,0.23,0.18764355778694153
9ced414b-ebbe-4f5c-9c7e-3f1031f8cc93,0.04,0.03,0.14058977365493774
9ced414b-ebbe-4f5c-9c7e-3f1031f8cc93,0.04,0.08,0.17982566356658936
9ced414b-ebbe-4f5c-9c7e-3f1031f8cc93,0.05,0.03,0.13661232590675354
9ced414b-ebbe-4f5c-9c7e-3f1031f8cc93,0.05,0.08,0.16915416717529297
9ced414b-ebbe-4f5c-9c7e-3f1031f8cc93,0.05,0.13,0.18074004352092743
9ced414b-ebbe-4f5c-9c7e-3f1031f8cc93,0.05,0.18000000000000002,0.18305473029613495
9ced414b-ebbe-4f5c-9c7e-3f1031f8cc93,0.05,0.23,0.16754674911499023
9ced414b-ebbe-4f5c-9c7e-3f1031f8cc93,0.1,0.03,0.10793526470661163
9ced414b-ebbe-4f5c-9c7e-3f1031f8cc93,0.1,0.08,0.13940207660198212
9ced414b-ebbe-4f5c-9c7e-3f1031f8cc93,0.1,0.13,0.14524653553962708
9ced414b-ebbe-4f5c-9c7e-3f1031f8cc93,0.1,0.18000000000000002,0.1296675056219101
9ced414b-ebbe-4f5c-9c7e-3f1031f8cc93,0.1,0.23,0.12045566737651825
9ced414b-ebbe-4f5c-9c7e-3f1031f8cc93,0.15000000000000002,0.03,0.08733078837394714
9ced414b-ebbe-4f5c-9c7e-3f1031f8cc93,0.15000000000000002,0.08,0.10628430545330048
9ced414b-ebbe-4f5c-9c7e-3f1031f8cc93,0.15000000000000002,0.13,0.10686854273080826
9ced414b-ebbe-4f5c-9c7e-3f1031f8cc93,0.15000000000000002,0.18000000000000002,0.10020215064287186
9ced414b-ebbe-4f5c-9c7e-3f1031f8cc93,0.15000000000000002,0.23,0.09223421663045883
9ced414b-ebbe-4f5c-9c7e-3f1031f8cc93,0.2,0.03,0.06785329431295395
9ced414b-ebbe-4f5c-9c7e-3f1031f8cc93,0.2,0.08,0.08290883153676987
9ced414b-ebbe-4f5c-9c7e-3f1031f8cc93,0.2,0.13,0.08880330622196198
9ced414b-ebbe-4f5c-9c7e-3f1031f8cc93,0.2,0.18000000000000002,0.1010783389210701
9ced414b-ebbe-4f5c-9c7e-3f1031f8cc93,0.2,0.23,0.11428387463092804
9ced414b-ebbe-4f5c-9c7e-3f1031f8cc93,0.25,0.03,0.06322594732046127
9ced414b-ebbe-4f5c-9c7e-3f1031f8cc93,0.25,0.08,0.08417370170354843
9ced414b-ebbe-4f5c-9c7e-3f1031f8cc93,0.25,0.13,0.10182290524244308
9ced414b-ebbe-4f5c-9c7e-3f1031f8cc93,0.25,0.18000000000000002,0.11455859988927841
9ced414b-ebbe-4f5c-9c7e-3f1031f8cc93,0.25,0.23,0.12908883392810822
9ced414b-ebbe-4f5c-9c7e-3f1031f8cc93,0.30000000000000004,0.03,0.06625828891992569
9ced414b-ebbe-4f5c-9c7e-3f1031f8cc93,0.30000000000000004,0.08,0.09079083055257797
9ced414b-ebbe-4f5c-9c7e-3f1031f8cc93,0.30000000000000004,0.13,0.10759633034467697
9ced414b-ebbe-4f5c-9c7e-3f1031f8cc93,0.30000000000000004,0.18000000000000002,0.12647317349910736
9ced414b-ebbe-4f5c-9c7e-3f1031f8cc93,0.30000000000000004,0.23,0.1464739441871643
9ecaf478-8def-4900-b29c-3f0f7a68fbc4,0.0,0.03,0.05121263861656189
9ecaf478-8def-4900-b29c-3f0f7a68fbc4,0.0,0.08,0.06107087805867195
9ecaf478-8def-4900-b29c-3f0f7a68fbc4,0.0,0.13,0.07151424139738083
9ecaf478-8def-4900-b29c-3f0f7a68fbc4,0.0,0.18000000000000002,0.08182216435670853
9ecaf478-8def-4900-b29c-3f0f7a68fbc4,0.0,0.23,0.08177043497562408
9ecaf478-8def-4900-b29c-3f0f7a68fbc4,0.01,0.03,0.04620945826172829
9ecaf478-8def-4900-b29c-3f0f7a68fbc4,0.01,0.08,0.05429348349571228
9ecaf478-8def-4900-b29c-3f0f7a68fbc4,0.01,0.13,0.07337366789579391
9ecaf478-8def-4900-b29c-3f0f7a68fbc4,0.01,0.18000000000000002,0.07673478871583939
9ecaf478-8def-4900-b29c-3f0f7a68fbc4,0.01,0.23,0.07650251686573029
9ecaf478-8def-4900-b29c-3f0f7a68fbc4,0.02,0.03,0.047593798488378525
9ecaf478-8def-4900-b29c-3f0f7a68fbc4,0.02,0.08,0.057578783482313156
9ecaf478-8def-4900-b29c-3f0f7a68fbc4,0.02,0.13,0.07585840672254562
9ecaf478-8def-4900-b29c-3f0f7a68fbc4,0.02,0.18000000000000002,0.08196908980607986
9ecaf478-8def-4900-b29c-3f0f7a68fbc4,0.02,0.23,0.07620831578969955
9ecaf478-8def-4900-b29c-3f0f7a68fbc4,0.03,0.03,0.04286978393793106
9ecaf478-8def-4900-b29c-3f0f7a68fbc4,0.03,0.08,0.06518448889255524
9ecaf478-8def-4900-b29c-3f0f7a68fbc4,0.03,0.13,0.07468631118535995
9ecaf478-8def-4900-b29c-3f0f7a68fbc4,0.03,0.18000000000000002,0.07592091709375381
9ecaf478-8def-4900-b29c-3f0f7a68fbc4,0.03,0.23,0.07193693518638611
9ecaf478-8def-4900-b29c-3f0f7a68fbc4,0.04,0.03,0.04622405022382736
9ecaf478-8def-4900-b29c-3f0f7a68fbc4,0.04,0.08,0.06090093404054642
9ecaf478-8def-4900-b29c-3f0f7a68fbc4,0.05,0.03,0.052150048315525055
9ecaf478-8def-4900-b29c-3f0f7a68fbc4,0.05,0.08,0.06471601128578186
9ecaf478-8def-4900-b29c-3f0f7a68fbc4,0.05,0.13,0.07748257368803024
9ecaf478-8def-4900-b29c-3f0f7a68fbc4,0.05,0.18000000000000002,0.07587597519159317
9ecaf478-8def-4900-b29c-3f0f7a68fbc4,0.05,0.23,0.07674278318881989
9ecaf478-8def-4900-b29c-3f0f7a68fbc4,0.1,0.03,0.046987488865852356
9ecaf478-8def-4900-b29c-3f0f7a68fbc4,0.1,0.08,0.06260430812835693
9ecaf478-8def-4900-b29c-3f0f7a68fbc4,0.1,0.13,0.06826748698949814
9ecaf478-8def-4900-b29c-3f0f7a68fbc4,0.1,0.18000000000000002,0.0707215964794159
9ecaf478-8def-4900-b29c-3f0f7a68fbc4,0.1,0.23,0.07378633320331573
9ecaf478-8def-4900-b29c-3f0f7a68fbc4,0.15000000000000002,0.03,0.05143655464053154
9ecaf478-8def-4900-b29c-3f0f7a68fbc4,0.15000000000000002,0.08,0.062078990042209625
9ecaf478-8def-4900-b29c-3f0f7a68fbc4,0.15000000000000002,0.13,0.06729930639266968
9ecaf478-8def-4900-b29c-3f0f7a68fbc4,0.15000000000000002,0.18000000000000002,0.07018504291772842
9ecaf478-8def-4900-b29c-3f0f7a68fbc4,0.15000000000000002,0.23,0.067270927131176
9ecaf478-8def-4900-b29c-3f0f7a68fbc4,0.2,0.03,0.049739524722099304
9ecaf478-8def-4900-b29c-3f0f7a68fbc4,0.2,0.08,0.057495806366205215
9ecaf478-8def-4900-b29c-3f0f7a68fbc4,0.2,0.13,0.07097373157739639
9ecaf478-8def-4900-b29c-3f0f7a68fbc4,0.2,0.18000000000000002,0.07059985399246216
9ecaf478-8def-4900-b29c-3f0f7a68fbc4,0.2,0.23,0.06396675109863281
9ecaf478-8def-4900-b29c-3f0f7a68fbc4,0.25,0.03,0.04669991880655289
9ecaf478-8def-4900-b29c-3f0f7a68fbc4,0.25,0.08,0.06501983851194382
9ecaf478-8def-4900-b29c-3f0f7a68fbc4,0.25,0.13,0.0641007274389267
9ecaf478-8def-4900-b29c-3f0f7a68fbc4,0.25,0.18000000000000002,0.060963381081819534
9ecaf478-8def-4900-b29c-3f0f7a68fbc4,0.25,0.23,0.06680560111999512
9ecaf478-8def-4900-b29c-3f0f7a68fbc4,0.30000000000000004,0.03,0.049580421298742294
9ecaf478-8def-4900-b29c-3f0f7a68fbc4,0.30000000000000004,0.08,0.05374903976917267
9ecaf478-8def-4900-b29c-3f0f7a68fbc4,0.30000000000000004,0.13,0.06252296268939972
9ecaf478-8def-4900-b29c-3f0f7a68fbc4,0.30000000000000004,0.18000000000000002,0.07079638540744781
9ecaf478-8def-4900-b29c-3f0f7a68fbc4,0.30000000000000004,0.23,0.06416657567024231
9ed3f03d-2efa-4027-ae94-f47e41611e67,0.0,0.03,0.06408527493476868
9ed3f03d-2efa-4027-ae94-f47e41611e67,0.0,0.08,0.08185066282749176
9ed3f03d-2efa-4027-ae94-f47e41611e67,0.0,0.13,0.07179884612560272
9ed3f03d-2efa-4027-ae94-f47e41611e67,0.0,0.18000000000000002,0.08532688021659851
9ed3f03d-2efa-4027-ae94-f47e41611e67,0.0,0.23,0.08263273537158966
9ed3f03d-2efa-4027-ae94-f47e41611e67,0.01,0.03,0.05837225541472435
9ed3f03d-2efa-4027-ae94-f47e41611e67,0.01,0.08,0.07700461149215698
9ed3f03d-2efa-4027-ae94-f47e41611e67,0.01,0.13,0.0736924260854721
9ed3f03d-2efa-4027-ae94-f47e41611e67,0.01,0.18000000000000002,0.08426052331924438
9ed3f03d-2efa-4027-ae94-f47e41611e67,0.01,0.23,0.08173598349094391
9ed3f03d-2efa-4027-ae94-f47e41611e67,0.02,0.03,0.0604802705347538
9ed3f03d-2efa-4027-ae94-f47e41611e67,0.02,0.08,0.07565311342477798
9ed3f03d-2efa-4027-ae94-f47e41611e67,0.02,0.13,0.07598719745874405
9ed3f03d-2efa-4027-ae94-f47e41611e67,0.02,0.18000000000000002,0.08395126461982727
9ed3f03d-2efa-4027-ae94-f47e41611e67,0.02,0.23,0.08165956288576126
9ed3f03d-2efa-4027-ae94-f47e41611e67,0.03,0.03,0.058703284710645676
9ed3f03d-2efa-4027-ae94-f47e41611e67,0.03,0.08,0.0676221176981926
9ed3f03d-2efa-4027-ae94-f47e41611e67,0.03,0.13,0.07578719407320023
9ed3f03d-2efa-4027-ae94-f47e41611e67,0.03,0.18000000000000002,0.08219800889492035
9ed3f03d-2efa-4027-ae94-f47e41611e67,0.03,0.23,0.08161649852991104
9ed3f03d-2efa-4027-ae94-f47e41611e67,0.04,0.03,0.06141158565878868
9ed3f03d-2efa-4027-ae94-f47e41611e67,0.04,0.08,0.06749773025512695
9ed3f03d-2efa-4027-ae94-f47e41611e67,0.05,0.03,0.05218249559402466
9ed3f03d-2efa-4027-ae94-f47e41611e67,0.05,0.08,0.07071492075920105
9ed3f03d-2efa-4027-ae94-f47e41611e67,0.05,0.13,0.08157914876937866
9ed3f03d-2efa-4027-ae94-f47e41611e67,0.05,0.18000000000000002,0.08276905864477158
9ed3f03d-2efa-4027-ae94-f47e41611e67,0.05,0.23,0.0851709172129631
9ed3f03d-2efa-4027-ae94-f47e41611e67,0.1,0.03,0.059809815138578415
9ed3f03d-2efa-4027-ae94-f47e41611e67,0.1,0.08,0.08872571587562561
9ed3f03d-2efa-4027-ae94-f47e41611e67,0.1,0.13,0.09471897035837173
9ed3f03d-2efa-4027-ae94-f47e41611e67,0.1,0.18000000000000002,0.08883466571569443
9ed3f03d-2efa-4027-ae94-f47e41611e67,0.1,0.23,0.08759840577840805
9ed3f03d-2efa-4027-ae94-f47e41611e67,0.15000000000000002,0.03,0.06474575400352478
9ed3f03d-2efa-4027-ae94-f47e41611e67,0.15000000000000002,0.08,0.08020773530006409
9ed3f03d-2efa-4027-ae94-f47e41611e67,0.15000000000000002,0.13,0.07820918411016464
9ed3f03d-2efa-4027-ae94-f47e41611e67,0.15000000000000002,0.18000000000000002,0.07849404215812683
9ed3f03d-2efa-4027-ae94-f47e41611e67,0.15000000000000002,0.23,0.09231234341859818
9ed3f03d-2efa-4027-ae94-f47e41611e67,0.2,0.03,0.05897117778658867
9ed3f03d-2efa-4027-ae94-f47e41611e67,0.2,0.08,0.06966778635978699
9ed3f03d-2efa-4027-ae94-f47e41611e67,0.2,0.13,0.07474683225154877
9ed3f03d-2efa-4027-ae94-f47e41611e67,0.2,0.18000000000000002,0.08105884492397308
9ed3f03d-2efa-4027-ae94-f47e41611e67,0.2,0.23,0.08903326839208603
9ed3f03d-2efa-4027-ae94-f47e41611e67,0.25,0.03,0.058756012469530106
9ed3f03d-2efa-4027-ae94-f47e41611e67,0.25,0.08,0.06747107207775116
9ed3f03d-2efa-4027-ae94-f47e41611e67,0.25,0.13,0.08216112852096558
9ed3f03d-2efa-4027-ae94-f47e41611e67,0.25,0.18000000000000002,0.09261860698461533
9ed3f03d-2efa-4027-ae94-f47e41611e67,0.25,0.23,0.0782141387462616
9ed3f03d-2efa-4027-ae94-f47e41611e67,0.30000000000000004,0.03,0.06767221540212631
9ed3f03d-2efa-4027-ae94-f47e41611e67,0.30000000000000004,0.08,0.09274943917989731
9ed3f03d-2efa-4027-ae94-f47e41611e67,0.30000000000000004,0.13,0.09738977998495102
9ed3f03d-2efa-4027-ae94-f47e41611e67,0.30000000000000004,0.18000000000000002,0.08120335638523102
9ed3f03d-2efa-4027-ae94-f47e41611e67,0.30000000000000004,0.23,0.07346033304929733
9ee70aa1-7f68-4173-8b2e-2c282401c2ab,0.0,0.03,0.04793286696076393
9ee70aa1-7f68-4173-8b2e-2c282401c2ab,0.0,0.08,0.07426638156175613
9ee70aa1-7f68-4173-8b2e-2c282401c2ab,0.0,0.13,0.09536181390285492
9ee70aa1-7f68-4173-8b2e-2c282401c2ab,0.0,0.18000000000000002,0.10536235570907593
9ee70aa1-7f68-4173-8b2e-2c282401c2ab,0.0,0.23,0.09391127526760101
9ee70aa1-7f68-4173-8b2e-2c282401c2ab,0.01,0.03,0.05262564495205879
9ee70aa1-7f68-4173-8b2e-2c282401c2ab,0.01,0.08,0.07461440563201904
9ee70aa1-7f68-4173-8b2e-2c282401c2ab,0.01,0.13,0.09673745185136795
9ee70aa1-7f68-4173-8b2e-2c282401c2ab,0.01,0.18000000000000002,0.09724578261375427
9ee70aa1-7f68-4173-8b2e-2c282401c2ab,0.01,0.23,0.08916541188955307
9ee70aa1-7f68-4173-8b2e-2c282401c2ab,0.02,0.03,0.05217607691884041
9ee70aa1-7f68-4173-8b2e-2c282401c2ab,0.02,0.08,0.07714718580245972
9ee70aa1-7f68-4173-8b2e-2c282401c2ab,0.02,0.13,0.10422469675540924
9ee70aa1-7f68-4173-8b2e-2c282401c2ab,0.02,0.18000000000000002,0.09910794347524643
9ee70aa1-7f68-4173-8b2e-2c282401c2ab,0.02,0.23,0.08785774558782578
9ee70aa1-7f68-4173-8b2e-2c282401c2ab,0.03,0.03,0.057350121438503265
9ee70aa1-7f68-4173-8b2e-2c282401c2ab,0.03,0.08,0.08773470669984818
9ee70aa1-7f68-4173-8b2e-2c282401c2ab,0.03,0.13,0.1037125289440155
9ee70aa1-7f68-4173-8b2e-2c282401c2ab,0.03,0.18000000000000002,0.09829580783843994
9ee70aa1-7f68-4173-8b2e-2c282401c2ab,0.03,0.23,0.08808083832263947
9ee70aa1-7f68-4173-8b2e-2c282401c2ab,0.04,0.03,0.055489759892225266
9ee70aa1-7f68-4173-8b2e-2c282401c2ab,0.04,0.08,0.09672142565250397
9ee70aa1-7f68-4173-8b2e-2c282401c2ab,0.05,0.03,0.07540775090456009
9ee70aa1-7f68-4173-8b2e-2c282401c2ab,0.05,0.08,0.11947380006313324
9ee70aa1-7f68-4173-8b2e-2c282401c2ab,0.05,0.13,0.13074061274528503
9ee70aa1-7f68-4173-8b2e-2c282401c2ab,0.05,0.18000000000000002,0.11602544784545898
9ee70aa1-7f68-4173-8b2e-2c282401c2ab,0.05,0.23,0.0994374230504036
9ee70aa1-7f68-4173-8b2e-2c282401c2ab,0.1,0.03,0.10849206149578094
9ee70aa1-7f68-4173-8b2e-2c282401c2ab,0.1,0.08,0.1343197077512741
9ee70aa1-7f68-4173-8b2e-2c282401c2ab,0.1,0.13,0.1162133738398552
9ee70aa1-7f68-4173-8b2e-2c282401c2ab,0.1,0.18000000000000002,0.09726066142320633
9ee70aa1-7f68-4173-8b2e-2c282401c2ab,0.1,0.23,0.08891580998897552
9ee70aa1-7f68-4173-8b2e-2c282401c2ab,0.15000000000000002,0.03,0.07139977812767029
9ee70aa1-7f68-4173-8b2e-2c282401c2ab,0.15000000000000002,0.08,0.07374268025159836
9ee70aa1-7f68-4173-8b2e-2c282401c2ab,0.15000000000000002,0.13,0.07644007354974747
9ee70aa1-7f68-4173-8b2e-2c282401c2ab,0.15000000000000002,0.18000000000000002,0.07486660778522491
9ee70aa1-7f68-4173-8b2e-2c282401c2ab,0.15000000000000002,0.23,0.0801064595580101
9ee70aa1-7f68-4173-8b2e-2c282401c2ab,0.2,0.03,0.05197322368621826
9ee70aa1-7f68-4173-8b2e-2c282401c2ab,0.2,0.08,0.0648125484585762
9ee70aa1-7f68-4173-8b2e-2c282401c2ab,0.2,0.13,0.0641746073961258
9ee70aa1-7f68-4173-8b2e-2c282401c2ab,0.2,0.18000000000000002,0.07223638892173767
9ee70aa1-7f68-4173-8b2e-2c282401c2ab,0.2,0.23,0.07232704758644104
9ee70aa1-7f68-4173-8b2e-2c282401c2ab,0.25,0.03,0.048283420503139496
9ee70aa1-7f68-4173-8b2e-2c282401c2ab,0.25,0.08,0.06386065483093262
9ee70aa1-7f68-4173-8b2e-2c282401c2ab,0.25,0.13,0.06764071434736252
9ee70aa1-7f68-4173-8b2e-2c282401c2ab,0.25,0.18000000000000002,0.06557288020849228
9ee70aa1-7f68-4173-8b2e-2c282401c2ab,0.25,0.23,0.06638115644454956
9ee70aa1-7f68-4173-8b2e-2c282401c2ab,0.30000000000000004,0.03,0.04660697653889656
9ee70aa1-7f68-4173-8b2e-2c282401c2ab,0.30000000000000004,0.08,0.06505487114191055
9ee70aa1-7f68-4173-8b2e-2c282401c2ab,0.30000000000000004,0.13,0.06419560313224792
9ee70aa1-7f68-4173-8b2e-2c282401c2ab,0.30000000000000004,0.18000000000000002,0.060350291430950165
9ee70aa1-7f68-4173-8b2e-2c282401c2ab,0.30000000000000004,0.23,0.06191806122660637
9f8fdd6f-416f-4e4d-8e26-bf6b3310155e,0.0,0.03,0.0
9f8fdd6f-416f-4e4d-8e26-bf6b3310155e,0.0,0.08,0.0
9f8fdd6f-416f-4e4d-8e26-bf6b3310155e,0.0,0.13,0.0
9f8fdd6f-416f-4e4d-8e26-bf6b3310155e,0.0,0.18000000000000002,0.0
9f8fdd6f-416f-4e4d-8e26-bf6b3310155e,0.0,0.23,0.0
9f8fdd6f-416f-4e4d-8e26-bf6b3310155e,0.01,0.03,0.0
9f8fdd6f-416f-4e4d-8e26-bf6b3310155e,0.01,0.08,0.0
9f8fdd6f-416f-4e4d-8e26-bf6b3310155e,0.01,0.13,0.0
9f8fdd6f-416f-4e4d-8e26-bf6b3310155e,0.01,0.18000000000000002,0.0
9f8fdd6f-416f-4e4d-8e26-bf6b3310155e,0.01,0.23,0.0
9f8fdd6f-416f-4e4d-8e26-bf6b3310155e,0.02,0.03,0.0
9f8fdd6f-416f-4e4d-8e26-bf6b3310155e,0.02,0.08,0.0
9f8fdd6f-416f-4e4d-8e26-bf6b3310155e,0.02,0.13,0.0
9f8fdd6f-416f-4e4d-8e26-bf6b3310155e,0.02,0.18000000000000002,0.0
9f8fdd6f-416f-4e4d-8e26-bf6b3310155e,0.02,0.23,0.0
9f8fdd6f-416f-4e4d-8e26-bf6b3310155e,0.03,0.03,0.0
9f8fdd6f-416f-4e4d-8e26-bf6b3310155e,0.03,0.08,0.0
9f8fdd6f-416f-4e4d-8e26-bf6b3310155e,0.03,0.13,0.0
9f8fdd6f-416f-4e4d-8e26-bf6b3310155e,0.03,0.18000000000000002,0.0
9f8fdd6f-416f-4e4d-8e26-bf6b3310155e,0.03,0.23,0.0
9f8fdd6f-416f-4e4d-8e26-bf6b3310155e,0.04,0.03,0.0
9f8fdd6f-416f-4e4d-8e26-bf6b3310155e,0.04,0.08,0.0
9f8fdd6f-416f-4e4d-8e26-bf6b3310155e,0.05,0.03,0.0
9f8fdd6f-416f-4e4d-8e26-bf6b3310155e,0.05,0.08,0.0
9f8fdd6f-416f-4e4d-8e26-bf6b3310155e,0.05,0.13,0.0
9f8fdd6f-416f-4e4d-8e26-bf6b3310155e,0.05,0.18000000000000002,0.0
9f8fdd6f-416f-4e4d-8e26-bf6b3310155e,0.05,0.23,0.0
9f8fdd6f-416f-4e4d-8e26-bf6b3310155e,0.1,0.03,0.0
9f8fdd6f-416f-4e4d-8e26-bf6b3310155e,0.1,0.08,0.0
9f8fdd6f-416f-4e4d-8e26-bf6b3310155e,0.1,0.13,0.0
9f8fdd6f-416f-4e4d-8e26-bf6b3310155e,0.1,0.18000000000000002,0.0
9f8fdd6f-416f-4e4d-8e26-bf6b3310155e,0.1,0.23,0.0
9f8fdd6f-416f-4e4d-8e26-bf6b3310155e,0.15000000000000002,0.03,0.0
9f8fdd6f-416f-4e4d-8e26-bf6b3310155e,0.15000000000000002,0.08,0.0
9f8fdd6f-416f-4e4d-8e26-bf6b3310155e,0.15000000000000002,0.13,0.0
9f8fdd6f-416f-4e4d-8e26-bf6b3310155e,0.15000000000000002,0.18000000000000002,0.0
9f8fdd6f-416f-4e4d-8e26-bf6b3310155e,0.15000000000000002,0.23,0.0
9f8fdd6f-416f-4e4d-8e26-bf6b3310155e,0.2,0.03,0.0
9f8fdd6f-416f-4e4d-8e26-bf6b3310155e,0.2,0.08,0.0
9f8fdd6f-416f-4e4d-8e26-bf6b3310155e,0.2,0.13,0.0
9f8fdd6f-416f-4e4d-8e26-bf6b3310155e,0.2,0.18000000000000002,0.0
9f8fdd6f-416f-4e4d-8e26-bf6b3310155e,0.2,0.23,0.0
9f8fdd6f-416f-4e4d-8e26-bf6b3310155e,0.25,0.03,0.0
9f8fdd6f-416f-4e4d-8e26-bf6b3310155e,0.25,0.08,0.0
9f8fdd6f-416f-4e4d-8e26-bf6b3310155e,0.25,0.13,0.0
9f8fdd6f-416f-4e4d-8e26-bf6b3310155e,0.25,0.18000000000000002,0.0
9f8fdd6f-416f-4e4d-8e26-bf6b3310155e,0.25,0.23,0.0
9f8fdd6f-416f-4e4d-8e26-bf6b3310155e,0.30000000000000004,0.03,0.0
9f8fdd6f-416f-4e4d-8e26-bf6b3310155e,0.30000000000000004,0.08,0.0
9f8fdd6f-416f-4e4d-8e26-bf6b3310155e,0.30000000000000004,0.13,0.0
9f8fdd6f-416f-4e4d-8e26-bf6b3310155e,0.30000000000000004,0.18000000000000002,0.0
9f8fdd6f-416f-4e4d-8e26-bf6b3310155e,0.30000000000000004,0.23,0.0
9f95201f-c942-406b-98c3-2370d0333618,0.0,0.03,0.05516238510608673
9f95201f-c942-406b-98c3-2370d0333618,0.0,0.08,0.08686530590057373
9f95201f-c942-406b-98c3-2370d0333618,0.0,0.13,0.09605433791875839
9f95201f-c942-406b-98c3-2370d0333618,0.0,0.18000000000000002,0.09380533546209335
9f95201f-c942-406b-98c3-2370d0333618,0.0,0.23,0.09205790609121323
9f95201f-c942-406b-98c3-2370d0333618,0.01,0.03,0.07256701588630676
9f95201f-c942-406b-98c3-2370d0333618,0.01,0.08,0.09722296893596649
9f95201f-c942-406b-98c3-2370d0333618,0.01,0.13,0.10763515532016754
9f95201f-c942-406b-98c3-2370d0333618,0.01,0.18000000000000002,0.09620913118124008
9f95201f-c942-406b-98c3-2370d0333618,0.01,0.23,0.08269049972295761
9f95201f-c942-406b-98c3-2370d0333618,0.02,0.03,0.07122494280338287
9f95201f-c942-406b-98c3-2370d0333618,0.02,0.08,0.10232581198215485
9f95201f-c942-406b-98c3-2370d0333618,0.02,0.13,0.10295980423688889
9f95201f-c942-406b-98c3-2370d0333618,0.02,0.18000000000000002,0.09201250225305557
9f95201f-c942-406b-98c3-2370d0333618,0.02,0.23,0.08061743527650833
9f95201f-c942-406b-98c3-2370d0333618,0.03,0.03,0.06195177882909775
9f95201f-c942-406b-98c3-2370d0333618,0.03,0.08,0.10277833044528961
9f95201f-c942-406b-98c3-2370d0333618,0.03,0.13,0.09481431543827057
9f95201f-c942-406b-98c3-2370d0333618,0.03,0.18000000000000002,0.08275658637285233
9f95201f-c942-406b-98c3-2370d0333618,0.03,0.23,0.07574927061796188
9f95201f-c942-406b-98c3-2370d0333618,0.04,0.03,0.0719122439622879
9f95201f-c942-406b-98c3-2370d0333618,0.04,0.08,0.09331818670034409
9f95201f-c942-406b-98c3-2370d0333618,0.05,0.03,0.06833244115114212
9f95201f-c942-406b-98c3-2370d0333618,0.05,0.08,0.08403873443603516
9f95201f-c942-406b-98c3-2370d0333618,0.05,0.13,0.08240216225385666
9f95201f-c942-406b-98c3-2370d0333618,0.05,0.18000000000000002,0.0807797834277153
9f95201f-c942-406b-98c3-2370d0333618,0.05,0.23,0.06499945372343063
9f95201f-c942-406b-98c3-2370d0333618,0.1,0.03,0.048515886068344116
9f95201f-c942-406b-98c3-2370d0333618,0.1,0.08,0.05605592578649521
9f95201f-c942-406b-98c3-2370d0333618,0.1,0.13,0.06445076316595078
9f95201f-c942-406b-98c3-2370d0333618,0.1,0.18000000000000002,0.06025202199816704
9f95201f-c942-406b-98c3-2370d0333618,0.1,0.23,0.07352305948734283
9f95201f-c942-406b-98c3-2370d0333618,0.15000000000000002,0.03,0.04621134325861931
9f95201f-c942-406b-98c3-2370d0333618,0.15000000000000002,0.08,0.060156650841236115
9f95201f-c942-406b-98c3-2370d0333618,0.15000000000000002,0.13,0.07210902124643326
9f95201f-c942-406b-98c3-2370d0333618,0.15000000000000002,0.18000000000000002,0.08445410430431366
9f95201f-c942-406b-98c3-2370d0333618,0.15000000000000002,0.23,0.07646377384662628
9f95201f-c942-406b-98c3-2370d0333618,0.2,0.03,0.058774884790182114
9f95201f-c942-406b-98c3-2370d0333618,0.2,0.08,0.0705709457397461
9f95201f-c942-406b-98c3-2370d0333618,0.2,0.13,0.08305394649505615
9f95201f-c942-406b-98c3-2370d0333618,0.2,0.18000000000000002,0.07235458493232727
9f95201f-c942-406b-98c3-2370d0333618,0.2,0.23,0.07119496166706085
9f95201f-c942-406b-98c3-2370d0333618,0.25,0.03,0.046080611646175385
9f95201f-c942-406b-98c3-2370d0333618,0.25,0.08,0.06069730967283249
9f95201f-c942-406b-98c3-2370d0333618,0.25,0.13,0.06143737956881523
9f95201f-c942-406b-98c3-2370d0333618,0.25,0.18000000000000002,0.06367021799087524
9f95201f-c942-406b-98c3-2370d0333618,0.25,0.23,0.06536909937858582
9f95201f-c942-406b-98c3-2370d0333618,0.30000000000000004,0.03,0.055516816675662994
9f95201f-c942-406b-98c3-2370d0333618,0.30000000000000004,0.08,0.06476341933012009
9f95201f-c942-406b-98c3-2370d0333618,0.30000000000000004,0.13,0.058646637946367264
9f95201f-c942-406b-98c3-2370d0333618,0.30000000000000004,0.18000000000000002,0.06055675074458122
9f95201f-c942-406b-98c3-2370d0333618,0.30000000000000004,0.23,0.06299009919166565
a0cd1fce-73ab-4827-97d6-37542dcf9e16,0.0,0.03,0.05519871413707733
a0cd1fce-73ab-4827-97d6-37542dcf9e16,0.0,0.08,0.07077211141586304
a0cd1fce-73ab-4827-97d6-37542dcf9e16,0.0,0.13,0.07349514961242676
a0cd1fce-73ab-4827-97d6-37542dcf9e16,0.0,0.18000000000000002,0.0830855742096901
a0cd1fce-73ab-4827-97d6-37542dcf9e16,0.0,0.23,0.08598154783248901
a0cd1fce-73ab-4827-97d6-37542dcf9e16,0.01,0.03,0.05961834639310837
a0cd1fce-73ab-4827-97d6-37542dcf9e16,0.01,0.08,0.06601890921592712
a0cd1fce-73ab-4827-97d6-37542dcf9e16,0.01,0.13,0.06963992863893509
a0cd1fce-73ab-4827-97d6-37542dcf9e16,0.01,0.18000000000000002,0.07654201984405518
a0cd1fce-73ab-4827-97d6-37542dcf9e16,0.01,0.23,0.08253423124551773
a0cd1fce-73ab-4827-97d6-37542dcf9e16,0.02,0.03,0.058582138270139694
a0cd1fce-73ab-4827-97d6-37542dcf9e16,0.02,0.08,0.06673362106084824
a0cd1fce-73ab-4827-97d6-37542dcf9e16,0.02,0.13,0.06930381804704666
a0cd1fce-73ab-4827-97d6-37542dcf9e16,0.02,0.18000000000000002,0.0782649889588356
a0cd1fce-73ab-4827-97d6-37542dcf9e16,0.02,0.23,0.07970340549945831
a0cd1fce-73ab-4827-97d6-37542dcf9e16,0.03,0.03,0.05333839729428291
a0cd1fce-73ab-4827-97d6-37542dcf9e16,0.03,0.08,0.06937941163778305
a0cd1fce-73ab-4827-97d6-37542dcf9e16,0.03,0.13,0.0725950226187706
a0cd1fce-73ab-4827-97d6-37542dcf9e16,0.03,0.18000000000000002,0.08336042612791061
a0cd1fce-73ab-4827-97d6-37542dcf9e16,0.03,0.23,0.07938366383314133
a0cd1fce-73ab-4827-97d6-37542dcf9e16,0.04,0.03,0.057985272258520126
a0cd1fce-73ab-4827-97d6-37542dcf9e16,0.04,0.08,0.07272110879421234
a0cd1fce-73ab-4827-97d6-37542dcf9e16,0.05,0.03,0.06015079841017723
a0cd1fce-73ab-4827-97d6-37542dcf9e16,0.05,0.08,0.08456771075725555
a0cd1fce-73ab-4827-97d6-37542dcf9e16,0.05,0.13,0.09107103198766708
a0cd1fce-73ab-4827-97d6-37542dcf9e16,0.05,0.18000000000000002,0.09155170619487762
a0cd1fce-73ab-4827-97d6-37542dcf9e16,0.05,0.23,0.09320353716611862
a0cd1fce-73ab-4827-97d6-37542dcf9e16,0.1,0.03,0.07855746895074844
a0cd1fce-73ab-4827-97d6-37542dcf9e16,0.1,0.08,0.08620968461036682
a0cd1fce-73ab-4827-97d6-37542dcf9e16,0.1,0.13,0.08293724805116653
a0cd1fce-73ab-4827-97d6-37542dcf9e16,0.1,0.18000000000000002,0.083953358232975
a0cd1fce-73ab-4827-97d6-37542dcf9e16,0.1,0.23,0.08169876039028168
a0cd1fce-73ab-4827-97d6-37542dcf9e16,0.15000000000000002,0.03,0.06465010344982147
a0cd1fce-73ab-4827-97d6-37542dcf9e16,0.15000000000000002,0.08,0.07141220569610596
a0cd1fce-73ab-4827-97d6-37542dcf9e16,0.15000000000000002,0.13,0.07494565099477768
a0cd1fce-73ab-4827-97d6-37542dcf9e16,0.15000000000000002,0.18000000000000002,0.0757024735212326
a0cd1fce-73ab-4827-97d6-37542dcf9e16,0.15000000000000002,0.23,0.07923151552677155
a0cd1fce-73ab-4827-97d6-37542dcf9e16,0.2,0.03,0.06457220762968063
a0cd1fce-73ab-4827-97d6-37542dcf9e16,0.2,0.08,0.07255331426858902
a0cd1fce-73ab-4827-97d6-37542dcf9e16,0.2,0.13,0.07483495771884918
a0cd1fce-73ab-4827-97d6-37542dcf9e16,0.2,0.18000000000000002,0.07817645370960236
a0cd1fce-73ab-4827-97d6-37542dcf9e16,0.2,0.23,0.07745201140642166
a0cd1fce-73ab-4827-97d6-37542dcf9e16,0.25,0.03,0.0618988536298275
a0cd1fce-73ab-4827-97d6-37542dcf9e16,0.25,0.08,0.06509953737258911
a0cd1fce-73ab-4827-97d6-37542dcf9e16,0.25,0.13,0.0712067112326622
a0cd1fce-73ab-4827-97d6-37542dcf9e16,0.25,0.18000000000000002,0.0760510191321373
a0cd1fce-73ab-4827-97d6-37542dcf9e16,0.25,0.23,0.08644445240497589
a0cd1fce-73ab-4827-97d6-37542dcf9e16,0.30000000000000004,0.03,0.0573701485991478
a0cd1fce-73ab-4827-97d6-37542dcf9e16,0.30000000000000004,0.08,0.06899276375770569
a0cd1fce-73ab-4827-97d6-37542dcf9e16,0.30000000000000004,0.13,0.07135586440563202
a0cd1fce-73ab-4827-97d6-37542dcf9e16,0.30000000000000004,0.18000000000000002,0.08239645510911942
a0cd1fce-73ab-4827-97d6-37542dcf9e16,0.30000000000000004,0.23,0.08639544993638992
a0e873e6-4893-4912-9032-d3ff01f80fba,0.0,0.03,0.0726768895983696
a0e873e6-4893-4912-9032-d3ff01f80fba,0.0,0.08,0.09476172924041748
a0e873e6-4893-4912-9032-d3ff01f80fba,0.0,0.13,0.11027324199676514
a0e873e6-4893-4912-9032-d3ff01f80fba,0.0,0.18000000000000002,0.11900573968887329
a0e873e6-4893-4912-9032-d3ff01f80fba,0.0,0.23,0.11359763890504837
a0e873e6-4893-4912-9032-d3ff01f80fba,0.01,0.03,0.07860399037599564
a0e873e6-4893-4912-9032-d3ff01f80fba,0.01,0.08,0.1053890660405159
a0e873e6-4893-4912-9032-d3ff01f80fba,0.01,0.13,0.11592317372560501
a0e873e6-4893-4912-9032-d3ff01f80fba,0.01,0.18000000000000002,0.1175551488995552
a0e873e6-4893-4912-9032-d3ff01f80fba,0.01,0.23,0.11332084238529205
a0e873e6-4893-4912-9032-d3ff01f80fba,0.02,0.03,0.07741038501262665
a0e873e6-4893-4912-9032-d3ff01f80fba,0.02,0.08,0.10628094524145126
a0e873e6-4893-4912-9032-d3ff01f80fba,0.02,0.13,0.1157042607665062
a0e873e6-4893-4912-9032-d3ff01f80fba,0.02,0.18000000000000002,0.11493540555238724
a0e873e6-4893-4912-9032-d3ff01f80fba,0.02,0.23,0.1096491888165474
a0e873e6-4893-4912-9032-d3ff01f80fba,0.03,0.03,0.07375799119472504
a0e873e6-4893-4912-9032-d3ff01f80fba,0.03,0.08,0.107447050511837
a0e873e6-4893-4912-9032-d3ff01f80fba,0.03,0.13,0.11597447842359543
a0e873e6-4893-4912-9032-d3ff01f80fba,0.03,0.18000000000000002,0.11329560726881027
a0e873e6-4893-4912-9032-d3ff01f80fba,0.03,0.23,0.10681994259357452
a0e873e6-4893-4912-9032-d3ff01f80fba,0.04,0.03,0.07774648070335388
a0e873e6-4893-4912-9032-d3ff01f80fba,0.04,0.08,0.10362385213375092
a0e873e6-4893-4912-9032-d3ff01f80fba,0.05,0.03,0.07385905832052231
a0e873e6-4893-4912-9032-d3ff01f80fba,0.05,0.08,0.10877187550067902
a0e873e6-4893-4912-9032-d3ff01f80fba,0.05,0.13,0.11808755248785019
a0e873e6-4893-4912-9032-d3ff01f80fba,0.05,0.18000000000000002,0.1107531264424324
a0e873e6-4893-4912-9032-d3ff01f80fba,0.05,0.23,0.09652741998434067
a0e873e6-4893-4912-9032-d3ff01f80fba,0.1,0.03,0.08065004646778107
a0e873e6-4893-4912-9032-d3ff01f80fba,0.1,0.08,0.1001749262213707
a0e873e6-4893-4912-9032-d3ff01f80fba,0.1,0.13,0.09397891908884048
a0e873e6-4893-4912-9032-d3ff01f80fba,0.1,0.18000000000000002,0.07807426154613495
a0e873e6-4893-4912-9032-d3ff01f80fba,0.1,0.23,0.08000312000513077
a0e873e6-4893-4912-9032-d3ff01f80fba,0.15000000000000002,0.03,0.05847186967730522
a0e873e6-4893-4912-9032-d3ff01f80fba,0.15000000000000002,0.08,0.06271816045045853
a0e873e6-4893-4912-9032-d3ff01f80fba,0.15000000000000002,0.13,0.07444193959236145
a0e873e6-4893-4912-9032-d3ff01f80fba,0.15000000000000002,0.18000000000000002,0.07367189228534698
a0e873e6-4893-4912-9032-d3ff01f80fba,0.15000000000000002,0.23,0.07298543304204941
a0e873e6-4893-4912-9032-d3ff01f80fba,0.2,0.03,0.05618419498205185
a0e873e6-4893-4912-9032-d3ff01f80fba,0.2,0.08,0.06680185347795486
a0e873e6-4893-4912-9032-d3ff01f80fba,0.2,0.13,0.07280249893665314
a0e873e6-4893-4912-9032-d3ff01f80fba,0.2,0.18000000000000002,0.0712105929851532
a0e873e6-4893-4912-9032-d3ff01f80fba,0.2,0.23,0.06917503476142883
a0e873e6-4893-4912-9032-d3ff01f80fba,0.25,0.03,0.05974658578634262
a0e873e6-4893-4912-9032-d3ff01f80fba,0.25,0.08,0.07301270216703415
a0e873e6-4893-4912-9032-d3ff01f80fba,0.25,0.13,0.07194261252880096
a0e873e6-4893-4912-9032-d3ff01f80fba,0.25,0.18000000000000002,0.06832149624824524
a0e873e6-4893-4912-9032-d3ff01f80fba,0.25,0.23,0.06739765405654907
a0e873e6-4893-4912-9032-d3ff01f80fba,0.30000000000000004,0.03,0.04746916890144348
a0e873e6-4893-4912-9032-d3ff01f80fba,0.30000000000000004,0.08,0.061762165278196335
a0e873e6-4893-4912-9032-d3ff01f80fba,0.30000000000000004,0.13,0.060775429010391235
a0e873e6-4893-4912-9032-d3ff01f80fba,0.30000000000000004,0.18000000000000002,0.06333369761705399
a0e873e6-4893-4912-9032-d3ff01f80fba,0.30000000000000004,0.23,0.06976787745952606
a1cc3ebf-f984-44ae-95e6-1172ef430e99,0.0,0.03,0.0447482094168663
a1cc3ebf-f984-44ae-95e6-1172ef430e99,0.0,0.08,0.06958689540624619
a1cc3ebf-f984-44ae-95e6-1172ef430e99,0.0,0.13,0.07552466541528702
a1cc3ebf-f984-44ae-95e6-1172ef430e99,0.0,0.18000000000000002,0.07659604400396347
a1cc3ebf-f984-44ae-95e6-1172ef430e99,0.0,0.23,0.07436570525169373
a1cc3ebf-f984-44ae-95e6-1172ef430e99,0.01,0.03,0.04482906684279442
a1cc3ebf-f984-44ae-95e6-1172ef430e99,0.01,0.08,0.07278849184513092
a1cc3ebf-f984-44ae-95e6-1172ef430e99,0.01,0.13,0.08163526654243469
a1cc3ebf-f984-44ae-95e6-1172ef430e99,0.01,0.18000000000000002,0.08216311037540436
a1cc3ebf-f984-44ae-95e6-1172ef430e99,0.01,0.23,0.07271323353052139
a1cc3ebf-f984-44ae-95e6-1172ef430e99,0.02,0.03,0.04917529970407486
a1cc3ebf-f984-44ae-95e6-1172ef430e99,0.02,0.08,0.0665547326207161
a1cc3ebf-f984-44ae-95e6-1172ef430e99,0.02,0.13,0.07115037739276886
a1cc3ebf-f984-44ae-95e6-1172ef430e99,0.02,0.18000000000000002,0.07047709077596664
a1cc3ebf-f984-44ae-95e6-1172ef430e99,0.02,0.23,0.07173311710357666
a1cc3ebf-f984-44ae-95e6-1172ef430e99,0.03,0.03,0.0511321984231472
a1cc3ebf-f984-44ae-95e6-1172ef430e99,0.03,0.08,0.07473262399435043
a1cc3ebf-f984-44ae-95e6-1172ef430e99,0.03,0.13,0.07414274662733078
a1cc3ebf-f984-44ae-95e6-1172ef430e99,0.03,0.18000000000000002,0.06948330253362656
a1cc3ebf-f984-44ae-95e6-1172ef430e99,0.03,0.23,0.07281077653169632
a1cc3ebf-f984-44ae-95e6-1172ef430e99,0.04,0.03,0.04832645505666733
a1cc3ebf-f984-44ae-95e6-1172ef430e99,0.04,0.08,0.06567241996526718
a1cc3ebf-f984-44ae-95e6-1172ef430e99,0.05,0.03,0.047522466629743576
a1cc3ebf-f984-44ae-95e6-1172ef430e99,0.05,0.08,0.05899885669350624
a1cc3ebf-f984-44ae-95e6-1172ef430e99,0.05,0.13,0.06391662359237671
a1cc3ebf-f984-44ae-95e6-1172ef430e99,0.05,0.18000000000000002,0.06604252755641937
a1cc3ebf-f984-44ae-95e6-1172ef430e99,0.05,0.23,0.06407015770673752
a1cc3ebf-f984-44ae-95e6-1172ef430e99,0.1,0.03,0.047932565212249756
a1cc3ebf-f984-44ae-95e6-1172ef430e99,0.1,0.08,0.05962463840842247
a1cc3ebf-f984-44ae-95e6-1172ef430e99,0.1,0.13,0.06032579392194748
a1cc3ebf-f984-44ae-95e6-1172ef430e99,0.1,0.18000000000000002,0.05903085321187973
a1cc3ebf-f984-44ae-95e6-1172ef430e99,0.1,0.23,0.06010434031486511
a1cc3ebf-f984-44ae-95e6-1172ef430e99,0.15000000000000002,0.03,0.04509018734097481
a1cc3ebf-f984-44ae-95e6-1172ef430e99,0.15000000000000002,0.08,0.05941024422645569
a1cc3ebf-f984-44ae-95e6-1172ef430e99,0.15000000000000002,0.13,0.056778404861688614
a1cc3ebf-f984-44ae-95e6-1172ef430e99,0.15000000000000002,0.18000000000000002,0.05416792631149292
a1cc3ebf-f984-44ae-95e6-1172ef430e99,0.15000000000000002,0.23,0.05992313101887703
a1cc3ebf-f984-44ae-95e6-1172ef430e99,0.2,0.03,0.04918473958969116
a1cc3ebf-f984-44ae-95e6-1172ef430e99,0.2,0.08,0.05715199559926987
a1cc3ebf-f984-44ae-95e6-1172ef430e99,0.2,0.13,0.0539640448987484
a1cc3ebf-f984-44ae-95e6-1172ef430e99,0.2,0.18000000000000002,0.05965146794915199
a1cc3ebf-f984-44ae-95e6-1172ef430e99,0.2,0.23,0.06497689336538315
a1cc3ebf-f984-44ae-95e6-1172ef430e99,0.25,0.03,0.04455656185746193
a1cc3ebf-f984-44ae-95e6-1172ef430e99,0.25,0.08,0.0508526936173439
a1cc3ebf-f984-44ae-95e6-1172ef430e99,0.25,0.13,0.06318433582782745
a1cc3ebf-f984-44ae-95e6-1172ef430e99,0.25,0.18000000000000002,0.06203630939126015
a1cc3ebf-f984-44ae-95e6-1172ef430e99,0.25,0.23,0.0665864646434784
a1cc3ebf-f984-44ae-95e6-1172ef430e99,0.30000000000000004,0.03,0.05124226212501526
a1cc3ebf-f984-44ae-95e6-1172ef430e99,0.30000000000000004,0.08,0.05937487632036209
a1cc3ebf-f984-44ae-95e6-1172ef430e99,0.30000000000000004,0.13,0.060397662222385406
a1cc3ebf-f984-44ae-95e6-1172ef430e99,0.30000000000000004,0.18000000000000002,0.06748848408460617
a1cc3ebf-f984-44ae-95e6-1172ef430e99,0.30000000000000004,0.23,0.06335854530334473
a2af9a19-7d68-4dd0-a129-648f901d79be,0.0,0.03,0.0
a2af9a19-7d68-4dd0-a129-648f901d79be,0.0,0.08,0.0
a2af9a19-7d68-4dd0-a129-648f901d79be,0.0,0.13,0.0
a2af9a19-7d68-4dd0-a129-648f901d79be,0.0,0.18000000000000002,0.0
a2af9a19-7d68-4dd0-a129-648f901d79be,0.0,0.23,0.0
a2af9a19-7d68-4dd0-a129-648f901d79be,0.01,0.03,0.0
a2af9a19-7d68-4dd0-a129-648f901d79be,0.01,0.08,0.0
a2af9a19-7d68-4dd0-a129-648f901d79be,0.01,0.13,0.0
a2af9a19-7d68-4dd0-a129-648f901d79be,0.01,0.18000000000000002,0.0
a2af9a19-7d68-4dd0-a129-648f901d79be,0.01,0.23,0.0
a2af9a19-7d68-4dd0-a129-648f901d79be,0.02,0.03,0.0
a2af9a19-7d68-4dd0-a129-648f901d79be,0.02,0.08,0.0
a2af9a19-7d68-4dd0-a129-648f901d79be,0.02,0.13,0.0
a2af9a19-7d68-4dd0-a129-648f901d79be,0.02,0.18000000000000002,0.0
a2af9a19-7d68-4dd0-a129-648f901d79be,0.02,0.23,0.0
a2af9a19-7d68-4dd0-a129-648f901d79be,0.03,0.03,0.0
a2af9a19-7d68-4dd0-a129-648f901d79be,0.03,0.08,0.0
a2af9a19-7d68-4dd0-a129-648f901d79be,0.03,0.13,0.0
a2af9a19-7d68-4dd0-a129-648f901d79be,0.03,0.18000000000000002,0.0
a2af9a19-7d68-4dd0-a129-648f901d79be,0.03,0.23,0.0
a2af9a19-7d68-4dd0-a129-648f901d79be,0.04,0.03,0.0
a2af9a19-7d68-4dd0-a129-648f901d79be,0.04,0.08,0.0
a2af9a19-7d68-4dd0-a129-648f901d79be,0.05,0.03,0.0
a2af9a19-7d68-4dd0-a129-648f901d79be,0.05,0.08,0.0
a2af9a19-7d68-4dd0-a129-648f901d79be,0.05,0.13,0.0
a2af9a19-7d68-4dd0-a129-648f901d79be,0.05,0.18000000000000002,0.0
a2af9a19-7d68-4dd0-a129-648f901d79be,0.05,0.23,0.0
a2af9a19-7d68-4dd0-a129-648f901d79be,0.1,0.03,0.0
a2af9a19-7d68-4dd0-a129-648f901d79be,0.1,0.08,0.0
a2af9a19-7d68-4dd0-a129-648f901d79be,0.1,0.13,0.0
a2af9a19-7d68-4dd0-a129-648f901d79be,0.1,0.18000000000000002,0.0
a2af9a19-7d68-4dd0-a129-648f901d79be,0.1,0.23,0.0
a2af9a19-7d68-4dd0-a129-648f901d79be,0.15000000000000002,0.03,0.0
a2af9a19-7d68-4dd0-a129-648f901d79be,0.15000000000000002,0.08,0.0
a2af9a19-7d68-4dd0-a129-648f901d79be,0.15000000000000002,0.13,0.0
a2af9a19-7d68-4dd0-a129-648f901d79be,0.15000000000000002,0.18000000000000002,0.0
a2af9a19-7d68-4dd0-a129-648f901d79be,0.15000000000000002,0.23,0.0
a2af9a19-7d68-4dd0-a129-648f901d79be,0.2,0.03,0.0
a2af9a19-7d68-4dd0-a129-648f901d79be,0.2,0.08,0.0
a2af9a19-7d68-4dd0-a129-648f901d79be,0.2,0.13,0.0
a2af9a19-7d68-4dd0-a129-648f901d79be,0.2,0.18000000000000002,0.0
a2af9a19-7d68-4dd0-a129-648f901d79be,0.2,0.23,0.0
a2af9a19-7d68-4dd0-a129-648f901d79be,0.25,0.03,0.0
a2af9a19-7d68-4dd0-a129-648f901d79be,0.25,0.08,0.0
a2af9a19-7d68-4dd0-a129-648f901d79be,0.25,0.13,0.0
a2af9a19-7d68-4dd0-a129-648f901d79be,0.25,0.18000000000000002,0.0
a2af9a19-7d68-4dd0-a129-648f901d79be,0.25,0.23,0.0
a2af9a19-7d68-4dd0-a129-648f901d79be,0.30000000000000004,0.03,0.0
a2af9a19-7d68-4dd0-a129-648f901d79be,0.30000000000000004,0.08,0.0
a2af9a19-7d68-4dd0-a129-648f901d79be,0.30000000000000004,0.13,0.0
a2af9a19-7d68-4dd0-a129-648f901d79be,0.30000000000000004,0.18000000000000002,0.0
a2af9a19-7d68-4dd0-a129-648f901d79be,0.30000000000000004,0.23,0.0
a2bf9ddc-29a4-4ef1-8d1c-ea7e838a81ad,0.0,0.03,0.05904347449541092
a2bf9ddc-29a4-4ef1-8d1c-ea7e838a81ad,0.0,0.08,0.08466459810733795
a2bf9ddc-29a4-4ef1-8d1c-ea7e838a81ad,0.0,0.13,0.09743782132863998
a2bf9ddc-29a4-4ef1-8d1c-ea7e838a81ad,0.0,0.18000000000000002,0.10354515165090561
a2bf9ddc-29a4-4ef1-8d1c-ea7e838a81ad,0.0,0.23,0.09296174347400665
a2bf9ddc-29a4-4ef1-8d1c-ea7e838a81ad,0.01,0.03,0.06122221797704697
a2bf9ddc-29a4-4ef1-8d1c-ea7e838a81ad,0.01,0.08,0.07697989046573639
a2bf9ddc-29a4-4ef1-8d1c-ea7e838a81ad,0.01,0.13,0.09980364143848419
a2bf9ddc-29a4-4ef1-8d1c-ea7e838a81ad,0.01,0.18000000000000002,0.10225053876638412
a2bf9ddc-29a4-4ef1-8d1c-ea7e838a81ad,0.01,0.23,0.09565228223800659
a2bf9ddc-29a4-4ef1-8d1c-ea7e838a81ad,0.02,0.03,0.05529805272817612
a2bf9ddc-29a4-4ef1-8d1c-ea7e838a81ad,0.02,0.08,0.07669790089130402
a2bf9ddc-29a4-4ef1-8d1c-ea7e838a81ad,0.02,0.13,0.10019680112600327
a2bf9ddc-29a4-4ef1-8d1c-ea7e838a81ad,0.02,0.18000000000000002,0.09451953321695328
a2bf9ddc-29a4-4ef1-8d1c-ea7e838a81ad,0.02,0.23,0.09289909899234772
a2bf9ddc-29a4-4ef1-8d1c-ea7e838a81ad,0.03,0.03,0.05068223923444748
a2bf9ddc-29a4-4ef1-8d1c-ea7e838a81ad,0.03,0.08,0.08389788120985031
a2bf9ddc-29a4-4ef1-8d1c-ea7e838a81ad,0.03,0.13,0.09431734681129456
a2bf9ddc-29a4-4ef1-8d1c-ea7e838a81ad,0.03,0.18000000000000002,0.08680885285139084
a2bf9ddc-29a4-4ef1-8d1c-ea7e838a81ad,0.03,0.23,0.0891633853316307
a2bf9ddc-29a4-4ef1-8d1c-ea7e838a81ad,0.04,0.03,0.0557028204202652
a2bf9ddc-29a4-4ef1-8d1c-ea7e838a81ad,0.04,0.08,0.07875920832157135
a2bf9ddc-29a4-4ef1-8d1c-ea7e838a81ad,0.05,0.03,0.05541393533349037
a2bf9ddc-29a4-4ef1-8d1c-ea7e838a81ad,0.05,0.08,0.07635969668626785
a2bf9ddc-29a4-4ef1-8d1c-ea7e838a81ad,0.05,0.13,0.08416810631752014
a2bf9ddc-29a4-4ef1-8d1c-ea7e838a81ad,0.05,0.18000000000000002,0.07304450869560242
a2bf9ddc-29a4-4ef1-8d1c-ea7e838a81ad,0.05,0.23,0.07749834656715393
a2bf9ddc-29a4-4ef1-8d1c-ea7e838a81ad,0.1,0.03,0.051943425089120865
a2bf9ddc-29a4-4ef1-8d1c-ea7e838a81ad,0.1,0.08,0.06406724452972412
a2bf9ddc-29a4-4ef1-8d1c-ea7e838a81ad,0.1,0.13,0.0638413280248642
a2bf9ddc-29a4-4ef1-8d1c-ea7e838a81ad,0.1,0.18000000000000002,0.07748134434223175
a2bf9ddc-29a4-4ef1-8d1c-ea7e838a81ad,0.1,0.23,0.07760456949472427
a2bf9ddc-29a4-4ef1-8d1c-ea7e838a81ad,0.15000000000000002,0.03,0.05514027550816536
a2bf9ddc-29a4-4ef1-8d1c-ea7e838a81ad,0.15000000000000002,0.08,0.062495697289705276
a2bf9ddc-29a4-4ef1-8d1c-ea7e838a81ad,0.15000000000000002,0.13,0.06818916648626328
a2bf9ddc-29a4-4ef1-8d1c-ea7e838a81ad,0.15000000000000002,0.18000000000000002,0.07041037827730179
a2bf9ddc-29a4-4ef1-8d1c-ea7e838a81ad,0.15000000000000002,0.23,0.07604935765266418
a2bf9ddc-29a4-4ef1-8d1c-ea7e838a81ad,0.2,0.03,0.06304755061864853
a2bf9ddc-29a4-4ef1-8d1c-ea7e838a81ad,0.2,0.08,0.07231824845075607
a2bf9ddc-29a4-4ef1-8d1c-ea7e838a81ad,0.2,0.13,0.07542242109775543
a2bf9ddc-29a4-4ef1-8d1c-ea7e838a81ad,0.2,0.18000000000000002,0.07479708641767502
a2bf9ddc-29a4-4ef1-8d1c-ea7e838a81ad,0.2,0.23,0.07635120302438736
a2bf9ddc-29a4-4ef1-8d1c-ea7e838a81ad,0.25,0.03,0.06788484752178192
a2bf9ddc-29a4-4ef1-8d1c-ea7e838a81ad,0.25,0.08,0.06820911169052124
a2bf9ddc-29a4-4ef1-8d1c-ea7e838a81ad,0.25,0.13,0.06957893818616867
a2bf9ddc-29a4-4ef1-8d1c-ea7e838a81ad,0.25,0.18000000000000002,0.07538127899169922
a2bf9ddc-29a4-4ef1-8d1c-ea7e838a81ad,0.25,0.23,0.08763544261455536
a2bf9ddc-29a4-4ef1-8d1c-ea7e838a81ad,0.30000000000000004,0.03,0.05382951349020004
a2bf9ddc-29a4-4ef1-8d1c-ea7e838a81ad,0.30000000000000004,0.08,0.061175938695669174
a2bf9ddc-29a4-4ef1-8d1c-ea7e838a81ad,0.30000000000000004,0.13,0.06759315729141235
a2bf9ddc-29a4-4ef1-8d1c-ea7e838a81ad,0.30000000000000004,0.18000000000000002,0.08162368834018707
a2bf9ddc-29a4-4ef1-8d1c-ea7e838a81ad,0.30000000000000004,0.23,0.08769135177135468
a3064747-0f39-4d82-bb56-863487a18fb2,0.0,0.03,0.049120936542749405
a3064747-0f39-4d82-bb56-863487a18fb2,0.0,0.08,0.07005923986434937
a3064747-0f39-4d82-bb56-863487a18fb2,0.0,0.13,0.08190704137086868
a3064747-0f39-4d82-bb56-863487a18fb2,0.0,0.18000000000000002,0.0912807509303093
a3064747-0f39-4d82-bb56-863487a18fb2,0.0,0.23,0.08772366493940353
a3064747-0f39-4d82-bb56-863487a18fb2,0.01,0.03,0.04960162192583084
a3064747-0f39-4d82-bb56-863487a18fb2,0.01,0.08,0.06597642600536346
a3064747-0f39-4d82-bb56-863487a18fb2,0.01,0.13,0.08252978324890137
a3064747-0f39-4d82-bb56-863487a18fb2,0.01,0.18000000000000002,0.08824285864830017
a3064747-0f39-4d82-bb56-863487a18fb2,0.01,0.23,0.08594668656587601
a3064747-0f39-4d82-bb56-863487a18fb2,0.02,0.03,0.05042541027069092
a3064747-0f39-4d82-bb56-863487a18fb2,0.02,0.08,0.07788652926683426
a3064747-0f39-4d82-bb56-863487a18fb2,0.02,0.13,0.08905929327011108
a3064747-0f39-4d82-bb56-863487a18fb2,0.02,0.18000000000000002,0.08773761242628098
a3064747-0f39-4d82-bb56-863487a18fb2,0.02,0.23,0.08640749007463455
a3064747-0f39-4d82-bb56-863487a18fb2,0.03,0.03,0.051501717418432236
a3064747-0f39-4d82-bb56-863487a18fb2,0.03,0.08,0.08379480987787247
a3064747-0f39-4d82-bb56-863487a18fb2,0.03,0.13,0.0840989276766777
a3064747-0f39-4d82-bb56-863487a18fb2,0.03,0.18000000000000002,0.08849955350160599
a3064747-0f39-4d82-bb56-863487a18fb2,0.03,0.23,0.08300098031759262
a3064747-0f39-4d82-bb56-863487a18fb2,0.04,0.03,0.055593091994524
a3064747-0f39-4d82-bb56-863487a18fb2,0.04,0.08,0.07902149111032486
a3064747-0f39-4d82-bb56-863487a18fb2,0.05,0.03,0.05594940111041069
a3064747-0f39-4d82-bb56-863487a18fb2,0.05,0.08,0.07082318514585495
a3064747-0f39-4d82-bb56-863487a18fb2,0.05,0.13,0.08117963373661041
a3064747-0f39-4d82-bb56-863487a18fb2,0.05,0.18000000000000002,0.07887263596057892
a3064747-0f39-4d82-bb56-863487a18fb2,0.05,0.23,0.08164995908737183
a3064747-0f39-4d82-bb56-863487a18fb2,0.1,0.03,0.05337751284241676
a3064747-0f39-4d82-bb56-863487a18fb2,0.1,0.08,0.06444697082042694
a3064747-0f39-4d82-bb56-863487a18fb2,0.1,0.13,0.06770282983779907
a3064747-0f39-4d82-bb56-863487a18fb2,0.1,0.18000000000000002,0.08342967182397842
a3064747-0f39-4d82-bb56-863487a18fb2,0.1,0.23,0.0966445654630661
a3064747-0f39-4d82-bb56-863487a18fb2,0.15000000000000002,0.03,0.04929353669285774
a3064747-0f39-4d82-bb56-863487a18fb2,0.15000000000000002,0.08,0.06281089037656784
a3064747-0f39-4d82-bb56-863487a18fb2,0.15000000000000002,0.13,0.08055517077445984
a3064747-0f39-4d82-bb56-863487a18fb2,0.15000000000000002,0.18000000000000002,0.09419943392276764
a3064747-0f39-4d82-bb56-863487a18fb2,0.15000000000000002,0.23,0.09995345771312714
a3064747-0f39-4d82-bb56-863487a18fb2,0.2,0.03,0.053931042551994324
a3064747-0f39-4d82-bb56-863487a18fb2,0.2,0.08,0.0734359622001648
a3064747-0f39-4d82-bb56-863487a18fb2,0.2,0.13,0.08826985210180283
a3064747-0f39-4d82-bb56-863487a18fb2,0.2,0.18000000000000002,0.0968247801065445
a3064747-0f39-4d82-bb56-863487a18fb2,0.2,0.23,0.09724365919828415
a3064747-0f39-4d82-bb56-863487a18fb2,0.25,0.03,0.057550158351659775
a3064747-0f39-4d82-bb56-863487a18fb2,0.25,0.08,0.069761261343956
a3064747-0f39-4d82-bb56-863487a18fb2,0.25,0.13,0.08590584993362427
a3064747-0f39-4d82-bb56-863487a18fb2,0.25,0.18000000000000002,0.08593296259641647
a3064747-0f39-4d82-bb56-863487a18fb2,0.25,0.23,0.09565068036317825
a3064747-0f39-4d82-bb56-863487a18fb2,0.30000000000000004,0.03,0.05555258318781853
a3064747-0f39-4d82-bb56-863487a18fb2,0.30000000000000004,0.08,0.08455739915370941
a3064747-0f39-4d82-bb56-863487a18fb2,0.30000000000000004,0.13,0.08141274750232697
a3064747-0f39-4d82-bb56-863487a18fb2,0.30000000000000004,0.18000000000000002,0.09386684000492096
a3064747-0f39-4d82-bb56-863487a18fb2,0.30000000000000004,0.23,0.10632070153951645
a42d23c9-3f6f-4b1c-ba08-1dff2276b0c4,0.0,0.03,0.04785618558526039
a42d23c9-3f6f-4b1c-ba08-1dff2276b0c4,0.0,0.08,0.06074207276105881
a42d23c9-3f6f-4b1c-ba08-1dff2276b0c4,0.0,0.13,0.06125473603606224
a42d23c9-3f6f-4b1c-ba08-1dff2276b0c4,0.0,0.18000000000000002,0.06526120752096176
a42d23c9-3f6f-4b1c-ba08-1dff2276b0c4,0.0,0.23,0.06970362365245819
a42d23c9-3f6f-4b1c-ba08-1dff2276b0c4,0.01,0.03,0.044990576803684235
a42d23c9-3f6f-4b1c-ba08-1dff2276b0c4,0.01,0.08,0.060903530567884445
a42d23c9-3f6f-4b1c-ba08-1dff2276b0c4,0.01,0.13,0.06914610415697098
a42d23c9-3f6f-4b1c-ba08-1dff2276b0c4,0.01,0.18000000000000002,0.06756991893053055
a42d23c9-3f6f-4b1c-ba08-1dff2276b0c4,0.01,0.23,0.07099463790655136
a42d23c9-3f6f-4b1c-ba08-1dff2276b0c4,0.02,0.03,0.04609515517950058
a42d23c9-3f6f-4b1c-ba08-1dff2276b0c4,0.02,0.08,0.05785375460982323
a42d23c9-3f6f-4b1c-ba08-1dff2276b0c4,0.02,0.13,0.06701899319887161
a42d23c9-3f6f-4b1c-ba08-1dff2276b0c4,0.02,0.18000000000000002,0.07236449420452118
a42d23c9-3f6f-4b1c-ba08-1dff2276b0c4,0.02,0.23,0.07063106447458267
a42d23c9-3f6f-4b1c-ba08-1dff2276b0c4,0.03,0.03,0.04460429027676582
a42d23c9-3f6f-4b1c-ba08-1dff2276b0c4,0.03,0.08,0.05760332942008972
a42d23c9-3f6f-4b1c-ba08-1dff2276b0c4,0.03,0.13,0.0676301047205925
a42d23c9-3f6f-4b1c-ba08-1dff2276b0c4,0.03,0.18000000000000002,0.06959692388772964
a42d23c9-3f6f-4b1c-ba08-1dff2276b0c4,0.03,0.23,0.06865188479423523
a42d23c9-3f6f-4b1c-ba08-1dff2276b0c4,0.04,0.03,0.05311639606952667
a42d23c9-3f6f-4b1c-ba08-1dff2276b0c4,0.04,0.08,0.05370251461863518
a42d23c9-3f6f-4b1c-ba08-1dff2276b0c4,0.05,0.03,0.05272165313363075
a42d23c9-3f6f-4b1c-ba08-1dff2276b0c4,0.05,0.08,0.05357949435710907
a42d23c9-3f6f-4b1c-ba08-1dff2276b0c4,0.05,0.13,0.05996231734752655
a42d23c9-3f6f-4b1c-ba08-1dff2276b0c4,0.05,0.18000000000000002,0.06618565320968628
a42d23c9-3f6f-4b1c-ba08-1dff2276b0c4,0.05,0.23,0.06925857812166214
a42d23c9-3f6f-4b1c-ba08-1dff2276b0c4,0.1,0.03,0.0477256178855896
a42d23c9-3f6f-4b1c-ba08-1dff2276b0c4,0.1,0.08,0.05435680225491524
a42d23c9-3f6f-4b1c-ba08-1dff2276b0c4,0.1,0.13,0.06390678882598877
a42d23c9-3f6f-4b1c-ba08-1dff2276b0c4,0.1,0.18000000000000002,0.07155297696590424
a42d23c9-3f6f-4b1c-ba08-1dff2276b0c4,0.1,0.23,0.07128550857305527
a42d23c9-3f6f-4b1c-ba08-1dff2276b0c4,0.15000000000000002,0.03,0.05100976675748825
a42d23c9-3f6f-4b1c-ba08-1dff2276b0c4,0.15000000000000002,0.08,0.05670689418911934
a42d23c9-3f6f-4b1c-ba08-1dff2276b0c4,0.15000000000000002,0.13,0.0669519454240799
a42d23c9-3f6f-4b1c-ba08-1dff2276b0c4,0.15000000000000002,0.18000000000000002,0.06638773530721664
a42d23c9-3f6f-4b1c-ba08-1dff2276b0c4,0.15000000000000002,0.23,0.06688502430915833
a42d23c9-3f6f-4b1c-ba08-1dff2276b0c4,0.2,0.03,0.04789408668875694
a42d23c9-3f6f-4b1c-ba08-1dff2276b0c4,0.2,0.08,0.05510639026761055
a42d23c9-3f6f-4b1c-ba08-1dff2276b0c4,0.2,0.13,0.06507553160190582
a42d23c9-3f6f-4b1c-ba08-1dff2276b0c4,0.2,0.18000000000000002,0.06499257683753967
a42d23c9-3f6f-4b1c-ba08-1dff2276b0c4,0.2,0.23,0.06206990405917168
a42d23c9-3f6f-4b1c-ba08-1dff2276b0c4,0.25,0.03,0.046146634966135025
a42d23c9-3f6f-4b1c-ba08-1dff2276b0c4,0.25,0.08,0.05426235496997833
a42d23c9-3f6f-4b1c-ba08-1dff2276b0c4,0.25,0.13,0.0569598414003849
a42d23c9-3f6f-4b1c-ba08-1dff2276b0c4,0.25,0.18000000000000002,0.06281522661447525
a42d23c9-3f6f-4b1c-ba08-1dff2276b0c4,0.25,0.23,0.06615184992551804
a42d23c9-3f6f-4b1c-ba08-1dff2276b0c4,0.30000000000000004,0.03,0.051640331745147705
a42d23c9-3f6f-4b1c-ba08-1dff2276b0c4,0.30000000000000004,0.08,0.05972694605588913
a42d23c9-3f6f-4b1c-ba08-1dff2276b0c4,0.30000000000000004,0.13,0.06814456731081009
a42d23c9-3f6f-4b1c-ba08-1dff2276b0c4,0.30000000000000004,0.18000000000000002,0.07070127874612808
a42d23c9-3f6f-4b1c-ba08-1dff2276b0c4,0.30000000000000004,0.23,0.0648030936717987
a512dbe6-3f72-4436-afd8-9213beace99d,0.0,0.03,0.0428578145802021
a512dbe6-3f72-4436-afd8-9213beace99d,0.0,0.08,0.05801234766840935
a512dbe6-3f72-4436-afd8-9213beace99d,0.0,0.13,0.05849170312285423
a512dbe6-3f72-4436-afd8-9213beace99d,0.0,0.18000000000000002,0.06355097144842148
a512dbe6-3f72-4436-afd8-9213beace99d,0.0,0.23,0.0734560638666153
a512dbe6-3f72-4436-afd8-9213beace99d,0.01,0.03,0.045563992112874985
a512dbe6-3f72-4436-afd8-9213beace99d,0.01,0.08,0.06019098684191704
a512dbe6-3f72-4436-afd8-9213beace99d,0.01,0.13,0.056389905512332916
a512dbe6-3f72-4436-afd8-9213beace99d,0.01,0.18000000000000002,0.0646672174334526
a512dbe6-3f72-4436-afd8-9213beace99d,0.01,0.23,0.07053913176059723
a512dbe6-3f72-4436-afd8-9213beace99d,0.02,0.03,0.049864307045936584
a512dbe6-3f72-4436-afd8-9213beace99d,0.02,0.08,0.05802648514509201
a512dbe6-3f72-4436-afd8-9213beace99d,0.02,0.13,0.05792408809065819
a512dbe6-3f72-4436-afd8-9213beace99d,0.02,0.18000000000000002,0.06508922576904297
a512dbe6-3f72-4436-afd8-9213beace99d,0.02,0.23,0.07192762941122055
a512dbe6-3f72-4436-afd8-9213beace99d,0.03,0.03,0.05095440521836281
a512dbe6-3f72-4436-afd8-9213beace99d,0.03,0.08,0.055787600576877594
a512dbe6-3f72-4436-afd8-9213beace99d,0.03,0.13,0.05688795819878578
a512dbe6-3f72-4436-afd8-9213beace99d,0.03,0.18000000000000002,0.06884688884019852
a512dbe6-3f72-4436-afd8-9213beace99d,0.03,0.23,0.07141222804784775
a512dbe6-3f72-4436-afd8-9213beace99d,0.04,0.03,0.048091962933540344
a512dbe6-3f72-4436-afd8-9213beace99d,0.04,0.08,0.055983997881412506
a512dbe6-3f72-4436-afd8-9213beace99d,0.05,0.03,0.048427604138851166
a512dbe6-3f72-4436-afd8-9213beace99d,0.05,0.08,0.05392991378903389
a512dbe6-3f72-4436-afd8-9213beace99d,0.05,0.13,0.058910250663757324
a512dbe6-3f72-4436-afd8-9213beace99d,0.05,0.18000000000000002,0.07170690596103668
a512dbe6-3f72-4436-afd8-9213beace99d,0.05,0.23,0.08609739691019058
a512dbe6-3f72-4436-afd8-9213beace99d,0.1,0.03,0.05121326446533203
a512dbe6-3f72-4436-afd8-9213beace99d,0.1,0.08,0.06053013354539871
a512dbe6-3f72-4436-afd8-9213beace99d,0.1,0.13,0.07554569840431213
a512dbe6-3f72-4436-afd8-9213beace99d,0.1,0.18000000000000002,0.08849272131919861
a512dbe6-3f72-4436-afd8-9213beace99d,0.1,0.23,0.09400128573179245
a512dbe6-3f72-4436-afd8-9213beace99d,0.15000000000000002,0.03,0.05310571938753128
a512dbe6-3f72-4436-afd8-9213beace99d,0.15000000000000002,0.08,0.06584219634532928
a512dbe6-3f72-4436-afd8-9213beace99d,0.15000000000000002,0.13,0.08021510392427444
a512dbe6-3f72-4436-afd8-9213beace99d,0.15000000000000002,0.18000000000000002,0.08733239024877548
a512dbe6-3f72-4436-afd8-9213beace99d,0.15000000000000002,0.23,0.0829295888543129
a512dbe6-3f72-4436-afd8-9213beace99d,0.2,0.03,0.04717225953936577
a512dbe6-3f72-4436-afd8-9213beace99d,0.2,0.08,0.06723358482122421
a512dbe6-3f72-4436-afd8-9213beace99d,0.2,0.13,0.07752585411071777
a512dbe6-3f72-4436-afd8-9213beace99d,0.2,0.18000000000000002,0.07354938238859177
a512dbe6-3f72-4436-afd8-9213beace99d,0.2,0.23,0.07489621639251709
a512dbe6-3f72-4436-afd8-9213beace99d,0.25,0.03,0.04772873595356941
a512dbe6-3f72-4436-afd8-9213beace99d,0.25,0.08,0.057758085429668427
a512dbe6-3f72-4436-afd8-9213beace99d,0.25,0.13,0.06609267741441727
a512dbe6-3f72-4436-afd8-9213beace99d,0.25,0.18000000000000002,0.07527317851781845
a512dbe6-3f72-4436-afd8-9213beace99d,0.25,0.23,0.07073979824781418
a512dbe6-3f72-4436-afd8-9213beace99d,0.30000000000000004,0.03,0.05680865794420242
a512dbe6-3f72-4436-afd8-9213beace99d,0.30000000000000004,0.08,0.06357768177986145
a512dbe6-3f72-4436-afd8-9213beace99d,0.30000000000000004,0.13,0.0715937465429306
a512dbe6-3f72-4436-afd8-9213beace99d,0.30000000000000004,0.18000000000000002,0.06909044086933136
a512dbe6-3f72-4436-afd8-9213beace99d,0.30000000000000004,0.23,0.07786058634519577
a52d2668-ccff-477e-80ba-97d8492324a9,0.0,0.03,0.36055871844291687
a52d2668-ccff-477e-80ba-97d8492324a9,0.0,0.08,0.4795323610305786
a52d2668-ccff-477e-80ba-97d8492324a9,0.0,0.13,0.4561939537525177
a52d2668-ccff-477e-80ba-97d8492324a9,0.0,0.18000000000000002,0.40471604466438293
a52d2668-ccff-477e-80ba-97d8492324a9,0.0,0.23,0.3682316243648529
a52d2668-ccff-477e-80ba-97d8492324a9,0.01,0.03,0.3043605387210846
a52d2668-ccff-477e-80ba-97d8492324a9,0.01,0.08,0.3785955011844635
a52d2668-ccff-477e-80ba-97d8492324a9,0.01,0.13,0.33312034606933594
a52d2668-ccff-477e-80ba-97d8492324a9,0.01,0.18000000000000002,0.2963551878929138
a52d2668-ccff-477e-80ba-97d8492324a9,0.01,0.23,0.2700730264186859
a52d2668-ccff-477e-80ba-97d8492324a9,0.02,0.03,0.3166247010231018
a52d2668-ccff-477e-80ba-97d8492324a9,0.02,0.08,0.36731812357902527
a52d2668-ccff-477e-80ba-97d8492324a9,0.02,0.13,0.31455960869789124
a52d2668-ccff-477e-80ba-97d8492324a9,0.02,0.18000000000000002,0.2814071476459503
a52d2668-ccff-477e-80ba-97d8492324a9,0.02,0.23,0.2524440884590149
a52d2668-ccff-477e-80ba-97d8492324a9,0.03,0.03,0.3290027678012848
a52d2668-ccff-477e-80ba-97d8492324a9,0.03,0.08,0.332674503326416
a52d2668-ccff-477e-80ba-97d8492324a9,0.03,0.13,0.2894655168056488
a52d2668-ccff-477e-80ba-97d8492324a9,0.03,0.18000000000000002,0.261306494474411
a52d2668-ccff-477e-80ba-97d8492324a9,0.03,0.23,0.23355121910572052
a52d2668-ccff-477e-80ba-97d8492324a9,0.04,0.03,0.3092673420906067
a52d2668-ccff-477e-80ba-97d8492324a9,0.04,0.08,0.303775429725647
a52d2668-ccff-477e-80ba-97d8492324a9,0.05,0.03,0.3511870503425598
a52d2668-ccff-477e-80ba-97d8492324a9,0.05,0.08,0.34998849034309387
a52d2668-ccff-477e-80ba-97d8492324a9,0.05,0.13,0.3051266670227051
a52d2668-ccff-477e-80ba-97d8492324a9,0.05,0.18000000000000002,0.27806445956230164
a52d2668-ccff-477e-80ba-97d8492324a9,0.05,0.23,0.25952890515327454
a52d2668-ccff-477e-80ba-97d8492324a9,0.1,0.03,0.17986617982387543
a52d2668-ccff-477e-80ba-97d8492324a9,0.1,0.08,0.1838679313659668
a52d2668-ccff-477e-80ba-97d8492324a9,0.1,0.13,0.17703121900558472
a52d2668-ccff-477e-80ba-97d8492324a9,0.1,0.18000000000000002,0.1716538816690445
a52d2668-ccff-477e-80ba-97d8492324a9,0.1,0.23,0.1574706733226776
a52d2668-ccff-477e-80ba-97d8492324a9,0.15000000000000002,0.03,0.10668114572763443
a52d2668-ccff-477e-80ba-97d8492324a9,0.15000000000000002,0.08,0.12361577898263931
a52d2668-ccff-477e-80ba-97d8492324a9,0.15000000000000002,0.13,0.1265605241060257
a52d2668-ccff-477e-80ba-97d8492324a9,0.15000000000000002,0.18000000000000002,0.11581847071647644
a52d2668-ccff-477e-80ba-97d8492324a9,0.15000000000000002,0.23,0.1034831553697586
a52d2668-ccff-477e-80ba-97d8492324a9,0.2,0.03,0.08568507432937622
a52d2668-ccff-477e-80ba-97d8492324a9,0.2,0.08,0.10152856260538101
a52d2668-ccff-477e-80ba-97d8492324a9,0.2,0.13,0.09090594947338104
a52d2668-ccff-477e-80ba-97d8492324a9,0.2,0.18000000000000002,0.07894789427518845
a52d2668-ccff-477e-80ba-97d8492324a9,0.2,0.23,0.07754352688789368
a52d2668-ccff-477e-80ba-97d8492324a9,0.25,0.03,0.06962894648313522
a52d2668-ccff-477e-80ba-97d8492324a9,0.25,0.08,0.07169360667467117
a52d2668-ccff-477e-80ba-97d8492324a9,0.25,0.13,0.0773962214589119
a52d2668-ccff-477e-80ba-97d8492324a9,0.25,0.18000000000000002,0.07853788882493973
a52d2668-ccff-477e-80ba-97d8492324a9,0.25,0.23,0.07684550434350967
a52d2668-ccff-477e-80ba-97d8492324a9,0.30000000000000004,0.03,0.06299936771392822
a52d2668-ccff-477e-80ba-97d8492324a9,0.30000000000000004,0.08,0.06714962422847748
a52d2668-ccff-477e-80ba-97d8492324a9,0.30000000000000004,0.13,0.06884892284870148
a52d2668-ccff-477e-80ba-97d8492324a9,0.30000000000000004,0.18000000000000002,0.07508589327335358
a52d2668-ccff-477e-80ba-97d8492324a9,0.30000000000000004,0.23,0.07605433464050293
a5371282-7d6d-4e7f-9d9e-812e8f3a8e69,0.0,0.03,0.05135462060570717
a5371282-7d6d-4e7f-9d9e-812e8f3a8e69,0.0,0.08,0.06712565571069717
a5371282-7d6d-4e7f-9d9e-812e8f3a8e69,0.0,0.13,0.07136277109384537
a5371282-7d6d-4e7f-9d9e-812e8f3a8e69,0.0,0.18000000000000002,0.06817446649074554
a5371282-7d6d-4e7f-9d9e-812e8f3a8e69,0.0,0.23,0.06313592195510864
a5371282-7d6d-4e7f-9d9e-812e8f3a8e69,0.01,0.03,0.04933552071452141
a5371282-7d6d-4e7f-9d9e-812e8f3a8e69,0.01,0.08,0.059528231620788574
a5371282-7d6d-4e7f-9d9e-812e8f3a8e69,0.01,0.13,0.06822776794433594
a5371282-7d6d-4e7f-9d9e-812e8f3a8e69,0.01,0.18000000000000002,0.06267546117305756
a5371282-7d6d-4e7f-9d9e-812e8f3a8e69,0.01,0.23,0.060786109417676926
a5371282-7d6d-4e7f-9d9e-812e8f3a8e69,0.02,0.03,0.04833296313881874
a5371282-7d6d-4e7f-9d9e-812e8f3a8e69,0.02,0.08,0.05754268169403076
a5371282-7d6d-4e7f-9d9e-812e8f3a8e69,0.02,0.13,0.061202555894851685
a5371282-7d6d-4e7f-9d9e-812e8f3a8e69,0.02,0.18000000000000002,0.06386633962392807
a5371282-7d6d-4e7f-9d9e-812e8f3a8e69,0.02,0.23,0.06125865504145622
a5371282-7d6d-4e7f-9d9e-812e8f3a8e69,0.03,0.03,0.051283128559589386
a5371282-7d6d-4e7f-9d9e-812e8f3a8e69,0.03,0.08,0.061510659754276276
a5371282-7d6d-4e7f-9d9e-812e8f3a8e69,0.03,0.13,0.06482955068349838
a5371282-7d6d-4e7f-9d9e-812e8f3a8e69,0.03,0.18000000000000002,0.06247946619987488
a5371282-7d6d-4e7f-9d9e-812e8f3a8e69,0.03,0.23,0.05950465425848961
a5371282-7d6d-4e7f-9d9e-812e8f3a8e69,0.04,0.03,0.05388827994465828
a5371282-7d6d-4e7f-9d9e-812e8f3a8e69,0.04,0.08,0.06388036161661148
a5371282-7d6d-4e7f-9d9e-812e8f3a8e69,0.05,0.03,0.04517578333616257
a5371282-7d6d-4e7f-9d9e-812e8f3a8e69,0.05,0.08,0.05801953002810478
a5371282-7d6d-4e7f-9d9e-812e8f3a8e69,0.05,0.13,0.06581594049930573
a5371282-7d6d-4e7f-9d9e-812e8f3a8e69,0.05,0.18000000000000002,0.06231490150094032
a5371282-7d6d-4e7f-9d9e-812e8f3a8e69,0.05,0.23,0.06434036791324615
a5371282-7d6d-4e7f-9d9e-812e8f3a8e69,0.1,0.03,0.06479700654745102
a5371282-7d6d-4e7f-9d9e-812e8f3a8e69,0.1,0.08,0.059696756303310394
a5371282-7d6d-4e7f-9d9e-812e8f3a8e69,0.1,0.13,0.06540445983409882
a5371282-7d6d-4e7f-9d9e-812e8f3a8e69,0.1,0.18000000000000002,0.0677245631814003
a5371282-7d6d-4e7f-9d9e-812e8f3a8e69,0.1,0.23,0.06979741156101227
a5371282-7d6d-4e7f-9d9e-812e8f3a8e69,0.15000000000000002,0.03,0.04876822233200073
a5371282-7d6d-4e7f-9d9e-812e8f3a8e69,0.15000000000000002,0.08,0.05481075868010521
a5371282-7d6d-4e7f-9d9e-812e8f3a8e69,0.15000000000000002,0.13,0.05918186157941818
a5371282-7d6d-4e7f-9d9e-812e8f3a8e69,0.15000000000000002,0.18000000000000002,0.06855134665966034
a5371282-7d6d-4e7f-9d9e-812e8f3a8e69,0.15000000000000002,0.23,0.07513469457626343
a5371282-7d6d-4e7f-9d9e-812e8f3a8e69,0.2,0.03,0.04571014642715454
a5371282-7d6d-4e7f-9d9e-812e8f3a8e69,0.2,0.08,0.05575042963027954
a5371282-7d6d-4e7f-9d9e-812e8f3a8e69,0.2,0.13,0.06466369330883026
a5371282-7d6d-4e7f-9d9e-812e8f3a8e69,0.2,0.18000000000000002,0.07220188528299332
a5371282-7d6d-4e7f-9d9e-812e8f3a8e69,0.2,0.23,0.06712719053030014
a5371282-7d6d-4e7f-9d9e-812e8f3a8e69,0.25,0.03,0.04539571329951286
a5371282-7d6d-4e7f-9d9e-812e8f3a8e69,0.25,0.08,0.06167195364832878
a5371282-7d6d-4e7f-9d9e-812e8f3a8e69,0.25,0.13,0.06488226354122162
a5371282-7d6d-4e7f-9d9e-812e8f3a8e69,0.25,0.18000000000000002,0.06353960186243057
a5371282-7d6d-4e7f-9d9e-812e8f3a8e69,0.25,0.23,0.07439028471708298
a5371282-7d6d-4e7f-9d9e-812e8f3a8e69,0.30000000000000004,0.03,0.046641215682029724
a5371282-7d6d-4e7f-9d9e-812e8f3a8e69,0.30000000000000004,0.08,0.05362917110323906
a5371282-7d6d-4e7f-9d9e-812e8f3a8e69,0.30000000000000004,0.13,0.06921986490488052
a5371282-7d6d-4e7f-9d9e-812e8f3a8e69,0.30000000000000004,0.18000000000000002,0.0758393257856369
a5371282-7d6d-4e7f-9d9e-812e8f3a8e69,0.30000000000000004,0.23,0.07828035950660706
a54563ac-8eb1-480f-a600-d1400b84fbfe,0.0,0.03,0.1109590232372284
a54563ac-8eb1-480f-a600-d1400b84fbfe,0.0,0.08,0.22577165067195892
a54563ac-8eb1-480f-a600-d1400b84fbfe,0.0,0.13,0.2611100375652313
a54563ac-8eb1-480f-a600-d1400b84fbfe,0.0,0.18000000000000002,0.2564753592014313
a54563ac-8eb1-480f-a600-d1400b84fbfe,0.0,0.23,0.24421174824237823
a54563ac-8eb1-480f-a600-d1400b84fbfe,0.01,0.03,0.1193336620926857
a54563ac-8eb1-480f-a600-d1400b84fbfe,0.01,0.08,0.2105279266834259
a54563ac-8eb1-480f-a600-d1400b84fbfe,0.01,0.13,0.2300482839345932
a54563ac-8eb1-480f-a600-d1400b84fbfe,0.01,0.18000000000000002,0.21837112307548523
a54563ac-8eb1-480f-a600-d1400b84fbfe,0.01,0.23,0.21104083955287933
a54563ac-8eb1-480f-a600-d1400b84fbfe,0.02,0.03,0.14715643227100372
a54563ac-8eb1-480f-a600-d1400b84fbfe,0.02,0.08,0.21367648243904114
a54563ac-8eb1-480f-a600-d1400b84fbfe,0.02,0.13,0.22684913873672485
a54563ac-8eb1-480f-a600-d1400b84fbfe,0.02,0.18000000000000002,0.21759195625782013
a54563ac-8eb1-480f-a600-d1400b84fbfe,0.02,0.23,0.21064992249011993
a54563ac-8eb1-480f-a600-d1400b84fbfe,0.03,0.03,0.15718160569667816
a54563ac-8eb1-480f-a600-d1400b84fbfe,0.03,0.08,0.22598659992218018
a54563ac-8eb1-480f-a600-d1400b84fbfe,0.03,0.13,0.2218950390815735
a54563ac-8eb1-480f-a600-d1400b84fbfe,0.03,0.18000000000000002,0.21186406910419464
a54563ac-8eb1-480f-a600-d1400b84fbfe,0.03,0.23,0.2057253122329712
a54563ac-8eb1-480f-a600-d1400b84fbfe,0.04,0.03,0.1525944173336029
a54563ac-8eb1-480f-a600-d1400b84fbfe,0.04,0.08,0.2222612053155899
a54563ac-8eb1-480f-a600-d1400b84fbfe,0.05,0.03,0.18407972157001495
a54563ac-8eb1-480f-a600-d1400b84fbfe,0.05,0.08,0.23628252744674683
a54563ac-8eb1-480f-a600-d1400b84fbfe,0.05,0.13,0.23060165345668793
a54563ac-8eb1-480f-a600-d1400b84fbfe,0.05,0.18000000000000002,0.21577537059783936
a54563ac-8eb1-480f-a600-d1400b84fbfe,0.05,0.23,0.20885545015335083
a54563ac-8eb1-480f-a600-d1400b84fbfe,0.1,0.03,0.15426138043403625
a54563ac-8eb1-480f-a600-d1400b84fbfe,0.1,0.08,0.17050954699516296
a54563ac-8eb1-480f-a600-d1400b84fbfe,0.1,0.13,0.1676541268825531
a54563ac-8eb1-480f-a600-d1400b84fbfe,0.1,0.18000000000000002,0.1694399118423462
a54563ac-8eb1-480f-a600-d1400b84fbfe,0.1,0.23,0.15705706179141998
a54563ac-8eb1-480f-a600-d1400b84fbfe,0.15000000000000002,0.03,0.09735178202390671
a54563ac-8eb1-480f-a600-d1400b84fbfe,0.15000000000000002,0.08,0.12910886108875275
a54563ac-8eb1-480f-a600-d1400b84fbfe,0.15000000000000002,0.13,0.13727489113807678
a54563ac-8eb1-480f-a600-d1400b84fbfe,0.15000000000000002,0.18000000000000002,0.12621599435806274
a54563ac-8eb1-480f-a600-d1400b84fbfe,0.15000000000000002,0.23,0.11035052686929703
a54563ac-8eb1-480f-a600-d1400b84fbfe,0.2,0.03,0.07362279295921326
a54563ac-8eb1-480f-a600-d1400b84fbfe,0.2,0.08,0.10395095497369766
a54563ac-8eb1-480f-a600-d1400b84fbfe,0.2,0.13,0.09239500015974045
a54563ac-8eb1-480f-a600-d1400b84fbfe,0.2,0.18000000000000002,0.07950066030025482
a54563ac-8eb1-480f-a600-d1400b84fbfe,0.2,0.23,0.07993416488170624
a54563ac-8eb1-480f-a600-d1400b84fbfe,0.25,0.03,0.06810078769922256
a54563ac-8eb1-480f-a600-d1400b84fbfe,0.25,0.08,0.06980086863040924
a54563ac-8eb1-480f-a600-d1400b84fbfe,0.25,0.13,0.07463549822568893
a54563ac-8eb1-480f-a600-d1400b84fbfe,0.25,0.18000000000000002,0.07312547415494919
a54563ac-8eb1-480f-a600-d1400b84fbfe,0.25,0.23,0.07168552279472351
a54563ac-8eb1-480f-a600-d1400b84fbfe,0.30000000000000004,0.03,0.05826251581311226
a54563ac-8eb1-480f-a600-d1400b84fbfe,0.30000000000000004,0.08,0.0689845010638237
a54563ac-8eb1-480f-a600-d1400b84fbfe,0.30000000000000004,0.13,0.07375685125589371
a54563ac-8eb1-480f-a600-d1400b84fbfe,0.30000000000000004,0.18000000000000002,0.0713156908750534
a54563ac-8eb1-480f-a600-d1400b84fbfe,0.30000000000000004,0.23,0.06878378987312317
a563a456-2996-442a-8ea8-19baa238c7e2,0.0,0.03,0.04867912083864212
a563a456-2996-442a-8ea8-19baa238c7e2,0.0,0.08,0.05887167155742645
a563a456-2996-442a-8ea8-19baa238c7e2,0.0,0.13,0.07458250969648361
a563a456-2996-442a-8ea8-19baa238c7e2,0.0,0.18000000000000002,0.07885115593671799
a563a456-2996-442a-8ea8-19baa238c7e2,0.0,0.23,0.07948796451091766
a563a456-2996-442a-8ea8-19baa238c7e2,0.01,0.03,0.047483403235673904
a563a456-2996-442a-8ea8-19baa238c7e2,0.01,0.08,0.06144966557621956
a563a456-2996-442a-8ea8-19baa238c7e2,0.01,0.13,0.06945081800222397
a563a456-2996-442a-8ea8-19baa238c7e2,0.01,0.18000000000000002,0.06903611868619919
a563a456-2996-442a-8ea8-19baa238c7e2,0.01,0.23,0.06772233545780182
a563a456-2996-442a-8ea8-19baa238c7e2,0.02,0.03,0.050368692725896835
a563a456-2996-442a-8ea8-19baa238c7e2,0.02,0.08,0.06335289031267166
a563a456-2996-442a-8ea8-19baa238c7e2,0.02,0.13,0.07299838215112686
a563a456-2996-442a-8ea8-19baa238c7e2,0.02,0.18000000000000002,0.07163471728563309
a563a456-2996-442a-8ea8-19baa238c7e2,0.02,0.23,0.07419410347938538
a563a456-2996-442a-8ea8-19baa238c7e2,0.03,0.03,0.04704916104674339
a563a456-2996-442a-8ea8-19baa238c7e2,0.03,0.08,0.06222594529390335
a563a456-2996-442a-8ea8-19baa238c7e2,0.03,0.13,0.070340596139431
a563a456-2996-442a-8ea8-19baa238c7e2,0.03,0.18000000000000002,0.07023952901363373
a563a456-2996-442a-8ea8-19baa238c7e2,0.03,0.23,0.07617651671171188
a563a456-2996-442a-8ea8-19baa238c7e2,0.04,0.03,0.04708823189139366
a563a456-2996-442a-8ea8-19baa238c7e2,0.04,0.08,0.06341817229986191
a563a456-2996-442a-8ea8-19baa238c7e2,0.05,0.03,0.04756560176610947
a563a456-2996-442a-8ea8-19baa238c7e2,0.05,0.08,0.0686773806810379
a563a456-2996-442a-8ea8-19baa238c7e2,0.05,0.13,0.07542340457439423
a563a456-2996-442a-8ea8-19baa238c7e2,0.05,0.18000000000000002,0.07630252838134766
a563a456-2996-442a-8ea8-19baa238c7e2,0.05,0.23,0.0812089666724205
a563a456-2996-442a-8ea8-19baa238c7e2,0.1,0.03,0.04882132634520531
a563a456-2996-442a-8ea8-19baa238c7e2,0.1,0.08,0.060302503407001495
a563a456-2996-442a-8ea8-19baa238c7e2,0.1,0.13,0.06524965912103653
a563a456-2996-442a-8ea8-19baa238c7e2,0.1,0.18000000000000002,0.07753225415945053
a563a456-2996-442a-8ea8-19baa238c7e2,0.1,0.23,0.08315429091453552
a563a456-2996-442a-8ea8-19baa238c7e2,0.15000000000000002,0.03,0.04680092632770538
a563a456-2996-442a-8ea8-19baa238c7e2,0.15000000000000002,0.08,0.06617050617933273
a563a456-2996-442a-8ea8-19baa238c7e2,0.15000000000000002,0.13,0.081764355301857
a563a456-2996-442a-8ea8-19baa238c7e2,0.15000000000000002,0.18000000000000002,0.08648422360420227
a563a456-2996-442a-8ea8-19baa238c7e2,0.15000000000000002,0.23,0.09476970881223679
a563a456-2996-442a-8ea8-19baa238c7e2,0.2,0.03,0.04611160233616829
a563a456-2996-442a-8ea8-19baa238c7e2,0.2,0.08,0.060715895146131516
a563a456-2996-442a-8ea8-19baa238c7e2,0.2,0.13,0.07378595322370529
a563a456-2996-442a-8ea8-19baa238c7e2,0.2,0.18000000000000002,0.08072322607040405
a563a456-2996-442a-8ea8-19baa238c7e2,0.2,0.23,0.08223696798086166
a563a456-2996-442a-8ea8-19baa238c7e2,0.25,0.03,0.05224604532122612
a563a456-2996-442a-8ea8-19baa238c7e2,0.25,0.08,0.0726124495267868
a563a456-2996-442a-8ea8-19baa238c7e2,0.25,0.13,0.08379694074392319
a563a456-2996-442a-8ea8-19baa238c7e2,0.25,0.18000000000000002,0.0819142684340477
a563a456-2996-442a-8ea8-19baa238c7e2,0.25,0.23,0.09014967828989029
a563a456-2996-442a-8ea8-19baa238c7e2,0.30000000000000004,0.03,0.04771783575415611
a563a456-2996-442a-8ea8-19baa238c7e2,0.30000000000000004,0.08,0.06857523322105408
a563a456-2996-442a-8ea8-19baa238c7e2,0.30000000000000004,0.13,0.07417601346969604
a563a456-2996-442a-8ea8-19baa238c7e2,0.30000000000000004,0.18000000000000002,0.08355262130498886
a563a456-2996-442a-8ea8-19baa238c7e2,0.30000000000000004,0.23,0.08074644953012466
a59201ff-5397-42fd-a01f-cfc883e50e2a,0.0,0.03,0.05315105989575386
a59201ff-5397-42fd-a01f-cfc883e50e2a,0.0,0.08,0.060056526213884354
a59201ff-5397-42fd-a01f-cfc883e50e2a,0.0,0.13,0.06898050755262375
a59201ff-5397-42fd-a01f-cfc883e50e2a,0.0,0.18000000000000002,0.07570775598287582
a59201ff-5397-42fd-a01f-cfc883e50e2a,0.0,0.23,0.07759643346071243
a59201ff-5397-42fd-a01f-cfc883e50e2a,0.01,0.03,0.053657568991184235
a59201ff-5397-42fd-a01f-cfc883e50e2a,0.01,0.08,0.05946226790547371
a59201ff-5397-42fd-a01f-cfc883e50e2a,0.01,0.13,0.07541879266500473
a59201ff-5397-42fd-a01f-cfc883e50e2a,0.01,0.18000000000000002,0.08232422918081284
a59201ff-5397-42fd-a01f-cfc883e50e2a,0.01,0.23,0.07929351180791855
a59201ff-5397-42fd-a01f-cfc883e50e2a,0.02,0.03,0.04504552111029625
a59201ff-5397-42fd-a01f-cfc883e50e2a,0.02,0.08,0.058407820761203766
a59201ff-5397-42fd-a01f-cfc883e50e2a,0.02,0.13,0.07209820300340652
a59201ff-5397-42fd-a01f-cfc883e50e2a,0.02,0.18000000000000002,0.07812120765447617
a59201ff-5397-42fd-a01f-cfc883e50e2a,0.02,0.23,0.07554493099451065
a59201ff-5397-42fd-a01f-cfc883e50e2a,0.03,0.03,0.046282991766929626
a59201ff-5397-42fd-a01f-cfc883e50e2a,0.03,0.08,0.06219266355037689
a59201ff-5397-42fd-a01f-cfc883e50e2a,0.03,0.13,0.07796941697597504
a59201ff-5397-42fd-a01f-cfc883e50e2a,0.03,0.18000000000000002,0.08019871264696121
a59201ff-5397-42fd-a01f-cfc883e50e2a,0.03,0.23,0.07169032841920853
a59201ff-5397-42fd-a01f-cfc883e50e2a,0.04,0.03,0.044980376958847046
a59201ff-5397-42fd-a01f-cfc883e50e2a,0.04,0.08,0.06174599379301071
a59201ff-5397-42fd-a01f-cfc883e50e2a,0.05,0.03,0.04777566343545914
a59201ff-5397-42fd-a01f-cfc883e50e2a,0.05,0.08,0.0610232912003994
a59201ff-5397-42fd-a01f-cfc883e50e2a,0.05,0.13,0.07028365135192871
a59201ff-5397-42fd-a01f-cfc883e50e2a,0.05,0.18000000000000002,0.07219171524047852
a59201ff-5397-42fd-a01f-cfc883e50e2a,0.05,0.23,0.07323219627141953
a59201ff-5397-42fd-a01f-cfc883e50e2a,0.1,0.03,0.04950403422117233
a59201ff-5397-42fd-a01f-cfc883e50e2a,0.1,0.08,0.060356978327035904
a59201ff-5397-42fd-a01f-cfc883e50e2a,0.1,0.13,0.06291332840919495
a59201ff-5397-42fd-a01f-cfc883e50e2a,0.1,0.18000000000000002,0.06731566041707993
a59201ff-5397-42fd-a01f-cfc883e50e2a,0.1,0.23,0.067109614610672
a59201ff-5397-42fd-a01f-cfc883e50e2a,0.15000000000000002,0.03,0.053505636751651764
a59201ff-5397-42fd-a01f-cfc883e50e2a,0.15000000000000002,0.08,0.05759178847074509
a59201ff-5397-42fd-a01f-cfc883e50e2a,0.15000000000000002,0.13,0.06600141525268555
a59201ff-5397-42fd-a01f-cfc883e50e2a,0.15000000000000002,0.18000000000000002,0.06607986986637115
a59201ff-5397-42fd-a01f-cfc883e50e2a,0.15000000000000002,0.23,0.06957229971885681
a59201ff-5397-42fd-a01f-cfc883e50e2a,0.2,0.03,0.045057233422994614
a59201ff-5397-42fd-a01f-cfc883e50e2a,0.2,0.08,0.06116129457950592
a59201ff-5397-42fd-a01f-cfc883e50e2a,0.2,0.13,0.0657036304473877
a59201ff-5397-42fd-a01f-cfc883e50e2a,0.2,0.18000000000000002,0.06127979978919029
a59201ff-5397-42fd-a01f-cfc883e50e2a,0.2,0.23,0.06634936481714249
a59201ff-5397-42fd-a01f-cfc883e50e2a,0.25,0.03,0.04936603456735611
a59201ff-5397-42fd-a01f-cfc883e50e2a,0.25,0.08,0.0565873347222805
a59201ff-5397-42fd-a01f-cfc883e50e2a,0.25,0.13,0.06424006074666977
a59201ff-5397-42fd-a01f-cfc883e50e2a,0.25,0.18000000000000002,0.06407230347394943
a59201ff-5397-42fd-a01f-cfc883e50e2a,0.25,0.23,0.060492441058158875
a59201ff-5397-42fd-a01f-cfc883e50e2a,0.30000000000000004,0.03,0.04697416350245476
a59201ff-5397-42fd-a01f-cfc883e50e2a,0.30000000000000004,0.08,0.058992400765419006
a59201ff-5397-42fd-a01f-cfc883e50e2a,0.30000000000000004,0.13,0.05736013501882553
a59201ff-5397-42fd-a01f-cfc883e50e2a,0.30000000000000004,0.18000000000000002,0.056465212255716324
a59201ff-5397-42fd-a01f-cfc883e50e2a,0.30000000000000004,0.23,0.05816758796572685
a5d10745-3295-4d51-b3c2-621d00d935cb,0.0,0.03,0.06821618229150772
a5d10745-3295-4d51-b3c2-621d00d935cb,0.0,0.08,0.09162779897451401
a5d10745-3295-4d51-b3c2-621d00d935cb,0.0,0.13,0.11395392566919327
a5d10745-3295-4d51-b3c2-621d00d935cb,0.0,0.18000000000000002,0.11546129733324051
a5d10745-3295-4d51-b3c2-621d00d935cb,0.0,0.23,0.11216270923614502
a5d10745-3295-4d51-b3c2-621d00d935cb,0.01,0.03,0.0652235746383667
a5d10745-3295-4d51-b3c2-621d00d935cb,0.01,0.08,0.10869495570659637
a5d10745-3295-4d51-b3c2-621d00d935cb,0.01,0.13,0.11225371807813644
a5d10745-3295-4d51-b3c2-621d00d935cb,0.01,0.18000000000000002,0.11693189293146133
a5d10745-3295-4d51-b3c2-621d00d935cb,0.01,0.23,0.1097378358244896
a5d10745-3295-4d51-b3c2-621d00d935cb,0.02,0.03,0.06585197150707245
a5d10745-3295-4d51-b3c2-621d00d935cb,0.02,0.08,0.08575349301099777
a5d10745-3295-4d51-b3c2-621d00d935cb,0.02,0.13,0.1150985062122345
a5d10745-3295-4d51-b3c2-621d00d935cb,0.02,0.18000000000000002,0.11723320186138153
a5d10745-3295-4d51-b3c2-621d00d935cb,0.02,0.23,0.1009136438369751
a5d10745-3295-4d51-b3c2-621d00d935cb,0.03,0.03,0.06811565905809402
a5d10745-3295-4d51-b3c2-621d00d935cb,0.03,0.08,0.09229805320501328
a5d10745-3295-4d51-b3c2-621d00d935cb,0.03,0.13,0.12061640620231628
a5d10745-3295-4d51-b3c2-621d00d935cb,0.03,0.18000000000000002,0.11375422030687332
a5d10745-3295-4d51-b3c2-621d00d935cb,0.03,0.23,0.09944900125265121
a5d10745-3295-4d51-b3c2-621d00d935cb,0.04,0.03,0.060376737266778946
a5d10745-3295-4d51-b3c2-621d00d935cb,0.04,0.08,0.11207065731287003
a5d10745-3295-4d51-b3c2-621d00d935cb,0.05,0.03,0.06188996881246567
a5d10745-3295-4d51-b3c2-621d00d935cb,0.05,0.08,0.11065851897001266
a5d10745-3295-4d51-b3c2-621d00d935cb,0.05,0.13,0.11874977499246597
a5d10745-3295-4d51-b3c2-621d00d935cb,0.05,0.18000000000000002,0.1111474260687828
a5d10745-3295-4d51-b3c2-621d00d935cb,0.05,0.23,0.10091293603181839
a5d10745-3295-4d51-b3c2-621d00d935cb,0.1,0.03,0.0802663043141365
a5d10745-3295-4d51-b3c2-621d00d935cb,0.1,0.08,0.09180904924869537
a5d10745-3295-4d51-b3c2-621d00d935cb,0.1,0.13,0.09510384500026703
a5d10745-3295-4d51-b3c2-621d00d935cb,0.1,0.18000000000000002,0.08948716521263123
a5d10745-3295-4d51-b3c2-621d00d935cb,0.1,0.23,0.09695349633693695
a5d10745-3295-4d51-b3c2-621d00d935cb,0.15000000000000002,0.03,0.05257134884595871
a5d10745-3295-4d51-b3c2-621d00d935cb,0.15000000000000002,0.08,0.07973428070545197
a5d10745-3295-4d51-b3c2-621d00d935cb,0.15000000000000002,0.13,0.09762188792228699
a5d10745-3295-4d51-b3c2-621d00d935cb,0.15000000000000002,0.18000000000000002,0.1044306755065918
a5d10745-3295-4d51-b3c2-621d00d935cb,0.15000000000000002,0.23,0.1087999939918518
a5d10745-3295-4d51-b3c2-621d00d935cb,0.2,0.03,0.058947719633579254
a5d10745-3295-4d51-b3c2-621d00d935cb,0.2,0.08,0.09086260199546814
a5d10745-3295-4d51-b3c2-621d00d935cb,0.2,0.13,0.10685769468545914
a5d10745-3295-4d51-b3c2-621d00d935cb,0.2,0.18000000000000002,0.11155449599027634
a5d10745-3295-4d51-b3c2-621d00d935cb,0.2,0.23,0.10735183954238892
a5d10745-3295-4d51-b3c2-621d00d935cb,0.25,0.03,0.06994916498661041
a5d10745-3295-4d51-b3c2-621d00d935cb,0.25,0.08,0.08598171919584274
a5d10745-3295-4d51-b3c2-621d00d935cb,0.25,0.13,0.1005745604634285
a5d10745-3295-4d51-b3c2-621d00d935cb,0.25,0.18000000000000002,0.09679298847913742
a5d10745-3295-4d51-b3c2-621d00d935cb,0.25,0.23,0.095196932554245
a5d10745-3295-4d51-b3c2-621d00d935cb,0.30000000000000004,0.03,0.0530567541718483
a5d10745-3295-4d51-b3c2-621d00d935cb,0.30000000000000004,0.08,0.07974829524755478
a5d10745-3295-4d51-b3c2-621d00d935cb,0.30000000000000004,0.13,0.08160246908664703
a5d10745-3295-4d51-b3c2-621d00d935cb,0.30000000000000004,0.18000000000000002,0.08340233564376831
a5d10745-3295-4d51-b3c2-621d00d935cb,0.30000000000000004,0.23,0.08042553812265396
a61eea74-2cee-4669-83ed-c5f9a03453cc,0.0,0.03,0.08839085698127747
a61eea74-2cee-4669-83ed-c5f9a03453cc,0.0,0.08,0.13049818575382233
a61eea74-2cee-4669-83ed-c5f9a03453cc,0.0,0.13,0.11862225085496902
a61eea74-2cee-4669-83ed-c5f9a03453cc,0.0,0.18000000000000002,0.09853570908308029
a61eea74-2cee-4669-83ed-c5f9a03453cc,0.0,0.23,0.08426441252231598
a61eea74-2cee-4669-83ed-c5f9a03453cc,0.01,0.03,0.08648412674665451
a61eea74-2cee-4669-83ed-c5f9a03453cc,0.01,0.08,0.11847802251577377
a61eea74-2cee-4669-83ed-c5f9a03453cc,0.01,0.13,0.10107883810997009
a61eea74-2cee-4669-83ed-c5f9a03453cc,0.01,0.18000000000000002,0.08274948596954346
a61eea74-2cee-4669-83ed-c5f9a03453cc,0.01,0.23,0.07323265820741653
a61eea74-2cee-4669-83ed-c5f9a03453cc,0.02,0.03,0.0810704380273819
a61eea74-2cee-4669-83ed-c5f9a03453cc,0.02,0.08,0.1086457148194313
a61eea74-2cee-4669-83ed-c5f9a03453cc,0.02,0.13,0.09301024675369263
a61eea74-2cee-4669-83ed-c5f9a03453cc,0.02,0.18000000000000002,0.07834756374359131
a61eea74-2cee-4669-83ed-c5f9a03453cc,0.02,0.23,0.06865520030260086
a61eea74-2cee-4669-83ed-c5f9a03453cc,0.03,0.03,0.09438476711511612
a61eea74-2cee-4669-83ed-c5f9a03453cc,0.03,0.08,0.09856989979743958
a61eea74-2cee-4669-83ed-c5f9a03453cc,0.03,0.13,0.08270203322172165
a61eea74-2cee-4669-83ed-c5f9a03453cc,0.03,0.18000000000000002,0.06991937756538391
a61eea74-2cee-4669-83ed-c5f9a03453cc,0.03,0.23,0.06442837417125702
a61eea74-2cee-4669-83ed-c5f9a03453cc,0.04,0.03,0.08780331909656525
a61eea74-2cee-4669-83ed-c5f9a03453cc,0.04,0.08,0.09005207568407059
a61eea74-2cee-4669-83ed-c5f9a03453cc,0.05,0.03,0.08583959192037582
a61eea74-2cee-4669-83ed-c5f9a03453cc,0.05,0.08,0.08704670518636703
a61eea74-2cee-4669-83ed-c5f9a03453cc,0.05,0.13,0.07210033386945724
a61eea74-2cee-4669-83ed-c5f9a03453cc,0.05,0.18000000000000002,0.0666874572634697
a61eea74-2cee-4669-83ed-c5f9a03453cc,0.05,0.23,0.06340953707695007
a61eea74-2cee-4669-83ed-c5f9a03453cc,0.1,0.03,0.0537169985473156
a61eea74-2cee-4669-83ed-c5f9a03453cc,0.1,0.08,0.06727755069732666
a61eea74-2cee-4669-83ed-c5f9a03453cc,0.1,0.13,0.06789879500865936
a61eea74-2cee-4669-83ed-c5f9a03453cc,0.1,0.18000000000000002,0.07171373069286346
a61eea74-2cee-4669-83ed-c5f9a03453cc,0.1,0.23,0.07908153533935547
a61eea74-2cee-4669-83ed-c5f9a03453cc,0.15000000000000002,0.03,0.051525067538022995
a61eea74-2cee-4669-83ed-c5f9a03453cc,0.15000000000000002,0.08,0.06624692678451538
a61eea74-2cee-4669-83ed-c5f9a03453cc,0.15000000000000002,0.13,0.06653641164302826
a61eea74-2cee-4669-83ed-c5f9a03453cc,0.15000000000000002,0.18000000000000002,0.07434564083814621
a61eea74-2cee-4669-83ed-c5f9a03453cc,0.15000000000000002,0.23,0.0840909406542778
a61eea74-2cee-4669-83ed-c5f9a03453cc,0.2,0.03,0.05431709811091423
a61eea74-2cee-4669-83ed-c5f9a03453cc,0.2,0.08,0.05756286531686783
a61eea74-2cee-4669-83ed-c5f9a03453cc,0.2,0.13,0.07288213819265366
a61eea74-2cee-4669-83ed-c5f9a03453cc,0.2,0.18000000000000002,0.08329619467258453
a61eea74-2cee-4669-83ed-c5f9a03453cc,0.2,0.23,0.08347511291503906
a61eea74-2cee-4669-83ed-c5f9a03453cc,0.25,0.03,0.0480588898062706
a61eea74-2cee-4669-83ed-c5f9a03453cc,0.25,0.08,0.06830503791570663
a61eea74-2cee-4669-83ed-c5f9a03453cc,0.25,0.13,0.07954093813896179
a61eea74-2cee-4669-83ed-c5f9a03453cc,0.25,0.18000000000000002,0.0796368271112442
a61eea74-2cee-4669-83ed-c5f9a03453cc,0.25,0.23,0.08200844377279282
a61eea74-2cee-4669-83ed-c5f9a03453cc,0.30000000000000004,0.03,0.04983532428741455
a61eea74-2cee-4669-83ed-c5f9a03453cc,0.30000000000000004,0.08,0.06635580956935883
a61eea74-2cee-4669-83ed-c5f9a03453cc,0.30000000000000004,0.13,0.06662888079881668
a61eea74-2cee-4669-83ed-c5f9a03453cc,0.30000000000000004,0.18000000000000002,0.07133593410253525
a61eea74-2cee-4669-83ed-c5f9a03453cc,0.30000000000000004,0.23,0.07349154353141785
a62a18fa-729b-45f8-88a4-592821fa39ed,0.0,0.03,0.09714578837156296
a62a18fa-729b-45f8-88a4-592821fa39ed,0.0,0.08,0.1323869675397873
a62a18fa-729b-45f8-88a4-592821fa39ed,0.0,0.13,0.10482694208621979
a62a18fa-729b-45f8-88a4-592821fa39ed,0.0,0.18000000000000002,0.08015654981136322
a62a18fa-729b-45f8-88a4-592821fa39ed,0.0,0.23,0.07618352770805359
a62a18fa-729b-45f8-88a4-592821fa39ed,0.01,0.03,0.0856555923819542
a62a18fa-729b-45f8-88a4-592821fa39ed,0.01,0.08,0.10589338839054108
a62a18fa-729b-45f8-88a4-592821fa39ed,0.01,0.13,0.08038036525249481
a62a18fa-729b-45f8-88a4-592821fa39ed,0.01,0.18000000000000002,0.07131887972354889
a62a18fa-729b-45f8-88a4-592821fa39ed,0.01,0.23,0.07297742366790771
a62a18fa-729b-45f8-88a4-592821fa39ed,0.02,0.03,0.08774165064096451
a62a18fa-729b-45f8-88a4-592821fa39ed,0.02,0.08,0.09210488945245743
a62a18fa-729b-45f8-88a4-592821fa39ed,0.02,0.13,0.07714132219552994
a62a18fa-729b-45f8-88a4-592821fa39ed,0.02,0.18000000000000002,0.07363781332969666
a62a18fa-729b-45f8-88a4-592821fa39ed,0.02,0.23,0.0757579654455185
a62a18fa-729b-45f8-88a4-592821fa39ed,0.03,0.03,0.07447776198387146
a62a18fa-729b-45f8-88a4-592821fa39ed,0.03,0.08,0.07746076583862305
a62a18fa-729b-45f8-88a4-592821fa39ed,0.03,0.13,0.06994029134511948
a62a18fa-729b-45f8-88a4-592821fa39ed,0.03,0.18000000000000002,0.07609792798757553
a62a18fa-729b-45f8-88a4-592821fa39ed,0.03,0.23,0.07612922787666321
a62a18fa-729b-45f8-88a4-592821fa39ed,0.04,0.03,0.06796439737081528
a62a18fa-729b-45f8-88a4-592821fa39ed,0.04,0.08,0.06795139610767365
a62a18fa-729b-45f8-88a4-592821fa39ed,0.05,0.03,0.0706888809800148
a62a18fa-729b-45f8-88a4-592821fa39ed,0.05,0.08,0.06972688436508179
a62a18fa-729b-45f8-88a4-592821fa39ed,0.05,0.13,0.08249878883361816
a62a18fa-729b-45f8-88a4-592821fa39ed,0.05,0.18000000000000002,0.08138349652290344
a62a18fa-729b-45f8-88a4-592821fa39ed,0.05,0.23,0.07399427890777588
a62a18fa-729b-45f8-88a4-592821fa39ed,0.1,0.03,0.053830526769161224
a62a18fa-729b-45f8-88a4-592821fa39ed,0.1,0.08,0.0739666000008583
a62a18fa-729b-45f8-88a4-592821fa39ed,0.1,0.13,0.07380956411361694
a62a18fa-729b-45f8-88a4-592821fa39ed,0.1,0.18000000000000002,0.06570802628993988
a62a18fa-729b-45f8-88a4-592821fa39ed,0.1,0.23,0.0639568641781807
a62a18fa-729b-45f8-88a4-592821fa39ed,0.15000000000000002,0.03,0.051948897540569305
a62a18fa-729b-45f8-88a4-592821fa39ed,0.15000000000000002,0.08,0.06607937067747116
a62a18fa-729b-45f8-88a4-592821fa39ed,0.15000000000000002,0.13,0.06291079521179199
a62a18fa-729b-45f8-88a4-592821fa39ed,0.15000000000000002,0.18000000000000002,0.06059788540005684
a62a18fa-729b-45f8-88a4-592821fa39ed,0.15000000000000002,0.23,0.06273439526557922
a62a18fa-729b-45f8-88a4-592821fa39ed,0.2,0.03,0.04452473297715187
a62a18fa-729b-45f8-88a4-592821fa39ed,0.2,0.08,0.05337124317884445
a62a18fa-729b-45f8-88a4-592821fa39ed,0.2,0.13,0.06629512459039688
a62a18fa-729b-45f8-88a4-592821fa39ed,0.2,0.18000000000000002,0.06462044268846512
a62a18fa-729b-45f8-88a4-592821fa39ed,0.2,0.23,0.061052098870277405
a62a18fa-729b-45f8-88a4-592821fa39ed,0.25,0.03,0.057470206171274185
a62a18fa-729b-45f8-88a4-592821fa39ed,0.25,0.08,0.06047927215695381
a62a18fa-729b-45f8-88a4-592821fa39ed,0.25,0.13,0.0666227713227272
a62a18fa-729b-45f8-88a4-592821fa39ed,0.25,0.18000000000000002,0.06472618132829666
a62a18fa-729b-45f8-88a4-592821fa39ed,0.25,0.23,0.05730012059211731
a62a18fa-729b-45f8-88a4-592821fa39ed,0.30000000000000004,0.03,0.047065768390893936
a62a18fa-729b-45f8-88a4-592821fa39ed,0.30000000000000004,0.08,0.053272545337677
a62a18fa-729b-45f8-88a4-592821fa39ed,0.30000000000000004,0.13,0.057274896651506424
a62a18fa-729b-45f8-88a4-592821fa39ed,0.30000000000000004,0.18000000000000002,0.058103930205106735
a62a18fa-729b-45f8-88a4-592821fa39ed,0.30000000000000004,0.23,0.06611459702253342
a6521f22-4df1-4fed-8f50-3a2b781af435,0.0,0.03,0.05273184925317764
a6521f22-4df1-4fed-8f50-3a2b781af435,0.0,0.08,0.055473823100328445
a6521f22-4df1-4fed-8f50-3a2b781af435,0.0,0.13,0.07318059355020523
a6521f22-4df1-4fed-8f50-3a2b781af435,0.0,0.18000000000000002,0.0759875625371933
a6521f22-4df1-4fed-8f50-3a2b781af435,0.0,0.23,0.08432216197252274
a6521f22-4df1-4fed-8f50-3a2b781af435,0.01,0.03,0.05338815972208977
a6521f22-4df1-4fed-8f50-3a2b781af435,0.01,0.08,0.057232167571783066
a6521f22-4df1-4fed-8f50-3a2b781af435,0.01,0.13,0.07609239965677261
a6521f22-4df1-4fed-8f50-3a2b781af435,0.01,0.18000000000000002,0.07825571298599243
a6521f22-4df1-4fed-8f50-3a2b781af435,0.01,0.23,0.08556890487670898
a6521f22-4df1-4fed-8f50-3a2b781af435,0.02,0.03,0.05177778750658035
a6521f22-4df1-4fed-8f50-3a2b781af435,0.02,0.08,0.061299655586481094
a6521f22-4df1-4fed-8f50-3a2b781af435,0.02,0.13,0.07482580840587616
a6521f22-4df1-4fed-8f50-3a2b781af435,0.02,0.18000000000000002,0.0795397087931633
a6521f22-4df1-4fed-8f50-3a2b781af435,0.02,0.23,0.08346910774707794
a6521f22-4df1-4fed-8f50-3a2b781af435,0.03,0.03,0.04723735153675079
a6521f22-4df1-4fed-8f50-3a2b781af435,0.03,0.08,0.05614074692130089
a6521f22-4df1-4fed-8f50-3a2b781af435,0.03,0.13,0.06926240772008896
a6521f22-4df1-4fed-8f50-3a2b781af435,0.03,0.18000000000000002,0.07779360562562943
a6521f22-4df1-4fed-8f50-3a2b781af435,0.03,0.23,0.08091452717781067
a6521f22-4df1-4fed-8f50-3a2b781af435,0.04,0.03,0.04296792671084404
a6521f22-4df1-4fed-8f50-3a2b781af435,0.04,0.08,0.06108058616518974
a6521f22-4df1-4fed-8f50-3a2b781af435,0.05,0.03,0.04826682433485985
a6521f22-4df1-4fed-8f50-3a2b781af435,0.05,0.08,0.06493804603815079
a6521f22-4df1-4fed-8f50-3a2b781af435,0.05,0.13,0.07378804683685303
a6521f22-4df1-4fed-8f50-3a2b781af435,0.05,0.18000000000000002,0.07729064673185349
a6521f22-4df1-4fed-8f50-3a2b781af435,0.05,0.23,0.07673445343971252
a6521f22-4df1-4fed-8f50-3a2b781af435,0.1,0.03,0.05340468883514404
a6521f22-4df1-4fed-8f50-3a2b781af435,0.1,0.08,0.07174158841371536
a6521f22-4df1-4fed-8f50-3a2b781af435,0.1,0.13,0.07209280878305435
a6521f22-4df1-4fed-8f50-3a2b781af435,0.1,0.18000000000000002,0.06981275975704193
a6521f22-4df1-4fed-8f50-3a2b781af435,0.1,0.23,0.07074715942144394
a6521f22-4df1-4fed-8f50-3a2b781af435,0.15000000000000002,0.03,0.050922941416502
a6521f22-4df1-4fed-8f50-3a2b781af435,0.15000000000000002,0.08,0.0707484632730484
a6521f22-4df1-4fed-8f50-3a2b781af435,0.15000000000000002,0.13,0.06695198267698288
a6521f22-4df1-4fed-8f50-3a2b781af435,0.15000000000000002,0.18000000000000002,0.06676103919744492
a6521f22-4df1-4fed-8f50-3a2b781af435,0.15000000000000002,0.23,0.06562646478414536
a6521f22-4df1-4fed-8f50-3a2b781af435,0.2,0.03,0.04819953069090843
a6521f22-4df1-4fed-8f50-3a2b781af435,0.2,0.08,0.051677241921424866
a6521f22-4df1-4fed-8f50-3a2b781af435,0.2,0.13,0.06384816020727158
a6521f22-4df1-4fed-8f50-3a2b781af435,0.2,0.18000000000000002,0.05748559534549713
a6521f22-4df1-4fed-8f50-3a2b781af435,0.2,0.23,0.06115218251943588
a6521f22-4df1-4fed-8f50-3a2b781af435,0.25,0.03,0.04796677082777023
a6521f22-4df1-4fed-8f50-3a2b781af435,0.25,0.08,0.054638512432575226
a6521f22-4df1-4fed-8f50-3a2b781af435,0.25,0.13,0.05690935254096985
a6521f22-4df1-4fed-8f50-3a2b781af435,0.25,0.18000000000000002,0.05407169833779335
a6521f22-4df1-4fed-8f50-3a2b781af435,0.25,0.23,0.058304671198129654
a6521f22-4df1-4fed-8f50-3a2b781af435,0.30000000000000004,0.03,0.04341795668005943
a6521f22-4df1-4fed-8f50-3a2b781af435,0.30000000000000004,0.08,0.056327592581510544
a6521f22-4df1-4fed-8f50-3a2b781af435,0.30000000000000004,0.13,0.056404292583465576
a6521f22-4df1-4fed-8f50-3a2b781af435,0.30000000000000004,0.18000000000000002,0.06289984285831451
a6521f22-4df1-4fed-8f50-3a2b781af435,0.30000000000000004,0.23,0.061426110565662384
a690b2cb-4b3b-4d45-bd09-721cf60aca78,0.0,0.03,0.0693981945514679
a690b2cb-4b3b-4d45-bd09-721cf60aca78,0.0,0.08,0.09422065317630768
a690b2cb-4b3b-4d45-bd09-721cf60aca78,0.0,0.13,0.10663531720638275
a690b2cb-4b3b-4d45-bd09-721cf60aca78,0.0,0.18000000000000002,0.10016582161188126
a690b2cb-4b3b-4d45-bd09-721cf60aca78,0.0,0.23,0.09302973747253418
a690b2cb-4b3b-4d45-bd09-721cf60aca78,0.01,0.03,0.06595733016729355
a690b2cb-4b3b-4d45-bd09-721cf60aca78,0.01,0.08,0.08945974707603455
a690b2cb-4b3b-4d45-bd09-721cf60aca78,0.01,0.13,0.09805895388126373
a690b2cb-4b3b-4d45-bd09-721cf60aca78,0.01,0.18000000000000002,0.09588924050331116
a690b2cb-4b3b-4d45-bd09-721cf60aca78,0.01,0.23,0.085948146879673
a690b2cb-4b3b-4d45-bd09-721cf60aca78,0.02,0.03,0.064543716609478
a690b2cb-4b3b-4d45-bd09-721cf60aca78,0.02,0.08,0.09237112104892731
a690b2cb-4b3b-4d45-bd09-721cf60aca78,0.02,0.13,0.0979689210653305
a690b2cb-4b3b-4d45-bd09-721cf60aca78,0.02,0.18000000000000002,0.08845293521881104
a690b2cb-4b3b-4d45-bd09-721cf60aca78,0.02,0.23,0.08403505384922028
a690b2cb-4b3b-4d45-bd09-721cf60aca78,0.03,0.03,0.061016615480184555
a690b2cb-4b3b-4d45-bd09-721cf60aca78,0.03,0.08,0.08722633868455887
a690b2cb-4b3b-4d45-bd09-721cf60aca78,0.03,0.13,0.0949658453464508
a690b2cb-4b3b-4d45-bd09-721cf60aca78,0.03,0.18000000000000002,0.08207148313522339
a690b2cb-4b3b-4d45-bd09-721cf60aca78,0.03,0.23,0.08260854333639145
a690b2cb-4b3b-4d45-bd09-721cf60aca78,0.04,0.03,0.07454456388950348
a690b2cb-4b3b-4d45-bd09-721cf60aca78,0.04,0.08,0.09282097220420837
a690b2cb-4b3b-4d45-bd09-721cf60aca78,0.05,0.03,0.070883609354496
a690b2cb-4b3b-4d45-bd09-721cf60aca78,0.05,0.08,0.0974426418542862
a690b2cb-4b3b-4d45-bd09-721cf60aca78,0.05,0.13,0.09021589159965515
a690b2cb-4b3b-4d45-bd09-721cf60aca78,0.05,0.18000000000000002,0.0843854695558548
a690b2cb-4b3b-4d45-bd09-721cf60aca78,0.05,0.23,0.08413123339414597
a690b2cb-4b3b-4d45-bd09-721cf60aca78,0.1,0.03,0.06989049911499023
a690b2cb-4b3b-4d45-bd09-721cf60aca78,0.1,0.08,0.07128933817148209
a690b2cb-4b3b-4d45-bd09-721cf60aca78,0.1,0.13,0.0711030662059784
a690b2cb-4b3b-4d45-bd09-721cf60aca78,0.1,0.18000000000000002,0.06981749087572098
a690b2cb-4b3b-4d45-bd09-721cf60aca78,0.1,0.23,0.07553936541080475
a690b2cb-4b3b-4d45-bd09-721cf60aca78,0.15000000000000002,0.03,0.053405001759529114
a690b2cb-4b3b-4d45-bd09-721cf60aca78,0.15000000000000002,0.08,0.06998693943023682
a690b2cb-4b3b-4d45-bd09-721cf60aca78,0.15000000000000002,0.13,0.07435163110494614
a690b2cb-4b3b-4d45-bd09-721cf60aca78,0.15000000000000002,0.18000000000000002,0.07562781125307083
a690b2cb-4b3b-4d45-bd09-721cf60aca78,0.15000000000000002,0.23,0.08070655912160873
a690b2cb-4b3b-4d45-bd09-721cf60aca78,0.2,0.03,0.06431804597377777
a690b2cb-4b3b-4d45-bd09-721cf60aca78,0.2,0.08,0.08045680820941925
a690b2cb-4b3b-4d45-bd09-721cf60aca78,0.2,0.13,0.07871860265731812
a690b2cb-4b3b-4d45-bd09-721cf60aca78,0.2,0.18000000000000002,0.08296313881874084
a690b2cb-4b3b-4d45-bd09-721cf60aca78,0.2,0.23,0.08690086752176285
a690b2cb-4b3b-4d45-bd09-721cf60aca78,0.25,0.03,0.06760159879922867
a690b2cb-4b3b-4d45-bd09-721cf60aca78,0.25,0.08,0.0714344009757042
a690b2cb-4b3b-4d45-bd09-721cf60aca78,0.25,0.13,0.07784814387559891
a690b2cb-4b3b-4d45-bd09-721cf60aca78,0.25,0.18000000000000002,0.08281094580888748
a690b2cb-4b3b-4d45-bd09-721cf60aca78,0.25,0.23,0.08362790197134018
a690b2cb-4b3b-4d45-bd09-721cf60aca78,0.30000000000000004,0.03,0.0659952238202095
a690b2cb-4b3b-4d45-bd09-721cf60aca78,0.30000000000000004,0.08,0.0695350393652916
a690b2cb-4b3b-4d45-bd09-721cf60aca78,0.30000000000000004,0.13,0.07723158597946167
a690b2cb-4b3b-4d45-bd09-721cf60aca78,0.30000000000000004,0.18000000000000002,0.08194824308156967
a690b2cb-4b3b-4d45-bd09-721cf60aca78,0.30000000000000004,0.23,0.08846583962440491
a6e80afc-c4ad-48b8-b14d-8f2120e7d34a,0.0,0.03,0.04800986871123314
a6e80afc-c4ad-48b8-b14d-8f2120e7d34a,0.0,0.08,0.05777060613036156
a6e80afc-c4ad-48b8-b14d-8f2120e7d34a,0.0,0.13,0.06196215748786926
a6e80afc-c4ad-48b8-b14d-8f2120e7d34a,0.0,0.18000000000000002,0.062309831380844116
a6e80afc-c4ad-48b8-b14d-8f2120e7d34a,0.0,0.23,0.06294319033622742
a6e80afc-c4ad-48b8-b14d-8f2120e7d34a,0.01,0.03,0.04807671532034874
a6e80afc-c4ad-48b8-b14d-8f2120e7d34a,0.01,0.08,0.055294398218393326
a6e80afc-c4ad-48b8-b14d-8f2120e7d34a,0.01,0.13,0.06325811892747879
a6e80afc-c4ad-48b8-b14d-8f2120e7d34a,0.01,0.18000000000000002,0.06478658318519592
a6e80afc-c4ad-48b8-b14d-8f2120e7d34a,0.01,0.23,0.06906681507825851
a6e80afc-c4ad-48b8-b14d-8f2120e7d34a,0.02,0.03,0.05418839678168297
a6e80afc-c4ad-48b8-b14d-8f2120e7d34a,0.02,0.08,0.06146707013249397
a6e80afc-c4ad-48b8-b14d-8f2120e7d34a,0.02,0.13,0.06783134490251541
a6e80afc-c4ad-48b8-b14d-8f2120e7d34a,0.02,0.18000000000000002,0.06568163633346558
a6e80afc-c4ad-48b8-b14d-8f2120e7d34a,0.02,0.23,0.06365059316158295
a6e80afc-c4ad-48b8-b14d-8f2120e7d34a,0.03,0.03,0.05035474896430969
a6e80afc-c4ad-48b8-b14d-8f2120e7d34a,0.03,0.08,0.05797962844371796
a6e80afc-c4ad-48b8-b14d-8f2120e7d34a,0.03,0.13,0.065496526658535
a6e80afc-c4ad-48b8-b14d-8f2120e7d34a,0.03,0.18000000000000002,0.0664745643734932
a6e80afc-c4ad-48b8-b14d-8f2120e7d34a,0.03,0.23,0.06234610080718994
a6e80afc-c4ad-48b8-b14d-8f2120e7d34a,0.04,0.03,0.04886786639690399
a6e80afc-c4ad-48b8-b14d-8f2120e7d34a,0.04,0.08,0.061338938772678375
a6e80afc-c4ad-48b8-b14d-8f2120e7d34a,0.05,0.03,0.04857859015464783
a6e80afc-c4ad-48b8-b14d-8f2120e7d34a,0.05,0.08,0.06382337212562561
a6e80afc-c4ad-48b8-b14d-8f2120e7d34a,0.05,0.13,0.06300453841686249
a6e80afc-c4ad-48b8-b14d-8f2120e7d34a,0.05,0.18000000000000002,0.06674171984195709
a6e80afc-c4ad-48b8-b14d-8f2120e7d34a,0.05,0.23,0.06194586679339409
a6e80afc-c4ad-48b8-b14d-8f2120e7d34a,0.1,0.03,0.049022119492292404
a6e80afc-c4ad-48b8-b14d-8f2120e7d34a,0.1,0.08,0.0597301684319973
a6e80afc-c4ad-48b8-b14d-8f2120e7d34a,0.1,0.13,0.0694403275847435
a6e80afc-c4ad-48b8-b14d-8f2120e7d34a,0.1,0.18000000000000002,0.06416157633066177
a6e80afc-c4ad-48b8-b14d-8f2120e7d34a,0.1,0.23,0.06163658946752548
a6e80afc-c4ad-48b8-b14d-8f2120e7d34a,0.15000000000000002,0.03,0.046618711203336716
a6e80afc-c4ad-48b8-b14d-8f2120e7d34a,0.15000000000000002,0.08,0.05467291921377182
a6e80afc-c4ad-48b8-b14d-8f2120e7d34a,0.15000000000000002,0.13,0.06770740449428558
a6e80afc-c4ad-48b8-b14d-8f2120e7d34a,0.15000000000000002,0.18000000000000002,0.07763772457838058
a6e80afc-c4ad-48b8-b14d-8f2120e7d34a,0.15000000000000002,0.23,0.07214783877134323
a6e80afc-c4ad-48b8-b14d-8f2120e7d34a,0.2,0.03,0.0539131723344326
a6e80afc-c4ad-48b8-b14d-8f2120e7d34a,0.2,0.08,0.06924499571323395
a6e80afc-c4ad-48b8-b14d-8f2120e7d34a,0.2,0.13,0.07800334692001343
a6e80afc-c4ad-48b8-b14d-8f2120e7d34a,0.2,0.18000000000000002,0.06992195546627045
a6e80afc-c4ad-48b8-b14d-8f2120e7d34a,0.2,0.23,0.06961347907781601
a6e80afc-c4ad-48b8-b14d-8f2120e7d34a,0.25,0.03,0.04636971652507782
a6e80afc-c4ad-48b8-b14d-8f2120e7d34a,0.25,0.08,0.06566662341356277
a6e80afc-c4ad-48b8-b14d-8f2120e7d34a,0.25,0.13,0.07078147679567337
a6e80afc-c4ad-48b8-b14d-8f2120e7d34a,0.25,0.18000000000000002,0.06432319432497025
a6e80afc-c4ad-48b8-b14d-8f2120e7d34a,0.25,0.23,0.06936979293823242
a6e80afc-c4ad-48b8-b14d-8f2120e7d34a,0.30000000000000004,0.03,0.05192285403609276
a6e80afc-c4ad-48b8-b14d-8f2120e7d34a,0.30000000000000004,0.08,0.064453125
a6e80afc-c4ad-48b8-b14d-8f2120e7d34a,0.30000000000000004,0.13,0.060494568198919296
a6e80afc-c4ad-48b8-b14d-8f2120e7d34a,0.30000000000000004,0.18000000000000002,0.06960567086935043
a6e80afc-c4ad-48b8-b14d-8f2120e7d34a,0.30000000000000004,0.23,0.06702324002981186
a745a500-c71b-4d43-b3e6-0e1c8d029bd3,0.0,0.03,0.22435204684734344
a745a500-c71b-4d43-b3e6-0e1c8d029bd3,0.0,0.08,0.3245401084423065
a745a500-c71b-4d43-b3e6-0e1c8d029bd3,0.0,0.13,0.27175208926200867
a745a500-c71b-4d43-b3e6-0e1c8d029bd3,0.0,0.18000000000000002,0.22473405301570892
a745a500-c71b-4d43-b3e6-0e1c8d029bd3,0.0,0.23,0.19943007826805115
a745a500-c71b-4d43-b3e6-0e1c8d029bd3,0.01,0.03,0.2405506819486618
a745a500-c71b-4d43-b3e6-0e1c8d029bd3,0.01,0.08,0.3067074716091156
a745a500-c71b-4d43-b3e6-0e1c8d029bd3,0.01,0.13,0.2456989288330078
a745a500-c71b-4d43-b3e6-0e1c8d029bd3,0.01,0.18000000000000002,0.20598267018795013
a745a500-c71b-4d43-b3e6-0e1c8d029bd3,0.01,0.23,0.1809026151895523
a745a500-c71b-4d43-b3e6-0e1c8d029bd3,0.02,0.03,0.249900683760643
a745a500-c71b-4d43-b3e6-0e1c8d029bd3,0.02,0.08,0.2840054929256439
a745a500-c71b-4d43-b3e6-0e1c8d029bd3,0.02,0.13,0.21343167126178741
a745a500-c71b-4d43-b3e6-0e1c8d029bd3,0.02,0.18000000000000002,0.18411345779895782
a745a500-c71b-4d43-b3e6-0e1c8d029bd3,0.02,0.23,0.15959292650222778
a745a500-c71b-4d43-b3e6-0e1c8d029bd3,0.03,0.03,0.26757916808128357
a745a500-c71b-4d43-b3e6-0e1c8d029bd3,0.03,0.08,0.2590669095516205
a745a500-c71b-4d43-b3e6-0e1c8d029bd3,0.03,0.13,0.19288326799869537
a745a500-c71b-4d43-b3e6-0e1c8d029bd3,0.03,0.18000000000000002,0.162904754281044
a745a500-c71b-4d43-b3e6-0e1c8d029bd3,0.03,0.23,0.14515049755573273
a745a500-c71b-4d43-b3e6-0e1c8d029bd3,0.04,0.03,0.26408761739730835
a745a500-c71b-4d43-b3e6-0e1c8d029bd3,0.04,0.08,0.20988650619983673
a745a500-c71b-4d43-b3e6-0e1c8d029bd3,0.05,0.03,0.20727013051509857
a745a500-c71b-4d43-b3e6-0e1c8d029bd3,0.05,0.08,0.16867424547672272
a745a500-c71b-4d43-b3e6-0e1c8d029bd3,0.05,0.13,0.13536642491817474
a745a500-c71b-4d43-b3e6-0e1c8d029bd3,0.05,0.18000000000000002,0.12225396186113358
a745a500-c71b-4d43-b3e6-0e1c8d029bd3,0.05,0.23,0.10766229033470154
a745a500-c71b-4d43-b3e6-0e1c8d029bd3,0.1,0.03,0.05020155757665634
a745a500-c71b-4d43-b3e6-0e1c8d029bd3,0.1,0.08,0.07257238030433655
a745a500-c71b-4d43-b3e6-0e1c8d029bd3,0.1,0.13,0.08036158978939056
a745a500-c71b-4d43-b3e6-0e1c8d029bd3,0.1,0.18000000000000002,0.07737207412719727
a745a500-c71b-4d43-b3e6-0e1c8d029bd3,0.1,0.23,0.0731072649359703
a745a500-c71b-4d43-b3e6-0e1c8d029bd3,0.15000000000000002,0.03,0.06163796782493591
a745a500-c71b-4d43-b3e6-0e1c8d029bd3,0.15000000000000002,0.08,0.07607764005661011
a745a500-c71b-4d43-b3e6-0e1c8d029bd3,0.15000000000000002,0.13,0.07119244337081909
a745a500-c71b-4d43-b3e6-0e1c8d029bd3,0.15000000000000002,0.18000000000000002,0.0665750727057457
a745a500-c71b-4d43-b3e6-0e1c8d029bd3,0.15000000000000002,0.23,0.07033088803291321
a745a500-c71b-4d43-b3e6-0e1c8d029bd3,0.2,0.03,0.05038561299443245
a745a500-c71b-4d43-b3e6-0e1c8d029bd3,0.2,0.08,0.05967157334089279
a745a500-c71b-4d43-b3e6-0e1c8d029bd3,0.2,0.13,0.06434973329305649
a745a500-c71b-4d43-b3e6-0e1c8d029bd3,0.2,0.18000000000000002,0.06502576917409897
a745a500-c71b-4d43-b3e6-0e1c8d029bd3,0.2,0.23,0.06608860939741135
a745a500-c71b-4d43-b3e6-0e1c8d029bd3,0.25,0.03,0.05416552722454071
a745a500-c71b-4d43-b3e6-0e1c8d029bd3,0.25,0.08,0.06589789688587189
a745a500-c71b-4d43-b3e6-0e1c8d029bd3,0.25,0.13,0.06368489563465118
a745a500-c71b-4d43-b3e6-0e1c8d029bd3,0.25,0.18000000000000002,0.06584277004003525
a745a500-c71b-4d43-b3e6-0e1c8d029bd3,0.25,0.23,0.06174672394990921
a745a500-c71b-4d43-b3e6-0e1c8d029bd3,0.30000000000000004,0.03,0.053347423672676086
a745a500-c71b-4d43-b3e6-0e1c8d029bd3,0.30000000000000004,0.08,0.06013324111700058
a745a500-c71b-4d43-b3e6-0e1c8d029bd3,0.30000000000000004,0.13,0.062053099274635315
a745a500-c71b-4d43-b3e6-0e1c8d029bd3,0.30000000000000004,0.18000000000000002,0.06186859682202339
a745a500-c71b-4d43-b3e6-0e1c8d029bd3,0.30000000000000004,0.23,0.06568066030740738
a7f7fe2b-9742-41f0-a1fc-50135a1e00db,0.0,0.03,0.05311897397041321
a7f7fe2b-9742-41f0-a1fc-50135a1e00db,0.0,0.08,0.06236526742577553
a7f7fe2b-9742-41f0-a1fc-50135a1e00db,0.0,0.13,0.06578417867422104
a7f7fe2b-9742-41f0-a1fc-50135a1e00db,0.0,0.18000000000000002,0.06743471324443817
a7f7fe2b-9742-41f0-a1fc-50135a1e00db,0.0,0.23,0.06620355695486069
a7f7fe2b-9742-41f0-a1fc-50135a1e00db,0.01,0.03,0.05389244109392166
a7f7fe2b-9742-41f0-a1fc-50135a1e00db,0.01,0.08,0.06312207877635956
a7f7fe2b-9742-41f0-a1fc-50135a1e00db,0.01,0.13,0.06543594598770142
a7f7fe2b-9742-41f0-a1fc-50135a1e00db,0.01,0.18000000000000002,0.06549003720283508
a7f7fe2b-9742-41f0-a1fc-50135a1e00db,0.01,0.23,0.06411010026931763
a7f7fe2b-9742-41f0-a1fc-50135a1e00db,0.02,0.03,0.05092228576540947
a7f7fe2b-9742-41f0-a1fc-50135a1e00db,0.02,0.08,0.06648106873035431
a7f7fe2b-9742-41f0-a1fc-50135a1e00db,0.02,0.13,0.06618678569793701
a7f7fe2b-9742-41f0-a1fc-50135a1e00db,0.02,0.18000000000000002,0.06492679566144943
a7f7fe2b-9742-41f0-a1fc-50135a1e00db,0.02,0.23,0.06329534202814102
a7f7fe2b-9742-41f0-a1fc-50135a1e00db,0.03,0.03,0.05352219194173813
a7f7fe2b-9742-41f0-a1fc-50135a1e00db,0.03,0.08,0.062000203877687454
a7f7fe2b-9742-41f0-a1fc-50135a1e00db,0.03,0.13,0.06299852579832077
a7f7fe2b-9742-41f0-a1fc-50135a1e00db,0.03,0.18000000000000002,0.06269608438014984
a7f7fe2b-9742-41f0-a1fc-50135a1e00db,0.03,0.23,0.06012599915266037
a7f7fe2b-9742-41f0-a1fc-50135a1e00db,0.04,0.03,0.054881658405065536
a7f7fe2b-9742-41f0-a1fc-50135a1e00db,0.04,0.08,0.0632193386554718
a7f7fe2b-9742-41f0-a1fc-50135a1e00db,0.05,0.03,0.04939143732190132
a7f7fe2b-9742-41f0-a1fc-50135a1e00db,0.05,0.08,0.05921652540564537
a7f7fe2b-9742-41f0-a1fc-50135a1e00db,0.05,0.13,0.05865183472633362
a7f7fe2b-9742-41f0-a1fc-50135a1e00db,0.05,0.18000000000000002,0.06164013221859932
a7f7fe2b-9742-41f0-a1fc-50135a1e00db,0.05,0.23,0.0676489993929863
a7f7fe2b-9742-41f0-a1fc-50135a1e00db,0.1,0.03,0.05038297921419144
a7f7fe2b-9742-41f0-a1fc-50135a1e00db,0.1,0.08,0.05972127616405487
a7f7fe2b-9742-41f0-a1fc-50135a1e00db,0.1,0.13,0.07078560441732407
a7f7fe2b-9742-41f0-a1fc-50135a1e00db,0.1,0.18000000000000002,0.07943005859851837
a7f7fe2b-9742-41f0-a1fc-50135a1e00db,0.1,0.23,0.08117598295211792
a7f7fe2b-9742-41f0-a1fc-50135a1e00db,0.15000000000000002,0.03,0.05310259386897087
a7f7fe2b-9742-41f0-a1fc-50135a1e00db,0.15000000000000002,0.08,0.07455171644687653
a7f7fe2b-9742-41f0-a1fc-50135a1e00db,0.15000000000000002,0.13,0.08548957109451294
a7f7fe2b-9742-41f0-a1fc-50135a1e00db,0.15000000000000002,0.18000000000000002,0.08623900264501572
a7f7fe2b-9742-41f0-a1fc-50135a1e00db,0.15000000000000002,0.23,0.07864046841859818
a7f7fe2b-9742-41f0-a1fc-50135a1e00db,0.2,0.03,0.060033220797777176
a7f7fe2b-9742-41f0-a1fc-50135a1e00db,0.2,0.08,0.07143532484769821
a7f7fe2b-9742-41f0-a1fc-50135a1e00db,0.2,0.13,0.07429854571819305
a7f7fe2b-9742-41f0-a1fc-50135a1e00db,0.2,0.18000000000000002,0.06577136367559433
a7f7fe2b-9742-41f0-a1fc-50135a1e00db,0.2,0.23,0.06783618777990341
a7f7fe2b-9742-41f0-a1fc-50135a1e00db,0.25,0.03,0.05265142023563385
a7f7fe2b-9742-41f0-a1fc-50135a1e00db,0.25,0.08,0.05642040818929672
a7f7fe2b-9742-41f0-a1fc-50135a1e00db,0.25,0.13,0.058706436306238174
a7f7fe2b-9742-41f0-a1fc-50135a1e00db,0.25,0.18000000000000002,0.06221965700387955
a7f7fe2b-9742-41f0-a1fc-50135a1e00db,0.25,0.23,0.06454256922006607
a7f7fe2b-9742-41f0-a1fc-50135a1e00db,0.30000000000000004,0.03,0.051068518310785294
a7f7fe2b-9742-41f0-a1fc-50135a1e00db,0.30000000000000004,0.08,0.062357451766729355
a7f7fe2b-9742-41f0-a1fc-50135a1e00db,0.30000000000000004,0.13,0.061354342848062515
a7f7fe2b-9742-41f0-a1fc-50135a1e00db,0.30000000000000004,0.18000000000000002,0.06439521163702011
a7f7fe2b-9742-41f0-a1fc-50135a1e00db,0.30000000000000004,0.23,0.07180977612733841
a81722e4-66b2-494b-97ee-4cd4326d0e1b,0.0,0.03,0.06203479319810867
a81722e4-66b2-494b-97ee-4cd4326d0e1b,0.0,0.08,0.08918821811676025
a81722e4-66b2-494b-97ee-4cd4326d0e1b,0.0,0.13,0.07829669862985611
a81722e4-66b2-494b-97ee-4cd4326d0e1b,0.0,0.18000000000000002,0.0797857716679573
a81722e4-66b2-494b-97ee-4cd4326d0e1b,0.0,0.23,0.07825499773025513
a81722e4-66b2-494b-97ee-4cd4326d0e1b,0.01,0.03,0.052746355533599854
a81722e4-66b2-494b-97ee-4cd4326d0e1b,0.01,0.08,0.08067560195922852
a81722e4-66b2-494b-97ee-4cd4326d0e1b,0.01,0.13,0.06806451827287674
a81722e4-66b2-494b-97ee-4cd4326d0e1b,0.01,0.18000000000000002,0.07453543692827225
a81722e4-66b2-494b-97ee-4cd4326d0e1b,0.01,0.23,0.06989314407110214
a81722e4-66b2-494b-97ee-4cd4326d0e1b,0.02,0.03,0.06443478912115097
a81722e4-66b2-494b-97ee-4cd4326d0e1b,0.02,0.08,0.07183220982551575
a81722e4-66b2-494b-97ee-4cd4326d0e1b,0.02,0.13,0.0672626718878746
a81722e4-66b2-494b-97ee-4cd4326d0e1b,0.02,0.18000000000000002,0.07106666266918182
a81722e4-66b2-494b-97ee-4cd4326d0e1b,0.02,0.23,0.07090147584676743
a81722e4-66b2-494b-97ee-4cd4326d0e1b,0.03,0.03,0.06279296427965164
a81722e4-66b2-494b-97ee-4cd4326d0e1b,0.03,0.08,0.06071149557828903
a81722e4-66b2-494b-97ee-4cd4326d0e1b,0.03,0.13,0.06114672124385834
a81722e4-66b2-494b-97ee-4cd4326d0e1b,0.03,0.18000000000000002,0.06828531622886658
a81722e4-66b2-494b-97ee-4cd4326d0e1b,0.03,0.23,0.06688223034143448
a81722e4-66b2-494b-97ee-4cd4326d0e1b,0.04,0.03,0.05904180556535721
a81722e4-66b2-494b-97ee-4cd4326d0e1b,0.04,0.08,0.06029098480939865
a81722e4-66b2-494b-97ee-4cd4326d0e1b,0.05,0.03,0.051251932978630066
a81722e4-66b2-494b-97ee-4cd4326d0e1b,0.05,0.08,0.058072954416275024
a81722e4-66b2-494b-97ee-4cd4326d0e1b,0.05,0.13,0.06643927097320557
a81722e4-66b2-494b-97ee-4cd4326d0e1b,0.05,0.18000000000000002,0.07025183737277985
a81722e4-66b2-494b-97ee-4cd4326d0e1b,0.05,0.23,0.06529662758111954
a81722e4-66b2-494b-97ee-4cd4326d0e1b,0.1,0.03,0.045932188630104065
a81722e4-66b2-494b-97ee-4cd4326d0e1b,0.1,0.08,0.06986739486455917
a81722e4-66b2-494b-97ee-4cd4326d0e1b,0.1,0.13,0.07003913819789886
a81722e4-66b2-494b-97ee-4cd4326d0e1b,0.1,0.18000000000000002,0.06870827823877335
a81722e4-66b2-494b-97ee-4cd4326d0e1b,0.1,0.23,0.07841446995735168
a81722e4-66b2-494b-97ee-4cd4326d0e1b,0.15000000000000002,0.03,0.04786473140120506
a81722e4-66b2-494b-97ee-4cd4326d0e1b,0.15000000000000002,0.08,0.0648733526468277
a81722e4-66b2-494b-97ee-4cd4326d0e1b,0.15000000000000002,0.13,0.06681178510189056
a81722e4-66b2-494b-97ee-4cd4326d0e1b,0.15000000000000002,0.18000000000000002,0.0755232498049736
a81722e4-66b2-494b-97ee-4cd4326d0e1b,0.15000000000000002,0.23,0.08104780316352844
a81722e4-66b2-494b-97ee-4cd4326d0e1b,0.2,0.03,0.04830247163772583
a81722e4-66b2-494b-97ee-4cd4326d0e1b,0.2,0.08,0.06173035874962807
a81722e4-66b2-494b-97ee-4cd4326d0e1b,0.2,0.13,0.061213426291942596
a81722e4-66b2-494b-97ee-4cd4326d0e1b,0.2,0.18000000000000002,0.06508076190948486
a81722e4-66b2-494b-97ee-4cd4326d0e1b,0.2,0.23,0.07028456777334213
a81722e4-66b2-494b-97ee-4cd4326d0e1b,0.25,0.03,0.052592236548662186
a81722e4-66b2-494b-97ee-4cd4326d0e1b,0.25,0.08,0.0631817877292633
a81722e4-66b2-494b-97ee-4cd4326d0e1b,0.25,0.13,0.06940870732069016
a81722e4-66b2-494b-97ee-4cd4326d0e1b,0.25,0.18000000000000002,0.0667705312371254
a81722e4-66b2-494b-97ee-4cd4326d0e1b,0.25,0.23,0.06501491367816925
a81722e4-66b2-494b-97ee-4cd4326d0e1b,0.30000000000000004,0.03,0.048082638531923294
a81722e4-66b2-494b-97ee-4cd4326d0e1b,0.30000000000000004,0.08,0.052391164004802704
a81722e4-66b2-494b-97ee-4cd4326d0e1b,0.30000000000000004,0.13,0.06452371180057526
a81722e4-66b2-494b-97ee-4cd4326d0e1b,0.30000000000000004,0.18000000000000002,0.061432018876075745
a81722e4-66b2-494b-97ee-4cd4326d0e1b,0.30000000000000004,0.23,0.0626983717083931
a8b1cb33-2e5e-4d8f-99a0-540362b747eb,0.0,0.03,0.07982540130615234
a8b1cb33-2e5e-4d8f-99a0-540362b747eb,0.0,0.08,0.10799873620271683
a8b1cb33-2e5e-4d8f-99a0-540362b747eb,0.0,0.13,0.0986659973859787
a8b1cb33-2e5e-4d8f-99a0-540362b747eb,0.0,0.18000000000000002,0.07631223648786545
a8b1cb33-2e5e-4d8f-99a0-540362b747eb,0.0,0.23,0.06192852184176445
a8b1cb33-2e5e-4d8f-99a0-540362b747eb,0.01,0.03,0.07858990132808685
a8b1cb33-2e5e-4d8f-99a0-540362b747eb,0.01,0.08,0.10695278644561768
a8b1cb33-2e5e-4d8f-99a0-540362b747eb,0.01,0.13,0.09192007780075073
a8b1cb33-2e5e-4d8f-99a0-540362b747eb,0.01,0.18000000000000002,0.06938043236732483
a8b1cb33-2e5e-4d8f-99a0-540362b747eb,0.01,0.23,0.06282708793878555
a8b1cb33-2e5e-4d8f-99a0-540362b747eb,0.02,0.03,0.09527917951345444
a8b1cb33-2e5e-4d8f-99a0-540362b747eb,0.02,0.08,0.10575300455093384
a8b1cb33-2e5e-4d8f-99a0-540362b747eb,0.02,0.13,0.08808362483978271
a8b1cb33-2e5e-4d8f-99a0-540362b747eb,0.02,0.18000000000000002,0.0670204907655716
a8b1cb33-2e5e-4d8f-99a0-540362b747eb,0.02,0.23,0.06059003621339798
a8b1cb33-2e5e-4d8f-99a0-540362b747eb,0.03,0.03,0.09905208647251129
a8b1cb33-2e5e-4d8f-99a0-540362b747eb,0.03,0.08,0.10496192425489426
a8b1cb33-2e5e-4d8f-99a0-540362b747eb,0.03,0.13,0.07928874343633652
a8b1cb33-2e5e-4d8f-99a0-540362b747eb,0.03,0.18000000000000002,0.06471674144268036
a8b1cb33-2e5e-4d8f-99a0-540362b747eb,0.03,0.23,0.059817325323820114
a8b1cb33-2e5e-4d8f-99a0-540362b747eb,0.04,0.03,0.09070480614900589
a8b1cb33-2e5e-4d8f-99a0-540362b747eb,0.04,0.08,0.09536517411470413
a8b1cb33-2e5e-4d8f-99a0-540362b747eb,0.05,0.03,0.08812056481838226
a8b1cb33-2e5e-4d8f-99a0-540362b747eb,0.05,0.08,0.0814894363284111
a8b1cb33-2e5e-4d8f-99a0-540362b747eb,0.05,0.13,0.05953391641378403
a8b1cb33-2e5e-4d8f-99a0-540362b747eb,0.05,0.18000000000000002,0.06063743680715561
a8b1cb33-2e5e-4d8f-99a0-540362b747eb,0.05,0.23,0.054791927337646484
a8b1cb33-2e5e-4d8f-99a0-540362b747eb,0.1,0.03,0.055095382034778595
a8b1cb33-2e5e-4d8f-99a0-540362b747eb,0.1,0.08,0.05923071876168251
a8b1cb33-2e5e-4d8f-99a0-540362b747eb,0.1,0.13,0.059762585908174515
a8b1cb33-2e5e-4d8f-99a0-540362b747eb,0.1,0.18000000000000002,0.05682632327079773
a8b1cb33-2e5e-4d8f-99a0-540362b747eb,0.1,0.23,0.056330543011426926
a8b1cb33-2e5e-4d8f-99a0-540362b747eb,0.15000000000000002,0.03,0.05485006049275398
a8b1cb33-2e5e-4d8f-99a0-540362b747eb,0.15000000000000002,0.08,0.058001428842544556
a8b1cb33-2e5e-4d8f-99a0-540362b747eb,0.15000000000000002,0.13,0.05945955216884613
a8b1cb33-2e5e-4d8f-99a0-540362b747eb,0.15000000000000002,0.18000000000000002,0.06991646438837051
a8b1cb33-2e5e-4d8f-99a0-540362b747eb,0.15000000000000002,0.23,0.07429084926843643
a8b1cb33-2e5e-4d8f-99a0-540362b747eb,0.2,0.03,0.04977960139513016
a8b1cb33-2e5e-4d8f-99a0-540362b747eb,0.2,0.08,0.06082843989133835
a8b1cb33-2e5e-4d8f-99a0-540362b747eb,0.2,0.13,0.07203846424818039
a8b1cb33-2e5e-4d8f-99a0-540362b747eb,0.2,0.18000000000000002,0.07696255296468735
a8b1cb33-2e5e-4d8f-99a0-540362b747eb,0.2,0.23,0.0797012448310852
a8b1cb33-2e5e-4d8f-99a0-540362b747eb,0.25,0.03,0.05921334773302078
a8b1cb33-2e5e-4d8f-99a0-540362b747eb,0.25,0.08,0.07463881373405457
a8b1cb33-2e5e-4d8f-99a0-540362b747eb,0.25,0.13,0.08011101931333542
a8b1cb33-2e5e-4d8f-99a0-540362b747eb,0.25,0.18000000000000002,0.08327418565750122
a8b1cb33-2e5e-4d8f-99a0-540362b747eb,0.25,0.23,0.08051878213882446
a8b1cb33-2e5e-4d8f-99a0-540362b747eb,0.30000000000000004,0.03,0.06332742422819138
a8b1cb33-2e5e-4d8f-99a0-540362b747eb,0.30000000000000004,0.08,0.07416047155857086
a8b1cb33-2e5e-4d8f-99a0-540362b747eb,0.30000000000000004,0.13,0.08218160271644592
a8b1cb33-2e5e-4d8f-99a0-540362b747eb,0.30000000000000004,0.18000000000000002,0.07724089175462723
a8b1cb33-2e5e-4d8f-99a0-540362b747eb,0.30000000000000004,0.23,0.0738614946603775
a932dfb1-046a-437d-abd2-6d0e660f461e,0.0,0.03,0.05120117589831352
a932dfb1-046a-437d-abd2-6d0e660f461e,0.0,0.08,0.07933998107910156
a932dfb1-046a-437d-abd2-6d0e660f461e,0.0,0.13,0.09435480833053589
a932dfb1-046a-437d-abd2-6d0e660f461e,0.0,0.18000000000000002,0.0869072899222374
a932dfb1-046a-437d-abd2-6d0e660f461e,0.0,0.23,0.07895036041736603
a932dfb1-046a-437d-abd2-6d0e660f461e,0.01,0.03,0.052940383553504944
a932dfb1-046a-437d-abd2-6d0e660f461e,0.01,0.08,0.09093575179576874
a932dfb1-046a-437d-abd2-6d0e660f461e,0.01,0.13,0.09528815001249313
a932dfb1-046a-437d-abd2-6d0e660f461e,0.01,0.18000000000000002,0.0856471136212349
a932dfb1-046a-437d-abd2-6d0e660f461e,0.01,0.23,0.07800257205963135
a932dfb1-046a-437d-abd2-6d0e660f461e,0.02,0.03,0.06312011927366257
a932dfb1-046a-437d-abd2-6d0e660f461e,0.02,0.08,0.09134731441736221
a932dfb1-046a-437d-abd2-6d0e660f461e,0.02,0.13,0.0883137583732605
a932dfb1-046a-437d-abd2-6d0e660f461e,0.02,0.18000000000000002,0.07891763001680374
a932dfb1-046a-437d-abd2-6d0e660f461e,0.02,0.23,0.07787113636732101
a932dfb1-046a-437d-abd2-6d0e660f461e,0.03,0.03,0.06160753220319748
a932dfb1-046a-437d-abd2-6d0e660f461e,0.03,0.08,0.08547832816839218
a932dfb1-046a-437d-abd2-6d0e660f461e,0.03,0.13,0.08207935094833374
a932dfb1-046a-437d-abd2-6d0e660f461e,0.03,0.18000000000000002,0.07666493207216263
a932dfb1-046a-437d-abd2-6d0e660f461e,0.03,0.23,0.07995930314064026
a932dfb1-046a-437d-abd2-6d0e660f461e,0.04,0.03,0.06371236592531204
a932dfb1-046a-437d-abd2-6d0e660f461e,0.04,0.08,0.08415547758340836
a932dfb1-046a-437d-abd2-6d0e660f461e,0.05,0.03,0.05615391954779625
a932dfb1-046a-437d-abd2-6d0e660f461e,0.05,0.08,0.08025351911783218
a932dfb1-046a-437d-abd2-6d0e660f461e,0.05,0.13,0.0712875947356224
a932dfb1-046a-437d-abd2-6d0e660f461e,0.05,0.18000000000000002,0.07885248959064484
a932dfb1-046a-437d-abd2-6d0e660f461e,0.05,0.23,0.08180619031190872
a932dfb1-046a-437d-abd2-6d0e660f461e,0.1,0.03,0.049548108130693436
a932dfb1-046a-437d-abd2-6d0e660f461e,0.1,0.08,0.06337130069732666
a932dfb1-046a-437d-abd2-6d0e660f461e,0.1,0.13,0.08029589802026749
a932dfb1-046a-437d-abd2-6d0e660f461e,0.1,0.18000000000000002,0.08235310763120651
a932dfb1-046a-437d-abd2-6d0e660f461e,0.1,0.23,0.08713119477033615
a932dfb1-046a-437d-abd2-6d0e660f461e,0.15000000000000002,0.03,0.04717693477869034
a932dfb1-046a-437d-abd2-6d0e660f461e,0.15000000000000002,0.08,0.06478822231292725
a932dfb1-046a-437d-abd2-6d0e660f461e,0.15000000000000002,0.13,0.07117141783237457
a932dfb1-046a-437d-abd2-6d0e660f461e,0.15000000000000002,0.18000000000000002,0.07438743859529495
a932dfb1-046a-437d-abd2-6d0e660f461e,0.15000000000000002,0.23,0.08154760301113129
a932dfb1-046a-437d-abd2-6d0e660f461e,0.2,0.03,0.04828789830207825
a932dfb1-046a-437d-abd2-6d0e660f461e,0.2,0.08,0.06613017618656158
a932dfb1-046a-437d-abd2-6d0e660f461e,0.2,0.13,0.07050387561321259
a932dfb1-046a-437d-abd2-6d0e660f461e,0.2,0.18000000000000002,0.07209403812885284
a932dfb1-046a-437d-abd2-6d0e660f461e,0.2,0.23,0.07510697841644287
a932dfb1-046a-437d-abd2-6d0e660f461e,0.25,0.03,0.05228571966290474
a932dfb1-046a-437d-abd2-6d0e660f461e,0.25,0.08,0.06436316668987274
a932dfb1-046a-437d-abd2-6d0e660f461e,0.25,0.13,0.06635987013578415
a932dfb1-046a-437d-abd2-6d0e660f461e,0.25,0.18000000000000002,0.0743618831038475
a932dfb1-046a-437d-abd2-6d0e660f461e,0.25,0.23,0.07609818875789642
a932dfb1-046a-437d-abd2-6d0e660f461e,0.30000000000000004,0.03,0.04576089233160019
a932dfb1-046a-437d-abd2-6d0e660f461e,0.30000000000000004,0.08,0.059062737971544266
a932dfb1-046a-437d-abd2-6d0e660f461e,0.30000000000000004,0.13,0.0713609904050827
a932dfb1-046a-437d-abd2-6d0e660f461e,0.30000000000000004,0.18000000000000002,0.07363470643758774
a932dfb1-046a-437d-abd2-6d0e660f461e,0.30000000000000004,0.23,0.07454518973827362
a97f44e8-0153-4f9a-a0d9-2d4a86599caf,0.0,0.03,0.046183764934539795
a97f44e8-0153-4f9a-a0d9-2d4a86599caf,0.0,0.08,0.08153997361660004
a97f44e8-0153-4f9a-a0d9-2d4a86599caf,0.0,0.13,0.09603662043809891
a97f44e8-0153-4f9a-a0d9-2d4a86599caf,0.0,0.18000000000000002,0.10151903331279755
a97f44e8-0153-4f9a-a0d9-2d4a86599caf,0.0,0.23,0.09509436786174774
a97f44e8-0153-4f9a-a0d9-2d4a86599caf,0.01,0.03,0.05433974415063858
a97f44e8-0153-4f9a-a0d9-2d4a86599caf,0.01,0.08,0.07829520851373672
a97f44e8-0153-4f9a-a0d9-2d4a86599caf,0.01,0.13,0.09781023114919662
a97f44e8-0153-4f9a-a0d9-2d4a86599caf,0.01,0.18000000000000002,0.09729352593421936
a97f44e8-0153-4f9a-a0d9-2d4a86599caf,0.01,0.23,0.08922816067934036
a97f44e8-0153-4f9a-a0d9-2d4a86599caf,0.02,0.03,0.05868474394083023
a97f44e8-0153-4f9a-a0d9-2d4a86599caf,0.02,0.08,0.08684547990560532
a97f44e8-0153-4f9a-a0d9-2d4a86599caf,0.02,0.13,0.09666361659765244
a97f44e8-0153-4f9a-a0d9-2d4a86599caf,0.02,0.18000000000000002,0.10020577162504196
a97f44e8-0153-4f9a-a0d9-2d4a86599caf,0.02,0.23,0.08356428146362305
a97f44e8-0153-4f9a-a0d9-2d4a86599caf,0.03,0.03,0.06404174864292145
a97f44e8-0153-4f9a-a0d9-2d4a86599caf,0.03,0.08,0.09429357200860977
a97f44e8-0153-4f9a-a0d9-2d4a86599caf,0.03,0.13,0.10291790217161179
a97f44e8-0153-4f9a-a0d9-2d4a86599caf,0.03,0.18000000000000002,0.10004645586013794
a97f44e8-0153-4f9a-a0d9-2d4a86599caf,0.03,0.23,0.08308019489049911
a97f44e8-0153-4f9a-a0d9-2d4a86599caf,0.04,0.03,0.05960462614893913
a97f44e8-0153-4f9a-a0d9-2d4a86599caf,0.04,0.08,0.08765360713005066
a97f44e8-0153-4f9a-a0d9-2d4a86599caf,0.05,0.03,0.0645347312092781
a97f44e8-0153-4f9a-a0d9-2d4a86599caf,0.05,0.08,0.08933675289154053
a97f44e8-0153-4f9a-a0d9-2d4a86599caf,0.05,0.13,0.09832826256752014
a97f44e8-0153-4f9a-a0d9-2d4a86599caf,0.05,0.18000000000000002,0.08986598253250122
a97f44e8-0153-4f9a-a0d9-2d4a86599caf,0.05,0.23,0.07345183938741684
a97f44e8-0153-4f9a-a0d9-2d4a86599caf,0.1,0.03,0.06116694584488869
a97f44e8-0153-4f9a-a0d9-2d4a86599caf,0.1,0.08,0.0841948464512825
a97f44e8-0153-4f9a-a0d9-2d4a86599caf,0.1,0.13,0.07624185085296631
a97f44e8-0153-4f9a-a0d9-2d4a86599caf,0.1,0.18000000000000002,0.07512345165014267
a97f44e8-0153-4f9a-a0d9-2d4a86599caf,0.1,0.23,0.0719820037484169
a97f44e8-0153-4f9a-a0d9-2d4a86599caf,0.15000000000000002,0.03,0.05525142699480057
a97f44e8-0153-4f9a-a0d9-2d4a86599caf,0.15000000000000002,0.08,0.06527765095233917
a97f44e8-0153-4f9a-a0d9-2d4a86599caf,0.15000000000000002,0.13,0.07470826804637909
a97f44e8-0153-4f9a-a0d9-2d4a86599caf,0.15000000000000002,0.18000000000000002,0.0705156922340393
a97f44e8-0153-4f9a-a0d9-2d4a86599caf,0.15000000000000002,0.23,0.06639155000448227
a97f44e8-0153-4f9a-a0d9-2d4a86599caf,0.2,0.03,0.05162524804472923
a97f44e8-0153-4f9a-a0d9-2d4a86599caf,0.2,0.08,0.06659112870693207
a97f44e8-0153-4f9a-a0d9-2d4a86599caf,0.2,0.13,0.06275732815265656
a97f44e8-0153-4f9a-a0d9-2d4a86599caf,0.2,0.18000000000000002,0.06708484888076782
a97f44e8-0153-4f9a-a0d9-2d4a86599caf,0.2,0.23,0.06562335044145584
a97f44e8-0153-4f9a-a0d9-2d4a86599caf,0.25,0.03,0.05163067206740379
a97f44e8-0153-4f9a-a0d9-2d4a86599caf,0.25,0.08,0.05729096010327339
a97f44e8-0153-4f9a-a0d9-2d4a86599caf,0.25,0.13,0.06934087723493576
a97f44e8-0153-4f9a-a0d9-2d4a86599caf,0.25,0.18000000000000002,0.06591968983411789
a97f44e8-0153-4f9a-a0d9-2d4a86599caf,0.25,0.23,0.06569575518369675
a97f44e8-0153-4f9a-a0d9-2d4a86599caf,0.30000000000000004,0.03,0.050584468990564346
a97f44e8-0153-4f9a-a0d9-2d4a86599caf,0.30000000000000004,0.08,0.06513947993516922
a97f44e8-0153-4f9a-a0d9-2d4a86599caf,0.30000000000000004,0.13,0.0659303143620491
a97f44e8-0153-4f9a-a0d9-2d4a86599caf,0.30000000000000004,0.18000000000000002,0.06784965842962265
a97f44e8-0153-4f9a-a0d9-2d4a86599caf,0.30000000000000004,0.23,0.07219770550727844
a9e58a11-d2e4-4491-b8f0-2351305b421c,0.0,0.03,0.06194477900862694
a9e58a11-d2e4-4491-b8f0-2351305b421c,0.0,0.08,0.07684677839279175
a9e58a11-d2e4-4491-b8f0-2351305b421c,0.0,0.13,0.07842455804347992
a9e58a11-d2e4-4491-b8f0-2351305b421c,0.0,0.18000000000000002,0.08295532315969467
a9e58a11-d2e4-4491-b8f0-2351305b421c,0.0,0.23,0.08133382350206375
a9e58a11-d2e4-4491-b8f0-2351305b421c,0.01,0.03,0.06403719633817673
a9e58a11-d2e4-4491-b8f0-2351305b421c,0.01,0.08,0.07698117196559906
a9e58a11-d2e4-4491-b8f0-2351305b421c,0.01,0.13,0.08063223958015442
a9e58a11-d2e4-4491-b8f0-2351305b421c,0.01,0.18000000000000002,0.08139611035585403
a9e58a11-d2e4-4491-b8f0-2351305b421c,0.01,0.23,0.0793992206454277
a9e58a11-d2e4-4491-b8f0-2351305b421c,0.02,0.03,0.06832020729780197
a9e58a11-d2e4-4491-b8f0-2351305b421c,0.02,0.08,0.07504002004861832
a9e58a11-d2e4-4491-b8f0-2351305b421c,0.02,0.13,0.07998120039701462
a9e58a11-d2e4-4491-b8f0-2351305b421c,0.02,0.18000000000000002,0.08060149103403091
a9e58a11-d2e4-4491-b8f0-2351305b421c,0.02,0.23,0.0777779370546341
a9e58a11-d2e4-4491-b8f0-2351305b421c,0.03,0.03,0.06397808343172073
a9e58a11-d2e4-4491-b8f0-2351305b421c,0.03,0.08,0.07456064969301224
a9e58a11-d2e4-4491-b8f0-2351305b421c,0.03,0.13,0.07735250890254974
a9e58a11-d2e4-4491-b8f0-2351305b421c,0.03,0.18000000000000002,0.08085175603628159
a9e58a11-d2e4-4491-b8f0-2351305b421c,0.03,0.23,0.07773976027965546
a9e58a11-d2e4-4491-b8f0-2351305b421c,0.04,0.03,0.06137882545590401
a9e58a11-d2e4-4491-b8f0-2351305b421c,0.04,0.08,0.07322957366704941
a9e58a11-d2e4-4491-b8f0-2351305b421c,0.05,0.03,0.06352696567773819
a9e58a11-d2e4-4491-b8f0-2351305b421c,0.05,0.08,0.07422147691249847
a9e58a11-d2e4-4491-b8f0-2351305b421c,0.05,0.13,0.07853217422962189
a9e58a11-d2e4-4491-b8f0-2351305b421c,0.05,0.18000000000000002,0.08077076077461243
a9e58a11-d2e4-4491-b8f0-2351305b421c,0.05,0.23,0.08597758412361145
a9e58a11-d2e4-4491-b8f0-2351305b421c,0.1,0.03,0.05630803480744362
a9e58a11-d2e4-4491-b8f0-2351305b421c,0.1,0.08,0.07886338233947754
a9e58a11-d2e4-4491-b8f0-2351305b421c,0.1,0.13,0.08266713470220566
a9e58a11-d2e4-4491-b8f0-2351305b421c,0.1,0.18000000000000002,0.08475644141435623
a9e58a11-d2e4-4491-b8f0-2351305b421c,0.1,0.23,0.08594479411840439
a9e58a11-d2e4-4491-b8f0-2351305b421c,0.15000000000000002,0.03,0.06949673593044281
a9e58a11-d2e4-4491-b8f0-2351305b421c,0.15000000000000002,0.08,0.07565054297447205
a9e58a11-d2e4-4491-b8f0-2351305b421c,0.15000000000000002,0.13,0.08389054238796234
a9e58a11-d2e4-4491-b8f0-2351305b421c,0.15000000000000002,0.18000000000000002,0.09166637808084488
a9e58a11-d2e4-4491-b8f0-2351305b421c,0.15000000000000002,0.23,0.09827392548322678
a9e58a11-d2e4-4491-b8f0-2351305b421c,0.2,0.03,0.07204633951187134
a9e58a11-d2e4-4491-b8f0-2351305b421c,0.2,0.08,0.08580417931079865
a9e58a11-d2e4-4491-b8f0-2351305b421c,0.2,0.13,0.09454265236854553
a9e58a11-d2e4-4491-b8f0-2351305b421c,0.2,0.18000000000000002,0.0999973863363266
a9e58a11-d2e4-4491-b8f0-2351305b421c,0.2,0.23,0.0941707193851471
a9e58a11-d2e4-4491-b8f0-2351305b421c,0.25,0.03,0.07476597279310226
a9e58a11-d2e4-4491-b8f0-2351305b421c,0.25,0.08,0.08672589063644409
a9e58a11-d2e4-4491-b8f0-2351305b421c,0.25,0.13,0.09523527324199677
a9e58a11-d2e4-4491-b8f0-2351305b421c,0.25,0.18000000000000002,0.09175129979848862
a9e58a11-d2e4-4491-b8f0-2351305b421c,0.25,0.23,0.08725394308567047
a9e58a11-d2e4-4491-b8f0-2351305b421c,0.30000000000000004,0.03,0.0638006180524826
a9e58a11-d2e4-4491-b8f0-2351305b421c,0.30000000000000004,0.08,0.0878375843167305
a9e58a11-d2e4-4491-b8f0-2351305b421c,0.30000000000000004,0.13,0.08516120165586472
a9e58a11-d2e4-4491-b8f0-2351305b421c,0.30000000000000004,0.18000000000000002,0.07935554534196854
a9e58a11-d2e4-4491-b8f0-2351305b421c,0.30000000000000004,0.23,0.07018757611513138
ab2a51a3-472e-418b-953d-1ecf694f0e62,0.0,0.03,0.05705377832055092
ab2a51a3-472e-418b-953d-1ecf694f0e62,0.0,0.08,0.06990830600261688
ab2a51a3-472e-418b-953d-1ecf694f0e62,0.0,0.13,0.07639339566230774
ab2a51a3-472e-418b-953d-1ecf694f0e62,0.0,0.18000000000000002,0.08169472217559814
ab2a51a3-472e-418b-953d-1ecf694f0e62,0.0,0.23,0.09586410224437714
ab2a51a3-472e-418b-953d-1ecf694f0e62,0.01,0.03,0.0481354184448719
ab2a51a3-472e-418b-953d-1ecf694f0e62,0.01,0.08,0.0641426369547844
ab2a51a3-472e-418b-953d-1ecf694f0e62,0.01,0.13,0.07355857640504837
ab2a51a3-472e-418b-953d-1ecf694f0e62,0.01,0.18000000000000002,0.0849253311753273
ab2a51a3-472e-418b-953d-1ecf694f0e62,0.01,0.23,0.09465563297271729
ab2a51a3-472e-418b-953d-1ecf694f0e62,0.02,0.03,0.052331842482089996
ab2a51a3-472e-418b-953d-1ecf694f0e62,0.02,0.08,0.06522703915834427
ab2a51a3-472e-418b-953d-1ecf694f0e62,0.02,0.13,0.07616808265447617
ab2a51a3-472e-418b-953d-1ecf694f0e62,0.02,0.18000000000000002,0.08551344275474548
ab2a51a3-472e-418b-953d-1ecf694f0e62,0.02,0.23,0.10091182589530945
ab2a51a3-472e-418b-953d-1ecf694f0e62,0.03,0.03,0.05118193477392197
ab2a51a3-472e-418b-953d-1ecf694f0e62,0.03,0.08,0.06738003343343735
ab2a51a3-472e-418b-953d-1ecf694f0e62,0.03,0.13,0.0745554193854332
ab2a51a3-472e-418b-953d-1ecf694f0e62,0.03,0.18000000000000002,0.0855533704161644
ab2a51a3-472e-418b-953d-1ecf694f0e62,0.03,0.23,0.10381855070590973
ab2a51a3-472e-418b-953d-1ecf694f0e62,0.04,0.03,0.051611050963401794
ab2a51a3-472e-418b-953d-1ecf694f0e62,0.04,0.08,0.06717908382415771
ab2a51a3-472e-418b-953d-1ecf694f0e62,0.05,0.03,0.04890212416648865
ab2a51a3-472e-418b-953d-1ecf694f0e62,0.05,0.08,0.06542616337537766
ab2a51a3-472e-418b-953d-1ecf694f0e62,0.05,0.13,0.07687262445688248
ab2a51a3-472e-418b-953d-1ecf694f0e62,0.05,0.18000000000000002,0.09143698960542679
ab2a51a3-472e-418b-953d-1ecf694f0e62,0.05,0.23,0.10743139684200287
ab2a51a3-472e-418b-953d-1ecf694f0e62,0.1,0.03,0.04744654521346092
ab2a51a3-472e-418b-953d-1ecf694f0e62,0.1,0.08,0.06498696655035019
ab2a51a3-472e-418b-953d-1ecf694f0e62,0.1,0.13,0.08383460342884064
ab2a51a3-472e-418b-953d-1ecf694f0e62,0.1,0.18000000000000002,0.1033753976225853
ab2a51a3-472e-418b-953d-1ecf694f0e62,0.1,0.23,0.11642945557832718
ab2a51a3-472e-418b-953d-1ecf694f0e62,0.15000000000000002,0.03,0.05444096028804779
ab2a51a3-472e-418b-953d-1ecf694f0e62,0.15000000000000002,0.08,0.07032231986522675
ab2a51a3-472e-418b-953d-1ecf694f0e62,0.15000000000000002,0.13,0.09969517588615417
ab2a51a3-472e-418b-953d-1ecf694f0e62,0.15000000000000002,0.18000000000000002,0.11156615614891052
ab2a51a3-472e-418b-953d-1ecf694f0e62,0.15000000000000002,0.23,0.12280339002609253
ab2a51a3-472e-418b-953d-1ecf694f0e62,0.2,0.03,0.059500474482774734
ab2a51a3-472e-418b-953d-1ecf694f0e62,0.2,0.08,0.09535115212202072
ab2a51a3-472e-418b-953d-1ecf694f0e62,0.2,0.13,0.10639447718858719
ab2a51a3-472e-418b-953d-1ecf694f0e62,0.2,0.18000000000000002,0.11683403700590134
ab2a51a3-472e-418b-953d-1ecf694f0e62,0.2,0.23,0.1342668980360031
ab2a51a3-472e-418b-953d-1ecf694f0e62,0.25,0.03,0.06742560863494873
ab2a51a3-472e-418b-953d-1ecf694f0e62,0.25,0.08,0.08437728881835938
ab2a51a3-472e-418b-953d-1ecf694f0e62,0.25,0.13,0.09958646446466446
ab2a51a3-472e-418b-953d-1ecf694f0e62,0.25,0.18000000000000002,0.12020673602819443
ab2a51a3-472e-418b-953d-1ecf694f0e62,0.25,0.23,0.13170436024665833
ab2a51a3-472e-418b-953d-1ecf694f0e62,0.30000000000000004,0.03,0.06477795541286469
ab2a51a3-472e-418b-953d-1ecf694f0e62,0.30000000000000004,0.08,0.08259544521570206
ab2a51a3-472e-418b-953d-1ecf694f0e62,0.30000000000000004,0.13,0.11540009826421738
ab2a51a3-472e-418b-953d-1ecf694f0e62,0.30000000000000004,0.18000000000000002,0.12463128566741943
ab2a51a3-472e-418b-953d-1ecf694f0e62,0.30000000000000004,0.23,0.12290795892477036
abb1259a-17cf-4c9e-8190-e248c137038d,0.0,0.03,0.046321768313646317
abb1259a-17cf-4c9e-8190-e248c137038d,0.0,0.08,0.05584152042865753
abb1259a-17cf-4c9e-8190-e248c137038d,0.0,0.13,0.06832455843687057
abb1259a-17cf-4c9e-8190-e248c137038d,0.0,0.18000000000000002,0.07116883993148804
abb1259a-17cf-4c9e-8190-e248c137038d,0.0,0.23,0.06641316413879395
abb1259a-17cf-4c9e-8190-e248c137038d,0.01,0.03,0.04622872918844223
abb1259a-17cf-4c9e-8190-e248c137038d,0.01,0.08,0.05908997729420662
abb1259a-17cf-4c9e-8190-e248c137038d,0.01,0.13,0.06850653141736984
abb1259a-17cf-4c9e-8190-e248c137038d,0.01,0.18000000000000002,0.06951048970222473
abb1259a-17cf-4c9e-8190-e248c137038d,0.01,0.23,0.06582187861204147
abb1259a-17cf-4c9e-8190-e248c137038d,0.02,0.03,0.0476142019033432
abb1259a-17cf-4c9e-8190-e248c137038d,0.02,0.08,0.058551765978336334
abb1259a-17cf-4c9e-8190-e248c137038d,0.02,0.13,0.06504439562559128
abb1259a-17cf-4c9e-8190-e248c137038d,0.02,0.18000000000000002,0.06556842476129532
abb1259a-17cf-4c9e-8190-e248c137038d,0.02,0.23,0.06722937524318695
abb1259a-17cf-4c9e-8190-e248c137038d,0.03,0.03,0.045263126492500305
abb1259a-17cf-4c9e-8190-e248c137038d,0.03,0.08,0.06403961777687073
abb1259a-17cf-4c9e-8190-e248c137038d,0.03,0.13,0.06302626430988312
abb1259a-17cf-4c9e-8190-e248c137038d,0.03,0.18000000000000002,0.06243356317281723
abb1259a-17cf-4c9e-8190-e248c137038d,0.03,0.23,0.06721393018960953
abb1259a-17cf-4c9e-8190-e248c137038d,0.04,0.03,0.04588114470243454
abb1259a-17cf-4c9e-8190-e248c137038d,0.04,0.08,0.06250651925802231
abb1259a-17cf-4c9e-8190-e248c137038d,0.05,0.03,0.04872352257370949
abb1259a-17cf-4c9e-8190-e248c137038d,0.05,0.08,0.06087639182806015
abb1259a-17cf-4c9e-8190-e248c137038d,0.05,0.13,0.0660131648182869
abb1259a-17cf-4c9e-8190-e248c137038d,0.05,0.18000000000000002,0.06659594178199768
abb1259a-17cf-4c9e-8190-e248c137038d,0.05,0.23,0.06472329795360565
abb1259a-17cf-4c9e-8190-e248c137038d,0.1,0.03,0.046960651874542236
abb1259a-17cf-4c9e-8190-e248c137038d,0.1,0.08,0.06002749130129814
abb1259a-17cf-4c9e-8190-e248c137038d,0.1,0.13,0.0636306181550026
abb1259a-17cf-4c9e-8190-e248c137038d,0.1,0.18000000000000002,0.05806800350546837
abb1259a-17cf-4c9e-8190-e248c137038d,0.1,0.23,0.06677008420228958
abb1259a-17cf-4c9e-8190-e248c137038d,0.15000000000000002,0.03,0.05090158432722092
abb1259a-17cf-4c9e-8190-e248c137038d,0.15000000000000002,0.08,0.05526374652981758
abb1259a-17cf-4c9e-8190-e248c137038d,0.15000000000000002,0.13,0.06303024291992188
abb1259a-17cf-4c9e-8190-e248c137038d,0.15000000000000002,0.18000000000000002,0.06715771555900574
abb1259a-17cf-4c9e-8190-e248c137038d,0.15000000000000002,0.23,0.0688500627875328
abb1259a-17cf-4c9e-8190-e248c137038d,0.2,0.03,0.04690904915332794
abb1259a-17cf-4c9e-8190-e248c137038d,0.2,0.08,0.06084189563989639
abb1259a-17cf-4c9e-8190-e248c137038d,0.2,0.13,0.06666633486747742
abb1259a-17cf-4c9e-8190-e248c137038d,0.2,0.18000000000000002,0.06924262642860413
abb1259a-17cf-4c9e-8190-e248c137038d,0.2,0.23,0.06985366344451904
abb1259a-17cf-4c9e-8190-e248c137038d,0.25,0.03,0.054191604256629944
abb1259a-17cf-4c9e-8190-e248c137038d,0.25,0.08,0.06598581373691559
abb1259a-17cf-4c9e-8190-e248c137038d,0.25,0.13,0.0718618780374527
abb1259a-17cf-4c9e-8190-e248c137038d,0.25,0.18000000000000002,0.07133995741605759
abb1259a-17cf-4c9e-8190-e248c137038d,0.25,0.23,0.07780923694372177
abb1259a-17cf-4c9e-8190-e248c137038d,0.30000000000000004,0.03,0.04892141744494438
abb1259a-17cf-4c9e-8190-e248c137038d,0.30000000000000004,0.08,0.06298202276229858
abb1259a-17cf-4c9e-8190-e248c137038d,0.30000000000000004,0.13,0.0633927434682846
abb1259a-17cf-4c9e-8190-e248c137038d,0.30000000000000004,0.18000000000000002,0.07122119516134262
abb1259a-17cf-4c9e-8190-e248c137038d,0.30000000000000004,0.23,0.07373355329036713
abb8e295-ee24-4ae0-b8fe-d0929a8a7897,0.0,0.03,0.4982423186302185
abb8e295-ee24-4ae0-b8fe-d0929a8a7897,0.0,0.08,0.6108493804931641
abb8e295-ee24-4ae0-b8fe-d0929a8a7897,0.0,0.13,0.47080710530281067
abb8e295-ee24-4ae0-b8fe-d0929a8a7897,0.0,0.18000000000000002,0.3113246262073517
abb8e295-ee24-4ae0-b8fe-d0929a8a7897,0.0,0.23,0.2312239110469818
abb8e295-ee24-4ae0-b8fe-d0929a8a7897,0.01,0.03,0.4389503002166748
abb8e295-ee24-4ae0-b8fe-d0929a8a7897,0.01,0.08,0.47995448112487793
abb8e295-ee24-4ae0-b8fe-d0929a8a7897,0.01,0.13,0.32345113158226013
abb8e295-ee24-4ae0-b8fe-d0929a8a7897,0.01,0.18000000000000002,0.21322846412658691
abb8e295-ee24-4ae0-b8fe-d0929a8a7897,0.01,0.23,0.15923212468624115
abb8e295-ee24-4ae0-b8fe-d0929a8a7897,0.02,0.03,0.46468082070350647
abb8e295-ee24-4ae0-b8fe-d0929a8a7897,0.02,0.08,0.4421842694282532
abb8e295-ee24-4ae0-b8fe-d0929a8a7897,0.02,0.13,0.27743250131607056
abb8e295-ee24-4ae0-b8fe-d0929a8a7897,0.02,0.18000000000000002,0.1720218062400818
abb8e295-ee24-4ae0-b8fe-d0929a8a7897,0.02,0.23,0.1312781423330307
abb8e295-ee24-4ae0-b8fe-d0929a8a7897,0.03,0.03,0.4756588041782379
abb8e295-ee24-4ae0-b8fe-d0929a8a7897,0.03,0.08,0.3545837998390198
abb8e295-ee24-4ae0-b8fe-d0929a8a7897,0.03,0.13,0.220052108168602
abb8e295-ee24-4ae0-b8fe-d0929a8a7897,0.03,0.18000000000000002,0.13681867718696594
abb8e295-ee24-4ae0-b8fe-d0929a8a7897,0.03,0.23,0.10111260414123535
abb8e295-ee24-4ae0-b8fe-d0929a8a7897,0.04,0.03,0.40622180700302124
abb8e295-ee24-4ae0-b8fe-d0929a8a7897,0.04,0.08,0.2825740575790405
abb8e295-ee24-4ae0-b8fe-d0929a8a7897,0.05,0.03,0.3765670359134674
abb8e295-ee24-4ae0-b8fe-d0929a8a7897,0.05,0.08,0.23396585881710052
abb8e295-ee24-4ae0-b8fe-d0929a8a7897,0.05,0.13,0.10789430886507034
abb8e295-ee24-4ae0-b8fe-d0929a8a7897,0.05,0.18000000000000002,0.07255721837282181
abb8e295-ee24-4ae0-b8fe-d0929a8a7897,0.05,0.23,0.06576026231050491
abb8e295-ee24-4ae0-b8fe-d0929a8a7897,0.1,0.03,0.12267979234457016
abb8e295-ee24-4ae0-b8fe-d0929a8a7897,0.1,0.08,0.20642633736133575
abb8e295-ee24-4ae0-b8fe-d0929a8a7897,0.1,0.13,0.205969899892807
abb8e295-ee24-4ae0-b8fe-d0929a8a7897,0.1,0.18000000000000002,0.17453768849372864
abb8e295-ee24-4ae0-b8fe-d0929a8a7897,0.1,0.23,0.14828555285930634
abb8e295-ee24-4ae0-b8fe-d0929a8a7897,0.15000000000000002,0.03,0.1631547510623932
abb8e295-ee24-4ae0-b8fe-d0929a8a7897,0.15000000000000002,0.08,0.16269636154174805
abb8e295-ee24-4ae0-b8fe-d0929a8a7897,0.15000000000000002,0.13,0.12308163940906525
abb8e295-ee24-4ae0-b8fe-d0929a8a7897,0.15000000000000002,0.18000000000000002,0.10402985662221909
abb8e295-ee24-4ae0-b8fe-d0929a8a7897,0.15000000000000002,0.23,0.10280488431453705
abb8e295-ee24-4ae0-b8fe-d0929a8a7897,0.2,0.03,0.07809580862522125
abb8e295-ee24-4ae0-b8fe-d0929a8a7897,0.2,0.08,0.06880316138267517
abb8e295-ee24-4ae0-b8fe-d0929a8a7897,0.2,0.13,0.07823018729686737
abb8e295-ee24-4ae0-b8fe-d0929a8a7897,0.2,0.18000000000000002,0.07731007784605026
abb8e295-ee24-4ae0-b8fe-d0929a8a7897,0.2,0.23,0.07248964160680771
abb8e295-ee24-4ae0-b8fe-d0929a8a7897,0.25,0.03,0.067840576171875
abb8e295-ee24-4ae0-b8fe-d0929a8a7897,0.25,0.08,0.07664448022842407
abb8e295-ee24-4ae0-b8fe-d0929a8a7897,0.25,0.13,0.07276938110589981
abb8e295-ee24-4ae0-b8fe-d0929a8a7897,0.25,0.18000000000000002,0.07436010986566544
abb8e295-ee24-4ae0-b8fe-d0929a8a7897,0.25,0.23,0.06522899866104126
abb8e295-ee24-4ae0-b8fe-d0929a8a7897,0.30000000000000004,0.03,0.055678922683000565
abb8e295-ee24-4ae0-b8fe-d0929a8a7897,0.30000000000000004,0.08,0.07158622145652771
abb8e295-ee24-4ae0-b8fe-d0929a8a7897,0.30000000000000004,0.13,0.07719183713197708
abb8e295-ee24-4ae0-b8fe-d0929a8a7897,0.30000000000000004,0.18000000000000002,0.06441943347454071
abb8e295-ee24-4ae0-b8fe-d0929a8a7897,0.30000000000000004,0.23,0.0671524703502655
ac03a131-dfe6-4955-ab87-075460231079,0.0,0.03,0.05028479918837547
ac03a131-dfe6-4955-ab87-075460231079,0.0,0.08,0.061960455030202866
ac03a131-dfe6-4955-ab87-075460231079,0.0,0.13,0.0665825828909874
ac03a131-dfe6-4955-ab87-075460231079,0.0,0.18000000000000002,0.0670379176735878
ac03a131-dfe6-4955-ab87-075460231079,0.0,0.23,0.06525622308254242
ac03a131-dfe6-4955-ab87-075460231079,0.01,0.03,0.05052141100168228
ac03a131-dfe6-4955-ab87-075460231079,0.01,0.08,0.0575125627219677
ac03a131-dfe6-4955-ab87-075460231079,0.01,0.13,0.06467533111572266
ac03a131-dfe6-4955-ab87-075460231079,0.01,0.18000000000000002,0.06580804288387299
ac03a131-dfe6-4955-ab87-075460231079,0.01,0.23,0.06578346341848373
ac03a131-dfe6-4955-ab87-075460231079,0.02,0.03,0.04711135849356651
ac03a131-dfe6-4955-ab87-075460231079,0.02,0.08,0.06341610848903656
ac03a131-dfe6-4955-ab87-075460231079,0.02,0.13,0.06641639769077301
ac03a131-dfe6-4955-ab87-075460231079,0.02,0.18000000000000002,0.06620927900075912
ac03a131-dfe6-4955-ab87-075460231079,0.02,0.23,0.06538951396942139
ac03a131-dfe6-4955-ab87-075460231079,0.03,0.03,0.054362256079912186
ac03a131-dfe6-4955-ab87-075460231079,0.03,0.08,0.05822058767080307
ac03a131-dfe6-4955-ab87-075460231079,0.03,0.13,0.06395877152681351
ac03a131-dfe6-4955-ab87-075460231079,0.03,0.18000000000000002,0.06674327701330185
ac03a131-dfe6-4955-ab87-075460231079,0.03,0.23,0.06264765560626984
ac03a131-dfe6-4955-ab87-075460231079,0.04,0.03,0.04977450519800186
ac03a131-dfe6-4955-ab87-075460231079,0.04,0.08,0.05655256658792496
ac03a131-dfe6-4955-ab87-075460231079,0.05,0.03,0.05022594705224037
ac03a131-dfe6-4955-ab87-075460231079,0.05,0.08,0.05686260014772415
ac03a131-dfe6-4955-ab87-075460231079,0.05,0.13,0.06318781524896622
ac03a131-dfe6-4955-ab87-075460231079,0.05,0.18000000000000002,0.0629812553524971
ac03a131-dfe6-4955-ab87-075460231079,0.05,0.23,0.058805350214242935
ac03a131-dfe6-4955-ab87-075460231079,0.1,0.03,0.045472778379917145
ac03a131-dfe6-4955-ab87-075460231079,0.1,0.08,0.056106436997652054
ac03a131-dfe6-4955-ab87-075460231079,0.1,0.13,0.05935334786772728
ac03a131-dfe6-4955-ab87-075460231079,0.1,0.18000000000000002,0.06104171648621559
ac03a131-dfe6-4955-ab87-075460231079,0.1,0.23,0.0632704421877861
ac03a131-dfe6-4955-ab87-075460231079,0.15000000000000002,0.03,0.050050217658281326
ac03a131-dfe6-4955-ab87-075460231079,0.15000000000000002,0.08,0.06169281154870987
ac03a131-dfe6-4955-ab87-075460231079,0.15000000000000002,0.13,0.06154835969209671
ac03a131-dfe6-4955-ab87-075460231079,0.15000000000000002,0.18000000000000002,0.06416637450456619
ac03a131-dfe6-4955-ab87-075460231079,0.15000000000000002,0.23,0.06410904973745346
ac03a131-dfe6-4955-ab87-075460231079,0.2,0.03,0.0520060695707798
ac03a131-dfe6-4955-ab87-075460231079,0.2,0.08,0.052542902529239655
ac03a131-dfe6-4955-ab87-075460231079,0.2,0.13,0.06408325582742691
ac03a131-dfe6-4955-ab87-075460231079,0.2,0.18000000000000002,0.0634629875421524
ac03a131-dfe6-4955-ab87-075460231079,0.2,0.23,0.06175162270665169
ac03a131-dfe6-4955-ab87-075460231079,0.25,0.03,0.04711165651679039
ac03a131-dfe6-4955-ab87-075460231079,0.25,0.08,0.05981992930173874
ac03a131-dfe6-4955-ab87-075460231079,0.25,0.13,0.0606328509747982
ac03a131-dfe6-4955-ab87-075460231079,0.25,0.18000000000000002,0.06072345748543739
ac03a131-dfe6-4955-ab87-075460231079,0.25,0.23,0.06593306362628937
ac03a131-dfe6-4955-ab87-075460231079,0.30000000000000004,0.03,0.04548344016075134
ac03a131-dfe6-4955-ab87-075460231079,0.30000000000000004,0.08,0.0516589879989624
ac03a131-dfe6-4955-ab87-075460231079,0.30000000000000004,0.13,0.051129817962646484
ac03a131-dfe6-4955-ab87-075460231079,0.30000000000000004,0.18000000000000002,0.052985720336437225
ac03a131-dfe6-4955-ab87-075460231079,0.30000000000000004,0.23,0.05435236915946007
ac48532e-0b6d-4220-8ab0-856c72c69f78,0.0,0.03,0.06024071201682091
ac48532e-0b6d-4220-8ab0-856c72c69f78,0.0,0.08,0.06461755186319351
ac48532e-0b6d-4220-8ab0-856c72c69f78,0.0,0.13,0.08103414624929428
ac48532e-0b6d-4220-8ab0-856c72c69f78,0.0,0.18000000000000002,0.08355110883712769
ac48532e-0b6d-4220-8ab0-856c72c69f78,0.0,0.23,0.08554353564977646
ac48532e-0b6d-4220-8ab0-856c72c69f78,0.01,0.03,0.04954685643315315
ac48532e-0b6d-4220-8ab0-856c72c69f78,0.01,0.08,0.07460744678974152
ac48532e-0b6d-4220-8ab0-856c72c69f78,0.01,0.13,0.08585725724697113
ac48532e-0b6d-4220-8ab0-856c72c69f78,0.01,0.18000000000000002,0.09414387494325638
ac48532e-0b6d-4220-8ab0-856c72c69f78,0.01,0.23,0.08959207683801651
ac48532e-0b6d-4220-8ab0-856c72c69f78,0.02,0.03,0.0527271032333374
ac48532e-0b6d-4220-8ab0-856c72c69f78,0.02,0.08,0.07425462454557419
ac48532e-0b6d-4220-8ab0-856c72c69f78,0.02,0.13,0.08800315856933594
ac48532e-0b6d-4220-8ab0-856c72c69f78,0.02,0.18000000000000002,0.0911858081817627
ac48532e-0b6d-4220-8ab0-856c72c69f78,0.02,0.23,0.08788146823644638
ac48532e-0b6d-4220-8ab0-856c72c69f78,0.03,0.03,0.061025649309158325
ac48532e-0b6d-4220-8ab0-856c72c69f78,0.03,0.08,0.07412158697843552
ac48532e-0b6d-4220-8ab0-856c72c69f78,0.03,0.13,0.08752958476543427
ac48532e-0b6d-4220-8ab0-856c72c69f78,0.03,0.18000000000000002,0.08602994680404663
ac48532e-0b6d-4220-8ab0-856c72c69f78,0.03,0.23,0.08764364570379257
ac48532e-0b6d-4220-8ab0-856c72c69f78,0.04,0.03,0.061765462160110474
ac48532e-0b6d-4220-8ab0-856c72c69f78,0.04,0.08,0.08087722957134247
ac48532e-0b6d-4220-8ab0-856c72c69f78,0.05,0.03,0.055145300924777985
ac48532e-0b6d-4220-8ab0-856c72c69f78,0.05,0.08,0.07473872601985931
ac48532e-0b6d-4220-8ab0-856c72c69f78,0.05,0.13,0.07988440245389938
ac48532e-0b6d-4220-8ab0-856c72c69f78,0.05,0.18000000000000002,0.07539205253124237
ac48532e-0b6d-4220-8ab0-856c72c69f78,0.05,0.23,0.0774906575679779
ac48532e-0b6d-4220-8ab0-856c72c69f78,0.1,0.03,0.050211694091558456
ac48532e-0b6d-4220-8ab0-856c72c69f78,0.1,0.08,0.06477132439613342
ac48532e-0b6d-4220-8ab0-856c72c69f78,0.1,0.13,0.07387103140354156
ac48532e-0b6d-4220-8ab0-856c72c69f78,0.1,0.18000000000000002,0.07567982375621796
ac48532e-0b6d-4220-8ab0-856c72c69f78,0.1,0.23,0.07030750066041946
ac48532e-0b6d-4220-8ab0-856c72c69f78,0.15000000000000002,0.03,0.049918487668037415
ac48532e-0b6d-4220-8ab0-856c72c69f78,0.15000000000000002,0.08,0.06577584892511368
ac48532e-0b6d-4220-8ab0-856c72c69f78,0.15000000000000002,0.13,0.07298187911510468
ac48532e-0b6d-4220-8ab0-856c72c69f78,0.15000000000000002,0.18000000000000002,0.07229039072990417
ac48532e-0b6d-4220-8ab0-856c72c69f78,0.15000000000000002,0.23,0.07925540208816528
ac48532e-0b6d-4220-8ab0-856c72c69f78,0.2,0.03,0.05455216020345688
ac48532e-0b6d-4220-8ab0-856c72c69f78,0.2,0.08,0.06776505708694458
ac48532e-0b6d-4220-8ab0-856c72c69f78,0.2,0.13,0.07309726625680923
ac48532e-0b6d-4220-8ab0-856c72c69f78,0.2,0.18000000000000002,0.08073166012763977
ac48532e-0b6d-4220-8ab0-856c72c69f78,0.2,0.23,0.08372821658849716
ac48532e-0b6d-4220-8ab0-856c72c69f78,0.25,0.03,0.06337606906890869
ac48532e-0b6d-4220-8ab0-856c72c69f78,0.25,0.08,0.06767947971820831
ac48532e-0b6d-4220-8ab0-856c72c69f78,0.25,0.13,0.07229074835777283
ac48532e-0b6d-4220-8ab0-856c72c69f78,0.25,0.18000000000000002,0.08232346922159195
ac48532e-0b6d-4220-8ab0-856c72c69f78,0.25,0.23,0.08359731733798981
ac48532e-0b6d-4220-8ab0-856c72c69f78,0.30000000000000004,0.03,0.05082852765917778
ac48532e-0b6d-4220-8ab0-856c72c69f78,0.30000000000000004,0.08,0.06624908745288849
ac48532e-0b6d-4220-8ab0-856c72c69f78,0.30000000000000004,0.13,0.08091627061367035
ac48532e-0b6d-4220-8ab0-856c72c69f78,0.30000000000000004,0.18000000000000002,0.08115645498037338
ac48532e-0b6d-4220-8ab0-856c72c69f78,0.30000000000000004,0.23,0.0826914981007576
ac879dfb-5444-429a-ac50-a23223974c19,0.0,0.03,0.05084429308772087
ac879dfb-5444-429a-ac50-a23223974c19,0.0,0.08,0.05483727529644966
ac879dfb-5444-429a-ac50-a23223974c19,0.0,0.13,0.05991462990641594
ac879dfb-5444-429a-ac50-a23223974c19,0.0,0.18000000000000002,0.06026390939950943
ac879dfb-5444-429a-ac50-a23223974c19,0.0,0.23,0.06639619171619415
ac879dfb-5444-429a-ac50-a23223974c19,0.01,0.03,0.04873528331518173
ac879dfb-5444-429a-ac50-a23223974c19,0.01,0.08,0.053873904049396515
ac879dfb-5444-429a-ac50-a23223974c19,0.01,0.13,0.0612386055290699
ac879dfb-5444-429a-ac50-a23223974c19,0.01,0.18000000000000002,0.05808073654770851
ac879dfb-5444-429a-ac50-a23223974c19,0.01,0.23,0.0681985542178154
ac879dfb-5444-429a-ac50-a23223974c19,0.02,0.03,0.0542825311422348
ac879dfb-5444-429a-ac50-a23223974c19,0.02,0.08,0.057555753737688065
ac879dfb-5444-429a-ac50-a23223974c19,0.02,0.13,0.06254040449857712
ac879dfb-5444-429a-ac50-a23223974c19,0.02,0.18000000000000002,0.06108308210968971
ac879dfb-5444-429a-ac50-a23223974c19,0.02,0.23,0.0682847648859024
ac879dfb-5444-429a-ac50-a23223974c19,0.03,0.03,0.04542827978730202
ac879dfb-5444-429a-ac50-a23223974c19,0.03,0.08,0.057090725749731064
ac879dfb-5444-429a-ac50-a23223974c19,0.03,0.13,0.05643489956855774
ac879dfb-5444-429a-ac50-a23223974c19,0.03,0.18000000000000002,0.063124880194664
ac879dfb-5444-429a-ac50-a23223974c19,0.03,0.23,0.0687146931886673
ac879dfb-5444-429a-ac50-a23223974c19,0.04,0.03,0.04580475762486458
ac879dfb-5444-429a-ac50-a23223974c19,0.04,0.08,0.05753256753087044
ac879dfb-5444-429a-ac50-a23223974c19,0.05,0.03,0.04640704765915871
ac879dfb-5444-429a-ac50-a23223974c19,0.05,0.08,0.05839981511235237
ac879dfb-5444-429a-ac50-a23223974c19,0.05,0.13,0.06498371064662933
ac879dfb-5444-429a-ac50-a23223974c19,0.05,0.18000000000000002,0.06892366707324982
ac879dfb-5444-429a-ac50-a23223974c19,0.05,0.23,0.06803498417139053
ac879dfb-5444-429a-ac50-a23223974c19,0.1,0.03,0.04483429715037346
ac879dfb-5444-429a-ac50-a23223974c19,0.1,0.08,0.07009951770305634
ac879dfb-5444-429a-ac50-a23223974c19,0.1,0.13,0.07075878977775574
ac879dfb-5444-429a-ac50-a23223974c19,0.1,0.18000000000000002,0.07013212889432907
ac879dfb-5444-429a-ac50-a23223974c19,0.1,0.23,0.06997538357973099
ac879dfb-5444-429a-ac50-a23223974c19,0.15000000000000002,0.03,0.04962904751300812
ac879dfb-5444-429a-ac50-a23223974c19,0.15000000000000002,0.08,0.0608714260160923
ac879dfb-5444-429a-ac50-a23223974c19,0.15000000000000002,0.13,0.06278429180383682
ac879dfb-5444-429a-ac50-a23223974c19,0.15000000000000002,0.18000000000000002,0.06597674638032913
ac879dfb-5444-429a-ac50-a23223974c19,0.15000000000000002,0.23,0.06610742211341858
ac879dfb-5444-429a-ac50-a23223974c19,0.2,0.03,0.04724489524960518
ac879dfb-5444-429a-ac50-a23223974c19,0.2,0.08,0.056132253259420395
ac879dfb-5444-429a-ac50-a23223974c19,0.2,0.13,0.06235211715102196
ac879dfb-5444-429a-ac50-a23223974c19,0.2,0.18000000000000002,0.06430861353874207
ac879dfb-5444-429a-ac50-a23223974c19,0.2,0.23,0.0689568892121315
ac879dfb-5444-429a-ac50-a23223974c19,0.25,0.03,0.04612565413117409
ac879dfb-5444-429a-ac50-a23223974c19,0.25,0.08,0.05747795104980469
ac879dfb-5444-429a-ac50-a23223974c19,0.25,0.13,0.06348530203104019
ac879dfb-5444-429a-ac50-a23223974c19,0.25,0.18000000000000002,0.06445576250553131
ac879dfb-5444-429a-ac50-a23223974c19,0.25,0.23,0.06986083835363388
ac879dfb-5444-429a-ac50-a23223974c19,0.30000000000000004,0.03,0.04432763159275055
ac879dfb-5444-429a-ac50-a23223974c19,0.30000000000000004,0.08,0.05939130857586861
ac879dfb-5444-429a-ac50-a23223974c19,0.30000000000000004,0.13,0.062113162130117416
ac879dfb-5444-429a-ac50-a23223974c19,0.30000000000000004,0.18000000000000002,0.0727996900677681
ac879dfb-5444-429a-ac50-a23223974c19,0.30000000000000004,0.23,0.06979799270629883
ad318e2f-86f7-43d4-8fd1-7d140989ecd2,0.0,0.03,0.04804346710443497
ad318e2f-86f7-43d4-8fd1-7d140989ecd2,0.0,0.08,0.06268533319234848
ad318e2f-86f7-43d4-8fd1-7d140989ecd2,0.0,0.13,0.06491844356060028
ad318e2f-86f7-43d4-8fd1-7d140989ecd2,0.0,0.18000000000000002,0.058933306485414505
ad318e2f-86f7-43d4-8fd1-7d140989ecd2,0.0,0.23,0.06508415192365646
ad318e2f-86f7-43d4-8fd1-7d140989ecd2,0.01,0.03,0.04369186982512474
ad318e2f-86f7-43d4-8fd1-7d140989ecd2,0.01,0.08,0.0658036395907402
ad318e2f-86f7-43d4-8fd1-7d140989ecd2,0.01,0.13,0.0626288503408432
ad318e2f-86f7-43d4-8fd1-7d140989ecd2,0.01,0.18000000000000002,0.0618315190076828
ad318e2f-86f7-43d4-8fd1-7d140989ecd2,0.01,0.23,0.0624651275575161
ad318e2f-86f7-43d4-8fd1-7d140989ecd2,0.02,0.03,0.04917141795158386
ad318e2f-86f7-43d4-8fd1-7d140989ecd2,0.02,0.08,0.06551367789506912
ad318e2f-86f7-43d4-8fd1-7d140989ecd2,0.02,0.13,0.06311757862567902
ad318e2f-86f7-43d4-8fd1-7d140989ecd2,0.02,0.18000000000000002,0.05931105464696884
ad318e2f-86f7-43d4-8fd1-7d140989ecd2,0.02,0.23,0.061561863869428635
ad318e2f-86f7-43d4-8fd1-7d140989ecd2,0.03,0.03,0.044076014310121536
ad318e2f-86f7-43d4-8fd1-7d140989ecd2,0.03,0.08,0.059262894093990326
ad318e2f-86f7-43d4-8fd1-7d140989ecd2,0.03,0.13,0.0577961765229702
ad318e2f-86f7-43d4-8fd1-7d140989ecd2,0.03,0.18000000000000002,0.057564083486795425
ad318e2f-86f7-43d4-8fd1-7d140989ecd2,0.03,0.23,0.06033029034733772
ad318e2f-86f7-43d4-8fd1-7d140989ecd2,0.04,0.03,0.049529850482940674
ad318e2f-86f7-43d4-8fd1-7d140989ecd2,0.04,0.08,0.05949105694890022
ad318e2f-86f7-43d4-8fd1-7d140989ecd2,0.05,0.03,0.04919201880693436
ad318e2f-86f7-43d4-8fd1-7d140989ecd2,0.05,0.08,0.05401330813765526
ad318e2f-86f7-43d4-8fd1-7d140989ecd2,0.05,0.13,0.055533748120069504
ad318e2f-86f7-43d4-8fd1-7d140989ecd2,0.05,0.18000000000000002,0.0561276450753212
ad318e2f-86f7-43d4-8fd1-7d140989ecd2,0.05,0.23,0.06412283331155777
ad318e2f-86f7-43d4-8fd1-7d140989ecd2,0.1,0.03,0.04636041074991226
ad318e2f-86f7-43d4-8fd1-7d140989ecd2,0.1,0.08,0.05542609095573425
ad318e2f-86f7-43d4-8fd1-7d140989ecd2,0.1,0.13,0.057900797575712204
ad318e2f-86f7-43d4-8fd1-7d140989ecd2,0.1,0.18000000000000002,0.06712507456541061
ad318e2f-86f7-43d4-8fd1-7d140989ecd2,0.1,0.23,0.07501354068517685
ad318e2f-86f7-43d4-8fd1-7d140989ecd2,0.15000000000000002,0.03,0.04485714063048363
ad318e2f-86f7-43d4-8fd1-7d140989ecd2,0.15000000000000002,0.08,0.06400826573371887
ad318e2f-86f7-43d4-8fd1-7d140989ecd2,0.15000000000000002,0.13,0.06652210652828217
ad318e2f-86f7-43d4-8fd1-7d140989ecd2,0.15000000000000002,0.18000000000000002,0.07317677140235901
ad318e2f-86f7-43d4-8fd1-7d140989ecd2,0.15000000000000002,0.23,0.07613877207040787
ad318e2f-86f7-43d4-8fd1-7d140989ecd2,0.2,0.03,0.05150826647877693
ad318e2f-86f7-43d4-8fd1-7d140989ecd2,0.2,0.08,0.05832689255475998
ad318e2f-86f7-43d4-8fd1-7d140989ecd2,0.2,0.13,0.0649869441986084
ad318e2f-86f7-43d4-8fd1-7d140989ecd2,0.2,0.18000000000000002,0.06829505413770676
ad318e2f-86f7-43d4-8fd1-7d140989ecd2,0.2,0.23,0.0661163404583931
ad318e2f-86f7-43d4-8fd1-7d140989ecd2,0.25,0.03,0.04455619305372238
ad318e2f-86f7-43d4-8fd1-7d140989ecd2,0.25,0.08,0.068404920399189
ad318e2f-86f7-43d4-8fd1-7d140989ecd2,0.25,0.13,0.06656890362501144
ad318e2f-86f7-43d4-8fd1-7d140989ecd2,0.25,0.18000000000000002,0.071025550365448
ad318e2f-86f7-43d4-8fd1-7d140989ecd2,0.25,0.23,0.07019145041704178
ad318e2f-86f7-43d4-8fd1-7d140989ecd2,0.30000000000000004,0.03,0.055127643048763275
ad318e2f-86f7-43d4-8fd1-7d140989ecd2,0.30000000000000004,0.08,0.0752411037683487
ad318e2f-86f7-43d4-8fd1-7d140989ecd2,0.30000000000000004,0.13,0.08310911804437637
ad318e2f-86f7-43d4-8fd1-7d140989ecd2,0.30000000000000004,0.18000000000000002,0.0761299729347229
ad318e2f-86f7-43d4-8fd1-7d140989ecd2,0.30000000000000004,0.23,0.06741832941770554
ad641c6b-85b3-40f2-b6d6-5f3284364def,0.0,0.03,0.1371179223060608
ad641c6b-85b3-40f2-b6d6-5f3284364def,0.0,0.08,0.2319447547197342
ad641c6b-85b3-40f2-b6d6-5f3284364def,0.0,0.13,0.18352819979190826
ad641c6b-85b3-40f2-b6d6-5f3284364def,0.0,0.18000000000000002,0.12131261825561523
ad641c6b-85b3-40f2-b6d6-5f3284364def,0.0,0.23,0.09514352679252625
ad641c6b-85b3-40f2-b6d6-5f3284364def,0.01,0.03,0.1491888165473938
ad641c6b-85b3-40f2-b6d6-5f3284364def,0.01,0.08,0.22031515836715698
ad641c6b-85b3-40f2-b6d6-5f3284364def,0.01,0.13,0.16313032805919647
ad641c6b-85b3-40f2-b6d6-5f3284364def,0.01,0.18000000000000002,0.10769473016262054
ad641c6b-85b3-40f2-b6d6-5f3284364def,0.01,0.23,0.08551155030727386
ad641c6b-85b3-40f2-b6d6-5f3284364def,0.02,0.03,0.16452382504940033
ad641c6b-85b3-40f2-b6d6-5f3284364def,0.02,0.08,0.20904657244682312
ad641c6b-85b3-40f2-b6d6-5f3284364def,0.02,0.13,0.1389438509941101
ad641c6b-85b3-40f2-b6d6-5f3284364def,0.02,0.18000000000000002,0.09305468946695328
ad641c6b-85b3-40f2-b6d6-5f3284364def,0.02,0.23,0.07740329205989838
ad641c6b-85b3-40f2-b6d6-5f3284364def,0.03,0.03,0.18076400458812714
ad641c6b-85b3-40f2-b6d6-5f3284364def,0.03,0.08,0.1897144615650177
ad641c6b-85b3-40f2-b6d6-5f3284364def,0.03,0.13,0.11556615680456161
ad641c6b-85b3-40f2-b6d6-5f3284364def,0.03,0.18000000000000002,0.07914712280035019
ad641c6b-85b3-40f2-b6d6-5f3284364def,0.03,0.23,0.07654105871915817
ad641c6b-85b3-40f2-b6d6-5f3284364def,0.04,0.03,0.17480036616325378
ad641c6b-85b3-40f2-b6d6-5f3284364def,0.04,0.08,0.16002391278743744
ad641c6b-85b3-40f2-b6d6-5f3284364def,0.05,0.03,0.1648702174425125
ad641c6b-85b3-40f2-b6d6-5f3284364def,0.05,0.08,0.12287846207618713
ad641c6b-85b3-40f2-b6d6-5f3284364def,0.05,0.13,0.08398205786943436
ad641c6b-85b3-40f2-b6d6-5f3284364def,0.05,0.18000000000000002,0.09836512804031372
ad641c6b-85b3-40f2-b6d6-5f3284364def,0.05,0.23,0.09939423948526382
ad641c6b-85b3-40f2-b6d6-5f3284364def,0.1,0.03,0.07027868926525116
ad641c6b-85b3-40f2-b6d6-5f3284364def,0.1,0.08,0.11138536036014557
ad641c6b-85b3-40f2-b6d6-5f3284364def,0.1,0.13,0.11926683783531189
ad641c6b-85b3-40f2-b6d6-5f3284364def,0.1,0.18000000000000002,0.1145699992775917
ad641c6b-85b3-40f2-b6d6-5f3284364def,0.1,0.23,0.10698047280311584
ad641c6b-85b3-40f2-b6d6-5f3284364def,0.15000000000000002,0.03,0.08094532787799835
ad641c6b-85b3-40f2-b6d6-5f3284364def,0.15000000000000002,0.08,0.09893444925546646
ad641c6b-85b3-40f2-b6d6-5f3284364def,0.15000000000000002,0.13,0.09418520331382751
ad641c6b-85b3-40f2-b6d6-5f3284364def,0.15000000000000002,0.18000000000000002,0.08676517754793167
ad641c6b-85b3-40f2-b6d6-5f3284364def,0.15000000000000002,0.23,0.08652244508266449
ad641c6b-85b3-40f2-b6d6-5f3284364def,0.2,0.03,0.05160403624176979
ad641c6b-85b3-40f2-b6d6-5f3284364def,0.2,0.08,0.06406858563423157
ad641c6b-85b3-40f2-b6d6-5f3284364def,0.2,0.13,0.06802202761173248
ad641c6b-85b3-40f2-b6d6-5f3284364def,0.2,0.18000000000000002,0.06591319292783737
ad641c6b-85b3-40f2-b6d6-5f3284364def,0.2,0.23,0.06840795278549194
ad641c6b-85b3-40f2-b6d6-5f3284364def,0.25,0.03,0.05625009164214134
ad641c6b-85b3-40f2-b6d6-5f3284364def,0.25,0.08,0.055686041712760925
ad641c6b-85b3-40f2-b6d6-5f3284364def,0.25,0.13,0.0597679503262043
ad641c6b-85b3-40f2-b6d6-5f3284364def,0.25,0.18000000000000002,0.058911506086587906
ad641c6b-85b3-40f2-b6d6-5f3284364def,0.25,0.23,0.06504588574171066
ad641c6b-85b3-40f2-b6d6-5f3284364def,0.30000000000000004,0.03,0.050798721611499786
ad641c6b-85b3-40f2-b6d6-5f3284364def,0.30000000000000004,0.08,0.060452695935964584
ad641c6b-85b3-40f2-b6d6-5f3284364def,0.30000000000000004,0.13,0.05925021320581436
ad641c6b-85b3-40f2-b6d6-5f3284364def,0.30000000000000004,0.18000000000000002,0.06406146287918091
ad641c6b-85b3-40f2-b6d6-5f3284364def,0.30000000000000004,0.23,0.06385322660207748
adafbeba-4f7e-4489-b0af-c6de7d96a67a,0.0,0.03,0.08236753940582275
adafbeba-4f7e-4489-b0af-c6de7d96a67a,0.0,0.08,0.11867904663085938
adafbeba-4f7e-4489-b0af-c6de7d96a67a,0.0,0.13,0.122519850730896
adafbeba-4f7e-4489-b0af-c6de7d96a67a,0.0,0.18000000000000002,0.10540351271629333
adafbeba-4f7e-4489-b0af-c6de7d96a67a,0.0,0.23,0.08931305259466171
adafbeba-4f7e-4489-b0af-c6de7d96a67a,0.01,0.03,0.07628189027309418
adafbeba-4f7e-4489-b0af-c6de7d96a67a,0.01,0.08,0.10587251931428909
adafbeba-4f7e-4489-b0af-c6de7d96a67a,0.01,0.13,0.11113292723894119
adafbeba-4f7e-4489-b0af-c6de7d96a67a,0.01,0.18000000000000002,0.10086053609848022
adafbeba-4f7e-4489-b0af-c6de7d96a67a,0.01,0.23,0.0863058939576149
adafbeba-4f7e-4489-b0af-c6de7d96a67a,0.02,0.03,0.08007881790399551
adafbeba-4f7e-4489-b0af-c6de7d96a67a,0.02,0.08,0.11257337778806686
adafbeba-4f7e-4489-b0af-c6de7d96a67a,0.02,0.13,0.10914135724306107
adafbeba-4f7e-4489-b0af-c6de7d96a67a,0.02,0.18000000000000002,0.09832380712032318
adafbeba-4f7e-4489-b0af-c6de7d96a67a,0.02,0.23,0.0798838809132576
adafbeba-4f7e-4489-b0af-c6de7d96a67a,0.03,0.03,0.08005187660455704
adafbeba-4f7e-4489-b0af-c6de7d96a67a,0.03,0.08,0.10677090287208557
adafbeba-4f7e-4489-b0af-c6de7d96a67a,0.03,0.13,0.10446552187204361
adafbeba-4f7e-4489-b0af-c6de7d96a67a,0.03,0.18000000000000002,0.09188023209571838
adafbeba-4f7e-4489-b0af-c6de7d96a67a,0.03,0.23,0.07688926160335541
adafbeba-4f7e-4489-b0af-c6de7d96a67a,0.04,0.03,0.08327972143888474
adafbeba-4f7e-4489-b0af-c6de7d96a67a,0.04,0.08,0.10720910131931305
adafbeba-4f7e-4489-b0af-c6de7d96a67a,0.05,0.03,0.08203675597906113
adafbeba-4f7e-4489-b0af-c6de7d96a67a,0.05,0.08,0.10135331004858017
adafbeba-4f7e-4489-b0af-c6de7d96a67a,0.05,0.13,0.09274428337812424
adafbeba-4f7e-4489-b0af-c6de7d96a67a,0.05,0.18000000000000002,0.08182182908058167
adafbeba-4f7e-4489-b0af-c6de7d96a67a,0.05,0.23,0.0713811069726944
adafbeba-4f7e-4489-b0af-c6de7d96a67a,0.1,0.03,0.05929816514253616
adafbeba-4f7e-4489-b0af-c6de7d96a67a,0.1,0.08,0.07677576690912247
adafbeba-4f7e-4489-b0af-c6de7d96a67a,0.1,0.13,0.0736549124121666
adafbeba-4f7e-4489-b0af-c6de7d96a67a,0.1,0.18000000000000002,0.06483328342437744
adafbeba-4f7e-4489-b0af-c6de7d96a67a,0.1,0.23,0.06864418089389801
adafbeba-4f7e-4489-b0af-c6de7d96a67a,0.15000000000000002,0.03,0.0550687201321125
adafbeba-4f7e-4489-b0af-c6de7d96a67a,0.15000000000000002,0.08,0.06282214820384979
adafbeba-4f7e-4489-b0af-c6de7d96a67a,0.15000000000000002,0.13,0.06491456925868988
adafbeba-4f7e-4489-b0af-c6de7d96a67a,0.15000000000000002,0.18000000000000002,0.07022359222173691
adafbeba-4f7e-4489-b0af-c6de7d96a67a,0.15000000000000002,0.23,0.06898493319749832
adafbeba-4f7e-4489-b0af-c6de7d96a67a,0.2,0.03,0.05386306717991829
adafbeba-4f7e-4489-b0af-c6de7d96a67a,0.2,0.08,0.05483730882406235
adafbeba-4f7e-4489-b0af-c6de7d96a67a,0.2,0.13,0.06502828001976013
adafbeba-4f7e-4489-b0af-c6de7d96a67a,0.2,0.18000000000000002,0.06426186859607697
adafbeba-4f7e-4489-b0af-c6de7d96a67a,0.2,0.23,0.06566042453050613
adafbeba-4f7e-4489-b0af-c6de7d96a67a,0.25,0.03,0.04590447619557381
adafbeba-4f7e-4489-b0af-c6de7d96a67a,0.25,0.08,0.06062192842364311
adafbeba-4f7e-4489-b0af-c6de7d96a67a,0.25,0.13,0.059824906289577484
adafbeba-4f7e-4489-b0af-c6de7d96a67a,0.25,0.18000000000000002,0.06353745609521866
adafbeba-4f7e-4489-b0af-c6de7d96a67a,0.25,0.23,0.0628136470913887
adafbeba-4f7e-4489-b0af-c6de7d96a67a,0.30000000000000004,0.03,0.0508645735681057
adafbeba-4f7e-4489-b0af-c6de7d96a67a,0.30000000000000004,0.08,0.05812915042042732
adafbeba-4f7e-4489-b0af-c6de7d96a67a,0.30000000000000004,0.13,0.06398047506809235
adafbeba-4f7e-4489-b0af-c6de7d96a67a,0.30000000000000004,0.18000000000000002,0.06544268131256104
adafbeba-4f7e-4489-b0af-c6de7d96a67a,0.30000000000000004,0.23,0.06656763702630997
ade1eb62-7cfe-48b8-b92c-8d010f55ccb7,0.0,0.03,0.06944599002599716
ade1eb62-7cfe-48b8-b92c-8d010f55ccb7,0.0,0.08,0.13687855005264282
ade1eb62-7cfe-48b8-b92c-8d010f55ccb7,0.0,0.13,0.16620925068855286
ade1eb62-7cfe-48b8-b92c-8d010f55ccb7,0.0,0.18000000000000002,0.1332576423883438
ade1eb62-7cfe-48b8-b92c-8d010f55ccb7,0.0,0.23,0.09173567593097687
ade1eb62-7cfe-48b8-b92c-8d010f55ccb7,0.01,0.03,0.08232606202363968
ade1eb62-7cfe-48b8-b92c-8d010f55ccb7,0.01,0.08,0.14437563717365265
ade1eb62-7cfe-48b8-b92c-8d010f55ccb7,0.01,0.13,0.15067026019096375
ade1eb62-7cfe-48b8-b92c-8d010f55ccb7,0.01,0.18000000000000002,0.11943390220403671
ade1eb62-7cfe-48b8-b92c-8d010f55ccb7,0.01,0.23,0.08790920674800873
ade1eb62-7cfe-48b8-b92c-8d010f55ccb7,0.02,0.03,0.09884745627641678
ade1eb62-7cfe-48b8-b92c-8d010f55ccb7,0.02,0.08,0.15889492630958557
ade1eb62-7cfe-48b8-b92c-8d010f55ccb7,0.02,0.13,0.15102872252464294
ade1eb62-7cfe-48b8-b92c-8d010f55ccb7,0.02,0.18000000000000002,0.11113172769546509
ade1eb62-7cfe-48b8-b92c-8d010f55ccb7,0.02,0.23,0.0862090215086937
ade1eb62-7cfe-48b8-b92c-8d010f55ccb7,0.03,0.03,0.1272984743118286
ade1eb62-7cfe-48b8-b92c-8d010f55ccb7,0.03,0.08,0.1662829965353012
ade1eb62-7cfe-48b8-b92c-8d010f55ccb7,0.03,0.13,0.14303644001483917
ade1eb62-7cfe-48b8-b92c-8d010f55ccb7,0.03,0.18000000000000002,0.10328245162963867
ade1eb62-7cfe-48b8-b92c-8d010f55ccb7,0.03,0.23,0.0791696161031723
ade1eb62-7cfe-48b8-b92c-8d010f55ccb7,0.04,0.03,0.14376218616962433
ade1eb62-7cfe-48b8-b92c-8d010f55ccb7,0.04,0.08,0.1680881232023239
ade1eb62-7cfe-48b8-b92c-8d010f55ccb7,0.05,0.03,0.16378498077392578
ade1eb62-7cfe-48b8-b92c-8d010f55ccb7,0.05,0.08,0.172386035323143
ade1eb62-7cfe-48b8-b92c-8d010f55ccb7,0.05,0.13,0.12233231216669083
ade1eb62-7cfe-48b8-b92c-8d010f55ccb7,0.05,0.18000000000000002,0.0761200413107872
ade1eb62-7cfe-48b8-b92c-8d010f55ccb7,0.05,0.23,0.07230272889137268
ade1eb62-7cfe-48b8-b92c-8d010f55ccb7,0.1,0.03,0.10075349360704422
ade1eb62-7cfe-48b8-b92c-8d010f55ccb7,0.1,0.08,0.05967513471841812
ade1eb62-7cfe-48b8-b92c-8d010f55ccb7,0.1,0.13,0.08390864729881287
ade1eb62-7cfe-48b8-b92c-8d010f55ccb7,0.1,0.18000000000000002,0.0955885574221611
ade1eb62-7cfe-48b8-b92c-8d010f55ccb7,0.1,0.23,0.08951582759618759
ade1eb62-7cfe-48b8-b92c-8d010f55ccb7,0.15000000000000002,0.03,0.07365138828754425
ade1eb62-7cfe-48b8-b92c-8d010f55ccb7,0.15000000000000002,0.08,0.10210277140140533
ade1eb62-7cfe-48b8-b92c-8d010f55ccb7,0.15000000000000002,0.13,0.10707412660121918
ade1eb62-7cfe-48b8-b92c-8d010f55ccb7,0.15000000000000002,0.18000000000000002,0.09671130031347275
ade1eb62-7cfe-48b8-b92c-8d010f55ccb7,0.15000000000000002,0.23,0.08744056522846222
ade1eb62-7cfe-48b8-b92c-8d010f55ccb7,0.2,0.03,0.08976767212152481
ade1eb62-7cfe-48b8-b92c-8d010f55ccb7,0.2,0.08,0.08987999707460403
ade1eb62-7cfe-48b8-b92c-8d010f55ccb7,0.2,0.13,0.07821084558963776
ade1eb62-7cfe-48b8-b92c-8d010f55ccb7,0.2,0.18000000000000002,0.07530348747968674
ade1eb62-7cfe-48b8-b92c-8d010f55ccb7,0.2,0.23,0.07673726975917816
ade1eb62-7cfe-48b8-b92c-8d010f55ccb7,0.25,0.03,0.05773371085524559
ade1eb62-7cfe-48b8-b92c-8d010f55ccb7,0.25,0.08,0.05642319098114967
ade1eb62-7cfe-48b8-b92c-8d010f55ccb7,0.25,0.13,0.06612640619277954
ade1eb62-7cfe-48b8-b92c-8d010f55ccb7,0.25,0.18000000000000002,0.06564906239509583
ade1eb62-7cfe-48b8-b92c-8d010f55ccb7,0.25,0.23,0.06735443323850632
ade1eb62-7cfe-48b8-b92c-8d010f55ccb7,0.30000000000000004,0.03,0.05286532640457153
ade1eb62-7cfe-48b8-b92c-8d010f55ccb7,0.30000000000000004,0.08,0.06225041672587395
ade1eb62-7cfe-48b8-b92c-8d010f55ccb7,0.30000000000000004,0.13,0.05835061892867088
ade1eb62-7cfe-48b8-b92c-8d010f55ccb7,0.30000000000000004,0.18000000000000002,0.06199672445654869
ade1eb62-7cfe-48b8-b92c-8d010f55ccb7,0.30000000000000004,0.23,0.06755314022302628
aead0769-249a-47bf-ba7e-7953f2382cbc,0.0,0.03,0.04490702226758003
aead0769-249a-47bf-ba7e-7953f2382cbc,0.0,0.08,0.05243181437253952
aead0769-249a-47bf-ba7e-7953f2382cbc,0.0,0.13,0.06417705863714218
aead0769-249a-47bf-ba7e-7953f2382cbc,0.0,0.18000000000000002,0.06550739705562592
aead0769-249a-47bf-ba7e-7953f2382cbc,0.0,0.23,0.07242430001497269
aead0769-249a-47bf-ba7e-7953f2382cbc,0.01,0.03,0.04722200334072113
aead0769-249a-47bf-ba7e-7953f2382cbc,0.01,0.08,0.05578617379069328
aead0769-249a-47bf-ba7e-7953f2382cbc,0.01,0.13,0.07231293618679047
aead0769-249a-47bf-ba7e-7953f2382cbc,0.01,0.18000000000000002,0.06185752898454666
aead0769-249a-47bf-ba7e-7953f2382cbc,0.01,0.23,0.06494512408971786
aead0769-249a-47bf-ba7e-7953f2382cbc,0.02,0.03,0.05131217837333679
aead0769-249a-47bf-ba7e-7953f2382cbc,0.02,0.08,0.06522075831890106
aead0769-249a-47bf-ba7e-7953f2382cbc,0.02,0.13,0.07196467369794846
aead0769-249a-47bf-ba7e-7953f2382cbc,0.02,0.18000000000000002,0.06884626299142838
aead0769-249a-47bf-ba7e-7953f2382cbc,0.02,0.23,0.06632276624441147
aead0769-249a-47bf-ba7e-7953f2382cbc,0.03,0.03,0.044080402702093124
aead0769-249a-47bf-ba7e-7953f2382cbc,0.03,0.08,0.06781118363142014
aead0769-249a-47bf-ba7e-7953f2382cbc,0.03,0.13,0.06895966082811356
aead0769-249a-47bf-ba7e-7953f2382cbc,0.03,0.18000000000000002,0.07049573957920074
aead0769-249a-47bf-ba7e-7953f2382cbc,0.03,0.23,0.06706847250461578
aead0769-249a-47bf-ba7e-7953f2382cbc,0.04,0.03,0.04902920499444008
aead0769-249a-47bf-ba7e-7953f2382cbc,0.04,0.08,0.07136254012584686
aead0769-249a-47bf-ba7e-7953f2382cbc,0.05,0.03,0.04939834028482437
aead0769-249a-47bf-ba7e-7953f2382cbc,0.05,0.08,0.06926664710044861
aead0769-249a-47bf-ba7e-7953f2382cbc,0.05,0.13,0.06447310000658035
aead0769-249a-47bf-ba7e-7953f2382cbc,0.05,0.18000000000000002,0.07004797458648682
aead0769-249a-47bf-ba7e-7953f2382cbc,0.05,0.23,0.05869678035378456
aead0769-249a-47bf-ba7e-7953f2382cbc,0.1,0.03,0.04758169874548912
aead0769-249a-47bf-ba7e-7953f2382cbc,0.1,0.08,0.06799035519361496
aead0769-249a-47bf-ba7e-7953f2382cbc,0.1,0.13,0.07728717476129532
aead0769-249a-47bf-ba7e-7953f2382cbc,0.1,0.18000000000000002,0.06159227713942528
aead0769-249a-47bf-ba7e-7953f2382cbc,0.1,0.23,0.06638877838850021
aead0769-249a-47bf-ba7e-7953f2382cbc,0.15000000000000002,0.03,0.05382668226957321
aead0769-249a-47bf-ba7e-7953f2382cbc,0.15000000000000002,0.08,0.06355711072683334
aead0769-249a-47bf-ba7e-7953f2382cbc,0.15000000000000002,0.13,0.06776555627584457
aead0769-249a-47bf-ba7e-7953f2382cbc,0.15000000000000002,0.18000000000000002,0.07689006626605988
aead0769-249a-47bf-ba7e-7953f2382cbc,0.15000000000000002,0.23,0.07867821305990219
aead0769-249a-47bf-ba7e-7953f2382cbc,0.2,0.03,0.04944981634616852
aead0769-249a-47bf-ba7e-7953f2382cbc,0.2,0.08,0.06218009442090988
aead0769-249a-47bf-ba7e-7953f2382cbc,0.2,0.13,0.07207087427377701
aead0769-249a-47bf-ba7e-7953f2382cbc,0.2,0.18000000000000002,0.07493671029806137
aead0769-249a-47bf-ba7e-7953f2382cbc,0.2,0.23,0.08513803035020828
aead0769-249a-47bf-ba7e-7953f2382cbc,0.25,0.03,0.04534078761935234
aead0769-249a-47bf-ba7e-7953f2382cbc,0.25,0.08,0.05925348773598671
aead0769-249a-47bf-ba7e-7953f2382cbc,0.25,0.13,0.06917783617973328
aead0769-249a-47bf-ba7e-7953f2382cbc,0.25,0.18000000000000002,0.07159114629030228
aead0769-249a-47bf-ba7e-7953f2382cbc,0.25,0.23,0.06740228831768036
aead0769-249a-47bf-ba7e-7953f2382cbc,0.30000000000000004,0.03,0.04629428684711456
aead0769-249a-47bf-ba7e-7953f2382cbc,0.30000000000000004,0.08,0.060356348752975464
aead0769-249a-47bf-ba7e-7953f2382cbc,0.30000000000000004,0.13,0.06637725979089737
aead0769-249a-47bf-ba7e-7953f2382cbc,0.30000000000000004,0.18000000000000002,0.06911375373601913
aead0769-249a-47bf-ba7e-7953f2382cbc,0.30000000000000004,0.23,0.06734545528888702
aee45e09-33da-445a-8a0f-311ea745bd32,0.0,0.03,0.05197060853242874
aee45e09-33da-445a-8a0f-311ea745bd32,0.0,0.08,0.07754074037075043
aee45e09-33da-445a-8a0f-311ea745bd32,0.0,0.13,0.08721176534891129
aee45e09-33da-445a-8a0f-311ea745bd32,0.0,0.18000000000000002,0.0859224796295166
aee45e09-33da-445a-8a0f-311ea745bd32,0.0,0.23,0.08578605949878693
aee45e09-33da-445a-8a0f-311ea745bd32,0.01,0.03,0.05534076690673828
aee45e09-33da-445a-8a0f-311ea745bd32,0.01,0.08,0.08122612535953522
aee45e09-33da-445a-8a0f-311ea745bd32,0.01,0.13,0.09126124531030655
aee45e09-33da-445a-8a0f-311ea745bd32,0.01,0.18000000000000002,0.08410776406526566
aee45e09-33da-445a-8a0f-311ea745bd32,0.01,0.23,0.08031746000051498
aee45e09-33da-445a-8a0f-311ea745bd32,0.02,0.03,0.059456534683704376
aee45e09-33da-445a-8a0f-311ea745bd32,0.02,0.08,0.08265064656734467
aee45e09-33da-445a-8a0f-311ea745bd32,0.02,0.13,0.08579939603805542
aee45e09-33da-445a-8a0f-311ea745bd32,0.02,0.18000000000000002,0.08172615617513657
aee45e09-33da-445a-8a0f-311ea745bd32,0.02,0.23,0.07845783233642578
aee45e09-33da-445a-8a0f-311ea745bd32,0.03,0.03,0.05799156054854393
aee45e09-33da-445a-8a0f-311ea745bd32,0.03,0.08,0.08449305593967438
aee45e09-33da-445a-8a0f-311ea745bd32,0.03,0.13,0.08362758904695511
aee45e09-33da-445a-8a0f-311ea745bd32,0.03,0.18000000000000002,0.07952790707349777
aee45e09-33da-445a-8a0f-311ea745bd32,0.03,0.23,0.08129158616065979
aee45e09-33da-445a-8a0f-311ea745bd32,0.04,0.03,0.06261094659566879
aee45e09-33da-445a-8a0f-311ea745bd32,0.04,0.08,0.07978833466768265
aee45e09-33da-445a-8a0f-311ea745bd32,0.05,0.03,0.06485944986343384
aee45e09-33da-445a-8a0f-311ea745bd32,0.05,0.08,0.07819165289402008
aee45e09-33da-445a-8a0f-311ea745bd32,0.05,0.13,0.08162474632263184
aee45e09-33da-445a-8a0f-311ea745bd32,0.05,0.18000000000000002,0.0783306285738945
aee45e09-33da-445a-8a0f-311ea745bd32,0.05,0.23,0.08643965423107147
aee45e09-33da-445a-8a0f-311ea745bd32,0.1,0.03,0.058318935334682465
aee45e09-33da-445a-8a0f-311ea745bd32,0.1,0.08,0.07312487810850143
aee45e09-33da-445a-8a0f-311ea745bd32,0.1,0.13,0.07892128825187683
aee45e09-33da-445a-8a0f-311ea745bd32,0.1,0.18000000000000002,0.08909261971712112
aee45e09-33da-445a-8a0f-311ea745bd32,0.1,0.23,0.10088126361370087
aee45e09-33da-445a-8a0f-311ea745bd32,0.15000000000000002,0.03,0.04929662123322487
aee45e09-33da-445a-8a0f-311ea745bd32,0.15000000000000002,0.08,0.0629684180021286
aee45e09-33da-445a-8a0f-311ea745bd32,0.15000000000000002,0.13,0.08403385430574417
aee45e09-33da-445a-8a0f-311ea745bd32,0.15000000000000002,0.18000000000000002,0.09677134454250336
aee45e09-33da-445a-8a0f-311ea745bd32,0.15000000000000002,0.23,0.09686257690191269
aee45e09-33da-445a-8a0f-311ea745bd32,0.2,0.03,0.05401664227247238
aee45e09-33da-445a-8a0f-311ea745bd32,0.2,0.08,0.08621031790971756
aee45e09-33da-445a-8a0f-311ea745bd32,0.2,0.13,0.09849603474140167
aee45e09-33da-445a-8a0f-311ea745bd32,0.2,0.18000000000000002,0.10131046175956726
aee45e09-33da-445a-8a0f-311ea745bd32,0.2,0.23,0.10510488599538803
aee45e09-33da-445a-8a0f-311ea745bd32,0.25,0.03,0.06009450554847717
aee45e09-33da-445a-8a0f-311ea745bd32,0.25,0.08,0.080411396920681
aee45e09-33da-445a-8a0f-311ea745bd32,0.25,0.13,0.08970390260219574
aee45e09-33da-445a-8a0f-311ea745bd32,0.25,0.18000000000000002,0.09448430687189102
aee45e09-33da-445a-8a0f-311ea745bd32,0.25,0.23,0.09886106103658676
aee45e09-33da-445a-8a0f-311ea745bd32,0.30000000000000004,0.03,0.0632820650935173
aee45e09-33da-445a-8a0f-311ea745bd32,0.30000000000000004,0.08,0.08483856916427612
aee45e09-33da-445a-8a0f-311ea745bd32,0.30000000000000004,0.13,0.09810234606266022
aee45e09-33da-445a-8a0f-311ea745bd32,0.30000000000000004,0.18000000000000002,0.09988901764154434
aee45e09-33da-445a-8a0f-311ea745bd32,0.30000000000000004,0.23,0.08647999912500381
af58578c-e947-4154-ba3d-014a9603f285,0.0,0.03,0.04540075361728668
af58578c-e947-4154-ba3d-014a9603f285,0.0,0.08,0.05855102092027664
af58578c-e947-4154-ba3d-014a9603f285,0.0,0.13,0.06202461197972298
af58578c-e947-4154-ba3d-014a9603f285,0.0,0.18000000000000002,0.06630886346101761
af58578c-e947-4154-ba3d-014a9603f285,0.0,0.23,0.06335599720478058
af58578c-e947-4154-ba3d-014a9603f285,0.01,0.03,0.05234270170331001
af58578c-e947-4154-ba3d-014a9603f285,0.01,0.08,0.06017586588859558
af58578c-e947-4154-ba3d-014a9603f285,0.01,0.13,0.06387405097484589
af58578c-e947-4154-ba3d-014a9603f285,0.01,0.18000000000000002,0.06604553759098053
af58578c-e947-4154-ba3d-014a9603f285,0.01,0.23,0.059312768280506134
af58578c-e947-4154-ba3d-014a9603f285,0.02,0.03,0.04627339541912079
af58578c-e947-4154-ba3d-014a9603f285,0.02,0.08,0.06751228868961334
af58578c-e947-4154-ba3d-014a9603f285,0.02,0.13,0.05947985127568245
af58578c-e947-4154-ba3d-014a9603f285,0.02,0.18000000000000002,0.06010253354907036
af58578c-e947-4154-ba3d-014a9603f285,0.02,0.23,0.05937160551548004
af58578c-e947-4154-ba3d-014a9603f285,0.03,0.03,0.04877191036939621
af58578c-e947-4154-ba3d-014a9603f285,0.03,0.08,0.06605540961027145
af58578c-e947-4154-ba3d-014a9603f285,0.03,0.13,0.06144128739833832
af58578c-e947-4154-ba3d-014a9603f285,0.03,0.18000000000000002,0.060395486652851105
af58578c-e947-4154-ba3d-014a9603f285,0.03,0.23,0.06138148903846741
af58578c-e947-4154-ba3d-014a9603f285,0.04,0.03,0.052730657160282135
af58578c-e947-4154-ba3d-014a9603f285,0.04,0.08,0.05831703171133995
af58578c-e947-4154-ba3d-014a9603f285,0.05,0.03,0.05265331640839577
af58578c-e947-4154-ba3d-014a9603f285,0.05,0.08,0.0569801852107048
af58578c-e947-4154-ba3d-014a9603f285,0.05,0.13,0.0599103718996048
af58578c-e947-4154-ba3d-014a9603f285,0.05,0.18000000000000002,0.061611756682395935
af58578c-e947-4154-ba3d-014a9603f285,0.05,0.23,0.06021075323224068
af58578c-e947-4154-ba3d-014a9603f285,0.1,0.03,0.05129488557577133
af58578c-e947-4154-ba3d-014a9603f285,0.1,0.08,0.06038061901926994
af58578c-e947-4154-ba3d-014a9603f285,0.1,0.13,0.06579773128032684
af58578c-e947-4154-ba3d-014a9603f285,0.1,0.18000000000000002,0.06278707087039948
af58578c-e947-4154-ba3d-014a9603f285,0.1,0.23,0.06405669450759888
af58578c-e947-4154-ba3d-014a9603f285,0.15000000000000002,0.03,0.04750863462686539
af58578c-e947-4154-ba3d-014a9603f285,0.15000000000000002,0.08,0.0580628365278244
af58578c-e947-4154-ba3d-014a9603f285,0.15000000000000002,0.13,0.05847887322306633
af58578c-e947-4154-ba3d-014a9603f285,0.15000000000000002,0.18000000000000002,0.06003950163722038
af58578c-e947-4154-ba3d-014a9603f285,0.15000000000000002,0.23,0.057035528123378754
af58578c-e947-4154-ba3d-014a9603f285,0.2,0.03,0.045378994196653366
af58578c-e947-4154-ba3d-014a9603f285,0.2,0.08,0.054354287683963776
af58578c-e947-4154-ba3d-014a9603f285,0.2,0.13,0.05644078180193901
af58578c-e947-4154-ba3d-014a9603f285,0.2,0.18000000000000002,0.05948921665549278
af58578c-e947-4154-ba3d-014a9603f285,0.2,0.23,0.05820530652999878
af58578c-e947-4154-ba3d-014a9603f285,0.25,0.03,0.04750644415616989
af58578c-e947-4154-ba3d-014a9603f285,0.25,0.08,0.058639299124479294
af58578c-e947-4154-ba3d-014a9603f285,0.25,0.13,0.05317893996834755
af58578c-e947-4154-ba3d-014a9603f285,0.25,0.18000000000000002,0.05972839519381523
af58578c-e947-4154-ba3d-014a9603f285,0.25,0.23,0.06575042754411697
af58578c-e947-4154-ba3d-014a9603f285,0.30000000000000004,0.03,0.048224031925201416
af58578c-e947-4154-ba3d-014a9603f285,0.30000000000000004,0.08,0.05440736189484596
af58578c-e947-4154-ba3d-014a9603f285,0.30000000000000004,0.13,0.060900501906871796
af58578c-e947-4154-ba3d-014a9603f285,0.30000000000000004,0.18000000000000002,0.06522892415523529
af58578c-e947-4154-ba3d-014a9603f285,0.30000000000000004,0.23,0.05999830365180969
af883cd7-8b8c-47b8-b74d-bd11ac063321,0.0,0.03,0.05010977387428284
af883cd7-8b8c-47b8-b74d-bd11ac063321,0.0,0.08,0.06125504896044731
af883cd7-8b8c-47b8-b74d-bd11ac063321,0.0,0.13,0.06959116458892822
af883cd7-8b8c-47b8-b74d-bd11ac063321,0.0,0.18000000000000002,0.06436853855848312
af883cd7-8b8c-47b8-b74d-bd11ac063321,0.0,0.23,0.0718967393040657
af883cd7-8b8c-47b8-b74d-bd11ac063321,0.01,0.03,0.04946077615022659
af883cd7-8b8c-47b8-b74d-bd11ac063321,0.01,0.08,0.059534333646297455
af883cd7-8b8c-47b8-b74d-bd11ac063321,0.01,0.13,0.06400518119335175
af883cd7-8b8c-47b8-b74d-bd11ac063321,0.01,0.18000000000000002,0.0653640627861023
af883cd7-8b8c-47b8-b74d-bd11ac063321,0.01,0.23,0.06727439165115356
af883cd7-8b8c-47b8-b74d-bd11ac063321,0.02,0.03,0.05030393972992897
af883cd7-8b8c-47b8-b74d-bd11ac063321,0.02,0.08,0.05773630365729332
af883cd7-8b8c-47b8-b74d-bd11ac063321,0.02,0.13,0.06021000072360039
af883cd7-8b8c-47b8-b74d-bd11ac063321,0.02,0.18000000000000002,0.06172087416052818
af883cd7-8b8c-47b8-b74d-bd11ac063321,0.02,0.23,0.06433211266994476
af883cd7-8b8c-47b8-b74d-bd11ac063321,0.03,0.03,0.06043730303645134
af883cd7-8b8c-47b8-b74d-bd11ac063321,0.03,0.08,0.05963384732604027
af883cd7-8b8c-47b8-b74d-bd11ac063321,0.03,0.13,0.06187276542186737
af883cd7-8b8c-47b8-b74d-bd11ac063321,0.03,0.18000000000000002,0.06269427388906479
af883cd7-8b8c-47b8-b74d-bd11ac063321,0.03,0.23,0.06646725535392761
af883cd7-8b8c-47b8-b74d-bd11ac063321,0.04,0.03,0.04942210018634796
af883cd7-8b8c-47b8-b74d-bd11ac063321,0.04,0.08,0.05487900227308273
af883cd7-8b8c-47b8-b74d-bd11ac063321,0.05,0.03,0.0455634780228138
af883cd7-8b8c-47b8-b74d-bd11ac063321,0.05,0.08,0.05636294186115265
af883cd7-8b8c-47b8-b74d-bd11ac063321,0.05,0.13,0.05670742318034172
af883cd7-8b8c-47b8-b74d-bd11ac063321,0.05,0.18000000000000002,0.0578969307243824
af883cd7-8b8c-47b8-b74d-bd11ac063321,0.05,0.23,0.06456626206636429
af883cd7-8b8c-47b8-b74d-bd11ac063321,0.1,0.03,0.05543717369437218
af883cd7-8b8c-47b8-b74d-bd11ac063321,0.1,0.08,0.06078319996595383
af883cd7-8b8c-47b8-b74d-bd11ac063321,0.1,0.13,0.06024480238556862
af883cd7-8b8c-47b8-b74d-bd11ac063321,0.1,0.18000000000000002,0.06613882631063461
af883cd7-8b8c-47b8-b74d-bd11ac063321,0.1,0.23,0.06396368891000748
af883cd7-8b8c-47b8-b74d-bd11ac063321,0.15000000000000002,0.03,0.05319015309214592
af883cd7-8b8c-47b8-b74d-bd11ac063321,0.15000000000000002,0.08,0.058575645089149475
af883cd7-8b8c-47b8-b74d-bd11ac063321,0.15000000000000002,0.13,0.06416113674640656
af883cd7-8b8c-47b8-b74d-bd11ac063321,0.15000000000000002,0.18000000000000002,0.06561584025621414
af883cd7-8b8c-47b8-b74d-bd11ac063321,0.15000000000000002,0.23,0.06752290576696396
af883cd7-8b8c-47b8-b74d-bd11ac063321,0.2,0.03,0.05060658976435661
af883cd7-8b8c-47b8-b74d-bd11ac063321,0.2,0.08,0.05544397979974747
af883cd7-8b8c-47b8-b74d-bd11ac063321,0.2,0.13,0.06535125523805618
af883cd7-8b8c-47b8-b74d-bd11ac063321,0.2,0.18000000000000002,0.06797623634338379
af883cd7-8b8c-47b8-b74d-bd11ac063321,0.2,0.23,0.07627380639314651
af883cd7-8b8c-47b8-b74d-bd11ac063321,0.25,0.03,0.044178228825330734
af883cd7-8b8c-47b8-b74d-bd11ac063321,0.25,0.08,0.05597525089979172
af883cd7-8b8c-47b8-b74d-bd11ac063321,0.25,0.13,0.059667881578207016
af883cd7-8b8c-47b8-b74d-bd11ac063321,0.25,0.18000000000000002,0.0673922449350357
af883cd7-8b8c-47b8-b74d-bd11ac063321,0.25,0.23,0.06795886158943176
af883cd7-8b8c-47b8-b74d-bd11ac063321,0.30000000000000004,0.03,0.049336910247802734
af883cd7-8b8c-47b8-b74d-bd11ac063321,0.30000000000000004,0.08,0.05910339578986168
af883cd7-8b8c-47b8-b74d-bd11ac063321,0.30000000000000004,0.13,0.06395535171031952
af883cd7-8b8c-47b8-b74d-bd11ac063321,0.30000000000000004,0.18000000000000002,0.06562633812427521
af883cd7-8b8c-47b8-b74d-bd11ac063321,0.30000000000000004,0.23,0.06453198194503784
aff28e61-4c0d-4389-965f-41f4fddab846,0.0,0.03,0.058145876973867416
aff28e61-4c0d-4389-965f-41f4fddab846,0.0,0.08,0.06202226132154465
aff28e61-4c0d-4389-965f-41f4fddab846,0.0,0.13,0.07143426686525345
aff28e61-4c0d-4389-965f-41f4fddab846,0.0,0.18000000000000002,0.07963813841342926
aff28e61-4c0d-4389-965f-41f4fddab846,0.0,0.23,0.0877949595451355
aff28e61-4c0d-4389-965f-41f4fddab846,0.01,0.03,0.052683744579553604
aff28e61-4c0d-4389-965f-41f4fddab846,0.01,0.08,0.06695492565631866
aff28e61-4c0d-4389-965f-41f4fddab846,0.01,0.13,0.06951938569545746
aff28e61-4c0d-4389-965f-41f4fddab846,0.01,0.18000000000000002,0.07545991986989975
aff28e61-4c0d-4389-965f-41f4fddab846,0.01,0.23,0.08488600701093674
aff28e61-4c0d-4389-965f-41f4fddab846,0.02,0.03,0.05026289075613022
aff28e61-4c0d-4389-965f-41f4fddab846,0.02,0.08,0.0636027380824089
aff28e61-4c0d-4389-965f-41f4fddab846,0.02,0.13,0.07497303932905197
aff28e61-4c0d-4389-965f-41f4fddab846,0.02,0.18000000000000002,0.07730565220117569
aff28e61-4c0d-4389-965f-41f4fddab846,0.02,0.23,0.08534745872020721
aff28e61-4c0d-4389-965f-41f4fddab846,0.03,0.03,0.05084286257624626
aff28e61-4c0d-4389-965f-41f4fddab846,0.03,0.08,0.059049077332019806
aff28e61-4c0d-4389-965f-41f4fddab846,0.03,0.13,0.07408012449741364
aff28e61-4c0d-4389-965f-41f4fddab846,0.03,0.18000000000000002,0.08093228936195374
aff28e61-4c0d-4389-965f-41f4fddab846,0.03,0.23,0.08698899298906326
aff28e61-4c0d-4389-965f-41f4fddab846,0.04,0.03,0.04998477175831795
aff28e61-4c0d-4389-965f-41f4fddab846,0.04,0.08,0.06514709442853928
aff28e61-4c0d-4389-965f-41f4fddab846,0.05,0.03,0.04963400214910507
aff28e61-4c0d-4389-965f-41f4fddab846,0.05,0.08,0.07233163714408875
aff28e61-4c0d-4389-965f-41f4fddab846,0.05,0.13,0.0812501609325409
aff28e61-4c0d-4389-965f-41f4fddab846,0.05,0.18000000000000002,0.08858703076839447
aff28e61-4c0d-4389-965f-41f4fddab846,0.05,0.23,0.08669555932283401
aff28e61-4c0d-4389-965f-41f4fddab846,0.1,0.03,0.05079104006290436
aff28e61-4c0d-4389-965f-41f4fddab846,0.1,0.08,0.06455063074827194
aff28e61-4c0d-4389-965f-41f4fddab846,0.1,0.13,0.0767802819609642
aff28e61-4c0d-4389-965f-41f4fddab846,0.1,0.18000000000000002,0.07406850904226303
aff28e61-4c0d-4389-965f-41f4fddab846,0.1,0.23,0.07951656728982925
aff28e61-4c0d-4389-965f-41f4fddab846,0.15000000000000002,0.03,0.04988430440425873
aff28e61-4c0d-4389-965f-41f4fddab846,0.15000000000000002,0.08,0.057515792548656464
aff28e61-4c0d-4389-965f-41f4fddab846,0.15000000000000002,0.13,0.05933171510696411
aff28e61-4c0d-4389-965f-41f4fddab846,0.15000000000000002,0.18000000000000002,0.06643573939800262
aff28e61-4c0d-4389-965f-41f4fddab846,0.15000000000000002,0.23,0.06816479563713074
aff28e61-4c0d-4389-965f-41f4fddab846,0.2,0.03,0.05010044947266579
aff28e61-4c0d-4389-965f-41f4fddab846,0.2,0.08,0.057689689099788666
aff28e61-4c0d-4389-965f-41f4fddab846,0.2,0.13,0.05927322059869766
aff28e61-4c0d-4389-965f-41f4fddab846,0.2,0.18000000000000002,0.05819590762257576
aff28e61-4c0d-4389-965f-41f4fddab846,0.2,0.23,0.06286587566137314
aff28e61-4c0d-4389-965f-41f4fddab846,0.25,0.03,0.04784223437309265
aff28e61-4c0d-4389-965f-41f4fddab846,0.25,0.08,0.05938917398452759
aff28e61-4c0d-4389-965f-41f4fddab846,0.25,0.13,0.06058862432837486
aff28e61-4c0d-4389-965f-41f4fddab846,0.25,0.18000000000000002,0.06454174965620041
aff28e61-4c0d-4389-965f-41f4fddab846,0.25,0.23,0.07040759176015854
aff28e61-4c0d-4389-965f-41f4fddab846,0.30000000000000004,0.03,0.0472601093351841
aff28e61-4c0d-4389-965f-41f4fddab846,0.30000000000000004,0.08,0.05795450136065483
aff28e61-4c0d-4389-965f-41f4fddab846,0.30000000000000004,0.13,0.07037515938282013
aff28e61-4c0d-4389-965f-41f4fddab846,0.30000000000000004,0.18000000000000002,0.07595131546258926
aff28e61-4c0d-4389-965f-41f4fddab846,0.30000000000000004,0.23,0.06536225229501724
b0604bf6-554d-4c1e-b014-340e95e5d66b,0.0,0.03,0.05154230073094368
b0604bf6-554d-4c1e-b014-340e95e5d66b,0.0,0.08,0.05724247172474861
b0604bf6-554d-4c1e-b014-340e95e5d66b,0.0,0.13,0.060233838856220245
b0604bf6-554d-4c1e-b014-340e95e5d66b,0.0,0.18000000000000002,0.061107661575078964
b0604bf6-554d-4c1e-b014-340e95e5d66b,0.0,0.23,0.06800693273544312
b0604bf6-554d-4c1e-b014-340e95e5d66b,0.01,0.03,0.05018167942762375
b0604bf6-554d-4c1e-b014-340e95e5d66b,0.01,0.08,0.05547700822353363
b0604bf6-554d-4c1e-b014-340e95e5d66b,0.01,0.13,0.06579862534999847
b0604bf6-554d-4c1e-b014-340e95e5d66b,0.01,0.18000000000000002,0.06589887291193008
b0604bf6-554d-4c1e-b014-340e95e5d66b,0.01,0.23,0.06518591195344925
b0604bf6-554d-4c1e-b014-340e95e5d66b,0.02,0.03,0.043832745403051376
b0604bf6-554d-4c1e-b014-340e95e5d66b,0.02,0.08,0.05628395825624466
b0604bf6-554d-4c1e-b014-340e95e5d66b,0.02,0.13,0.06266182661056519
b0604bf6-554d-4c1e-b014-340e95e5d66b,0.02,0.18000000000000002,0.05951119214296341
b0604bf6-554d-4c1e-b014-340e95e5d66b,0.02,0.23,0.0611666664481163
b0604bf6-554d-4c1e-b014-340e95e5d66b,0.03,0.03,0.04639234393835068
b0604bf6-554d-4c1e-b014-340e95e5d66b,0.03,0.08,0.06286556273698807
b0604bf6-554d-4c1e-b014-340e95e5d66b,0.03,0.13,0.06338988244533539
b0604bf6-554d-4c1e-b014-340e95e5d66b,0.03,0.18000000000000002,0.05983077734708786
b0604bf6-554d-4c1e-b014-340e95e5d66b,0.03,0.23,0.05923807993531227
b0604bf6-554d-4c1e-b014-340e95e5d66b,0.04,0.03,0.048161398619413376
b0604bf6-554d-4c1e-b014-340e95e5d66b,0.04,0.08,0.054190799593925476
b0604bf6-554d-4c1e-b014-340e95e5d66b,0.05,0.03,0.046579573303461075
b0604bf6-554d-4c1e-b014-340e95e5d66b,0.05,0.08,0.054951462894678116
b0604bf6-554d-4c1e-b014-340e95e5d66b,0.05,0.13,0.05661269277334213
b0604bf6-554d-4c1e-b014-340e95e5d66b,0.05,0.18000000000000002,0.06433353573083878
b0604bf6-554d-4c1e-b014-340e95e5d66b,0.05,0.23,0.0640101209282875
b0604bf6-554d-4c1e-b014-340e95e5d66b,0.1,0.03,0.04443765804171562
b0604bf6-554d-4c1e-b014-340e95e5d66b,0.1,0.08,0.054028820246458054
b0604bf6-554d-4c1e-b014-340e95e5d66b,0.1,0.13,0.06379670649766922
b0604bf6-554d-4c1e-b014-340e95e5d66b,0.1,0.18000000000000002,0.06198437139391899
b0604bf6-554d-4c1e-b014-340e95e5d66b,0.1,0.23,0.07119691371917725
b0604bf6-554d-4c1e-b014-340e95e5d66b,0.15000000000000002,0.03,0.04691991209983826
b0604bf6-554d-4c1e-b014-340e95e5d66b,0.15000000000000002,0.08,0.06158168241381645
b0604bf6-554d-4c1e-b014-340e95e5d66b,0.15000000000000002,0.13,0.06366578489542007
b0604bf6-554d-4c1e-b014-340e95e5d66b,0.15000000000000002,0.18000000000000002,0.06543489545583725
b0604bf6-554d-4c1e-b014-340e95e5d66b,0.15000000000000002,0.23,0.0748138278722763
b0604bf6-554d-4c1e-b014-340e95e5d66b,0.2,0.03,0.05437810719013214
b0604bf6-554d-4c1e-b014-340e95e5d66b,0.2,0.08,0.0649605542421341
b0604bf6-554d-4c1e-b014-340e95e5d66b,0.2,0.13,0.06513665616512299
b0604bf6-554d-4c1e-b014-340e95e5d66b,0.2,0.18000000000000002,0.07027558982372284
b0604bf6-554d-4c1e-b014-340e95e5d66b,0.2,0.23,0.07487618178129196
b0604bf6-554d-4c1e-b014-340e95e5d66b,0.25,0.03,0.049429137259721756
b0604bf6-554d-4c1e-b014-340e95e5d66b,0.25,0.08,0.05284908413887024
b0604bf6-554d-4c1e-b014-340e95e5d66b,0.25,0.13,0.06684435904026031
b0604bf6-554d-4c1e-b014-340e95e5d66b,0.25,0.18000000000000002,0.0720098614692688
b0604bf6-554d-4c1e-b014-340e95e5d66b,0.25,0.23,0.07942011952400208
b0604bf6-554d-4c1e-b014-340e95e5d66b,0.30000000000000004,0.03,0.05115131661295891
b0604bf6-554d-4c1e-b014-340e95e5d66b,0.30000000000000004,0.08,0.05914660543203354
b0604bf6-554d-4c1e-b014-340e95e5d66b,0.30000000000000004,0.13,0.06823714822530746
b0604bf6-554d-4c1e-b014-340e95e5d66b,0.30000000000000004,0.18000000000000002,0.07703616470098495
b0604bf6-554d-4c1e-b014-340e95e5d66b,0.30000000000000004,0.23,0.08510012924671173
b0a9609f-eb2b-49a8-83d2-94cf2c549764,0.0,0.03,0.05498921126127243
b0a9609f-eb2b-49a8-83d2-94cf2c549764,0.0,0.08,0.06525088101625443
b0a9609f-eb2b-49a8-83d2-94cf2c549764,0.0,0.13,0.06068951264023781
b0a9609f-eb2b-49a8-83d2-94cf2c549764,0.0,0.18000000000000002,0.0593029148876667
b0a9609f-eb2b-49a8-83d2-94cf2c549764,0.0,0.23,0.06305839121341705
b0a9609f-eb2b-49a8-83d2-94cf2c549764,0.01,0.03,0.04993060231208801
b0a9609f-eb2b-49a8-83d2-94cf2c549764,0.01,0.08,0.06298372149467468
b0a9609f-eb2b-49a8-83d2-94cf2c549764,0.01,0.13,0.06463594734668732
b0a9609f-eb2b-49a8-83d2-94cf2c549764,0.01,0.18000000000000002,0.06358110904693604
b0a9609f-eb2b-49a8-83d2-94cf2c549764,0.01,0.23,0.06620849668979645
b0a9609f-eb2b-49a8-83d2-94cf2c549764,0.02,0.03,0.0510331429541111
b0a9609f-eb2b-49a8-83d2-94cf2c549764,0.02,0.08,0.059861920773983
b0a9609f-eb2b-49a8-83d2-94cf2c549764,0.02,0.13,0.060446251183748245
b0a9609f-eb2b-49a8-83d2-94cf2c549764,0.02,0.18000000000000002,0.06071853265166283
b0a9609f-eb2b-49a8-83d2-94cf2c549764,0.02,0.23,0.0640726163983345
b0a9609f-eb2b-49a8-83d2-94cf2c549764,0.03,0.03,0.048793744295835495
b0a9609f-eb2b-49a8-83d2-94cf2c549764,0.03,0.08,0.05708474665880203
b0a9609f-eb2b-49a8-83d2-94cf2c549764,0.03,0.13,0.05980047211050987
b0a9609f-eb2b-49a8-83d2-94cf2c549764,0.03,0.18000000000000002,0.06030058488249779
b0a9609f-eb2b-49a8-83d2-94cf2c549764,0.03,0.23,0.0618848092854023
b0a9609f-eb2b-49a8-83d2-94cf2c549764,0.04,0.03,0.048154067248106
b0a9609f-eb2b-49a8-83d2-94cf2c549764,0.04,0.08,0.05744200572371483
b0a9609f-eb2b-49a8-83d2-94cf2c549764,0.05,0.03,0.05454803630709648
b0a9609f-eb2b-49a8-83d2-94cf2c549764,0.05,0.08,0.06278064101934433
b0a9609f-eb2b-49a8-83d2-94cf2c549764,0.05,0.13,0.0578577034175396
b0a9609f-eb2b-49a8-83d2-94cf2c549764,0.05,0.18000000000000002,0.06315630674362183
b0a9609f-eb2b-49a8-83d2-94cf2c549764,0.05,0.23,0.06394337862730026
b0a9609f-eb2b-49a8-83d2-94cf2c549764,0.1,0.03,0.048831015825271606
b0a9609f-eb2b-49a8-83d2-94cf2c549764,0.1,0.08,0.05168299004435539
b0a9609f-eb2b-49a8-83d2-94cf2c549764,0.1,0.13,0.05547909066081047
b0a9609f-eb2b-49a8-83d2-94cf2c549764,0.1,0.18000000000000002,0.062088530510663986
b0a9609f-eb2b-49a8-83d2-94cf2c549764,0.1,0.23,0.060637425631284714
b0a9609f-eb2b-49a8-83d2-94cf2c549764,0.15000000000000002,0.03,0.0482756644487381
b0a9609f-eb2b-49a8-83d2-94cf2c549764,0.15000000000000002,0.08,0.05396537482738495
b0a9609f-eb2b-49a8-83d2-94cf2c549764,0.15000000000000002,0.13,0.06618718802928925
b0a9609f-eb2b-49a8-83d2-94cf2c549764,0.15000000000000002,0.18000000000000002,0.0642164945602417
b0a9609f-eb2b-49a8-83d2-94cf2c549764,0.15000000000000002,0.23,0.0662858709692955
b0a9609f-eb2b-49a8-83d2-94cf2c549764,0.2,0.03,0.05041957274079323
b0a9609f-eb2b-49a8-83d2-94cf2c549764,0.2,0.08,0.06394451856613159
b0a9609f-eb2b-49a8-83d2-94cf2c549764,0.2,0.13,0.0609283484518528
b0a9609f-eb2b-49a8-83d2-94cf2c549764,0.2,0.18000000000000002,0.06715552508831024
b0a9609f-eb2b-49a8-83d2-94cf2c549764,0.2,0.23,0.062444765120744705
b0a9609f-eb2b-49a8-83d2-94cf2c549764,0.25,0.03,0.044756073504686356
b0a9609f-eb2b-49a8-83d2-94cf2c549764,0.25,0.08,0.06151300668716431
b0a9609f-eb2b-49a8-83d2-94cf2c549764,0.25,0.13,0.07063315063714981
b0a9609f-eb2b-49a8-83d2-94cf2c549764,0.25,0.18000000000000002,0.06254556775093079
b0a9609f-eb2b-49a8-83d2-94cf2c549764,0.25,0.23,0.05961216613650322
b0a9609f-eb2b-49a8-83d2-94cf2c549764,0.30000000000000004,0.03,0.05425553396344185
b0a9609f-eb2b-49a8-83d2-94cf2c549764,0.30000000000000004,0.08,0.05914738401770592
b0a9609f-eb2b-49a8-83d2-94cf2c549764,0.30000000000000004,0.13,0.05899735540151596
b0a9609f-eb2b-49a8-83d2-94cf2c549764,0.30000000000000004,0.18000000000000002,0.05755264684557915
b0a9609f-eb2b-49a8-83d2-94cf2c549764,0.30000000000000004,0.23,0.05678492784500122
b172f162-0b22-4523-8a65-18cb79c692ff,0.0,0.03,0.05103331804275513
b172f162-0b22-4523-8a65-18cb79c692ff,0.0,0.08,0.06719712913036346
b172f162-0b22-4523-8a65-18cb79c692ff,0.0,0.13,0.0776241272687912
b172f162-0b22-4523-8a65-18cb79c692ff,0.0,0.18000000000000002,0.06581289321184158
b172f162-0b22-4523-8a65-18cb79c692ff,0.0,0.23,0.06881944090127945
b172f162-0b22-4523-8a65-18cb79c692ff,0.01,0.03,0.04743575677275658
b172f162-0b22-4523-8a65-18cb79c692ff,0.01,0.08,0.061133746057748795
b172f162-0b22-4523-8a65-18cb79c692ff,0.01,0.13,0.06795744597911835
b172f162-0b22-4523-8a65-18cb79c692ff,0.01,0.18000000000000002,0.06502639502286911
b172f162-0b22-4523-8a65-18cb79c692ff,0.01,0.23,0.06277354806661606
b172f162-0b22-4523-8a65-18cb79c692ff,0.02,0.03,0.04667790234088898
b172f162-0b22-4523-8a65-18cb79c692ff,0.02,0.08,0.062086496502161026
b172f162-0b22-4523-8a65-18cb79c692ff,0.02,0.13,0.06866355985403061
b172f162-0b22-4523-8a65-18cb79c692ff,0.02,0.18000000000000002,0.06491280347108841
b172f162-0b22-4523-8a65-18cb79c692ff,0.02,0.23,0.06455167382955551
b172f162-0b22-4523-8a65-18cb79c692ff,0.03,0.03,0.051390379667282104
b172f162-0b22-4523-8a65-18cb79c692ff,0.03,0.08,0.05866493284702301
b172f162-0b22-4523-8a65-18cb79c692ff,0.03,0.13,0.06767329573631287
b172f162-0b22-4523-8a65-18cb79c692ff,0.03,0.18000000000000002,0.06704261898994446
b172f162-0b22-4523-8a65-18cb79c692ff,0.03,0.23,0.0656452402472496
b172f162-0b22-4523-8a65-18cb79c692ff,0.04,0.03,0.04668295010924339
b172f162-0b22-4523-8a65-18cb79c692ff,0.04,0.08,0.06504490971565247
b172f162-0b22-4523-8a65-18cb79c692ff,0.05,0.03,0.04506882652640343
b172f162-0b22-4523-8a65-18cb79c692ff,0.05,0.08,0.06728409230709076
b172f162-0b22-4523-8a65-18cb79c692ff,0.05,0.13,0.07934284955263138
b172f162-0b22-4523-8a65-18cb79c692ff,0.05,0.18000000000000002,0.07907424867153168
b172f162-0b22-4523-8a65-18cb79c692ff,0.05,0.23,0.06720101088285446
b172f162-0b22-4523-8a65-18cb79c692ff,0.1,0.03,0.05703916773200035
b172f162-0b22-4523-8a65-18cb79c692ff,0.1,0.08,0.06985870003700256
b172f162-0b22-4523-8a65-18cb79c692ff,0.1,0.13,0.07061897218227386
b172f162-0b22-4523-8a65-18cb79c692ff,0.1,0.18000000000000002,0.07385615259408951
b172f162-0b22-4523-8a65-18cb79c692ff,0.1,0.23,0.0679529681801796
b172f162-0b22-4523-8a65-18cb79c692ff,0.15000000000000002,0.03,0.05379967764019966
b172f162-0b22-4523-8a65-18cb79c692ff,0.15000000000000002,0.08,0.05730944126844406
b172f162-0b22-4523-8a65-18cb79c692ff,0.15000000000000002,0.13,0.06384143233299255
b172f162-0b22-4523-8a65-18cb79c692ff,0.15000000000000002,0.18000000000000002,0.06382134556770325
b172f162-0b22-4523-8a65-18cb79c692ff,0.15000000000000002,0.23,0.06719885766506195
b172f162-0b22-4523-8a65-18cb79c692ff,0.2,0.03,0.04995196312665939
b172f162-0b22-4523-8a65-18cb79c692ff,0.2,0.08,0.06516212224960327
b172f162-0b22-4523-8a65-18cb79c692ff,0.2,0.13,0.06081446260213852
b172f162-0b22-4523-8a65-18cb79c692ff,0.2,0.18000000000000002,0.06506458669900894
b172f162-0b22-4523-8a65-18cb79c692ff,0.2,0.23,0.06332892179489136
b172f162-0b22-4523-8a65-18cb79c692ff,0.25,0.03,0.05242240056395531
b172f162-0b22-4523-8a65-18cb79c692ff,0.25,0.08,0.05516436696052551
b172f162-0b22-4523-8a65-18cb79c692ff,0.25,0.13,0.06734442710876465
b172f162-0b22-4523-8a65-18cb79c692ff,0.25,0.18000000000000002,0.06849051266908646
b172f162-0b22-4523-8a65-18cb79c692ff,0.25,0.23,0.06511989235877991
b172f162-0b22-4523-8a65-18cb79c692ff,0.30000000000000004,0.03,0.04595258831977844
b172f162-0b22-4523-8a65-18cb79c692ff,0.30000000000000004,0.08,0.06205799803137779
b172f162-0b22-4523-8a65-18cb79c692ff,0.30000000000000004,0.13,0.07060517370700836
b172f162-0b22-4523-8a65-18cb79c692ff,0.30000000000000004,0.18000000000000002,0.06394310295581818
b172f162-0b22-4523-8a65-18cb79c692ff,0.30000000000000004,0.23,0.06998588889837265
b21eca2c-b3ca-4493-a428-1cdc91bb5d42,0.0,0.03,0.04698217287659645
b21eca2c-b3ca-4493-a428-1cdc91bb5d42,0.0,0.08,0.05726245790719986
b21eca2c-b3ca-4493-a428-1cdc91bb5d42,0.0,0.13,0.05686945095658302
b21eca2c-b3ca-4493-a428-1cdc91bb5d42,0.0,0.18000000000000002,0.05875897780060768
b21eca2c-b3ca-4493-a428-1cdc91bb5d42,0.0,0.23,0.06081438064575195
b21eca2c-b3ca-4493-a428-1cdc91bb5d42,0.01,0.03,0.04456441476941109
b21eca2c-b3ca-4493-a428-1cdc91bb5d42,0.01,0.08,0.054399870336055756
b21eca2c-b3ca-4493-a428-1cdc91bb5d42,0.01,0.13,0.05492957681417465
b21eca2c-b3ca-4493-a428-1cdc91bb5d42,0.01,0.18000000000000002,0.057451821863651276
b21eca2c-b3ca-4493-a428-1cdc91bb5d42,0.01,0.23,0.05752093344926834
b21eca2c-b3ca-4493-a428-1cdc91bb5d42,0.02,0.03,0.047896113246679306
b21eca2c-b3ca-4493-a428-1cdc91bb5d42,0.02,0.08,0.05248996615409851
b21eca2c-b3ca-4493-a428-1cdc91bb5d42,0.02,0.13,0.05863569304347038
b21eca2c-b3ca-4493-a428-1cdc91bb5d42,0.02,0.18000000000000002,0.05666928365826607
b21eca2c-b3ca-4493-a428-1cdc91bb5d42,0.02,0.23,0.056849122047424316
b21eca2c-b3ca-4493-a428-1cdc91bb5d42,0.03,0.03,0.045277588069438934
b21eca2c-b3ca-4493-a428-1cdc91bb5d42,0.03,0.08,0.055034566670656204
b21eca2c-b3ca-4493-a428-1cdc91bb5d42,0.03,0.13,0.05717691034078598
b21eca2c-b3ca-4493-a428-1cdc91bb5d42,0.03,0.18000000000000002,0.05608062818646431
b21eca2c-b3ca-4493-a428-1cdc91bb5d42,0.03,0.23,0.060007866472005844
b21eca2c-b3ca-4493-a428-1cdc91bb5d42,0.04,0.03,0.045143742114305496
b21eca2c-b3ca-4493-a428-1cdc91bb5d42,0.04,0.08,0.060172177851200104
b21eca2c-b3ca-4493-a428-1cdc91bb5d42,0.05,0.03,0.0482778437435627
b21eca2c-b3ca-4493-a428-1cdc91bb5d42,0.05,0.08,0.057874877005815506
b21eca2c-b3ca-4493-a428-1cdc91bb5d42,0.05,0.13,0.05814345180988312
b21eca2c-b3ca-4493-a428-1cdc91bb5d42,0.05,0.18000000000000002,0.05937589704990387
b21eca2c-b3ca-4493-a428-1cdc91bb5d42,0.05,0.23,0.0612792894244194
b21eca2c-b3ca-4493-a428-1cdc91bb5d42,0.1,0.03,0.04573819413781166
b21eca2c-b3ca-4493-a428-1cdc91bb5d42,0.1,0.08,0.05149836465716362
b21eca2c-b3ca-4493-a428-1cdc91bb5d42,0.1,0.13,0.056404296308755875
b21eca2c-b3ca-4493-a428-1cdc91bb5d42,0.1,0.18000000000000002,0.06376377493143082
b21eca2c-b3ca-4493-a428-1cdc91bb5d42,0.1,0.23,0.06167304888367653
b21eca2c-b3ca-4493-a428-1cdc91bb5d42,0.15000000000000002,0.03,0.05312833562493324
b21eca2c-b3ca-4493-a428-1cdc91bb5d42,0.15000000000000002,0.08,0.0642847865819931
b21eca2c-b3ca-4493-a428-1cdc91bb5d42,0.15000000000000002,0.13,0.0691971406340599
b21eca2c-b3ca-4493-a428-1cdc91bb5d42,0.15000000000000002,0.18000000000000002,0.06710480153560638
b21eca2c-b3ca-4493-a428-1cdc91bb5d42,0.15000000000000002,0.23,0.06784892827272415
b21eca2c-b3ca-4493-a428-1cdc91bb5d42,0.2,0.03,0.049731768667697906
b21eca2c-b3ca-4493-a428-1cdc91bb5d42,0.2,0.08,0.061354540288448334
b21eca2c-b3ca-4493-a428-1cdc91bb5d42,0.2,0.13,0.06248750910162926
b21eca2c-b3ca-4493-a428-1cdc91bb5d42,0.2,0.18000000000000002,0.05951477587223053
b21eca2c-b3ca-4493-a428-1cdc91bb5d42,0.2,0.23,0.06280181556940079
b21eca2c-b3ca-4493-a428-1cdc91bb5d42,0.25,0.03,0.04871606454253197
b21eca2c-b3ca-4493-a428-1cdc91bb5d42,0.25,0.08,0.06611037254333496
b21eca2c-b3ca-4493-a428-1cdc91bb5d42,0.25,0.13,0.05816543847322464
b21eca2c-b3ca-4493-a428-1cdc91bb5d42,0.25,0.18000000000000002,0.06297089159488678
b21eca2c-b3ca-4493-a428-1cdc91bb5d42,0.25,0.23,0.06245380640029907
b21eca2c-b3ca-4493-a428-1cdc91bb5d42,0.30000000000000004,0.03,0.04772245138883591
b21eca2c-b3ca-4493-a428-1cdc91bb5d42,0.30000000000000004,0.08,0.05778137594461441
b21eca2c-b3ca-4493-a428-1cdc91bb5d42,0.30000000000000004,0.13,0.05864018574357033
b21eca2c-b3ca-4493-a428-1cdc91bb5d42,0.30000000000000004,0.18000000000000002,0.061414171010255814
b21eca2c-b3ca-4493-a428-1cdc91bb5d42,0.30000000000000004,0.23,0.057664599269628525
b24874b5-0e96-43ab-971d-052a37d5c225,0.0,0.03,0.05984485149383545
b24874b5-0e96-43ab-971d-052a37d5c225,0.0,0.08,0.09179951995611191
b24874b5-0e96-43ab-971d-052a37d5c225,0.0,0.13,0.12701216340065002
b24874b5-0e96-43ab-971d-052a37d5c225,0.0,0.18000000000000002,0.14483104646205902
b24874b5-0e96-43ab-971d-052a37d5c225,0.0,0.23,0.13936491310596466
b24874b5-0e96-43ab-971d-052a37d5c225,0.01,0.03,0.06450103223323822
b24874b5-0e96-43ab-971d-052a37d5c225,0.01,0.08,0.09869261085987091
b24874b5-0e96-43ab-971d-052a37d5c225,0.01,0.13,0.1289093941450119
b24874b5-0e96-43ab-971d-052a37d5c225,0.01,0.18000000000000002,0.1329069882631302
b24874b5-0e96-43ab-971d-052a37d5c225,0.01,0.23,0.12588535249233246
b24874b5-0e96-43ab-971d-052a37d5c225,0.02,0.03,0.07081921398639679
b24874b5-0e96-43ab-971d-052a37d5c225,0.02,0.08,0.11374589055776596
b24874b5-0e96-43ab-971d-052a37d5c225,0.02,0.13,0.13709096610546112
b24874b5-0e96-43ab-971d-052a37d5c225,0.02,0.18000000000000002,0.13800305128097534
b24874b5-0e96-43ab-971d-052a37d5c225,0.02,0.23,0.12545332312583923
b24874b5-0e96-43ab-971d-052a37d5c225,0.03,0.03,0.07077973335981369
b24874b5-0e96-43ab-971d-052a37d5c225,0.03,0.08,0.1257990002632141
b24874b5-0e96-43ab-971d-052a37d5c225,0.03,0.13,0.1387307494878769
b24874b5-0e96-43ab-971d-052a37d5c225,0.03,0.18000000000000002,0.13662078976631165
b24874b5-0e96-43ab-971d-052a37d5c225,0.03,0.23,0.12206763029098511
b24874b5-0e96-43ab-971d-052a37d5c225,0.04,0.03,0.08677233755588531
b24874b5-0e96-43ab-971d-052a37d5c225,0.04,0.08,0.13193178176879883
b24874b5-0e96-43ab-971d-052a37d5c225,0.05,0.03,0.11255423724651337
b24874b5-0e96-43ab-971d-052a37d5c225,0.05,0.08,0.14787855744361877
b24874b5-0e96-43ab-971d-052a37d5c225,0.05,0.13,0.15865352749824524
b24874b5-0e96-43ab-971d-052a37d5c225,0.05,0.18000000000000002,0.14551661908626556
b24874b5-0e96-43ab-971d-052a37d5c225,0.05,0.23,0.13700319826602936
b24874b5-0e96-43ab-971d-052a37d5c225,0.1,0.03,0.11873173713684082
b24874b5-0e96-43ab-971d-052a37d5c225,0.1,0.08,0.13646434247493744
b24874b5-0e96-43ab-971d-052a37d5c225,0.1,0.13,0.12432537972927094
b24874b5-0e96-43ab-971d-052a37d5c225,0.1,0.18000000000000002,0.11636330187320709
b24874b5-0e96-43ab-971d-052a37d5c225,0.1,0.23,0.11072543263435364
b24874b5-0e96-43ab-971d-052a37d5c225,0.15000000000000002,0.03,0.0938662439584732
b24874b5-0e96-43ab-971d-052a37d5c225,0.15000000000000002,0.08,0.09331521391868591
b24874b5-0e96-43ab-971d-052a37d5c225,0.15000000000000002,0.13,0.08952224999666214
b24874b5-0e96-43ab-971d-052a37d5c225,0.15000000000000002,0.18000000000000002,0.08709799498319626
b24874b5-0e96-43ab-971d-052a37d5c225,0.15000000000000002,0.23,0.0865858867764473
b24874b5-0e96-43ab-971d-052a37d5c225,0.2,0.03,0.05655814707279205
b24874b5-0e96-43ab-971d-052a37d5c225,0.2,0.08,0.06034056842327118
b24874b5-0e96-43ab-971d-052a37d5c225,0.2,0.13,0.06216055154800415
b24874b5-0e96-43ab-971d-052a37d5c225,0.2,0.18000000000000002,0.06769685447216034
b24874b5-0e96-43ab-971d-052a37d5c225,0.2,0.23,0.06828873604536057
b24874b5-0e96-43ab-971d-052a37d5c225,0.25,0.03,0.049329619854688644
b24874b5-0e96-43ab-971d-052a37d5c225,0.25,0.08,0.058907173573970795
b24874b5-0e96-43ab-971d-052a37d5c225,0.25,0.13,0.06453946977853775
b24874b5-0e96-43ab-971d-052a37d5c225,0.25,0.18000000000000002,0.06373279541730881
b24874b5-0e96-43ab-971d-052a37d5c225,0.25,0.23,0.06941597908735275
b24874b5-0e96-43ab-971d-052a37d5c225,0.30000000000000004,0.03,0.052578993141651154
b24874b5-0e96-43ab-971d-052a37d5c225,0.30000000000000004,0.08,0.06503982841968536
b24874b5-0e96-43ab-971d-052a37d5c225,0.30000000000000004,0.13,0.0634312704205513
b24874b5-0e96-43ab-971d-052a37d5c225,0.30000000000000004,0.18000000000000002,0.06673607230186462
b24874b5-0e96-43ab-971d-052a37d5c225,0.30000000000000004,0.23,0.07069098949432373
b3a32863-628a-42ba-97ce-a6e5fd195608,0.0,0.03,0.052634358406066895
b3a32863-628a-42ba-97ce-a6e5fd195608,0.0,0.08,0.06552479416131973
b3a32863-628a-42ba-97ce-a6e5fd195608,0.0,0.13,0.07430896908044815
b3a32863-628a-42ba-97ce-a6e5fd195608,0.0,0.18000000000000002,0.07568424940109253
b3a32863-628a-42ba-97ce-a6e5fd195608,0.0,0.23,0.07710842043161392
b3a32863-628a-42ba-97ce-a6e5fd195608,0.01,0.03,0.04625454172492027
b3a32863-628a-42ba-97ce-a6e5fd195608,0.01,0.08,0.06915532052516937
b3a32863-628a-42ba-97ce-a6e5fd195608,0.01,0.13,0.06575628370046616
b3a32863-628a-42ba-97ce-a6e5fd195608,0.01,0.18000000000000002,0.07340766489505768
b3a32863-628a-42ba-97ce-a6e5fd195608,0.01,0.23,0.07416512072086334
b3a32863-628a-42ba-97ce-a6e5fd195608,0.02,0.03,0.05586773157119751
b3a32863-628a-42ba-97ce-a6e5fd195608,0.02,0.08,0.06533661484718323
b3a32863-628a-42ba-97ce-a6e5fd195608,0.02,0.13,0.06989166885614395
b3a32863-628a-42ba-97ce-a6e5fd195608,0.02,0.18000000000000002,0.07728367298841476
b3a32863-628a-42ba-97ce-a6e5fd195608,0.02,0.23,0.076936736702919
b3a32863-628a-42ba-97ce-a6e5fd195608,0.03,0.03,0.051283322274684906
b3a32863-628a-42ba-97ce-a6e5fd195608,0.03,0.08,0.06069719418883324
b3a32863-628a-42ba-97ce-a6e5fd195608,0.03,0.13,0.06525656580924988
b3a32863-628a-42ba-97ce-a6e5fd195608,0.03,0.18000000000000002,0.07818271219730377
b3a32863-628a-42ba-97ce-a6e5fd195608,0.03,0.23,0.07487701624631882
b3a32863-628a-42ba-97ce-a6e5fd195608,0.04,0.03,0.04622827470302582
b3a32863-628a-42ba-97ce-a6e5fd195608,0.04,0.08,0.06008715182542801
b3a32863-628a-42ba-97ce-a6e5fd195608,0.05,0.03,0.04626131057739258
b3a32863-628a-42ba-97ce-a6e5fd195608,0.05,0.08,0.06212505325675011
b3a32863-628a-42ba-97ce-a6e5fd195608,0.05,0.13,0.0782354399561882
b3a32863-628a-42ba-97ce-a6e5fd195608,0.05,0.18000000000000002,0.08081864565610886
b3a32863-628a-42ba-97ce-a6e5fd195608,0.05,0.23,0.07489359378814697
b3a32863-628a-42ba-97ce-a6e5fd195608,0.1,0.03,0.05014226585626602
b3a32863-628a-42ba-97ce-a6e5fd195608,0.1,0.08,0.07413191348314285
b3a32863-628a-42ba-97ce-a6e5fd195608,0.1,0.13,0.07613111287355423
b3a32863-628a-42ba-97ce-a6e5fd195608,0.1,0.18000000000000002,0.06858604401350021
b3a32863-628a-42ba-97ce-a6e5fd195608,0.1,0.23,0.06403302401304245
b3a32863-628a-42ba-97ce-a6e5fd195608,0.15000000000000002,0.03,0.05683595687150955
b3a32863-628a-42ba-97ce-a6e5fd195608,0.15000000000000002,0.08,0.06322893500328064
b3a32863-628a-42ba-97ce-a6e5fd195608,0.15000000000000002,0.13,0.05814896896481514
b3a32863-628a-42ba-97ce-a6e5fd195608,0.15000000000000002,0.18000000000000002,0.06081786006689072
b3a32863-628a-42ba-97ce-a6e5fd195608,0.15000000000000002,0.23,0.0593673512339592
b3a32863-628a-42ba-97ce-a6e5fd195608,0.2,0.03,0.05121847987174988
b3a32863-628a-42ba-97ce-a6e5fd195608,0.2,0.08,0.056371189653873444
b3a32863-628a-42ba-97ce-a6e5fd195608,0.2,0.13,0.06184737756848335
b3a32863-628a-42ba-97ce-a6e5fd195608,0.2,0.18000000000000002,0.06487918645143509
b3a32863-628a-42ba-97ce-a6e5fd195608,0.2,0.23,0.07014115154743195
b3a32863-628a-42ba-97ce-a6e5fd195608,0.25,0.03,0.04434377700090408
b3a32863-628a-42ba-97ce-a6e5fd195608,0.25,0.08,0.05459481477737427
b3a32863-628a-42ba-97ce-a6e5fd195608,0.25,0.13,0.06135242432355881
b3a32863-628a-42ba-97ce-a6e5fd195608,0.25,0.18000000000000002,0.06693962961435318
b3a32863-628a-42ba-97ce-a6e5fd195608,0.25,0.23,0.06858371198177338
b3a32863-628a-42ba-97ce-a6e5fd195608,0.30000000000000004,0.03,0.04451943188905716
b3a32863-628a-42ba-97ce-a6e5fd195608,0.30000000000000004,0.08,0.057510148733854294
b3a32863-628a-42ba-97ce-a6e5fd195608,0.30000000000000004,0.13,0.06353960931301117
b3a32863-628a-42ba-97ce-a6e5fd195608,0.30000000000000004,0.18000000000000002,0.06755849719047546
b3a32863-628a-42ba-97ce-a6e5fd195608,0.30000000000000004,0.23,0.06379306316375732
b472130d-3c06-471b-993e-bc2a4c6a92c8,0.0,0.03,0.04804808646440506
b472130d-3c06-471b-993e-bc2a4c6a92c8,0.0,0.08,0.07102786749601364
b472130d-3c06-471b-993e-bc2a4c6a92c8,0.0,0.13,0.08210812509059906
b472130d-3c06-471b-993e-bc2a4c6a92c8,0.0,0.18000000000000002,0.07666534930467606
b472130d-3c06-471b-993e-bc2a4c6a92c8,0.0,0.23,0.08192788064479828
b472130d-3c06-471b-993e-bc2a4c6a92c8,0.01,0.03,0.04975804686546326
b472130d-3c06-471b-993e-bc2a4c6a92c8,0.01,0.08,0.06108133867383003
b472130d-3c06-471b-993e-bc2a4c6a92c8,0.01,0.13,0.0681006982922554
b472130d-3c06-471b-993e-bc2a4c6a92c8,0.01,0.18000000000000002,0.07764189690351486
b472130d-3c06-471b-993e-bc2a4c6a92c8,0.01,0.23,0.08412342518568039
b472130d-3c06-471b-993e-bc2a4c6a92c8,0.02,0.03,0.0523858517408371
b472130d-3c06-471b-993e-bc2a4c6a92c8,0.02,0.08,0.06602558493614197
b472130d-3c06-471b-993e-bc2a4c6a92c8,0.02,0.13,0.06906190514564514
b472130d-3c06-471b-993e-bc2a4c6a92c8,0.02,0.18000000000000002,0.08090454339981079
b472130d-3c06-471b-993e-bc2a4c6a92c8,0.02,0.23,0.08417576551437378
b472130d-3c06-471b-993e-bc2a4c6a92c8,0.03,0.03,0.04875624179840088
b472130d-3c06-471b-993e-bc2a4c6a92c8,0.03,0.08,0.06072401627898216
b472130d-3c06-471b-993e-bc2a4c6a92c8,0.03,0.13,0.06902839988470078
b472130d-3c06-471b-993e-bc2a4c6a92c8,0.03,0.18000000000000002,0.07882097363471985
b472130d-3c06-471b-993e-bc2a4c6a92c8,0.03,0.23,0.08229678124189377
b472130d-3c06-471b-993e-bc2a4c6a92c8,0.04,0.03,0.04897339269518852
b472130d-3c06-471b-993e-bc2a4c6a92c8,0.04,0.08,0.060671959072351456
b472130d-3c06-471b-993e-bc2a4c6a92c8,0.05,0.03,0.05445046350359917
b472130d-3c06-471b-993e-bc2a4c6a92c8,0.05,0.08,0.06839867681264877
b472130d-3c06-471b-993e-bc2a4c6a92c8,0.05,0.13,0.07281512767076492
b472130d-3c06-471b-993e-bc2a4c6a92c8,0.05,0.18000000000000002,0.08393673598766327
b472130d-3c06-471b-993e-bc2a4c6a92c8,0.05,0.23,0.08442677557468414
b472130d-3c06-471b-993e-bc2a4c6a92c8,0.1,0.03,0.04661312326788902
b472130d-3c06-471b-993e-bc2a4c6a92c8,0.1,0.08,0.05972597002983093
b472130d-3c06-471b-993e-bc2a4c6a92c8,0.1,0.13,0.07487022131681442
b472130d-3c06-471b-993e-bc2a4c6a92c8,0.1,0.18000000000000002,0.07737457007169724
b472130d-3c06-471b-993e-bc2a4c6a92c8,0.1,0.23,0.07935426384210587
b472130d-3c06-471b-993e-bc2a4c6a92c8,0.15000000000000002,0.03,0.044117484241724014
b472130d-3c06-471b-993e-bc2a4c6a92c8,0.15000000000000002,0.08,0.06982067227363586
b472130d-3c06-471b-993e-bc2a4c6a92c8,0.15000000000000002,0.13,0.07170121371746063
b472130d-3c06-471b-993e-bc2a4c6a92c8,0.15000000000000002,0.18000000000000002,0.076567143201828
b472130d-3c06-471b-993e-bc2a4c6a92c8,0.15000000000000002,0.23,0.08272434771060944
b472130d-3c06-471b-993e-bc2a4c6a92c8,0.2,0.03,0.0455709733068943
b472130d-3c06-471b-993e-bc2a4c6a92c8,0.2,0.08,0.05605887621641159
b472130d-3c06-471b-993e-bc2a4c6a92c8,0.2,0.13,0.07347889989614487
b472130d-3c06-471b-993e-bc2a4c6a92c8,0.2,0.18000000000000002,0.08715639263391495
b472130d-3c06-471b-993e-bc2a4c6a92c8,0.2,0.23,0.09020689129829407
b472130d-3c06-471b-993e-bc2a4c6a92c8,0.25,0.03,0.050622034817934036
b472130d-3c06-471b-993e-bc2a4c6a92c8,0.25,0.08,0.07139302790164948
b472130d-3c06-471b-993e-bc2a4c6a92c8,0.25,0.13,0.08783478289842606
b472130d-3c06-471b-993e-bc2a4c6a92c8,0.25,0.18000000000000002,0.08996709436178207
b472130d-3c06-471b-993e-bc2a4c6a92c8,0.25,0.23,0.0883471742272377
b472130d-3c06-471b-993e-bc2a4c6a92c8,0.30000000000000004,0.03,0.062186792492866516
b472130d-3c06-471b-993e-bc2a4c6a92c8,0.30000000000000004,0.08,0.07659929245710373
b472130d-3c06-471b-993e-bc2a4c6a92c8,0.30000000000000004,0.13,0.07803613692522049
b472130d-3c06-471b-993e-bc2a4c6a92c8,0.30000000000000004,0.18000000000000002,0.07620830088853836
b472130d-3c06-471b-993e-bc2a4c6a92c8,0.30000000000000004,0.23,0.07368363440036774
b4ff4c45-342c-4573-871b-3eb136754c35,0.0,0.03,0.049505773931741714
b4ff4c45-342c-4573-871b-3eb136754c35,0.0,0.08,0.056905705481767654
b4ff4c45-342c-4573-871b-3eb136754c35,0.0,0.13,0.07780061662197113
b4ff4c45-342c-4573-871b-3eb136754c35,0.0,0.18000000000000002,0.07880298793315887
b4ff4c45-342c-4573-871b-3eb136754c35,0.0,0.23,0.08119485527276993
b4ff4c45-342c-4573-871b-3eb136754c35,0.01,0.03,0.05697763338685036
b4ff4c45-342c-4573-871b-3eb136754c35,0.01,0.08,0.059815727174282074
b4ff4c45-342c-4573-871b-3eb136754c35,0.01,0.13,0.0798417329788208
b4ff4c45-342c-4573-871b-3eb136754c35,0.01,0.18000000000000002,0.07911982387304306
b4ff4c45-342c-4573-871b-3eb136754c35,0.01,0.23,0.07840630412101746
b4ff4c45-342c-4573-871b-3eb136754c35,0.02,0.03,0.05314188078045845
b4ff4c45-342c-4573-871b-3eb136754c35,0.02,0.08,0.05789297819137573
b4ff4c45-342c-4573-871b-3eb136754c35,0.02,0.13,0.07360022515058517
b4ff4c45-342c-4573-871b-3eb136754c35,0.02,0.18000000000000002,0.07650205492973328
b4ff4c45-342c-4573-871b-3eb136754c35,0.02,0.23,0.07508406788110733
b4ff4c45-342c-4573-871b-3eb136754c35,0.03,0.03,0.04583350196480751
b4ff4c45-342c-4573-871b-3eb136754c35,0.03,0.08,0.06669165939092636
b4ff4c45-342c-4573-871b-3eb136754c35,0.03,0.13,0.07860767841339111
b4ff4c45-342c-4573-871b-3eb136754c35,0.03,0.18000000000000002,0.07752354443073273
b4ff4c45-342c-4573-871b-3eb136754c35,0.03,0.23,0.07247268408536911
b4ff4c45-342c-4573-871b-3eb136754c35,0.04,0.03,0.0478658452630043
b4ff4c45-342c-4573-871b-3eb136754c35,0.04,0.08,0.06370564550161362
b4ff4c45-342c-4573-871b-3eb136754c35,0.05,0.03,0.049529530107975006
b4ff4c45-342c-4573-871b-3eb136754c35,0.05,0.08,0.07080937922000885
b4ff4c45-342c-4573-871b-3eb136754c35,0.05,0.13,0.07118964940309525
b4ff4c45-342c-4573-871b-3eb136754c35,0.05,0.18000000000000002,0.07515168935060501
b4ff4c45-342c-4573-871b-3eb136754c35,0.05,0.23,0.06667449325323105
b4ff4c45-342c-4573-871b-3eb136754c35,0.1,0.03,0.05236286297440529
b4ff4c45-342c-4573-871b-3eb136754c35,0.1,0.08,0.059098340570926666
b4ff4c45-342c-4573-871b-3eb136754c35,0.1,0.13,0.07118506729602814
b4ff4c45-342c-4573-871b-3eb136754c35,0.1,0.18000000000000002,0.06601984053850174
b4ff4c45-342c-4573-871b-3eb136754c35,0.1,0.23,0.063858263194561
b4ff4c45-342c-4573-871b-3eb136754c35,0.15000000000000002,0.03,0.045453108847141266
b4ff4c45-342c-4573-871b-3eb136754c35,0.15000000000000002,0.08,0.061199311167001724
b4ff4c45-342c-4573-871b-3eb136754c35,0.15000000000000002,0.13,0.06501706689596176
b4ff4c45-342c-4573-871b-3eb136754c35,0.15000000000000002,0.18000000000000002,0.06363748013973236
b4ff4c45-342c-4573-871b-3eb136754c35,0.15000000000000002,0.23,0.07162414491176605
b4ff4c45-342c-4573-871b-3eb136754c35,0.2,0.03,0.0500369593501091
b4ff4c45-342c-4573-871b-3eb136754c35,0.2,0.08,0.05151638761162758
b4ff4c45-342c-4573-871b-3eb136754c35,0.2,0.13,0.06030871346592903
b4ff4c45-342c-4573-871b-3eb136754c35,0.2,0.18000000000000002,0.06913644075393677
b4ff4c45-342c-4573-871b-3eb136754c35,0.2,0.23,0.08088235557079315
b4ff4c45-342c-4573-871b-3eb136754c35,0.25,0.03,0.0445430614054203
b4ff4c45-342c-4573-871b-3eb136754c35,0.25,0.08,0.05608290061354637
b4ff4c45-342c-4573-871b-3eb136754c35,0.25,0.13,0.06618570536375046
b4ff4c45-342c-4573-871b-3eb136754c35,0.25,0.18000000000000002,0.07837388664484024
b4ff4c45-342c-4573-871b-3eb136754c35,0.25,0.23,0.07837926596403122
b4ff4c45-342c-4573-871b-3eb136754c35,0.30000000000000004,0.03,0.050203341990709305
b4ff4c45-342c-4573-871b-3eb136754c35,0.30000000000000004,0.08,0.059132169932127
b4ff4c45-342c-4573-871b-3eb136754c35,0.30000000000000004,0.13,0.06913036108016968
b4ff4c45-342c-4573-871b-3eb136754c35,0.30000000000000004,0.18000000000000002,0.06854978203773499
b4ff4c45-342c-4573-871b-3eb136754c35,0.30000000000000004,0.23,0.06998991221189499
b5507389-1e7b-4b26-b584-eede409662b7,0.0,0.03,0.04488491266965866
b5507389-1e7b-4b26-b584-eede409662b7,0.0,0.08,0.05776076018810272
b5507389-1e7b-4b26-b584-eede409662b7,0.0,0.13,0.06578394025564194
b5507389-1e7b-4b26-b584-eede409662b7,0.0,0.18000000000000002,0.0642116516828537
b5507389-1e7b-4b26-b584-eede409662b7,0.0,0.23,0.06414715945720673
b5507389-1e7b-4b26-b584-eede409662b7,0.01,0.03,0.04775097593665123
b5507389-1e7b-4b26-b584-eede409662b7,0.01,0.08,0.06100765988230705
b5507389-1e7b-4b26-b584-eede409662b7,0.01,0.13,0.06898576021194458
b5507389-1e7b-4b26-b584-eede409662b7,0.01,0.18000000000000002,0.06716537475585938
b5507389-1e7b-4b26-b584-eede409662b7,0.01,0.23,0.061416298151016235
b5507389-1e7b-4b26-b584-eede409662b7,0.02,0.03,0.05076608806848526
b5507389-1e7b-4b26-b584-eede409662b7,0.02,0.08,0.06465360522270203
b5507389-1e7b-4b26-b584-eede409662b7,0.02,0.13,0.07042532414197922
b5507389-1e7b-4b26-b584-eede409662b7,0.02,0.18000000000000002,0.06311862170696259
b5507389-1e7b-4b26-b584-eede409662b7,0.02,0.23,0.06573694199323654
b5507389-1e7b-4b26-b584-eede409662b7,0.03,0.03,0.05524928495287895
b5507389-1e7b-4b26-b584-eede409662b7,0.03,0.08,0.06065700203180313
b5507389-1e7b-4b26-b584-eede409662b7,0.03,0.13,0.06475526094436646
b5507389-1e7b-4b26-b584-eede409662b7,0.03,0.18000000000000002,0.06466760486364365
b5507389-1e7b-4b26-b584-eede409662b7,0.03,0.23,0.06679923087358475
b5507389-1e7b-4b26-b584-eede409662b7,0.04,0.03,0.048728082329034805
b5507389-1e7b-4b26-b584-eede409662b7,0.04,0.08,0.06140930578112602
b5507389-1e7b-4b26-b584-eede409662b7,0.05,0.03,0.052001576870679855
b5507389-1e7b-4b26-b584-eede409662b7,0.05,0.08,0.05946832895278931
b5507389-1e7b-4b26-b584-eede409662b7,0.05,0.13,0.058114368468523026
b5507389-1e7b-4b26-b584-eede409662b7,0.05,0.18000000000000002,0.06231927126646042
b5507389-1e7b-4b26-b584-eede409662b7,0.05,0.23,0.06041768938302994
b5507389-1e7b-4b26-b584-eede409662b7,0.1,0.03,0.04638966917991638
b5507389-1e7b-4b26-b584-eede409662b7,0.1,0.08,0.056658390909433365
b5507389-1e7b-4b26-b584-eede409662b7,0.1,0.13,0.05698096379637718
b5507389-1e7b-4b26-b584-eede409662b7,0.1,0.18000000000000002,0.06253961473703384
b5507389-1e7b-4b26-b584-eede409662b7,0.1,0.23,0.062411949038505554
b5507389-1e7b-4b26-b584-eede409662b7,0.15000000000000002,0.03,0.04905509948730469
b5507389-1e7b-4b26-b584-eede409662b7,0.15000000000000002,0.08,0.054741524159908295
b5507389-1e7b-4b26-b584-eede409662b7,0.15000000000000002,0.13,0.06332612782716751
b5507389-1e7b-4b26-b584-eede409662b7,0.15000000000000002,0.18000000000000002,0.06332384049892426
b5507389-1e7b-4b26-b584-eede409662b7,0.15000000000000002,0.23,0.07308689504861832
b5507389-1e7b-4b26-b584-eede409662b7,0.2,0.03,0.04797923192381859
b5507389-1e7b-4b26-b584-eede409662b7,0.2,0.08,0.054589442908763885
b5507389-1e7b-4b26-b584-eede409662b7,0.2,0.13,0.06211220100522041
b5507389-1e7b-4b26-b584-eede409662b7,0.2,0.18000000000000002,0.07168028503656387
b5507389-1e7b-4b26-b584-eede409662b7,0.2,0.23,0.07378450036048889
b5507389-1e7b-4b26-b584-eede409662b7,0.25,0.03,0.04814661294221878
b5507389-1e7b-4b26-b584-eede409662b7,0.25,0.08,0.05784635618329048
b5507389-1e7b-4b26-b584-eede409662b7,0.25,0.13,0.07201851159334183
b5507389-1e7b-4b26-b584-eede409662b7,0.25,0.18000000000000002,0.0732107162475586
b5507389-1e7b-4b26-b584-eede409662b7,0.25,0.23,0.07321354001760483
b5507389-1e7b-4b26-b584-eede409662b7,0.30000000000000004,0.03,0.04489916190505028
b5507389-1e7b-4b26-b584-eede409662b7,0.30000000000000004,0.08,0.05906565487384796
b5507389-1e7b-4b26-b584-eede409662b7,0.30000000000000004,0.13,0.06479912996292114
b5507389-1e7b-4b26-b584-eede409662b7,0.30000000000000004,0.18000000000000002,0.06948922574520111
b5507389-1e7b-4b26-b584-eede409662b7,0.30000000000000004,0.23,0.07652885466814041
b568d559-a777-4b43-9e00-c43228caa0f6,0.0,0.03,0.053050316870212555
b568d559-a777-4b43-9e00-c43228caa0f6,0.0,0.08,0.0658242478966713
b568d559-a777-4b43-9e00-c43228caa0f6,0.0,0.13,0.06695939600467682
b568d559-a777-4b43-9e00-c43228caa0f6,0.0,0.18000000000000002,0.06878633797168732
b568d559-a777-4b43-9e00-c43228caa0f6,0.0,0.23,0.06322473287582397
b568d559-a777-4b43-9e00-c43228caa0f6,0.01,0.03,0.052315566688776016
b568d559-a777-4b43-9e00-c43228caa0f6,0.01,0.08,0.07023774087429047
b568d559-a777-4b43-9e00-c43228caa0f6,0.01,0.13,0.066689133644104
b568d559-a777-4b43-9e00-c43228caa0f6,0.01,0.18000000000000002,0.07093658298254013
b568d559-a777-4b43-9e00-c43228caa0f6,0.01,0.23,0.06600545346736908
b568d559-a777-4b43-9e00-c43228caa0f6,0.02,0.03,0.0545683354139328
b568d559-a777-4b43-9e00-c43228caa0f6,0.02,0.08,0.06604955345392227
b568d559-a777-4b43-9e00-c43228caa0f6,0.02,0.13,0.0631159320473671
b568d559-a777-4b43-9e00-c43228caa0f6,0.02,0.18000000000000002,0.06316157430410385
b568d559-a777-4b43-9e00-c43228caa0f6,0.02,0.23,0.062209345400333405
b568d559-a777-4b43-9e00-c43228caa0f6,0.03,0.03,0.047787152230739594
b568d559-a777-4b43-9e00-c43228caa0f6,0.03,0.08,0.0633649006485939
b568d559-a777-4b43-9e00-c43228caa0f6,0.03,0.13,0.05852780118584633
b568d559-a777-4b43-9e00-c43228caa0f6,0.03,0.18000000000000002,0.0637608990073204
b568d559-a777-4b43-9e00-c43228caa0f6,0.03,0.23,0.06211983039975166
b568d559-a777-4b43-9e00-c43228caa0f6,0.04,0.03,0.051052842289209366
b568d559-a777-4b43-9e00-c43228caa0f6,0.04,0.08,0.05584755539894104
b568d559-a777-4b43-9e00-c43228caa0f6,0.05,0.03,0.05216902121901512
b568d559-a777-4b43-9e00-c43228caa0f6,0.05,0.08,0.052239809185266495
b568d559-a777-4b43-9e00-c43228caa0f6,0.05,0.13,0.061763945966959
b568d559-a777-4b43-9e00-c43228caa0f6,0.05,0.18000000000000002,0.06296983361244202
b568d559-a777-4b43-9e00-c43228caa0f6,0.05,0.23,0.06935317069292068
b568d559-a777-4b43-9e00-c43228caa0f6,0.1,0.03,0.0499759204685688
b568d559-a777-4b43-9e00-c43228caa0f6,0.1,0.08,0.06568866968154907
b568d559-a777-4b43-9e00-c43228caa0f6,0.1,0.13,0.07158218324184418
b568d559-a777-4b43-9e00-c43228caa0f6,0.1,0.18000000000000002,0.07535950839519501
b568d559-a777-4b43-9e00-c43228caa0f6,0.1,0.23,0.06776008754968643
b568d559-a777-4b43-9e00-c43228caa0f6,0.15000000000000002,0.03,0.05389982461929321
b568d559-a777-4b43-9e00-c43228caa0f6,0.15000000000000002,0.08,0.05971884727478027
b568d559-a777-4b43-9e00-c43228caa0f6,0.15000000000000002,0.13,0.06647773832082748
b568d559-a777-4b43-9e00-c43228caa0f6,0.15000000000000002,0.18000000000000002,0.06438171118497849
b568d559-a777-4b43-9e00-c43228caa0f6,0.15000000000000002,0.23,0.06733384728431702
b568d559-a777-4b43-9e00-c43228caa0f6,0.2,0.03,0.05095149949193001
b568d559-a777-4b43-9e00-c43228caa0f6,0.2,0.08,0.057160865515470505
b568d559-a777-4b43-9e00-c43228caa0f6,0.2,0.13,0.06580650806427002
b568d559-a777-4b43-9e00-c43228caa0f6,0.2,0.18000000000000002,0.06799253076314926
b568d559-a777-4b43-9e00-c43228caa0f6,0.2,0.23,0.06697198748588562
b568d559-a777-4b43-9e00-c43228caa0f6,0.25,0.03,0.047232963144779205
b568d559-a777-4b43-9e00-c43228caa0f6,0.25,0.08,0.056808166205883026
b568d559-a777-4b43-9e00-c43228caa0f6,0.25,0.13,0.07277566939592361
b568d559-a777-4b43-9e00-c43228caa0f6,0.25,0.18000000000000002,0.07013459503650665
b568d559-a777-4b43-9e00-c43228caa0f6,0.25,0.23,0.07083511352539062
b568d559-a777-4b43-9e00-c43228caa0f6,0.30000000000000004,0.03,0.059231869876384735
b568d559-a777-4b43-9e00-c43228caa0f6,0.30000000000000004,0.08,0.06081734597682953
b568d559-a777-4b43-9e00-c43228caa0f6,0.30000000000000004,0.13,0.07710175961256027
b568d559-a777-4b43-9e00-c43228caa0f6,0.30000000000000004,0.18000000000000002,0.08105331659317017
b568d559-a777-4b43-9e00-c43228caa0f6,0.30000000000000004,0.23,0.07799827307462692
b58145e2-3746-4858-9055-929785bfe7e3,0.0,0.03,0.053446151316165924
b58145e2-3746-4858-9055-929785bfe7e3,0.0,0.08,0.06544341892004013
b58145e2-3746-4858-9055-929785bfe7e3,0.0,0.13,0.060724567621946335
b58145e2-3746-4858-9055-929785bfe7e3,0.0,0.18000000000000002,0.06755763292312622
b58145e2-3746-4858-9055-929785bfe7e3,0.0,0.23,0.07530936598777771
b58145e2-3746-4858-9055-929785bfe7e3,0.01,0.03,0.052544351667165756
b58145e2-3746-4858-9055-929785bfe7e3,0.01,0.08,0.05385512858629227
b58145e2-3746-4858-9055-929785bfe7e3,0.01,0.13,0.06402971595525742
b58145e2-3746-4858-9055-929785bfe7e3,0.01,0.18000000000000002,0.07833926379680634
b58145e2-3746-4858-9055-929785bfe7e3,0.01,0.23,0.08241899311542511
b58145e2-3746-4858-9055-929785bfe7e3,0.02,0.03,0.047063976526260376
b58145e2-3746-4858-9055-929785bfe7e3,0.02,0.08,0.05619346722960472
b58145e2-3746-4858-9055-929785bfe7e3,0.02,0.13,0.0708252489566803
b58145e2-3746-4858-9055-929785bfe7e3,0.02,0.18000000000000002,0.08036284148693085
b58145e2-3746-4858-9055-929785bfe7e3,0.02,0.23,0.08672332763671875
b58145e2-3746-4858-9055-929785bfe7e3,0.03,0.03,0.04952958598732948
b58145e2-3746-4858-9055-929785bfe7e3,0.03,0.08,0.0565863773226738
b58145e2-3746-4858-9055-929785bfe7e3,0.03,0.13,0.0750088095664978
b58145e2-3746-4858-9055-929785bfe7e3,0.03,0.18000000000000002,0.07906374335289001
b58145e2-3746-4858-9055-929785bfe7e3,0.03,0.23,0.08901962637901306
b58145e2-3746-4858-9055-929785bfe7e3,0.04,0.03,0.04827939718961716
b58145e2-3746-4858-9055-929785bfe7e3,0.04,0.08,0.062282659113407135
b58145e2-3746-4858-9055-929785bfe7e3,0.05,0.03,0.05078968033194542
b58145e2-3746-4858-9055-929785bfe7e3,0.05,0.08,0.06584689766168594
b58145e2-3746-4858-9055-929785bfe7e3,0.05,0.13,0.07504376024007797
b58145e2-3746-4858-9055-929785bfe7e3,0.05,0.18000000000000002,0.08307493478059769
b58145e2-3746-4858-9055-929785bfe7e3,0.05,0.23,0.08961877971887589
b58145e2-3746-4858-9055-929785bfe7e3,0.1,0.03,0.0445493645966053
b58145e2-3746-4858-9055-929785bfe7e3,0.1,0.08,0.06642881035804749
b58145e2-3746-4858-9055-929785bfe7e3,0.1,0.13,0.06837203353643417
b58145e2-3746-4858-9055-929785bfe7e3,0.1,0.18000000000000002,0.0732499286532402
b58145e2-3746-4858-9055-929785bfe7e3,0.1,0.23,0.0783359631896019
b58145e2-3746-4858-9055-929785bfe7e3,0.15000000000000002,0.03,0.04654967784881592
b58145e2-3746-4858-9055-929785bfe7e3,0.15000000000000002,0.08,0.06048308312892914
b58145e2-3746-4858-9055-929785bfe7e3,0.15000000000000002,0.13,0.06613340228796005
b58145e2-3746-4858-9055-929785bfe7e3,0.15000000000000002,0.18000000000000002,0.07168294489383698
b58145e2-3746-4858-9055-929785bfe7e3,0.15000000000000002,0.23,0.061694659292697906
b58145e2-3746-4858-9055-929785bfe7e3,0.2,0.03,0.04322713240981102
b58145e2-3746-4858-9055-929785bfe7e3,0.2,0.08,0.05281960964202881
b58145e2-3746-4858-9055-929785bfe7e3,0.2,0.13,0.06200488284230232
b58145e2-3746-4858-9055-929785bfe7e3,0.2,0.18000000000000002,0.0663825124502182
b58145e2-3746-4858-9055-929785bfe7e3,0.2,0.23,0.07297056913375854
b58145e2-3746-4858-9055-929785bfe7e3,0.25,0.03,0.04528243839740753
b58145e2-3746-4858-9055-929785bfe7e3,0.25,0.08,0.05295756831765175
b58145e2-3746-4858-9055-929785bfe7e3,0.25,0.13,0.05748321861028671
b58145e2-3746-4858-9055-929785bfe7e3,0.25,0.18000000000000002,0.07151474058628082
b58145e2-3746-4858-9055-929785bfe7e3,0.25,0.23,0.07001377642154694
b58145e2-3746-4858-9055-929785bfe7e3,0.30000000000000004,0.03,0.0463285855948925
b58145e2-3746-4858-9055-929785bfe7e3,0.30000000000000004,0.08,0.05721396952867508
b58145e2-3746-4858-9055-929785bfe7e3,0.30000000000000004,0.13,0.07852286845445633
b58145e2-3746-4858-9055-929785bfe7e3,0.30000000000000004,0.18000000000000002,0.07476406544446945
b58145e2-3746-4858-9055-929785bfe7e3,0.30000000000000004,0.23,0.06783144176006317
b5ccfce7-01f5-4aba-b30a-91af80da5940,0.0,0.03,0.05507887154817581
b5ccfce7-01f5-4aba-b30a-91af80da5940,0.0,0.08,0.05928659066557884
b5ccfce7-01f5-4aba-b30a-91af80da5940,0.0,0.13,0.06921849399805069
b5ccfce7-01f5-4aba-b30a-91af80da5940,0.0,0.18000000000000002,0.07664593309164047
b5ccfce7-01f5-4aba-b30a-91af80da5940,0.0,0.23,0.07505284249782562
b5ccfce7-01f5-4aba-b30a-91af80da5940,0.01,0.03,0.05063730850815773
b5ccfce7-01f5-4aba-b30a-91af80da5940,0.01,0.08,0.0569247230887413
b5ccfce7-01f5-4aba-b30a-91af80da5940,0.01,0.13,0.0732048898935318
b5ccfce7-01f5-4aba-b30a-91af80da5940,0.01,0.18000000000000002,0.06805607676506042
b5ccfce7-01f5-4aba-b30a-91af80da5940,0.01,0.23,0.07485419511795044
b5ccfce7-01f5-4aba-b30a-91af80da5940,0.02,0.03,0.0478874072432518
b5ccfce7-01f5-4aba-b30a-91af80da5940,0.02,0.08,0.06819715350866318
b5ccfce7-01f5-4aba-b30a-91af80da5940,0.02,0.13,0.07789260149002075
b5ccfce7-01f5-4aba-b30a-91af80da5940,0.02,0.18000000000000002,0.0733095183968544
b5ccfce7-01f5-4aba-b30a-91af80da5940,0.02,0.23,0.07360896468162537
b5ccfce7-01f5-4aba-b30a-91af80da5940,0.03,0.03,0.04673658683896065
b5ccfce7-01f5-4aba-b30a-91af80da5940,0.03,0.08,0.06907326728105545
b5ccfce7-01f5-4aba-b30a-91af80da5940,0.03,0.13,0.07195255160331726
b5ccfce7-01f5-4aba-b30a-91af80da5940,0.03,0.18000000000000002,0.07408436387777328
b5ccfce7-01f5-4aba-b30a-91af80da5940,0.03,0.23,0.07143629342317581
b5ccfce7-01f5-4aba-b30a-91af80da5940,0.04,0.03,0.04613594710826874
b5ccfce7-01f5-4aba-b30a-91af80da5940,0.04,0.08,0.06474296748638153
b5ccfce7-01f5-4aba-b30a-91af80da5940,0.05,0.03,0.043077610433101654
b5ccfce7-01f5-4aba-b30a-91af80da5940,0.05,0.08,0.07229597121477127
b5ccfce7-01f5-4aba-b30a-91af80da5940,0.05,0.13,0.07465572655200958
b5ccfce7-01f5-4aba-b30a-91af80da5940,0.05,0.18000000000000002,0.06912598013877869
b5ccfce7-01f5-4aba-b30a-91af80da5940,0.05,0.23,0.06663837283849716
b5ccfce7-01f5-4aba-b30a-91af80da5940,0.1,0.03,0.04955972358584404
b5ccfce7-01f5-4aba-b30a-91af80da5940,0.1,0.08,0.05785084143280983
b5ccfce7-01f5-4aba-b30a-91af80da5940,0.1,0.13,0.06539838761091232
b5ccfce7-01f5-4aba-b30a-91af80da5940,0.1,0.18000000000000002,0.06844325363636017
b5ccfce7-01f5-4aba-b30a-91af80da5940,0.1,0.23,0.06551816314458847
b5ccfce7-01f5-4aba-b30a-91af80da5940,0.15000000000000002,0.03,0.051077693700790405
b5ccfce7-01f5-4aba-b30a-91af80da5940,0.15000000000000002,0.08,0.0711720734834671
b5ccfce7-01f5-4aba-b30a-91af80da5940,0.15000000000000002,0.13,0.07545652985572815
b5ccfce7-01f5-4aba-b30a-91af80da5940,0.15000000000000002,0.18000000000000002,0.07121798396110535
b5ccfce7-01f5-4aba-b30a-91af80da5940,0.15000000000000002,0.23,0.06628687679767609
b5ccfce7-01f5-4aba-b30a-91af80da5940,0.2,0.03,0.050098348408937454
b5ccfce7-01f5-4aba-b30a-91af80da5940,0.2,0.08,0.055489394813776016
b5ccfce7-01f5-4aba-b30a-91af80da5940,0.2,0.13,0.059823255985975266
b5ccfce7-01f5-4aba-b30a-91af80da5940,0.2,0.18000000000000002,0.0640682503581047
b5ccfce7-01f5-4aba-b30a-91af80da5940,0.2,0.23,0.06768167018890381
b5ccfce7-01f5-4aba-b30a-91af80da5940,0.25,0.03,0.045307986438274384
b5ccfce7-01f5-4aba-b30a-91af80da5940,0.25,0.08,0.056707996875047684
b5ccfce7-01f5-4aba-b30a-91af80da5940,0.25,0.13,0.058491211384534836
b5ccfce7-01f5-4aba-b30a-91af80da5940,0.25,0.18000000000000002,0.06532593816518784
b5ccfce7-01f5-4aba-b30a-91af80da5940,0.25,0.23,0.06490006297826767
b5ccfce7-01f5-4aba-b30a-91af80da5940,0.30000000000000004,0.03,0.04542272910475731
b5ccfce7-01f5-4aba-b30a-91af80da5940,0.30000000000000004,0.08,0.0561906062066555
b5ccfce7-01f5-4aba-b30a-91af80da5940,0.30000000000000004,0.13,0.06589105725288391
b5ccfce7-01f5-4aba-b30a-91af80da5940,0.30000000000000004,0.18000000000000002,0.06598827987909317
b5ccfce7-01f5-4aba-b30a-91af80da5940,0.30000000000000004,0.23,0.06216084584593773
b5e521e3-d9d3-469a-bea9-d3c82469ed05,0.0,0.03,0.0
b5e521e3-d9d3-469a-bea9-d3c82469ed05,0.0,0.08,0.0
b5e521e3-d9d3-469a-bea9-d3c82469ed05,0.0,0.13,0.0
b5e521e3-d9d3-469a-bea9-d3c82469ed05,0.0,0.18000000000000002,0.0
b5e521e3-d9d3-469a-bea9-d3c82469ed05,0.0,0.23,0.0
b5e521e3-d9d3-469a-bea9-d3c82469ed05,0.01,0.03,0.0
b5e521e3-d9d3-469a-bea9-d3c82469ed05,0.01,0.08,0.0
b5e521e3-d9d3-469a-bea9-d3c82469ed05,0.01,0.13,0.0
b5e521e3-d9d3-469a-bea9-d3c82469ed05,0.01,0.18000000000000002,0.0
b5e521e3-d9d3-469a-bea9-d3c82469ed05,0.01,0.23,0.0
b5e521e3-d9d3-469a-bea9-d3c82469ed05,0.02,0.03,0.0
b5e521e3-d9d3-469a-bea9-d3c82469ed05,0.02,0.08,0.0
b5e521e3-d9d3-469a-bea9-d3c82469ed05,0.02,0.13,0.0
b5e521e3-d9d3-469a-bea9-d3c82469ed05,0.02,0.18000000000000002,0.0
b5e521e3-d9d3-469a-bea9-d3c82469ed05,0.02,0.23,0.0
b5e521e3-d9d3-469a-bea9-d3c82469ed05,0.03,0.03,0.0
b5e521e3-d9d3-469a-bea9-d3c82469ed05,0.03,0.08,0.0
b5e521e3-d9d3-469a-bea9-d3c82469ed05,0.03,0.13,0.0
b5e521e3-d9d3-469a-bea9-d3c82469ed05,0.03,0.18000000000000002,0.0
b5e521e3-d9d3-469a-bea9-d3c82469ed05,0.03,0.23,0.0
b5e521e3-d9d3-469a-bea9-d3c82469ed05,0.04,0.03,0.0
b5e521e3-d9d3-469a-bea9-d3c82469ed05,0.04,0.08,0.0
b5e521e3-d9d3-469a-bea9-d3c82469ed05,0.05,0.03,0.0
b5e521e3-d9d3-469a-bea9-d3c82469ed05,0.05,0.08,0.0
b5e521e3-d9d3-469a-bea9-d3c82469ed05,0.05,0.13,0.0
b5e521e3-d9d3-469a-bea9-d3c82469ed05,0.05,0.18000000000000002,0.0
b5e521e3-d9d3-469a-bea9-d3c82469ed05,0.05,0.23,0.0
b5e521e3-d9d3-469a-bea9-d3c82469ed05,0.1,0.03,0.0
b5e521e3-d9d3-469a-bea9-d3c82469ed05,0.1,0.08,0.0
b5e521e3-d9d3-469a-bea9-d3c82469ed05,0.1,0.13,0.0
b5e521e3-d9d3-469a-bea9-d3c82469ed05,0.1,0.18000000000000002,0.0
b5e521e3-d9d3-469a-bea9-d3c82469ed05,0.1,0.23,0.0
b5e521e3-d9d3-469a-bea9-d3c82469ed05,0.15000000000000002,0.03,0.0
b5e521e3-d9d3-469a-bea9-d3c82469ed05,0.15000000000000002,0.08,0.0
b5e521e3-d9d3-469a-bea9-d3c82469ed05,0.15000000000000002,0.13,0.0
b5e521e3-d9d3-469a-bea9-d3c82469ed05,0.15000000000000002,0.18000000000000002,0.0
b5e521e3-d9d3-469a-bea9-d3c82469ed05,0.15000000000000002,0.23,0.0
b5e521e3-d9d3-469a-bea9-d3c82469ed05,0.2,0.03,0.0
b5e521e3-d9d3-469a-bea9-d3c82469ed05,0.2,0.08,0.0
b5e521e3-d9d3-469a-bea9-d3c82469ed05,0.2,0.13,0.0
b5e521e3-d9d3-469a-bea9-d3c82469ed05,0.2,0.18000000000000002,0.0
b5e521e3-d9d3-469a-bea9-d3c82469ed05,0.2,0.23,0.0
b5e521e3-d9d3-469a-bea9-d3c82469ed05,0.25,0.03,0.0
b5e521e3-d9d3-469a-bea9-d3c82469ed05,0.25,0.08,0.0
b5e521e3-d9d3-469a-bea9-d3c82469ed05,0.25,0.13,0.0
b5e521e3-d9d3-469a-bea9-d3c82469ed05,0.25,0.18000000000000002,0.0
b5e521e3-d9d3-469a-bea9-d3c82469ed05,0.25,0.23,0.0
b5e521e3-d9d3-469a-bea9-d3c82469ed05,0.30000000000000004,0.03,0.0
b5e521e3-d9d3-469a-bea9-d3c82469ed05,0.30000000000000004,0.08,0.0
b5e521e3-d9d3-469a-bea9-d3c82469ed05,0.30000000000000004,0.13,0.0
b5e521e3-d9d3-469a-bea9-d3c82469ed05,0.30000000000000004,0.18000000000000002,0.0
b5e521e3-d9d3-469a-bea9-d3c82469ed05,0.30000000000000004,0.23,0.0
b5f63a69-8205-4308-9abb-a8e447f4244a,0.0,0.03,0.0
b5f63a69-8205-4308-9abb-a8e447f4244a,0.0,0.08,0.0
b5f63a69-8205-4308-9abb-a8e447f4244a,0.0,0.13,0.0
b5f63a69-8205-4308-9abb-a8e447f4244a,0.0,0.18000000000000002,0.0
b5f63a69-8205-4308-9abb-a8e447f4244a,0.0,0.23,0.0
b5f63a69-8205-4308-9abb-a8e447f4244a,0.01,0.03,0.0
b5f63a69-8205-4308-9abb-a8e447f4244a,0.01,0.08,0.0
b5f63a69-8205-4308-9abb-a8e447f4244a,0.01,0.13,0.0
b5f63a69-8205-4308-9abb-a8e447f4244a,0.01,0.18000000000000002,0.0
b5f63a69-8205-4308-9abb-a8e447f4244a,0.01,0.23,0.0
b5f63a69-8205-4308-9abb-a8e447f4244a,0.02,0.03,0.0
b5f63a69-8205-4308-9abb-a8e447f4244a,0.02,0.08,0.0
b5f63a69-8205-4308-9abb-a8e447f4244a,0.02,0.13,0.0
b5f63a69-8205-4308-9abb-a8e447f4244a,0.02,0.18000000000000002,0.0
b5f63a69-8205-4308-9abb-a8e447f4244a,0.02,0.23,0.0
b5f63a69-8205-4308-9abb-a8e447f4244a,0.03,0.03,0.0
b5f63a69-8205-4308-9abb-a8e447f4244a,0.03,0.08,0.0
b5f63a69-8205-4308-9abb-a8e447f4244a,0.03,0.13,0.0
b5f63a69-8205-4308-9abb-a8e447f4244a,0.03,0.18000000000000002,0.0
b5f63a69-8205-4308-9abb-a8e447f4244a,0.03,0.23,0.0
b5f63a69-8205-4308-9abb-a8e447f4244a,0.04,0.03,0.0
b5f63a69-8205-4308-9abb-a8e447f4244a,0.04,0.08,0.0
b5f63a69-8205-4308-9abb-a8e447f4244a,0.05,0.03,0.0
b5f63a69-8205-4308-9abb-a8e447f4244a,0.05,0.08,0.0
b5f63a69-8205-4308-9abb-a8e447f4244a,0.05,0.13,0.0
b5f63a69-8205-4308-9abb-a8e447f4244a,0.05,0.18000000000000002,0.0
b5f63a69-8205-4308-9abb-a8e447f4244a,0.05,0.23,0.0
b5f63a69-8205-4308-9abb-a8e447f4244a,0.1,0.03,0.0
b5f63a69-8205-4308-9abb-a8e447f4244a,0.1,0.08,0.0
b5f63a69-8205-4308-9abb-a8e447f4244a,0.1,0.13,0.0
b5f63a69-8205-4308-9abb-a8e447f4244a,0.1,0.18000000000000002,0.0
b5f63a69-8205-4308-9abb-a8e447f4244a,0.1,0.23,0.0
b5f63a69-8205-4308-9abb-a8e447f4244a,0.15000000000000002,0.03,0.0
b5f63a69-8205-4308-9abb-a8e447f4244a,0.15000000000000002,0.08,0.0
b5f63a69-8205-4308-9abb-a8e447f4244a,0.15000000000000002,0.13,0.0
b5f63a69-8205-4308-9abb-a8e447f4244a,0.15000000000000002,0.18000000000000002,0.0
b5f63a69-8205-4308-9abb-a8e447f4244a,0.15000000000000002,0.23,0.0
b5f63a69-8205-4308-9abb-a8e447f4244a,0.2,0.03,0.0
b5f63a69-8205-4308-9abb-a8e447f4244a,0.2,0.08,0.0
b5f63a69-8205-4308-9abb-a8e447f4244a,0.2,0.13,0.0
b5f63a69-8205-4308-9abb-a8e447f4244a,0.2,0.18000000000000002,0.0
b5f63a69-8205-4308-9abb-a8e447f4244a,0.2,0.23,0.0
b5f63a69-8205-4308-9abb-a8e447f4244a,0.25,0.03,0.0
b5f63a69-8205-4308-9abb-a8e447f4244a,0.25,0.08,0.0
b5f63a69-8205-4308-9abb-a8e447f4244a,0.25,0.13,0.0
b5f63a69-8205-4308-9abb-a8e447f4244a,0.25,0.18000000000000002,0.0
b5f63a69-8205-4308-9abb-a8e447f4244a,0.25,0.23,0.0
b5f63a69-8205-4308-9abb-a8e447f4244a,0.30000000000000004,0.03,0.0
b5f63a69-8205-4308-9abb-a8e447f4244a,0.30000000000000004,0.08,0.0
b5f63a69-8205-4308-9abb-a8e447f4244a,0.30000000000000004,0.13,0.0
b5f63a69-8205-4308-9abb-a8e447f4244a,0.30000000000000004,0.18000000000000002,0.0
b5f63a69-8205-4308-9abb-a8e447f4244a,0.30000000000000004,0.23,0.0
b604ddc4-2b88-452b-a678-96771091335c,0.0,0.03,0.047293052077293396
b604ddc4-2b88-452b-a678-96771091335c,0.0,0.08,0.05692984163761139
b604ddc4-2b88-452b-a678-96771091335c,0.0,0.13,0.07229626178741455
b604ddc4-2b88-452b-a678-96771091335c,0.0,0.18000000000000002,0.06985205411911011
b604ddc4-2b88-452b-a678-96771091335c,0.0,0.23,0.06929636001586914
b604ddc4-2b88-452b-a678-96771091335c,0.01,0.03,0.04833025485277176
b604ddc4-2b88-452b-a678-96771091335c,0.01,0.08,0.06282123178243637
b604ddc4-2b88-452b-a678-96771091335c,0.01,0.13,0.07001228630542755
b604ddc4-2b88-452b-a678-96771091335c,0.01,0.18000000000000002,0.07260219752788544
b604ddc4-2b88-452b-a678-96771091335c,0.01,0.23,0.06854197382926941
b604ddc4-2b88-452b-a678-96771091335c,0.02,0.03,0.05114041268825531
b604ddc4-2b88-452b-a678-96771091335c,0.02,0.08,0.06225047633051872
b604ddc4-2b88-452b-a678-96771091335c,0.02,0.13,0.06356988847255707
b604ddc4-2b88-452b-a678-96771091335c,0.02,0.18000000000000002,0.0666128620505333
b604ddc4-2b88-452b-a678-96771091335c,0.02,0.23,0.06898457556962967
b604ddc4-2b88-452b-a678-96771091335c,0.03,0.03,0.04869692400097847
b604ddc4-2b88-452b-a678-96771091335c,0.03,0.08,0.05838935449719429
b604ddc4-2b88-452b-a678-96771091335c,0.03,0.13,0.06736722588539124
b604ddc4-2b88-452b-a678-96771091335c,0.03,0.18000000000000002,0.06617587059736252
b604ddc4-2b88-452b-a678-96771091335c,0.03,0.23,0.06635330617427826
b604ddc4-2b88-452b-a678-96771091335c,0.04,0.03,0.04654089733958244
b604ddc4-2b88-452b-a678-96771091335c,0.04,0.08,0.06162014231085777
b604ddc4-2b88-452b-a678-96771091335c,0.05,0.03,0.04753239452838898
b604ddc4-2b88-452b-a678-96771091335c,0.05,0.08,0.06316501647233963
b604ddc4-2b88-452b-a678-96771091335c,0.05,0.13,0.06894896924495697
b604ddc4-2b88-452b-a678-96771091335c,0.05,0.18000000000000002,0.06948228925466537
b604ddc4-2b88-452b-a678-96771091335c,0.05,0.23,0.06762871891260147
b604ddc4-2b88-452b-a678-96771091335c,0.1,0.03,0.04716253653168678
b604ddc4-2b88-452b-a678-96771091335c,0.1,0.08,0.059096336364746094
b604ddc4-2b88-452b-a678-96771091335c,0.1,0.13,0.0615321546792984
b604ddc4-2b88-452b-a678-96771091335c,0.1,0.18000000000000002,0.06594450026750565
b604ddc4-2b88-452b-a678-96771091335c,0.1,0.23,0.06612347066402435
b604ddc4-2b88-452b-a678-96771091335c,0.15000000000000002,0.03,0.04953387379646301
b604ddc4-2b88-452b-a678-96771091335c,0.15000000000000002,0.08,0.05723331496119499
b604ddc4-2b88-452b-a678-96771091335c,0.15000000000000002,0.13,0.06484699994325638
b604ddc4-2b88-452b-a678-96771091335c,0.15000000000000002,0.18000000000000002,0.0702466294169426
b604ddc4-2b88-452b-a678-96771091335c,0.15000000000000002,0.23,0.06386538594961166
b604ddc4-2b88-452b-a678-96771091335c,0.2,0.03,0.046879254281520844
b604ddc4-2b88-452b-a678-96771091335c,0.2,0.08,0.054264817386865616
b604ddc4-2b88-452b-a678-96771091335c,0.2,0.13,0.05868468061089516
b604ddc4-2b88-452b-a678-96771091335c,0.2,0.18000000000000002,0.06677975505590439
b604ddc4-2b88-452b-a678-96771091335c,0.2,0.23,0.0718090683221817
b604ddc4-2b88-452b-a678-96771091335c,0.25,0.03,0.04653773829340935
b604ddc4-2b88-452b-a678-96771091335c,0.25,0.08,0.05293291062116623
b604ddc4-2b88-452b-a678-96771091335c,0.25,0.13,0.07091203331947327
b604ddc4-2b88-452b-a678-96771091335c,0.25,0.18000000000000002,0.07505810260772705
b604ddc4-2b88-452b-a678-96771091335c,0.25,0.23,0.0772438496351242
b604ddc4-2b88-452b-a678-96771091335c,0.30000000000000004,0.03,0.045316219329833984
b604ddc4-2b88-452b-a678-96771091335c,0.30000000000000004,0.08,0.06739281117916107
b604ddc4-2b88-452b-a678-96771091335c,0.30000000000000004,0.13,0.0716596394777298
b604ddc4-2b88-452b-a678-96771091335c,0.30000000000000004,0.18000000000000002,0.07332153618335724
b604ddc4-2b88-452b-a678-96771091335c,0.30000000000000004,0.23,0.07353309541940689
b633c4df-318d-4202-a5df-fd09587567cf,0.0,0.03,0.0510195717215538
b633c4df-318d-4202-a5df-fd09587567cf,0.0,0.08,0.07237578928470612
b633c4df-318d-4202-a5df-fd09587567cf,0.0,0.13,0.07707913219928741
b633c4df-318d-4202-a5df-fd09587567cf,0.0,0.18000000000000002,0.08264555037021637
b633c4df-318d-4202-a5df-fd09587567cf,0.0,0.23,0.08575379848480225
b633c4df-318d-4202-a5df-fd09587567cf,0.01,0.03,0.04869014024734497
b633c4df-318d-4202-a5df-fd09587567cf,0.01,0.08,0.07157847285270691
b633c4df-318d-4202-a5df-fd09587567cf,0.01,0.13,0.07579510658979416
b633c4df-318d-4202-a5df-fd09587567cf,0.01,0.18000000000000002,0.0878126248717308
b633c4df-318d-4202-a5df-fd09587567cf,0.01,0.23,0.08526112884283066
b633c4df-318d-4202-a5df-fd09587567cf,0.02,0.03,0.04874281585216522
b633c4df-318d-4202-a5df-fd09587567cf,0.02,0.08,0.06852098554372787
b633c4df-318d-4202-a5df-fd09587567cf,0.02,0.13,0.07914208620786667
b633c4df-318d-4202-a5df-fd09587567cf,0.02,0.18000000000000002,0.08694706112146378
b633c4df-318d-4202-a5df-fd09587567cf,0.02,0.23,0.08303599059581757
b633c4df-318d-4202-a5df-fd09587567cf,0.03,0.03,0.06093500927090645
b633c4df-318d-4202-a5df-fd09587567cf,0.03,0.08,0.06976539641618729
b633c4df-318d-4202-a5df-fd09587567cf,0.03,0.13,0.08189458400011063
b633c4df-318d-4202-a5df-fd09587567cf,0.03,0.18000000000000002,0.08677404373884201
b633c4df-318d-4202-a5df-fd09587567cf,0.03,0.23,0.07935351133346558
b633c4df-318d-4202-a5df-fd09587567cf,0.04,0.03,0.05710674449801445
b633c4df-318d-4202-a5df-fd09587567cf,0.04,0.08,0.06860943138599396
b633c4df-318d-4202-a5df-fd09587567cf,0.05,0.03,0.05094960331916809
b633c4df-318d-4202-a5df-fd09587567cf,0.05,0.08,0.06596100330352783
b633c4df-318d-4202-a5df-fd09587567cf,0.05,0.13,0.07573362439870834
b633c4df-318d-4202-a5df-fd09587567cf,0.05,0.18000000000000002,0.08132024854421616
b633c4df-318d-4202-a5df-fd09587567cf,0.05,0.23,0.07364681363105774
b633c4df-318d-4202-a5df-fd09587567cf,0.1,0.03,0.04298598691821098
b633c4df-318d-4202-a5df-fd09587567cf,0.1,0.08,0.0730150043964386
b633c4df-318d-4202-a5df-fd09587567cf,0.1,0.13,0.07930108159780502
b633c4df-318d-4202-a5df-fd09587567cf,0.1,0.18000000000000002,0.07619323581457138
b633c4df-318d-4202-a5df-fd09587567cf,0.1,0.23,0.07820171117782593
b633c4df-318d-4202-a5df-fd09587567cf,0.15000000000000002,0.03,0.06118978559970856
b633c4df-318d-4202-a5df-fd09587567cf,0.15000000000000002,0.08,0.06714452058076859
b633c4df-318d-4202-a5df-fd09587567cf,0.15000000000000002,0.13,0.06501442939043045
b633c4df-318d-4202-a5df-fd09587567cf,0.15000000000000002,0.18000000000000002,0.06891284137964249
b633c4df-318d-4202-a5df-fd09587567cf,0.15000000000000002,0.23,0.07303333282470703
b633c4df-318d-4202-a5df-fd09587567cf,0.2,0.03,0.04626384750008583
b633c4df-318d-4202-a5df-fd09587567cf,0.2,0.08,0.06311003118753433
b633c4df-318d-4202-a5df-fd09587567cf,0.2,0.13,0.06525307148694992
b633c4df-318d-4202-a5df-fd09587567cf,0.2,0.18000000000000002,0.06644377112388611
b633c4df-318d-4202-a5df-fd09587567cf,0.2,0.23,0.06208830699324608
b633c4df-318d-4202-a5df-fd09587567cf,0.25,0.03,0.04797697439789772
b633c4df-318d-4202-a5df-fd09587567cf,0.25,0.08,0.06219622865319252
b633c4df-318d-4202-a5df-fd09587567cf,0.25,0.13,0.062356043606996536
b633c4df-318d-4202-a5df-fd09587567cf,0.25,0.18000000000000002,0.06041122227907181
b633c4df-318d-4202-a5df-fd09587567cf,0.25,0.23,0.06505334377288818
b633c4df-318d-4202-a5df-fd09587567cf,0.30000000000000004,0.03,0.053451407700777054
b633c4df-318d-4202-a5df-fd09587567cf,0.30000000000000004,0.08,0.058708060532808304
b633c4df-318d-4202-a5df-fd09587567cf,0.30000000000000004,0.13,0.06579437106847763
b633c4df-318d-4202-a5df-fd09587567cf,0.30000000000000004,0.18000000000000002,0.06868955492973328
b633c4df-318d-4202-a5df-fd09587567cf,0.30000000000000004,0.23,0.07167576998472214
b6596fca-2742-47f3-9f96-8f73a96c7583,0.0,0.03,0.054755307734012604
b6596fca-2742-47f3-9f96-8f73a96c7583,0.0,0.08,0.07225222140550613
b6596fca-2742-47f3-9f96-8f73a96c7583,0.0,0.13,0.06703522056341171
b6596fca-2742-47f3-9f96-8f73a96c7583,0.0,0.18000000000000002,0.06778781116008759
b6596fca-2742-47f3-9f96-8f73a96c7583,0.0,0.23,0.06757640093564987
b6596fca-2742-47f3-9f96-8f73a96c7583,0.01,0.03,0.053012266755104065
b6596fca-2742-47f3-9f96-8f73a96c7583,0.01,0.08,0.0673956498503685
b6596fca-2742-47f3-9f96-8f73a96c7583,0.01,0.13,0.06561792641878128
b6596fca-2742-47f3-9f96-8f73a96c7583,0.01,0.18000000000000002,0.06607390940189362
b6596fca-2742-47f3-9f96-8f73a96c7583,0.01,0.23,0.0648406520485878
b6596fca-2742-47f3-9f96-8f73a96c7583,0.02,0.03,0.04875767230987549
b6596fca-2742-47f3-9f96-8f73a96c7583,0.02,0.08,0.06482177972793579
b6596fca-2742-47f3-9f96-8f73a96c7583,0.02,0.13,0.06324617564678192
b6596fca-2742-47f3-9f96-8f73a96c7583,0.02,0.18000000000000002,0.06882823258638382
b6596fca-2742-47f3-9f96-8f73a96c7583,0.02,0.23,0.06385636329650879
b6596fca-2742-47f3-9f96-8f73a96c7583,0.03,0.03,0.0510229617357254
b6596fca-2742-47f3-9f96-8f73a96c7583,0.03,0.08,0.060975994914770126
b6596fca-2742-47f3-9f96-8f73a96c7583,0.03,0.13,0.06009949743747711
b6596fca-2742-47f3-9f96-8f73a96c7583,0.03,0.18000000000000002,0.06096260994672775
b6596fca-2742-47f3-9f96-8f73a96c7583,0.03,0.23,0.06045662984251976
b6596fca-2742-47f3-9f96-8f73a96c7583,0.04,0.03,0.04980456456542015
b6596fca-2742-47f3-9f96-8f73a96c7583,0.04,0.08,0.05341380834579468
b6596fca-2742-47f3-9f96-8f73a96c7583,0.05,0.03,0.04767550900578499
b6596fca-2742-47f3-9f96-8f73a96c7583,0.05,0.08,0.05344550684094429
b6596fca-2742-47f3-9f96-8f73a96c7583,0.05,0.13,0.059696733951568604
b6596fca-2742-47f3-9f96-8f73a96c7583,0.05,0.18000000000000002,0.059617336839437485
b6596fca-2742-47f3-9f96-8f73a96c7583,0.05,0.23,0.05858210101723671
b6596fca-2742-47f3-9f96-8f73a96c7583,0.1,0.03,0.04558248817920685
b6596fca-2742-47f3-9f96-8f73a96c7583,0.1,0.08,0.059229496866464615
b6596fca-2742-47f3-9f96-8f73a96c7583,0.1,0.13,0.05786604434251785
b6596fca-2742-47f3-9f96-8f73a96c7583,0.1,0.18000000000000002,0.058123473078012466
b6596fca-2742-47f3-9f96-8f73a96c7583,0.1,0.23,0.058608949184417725
b6596fca-2742-47f3-9f96-8f73a96c7583,0.15000000000000002,0.03,0.054200753569602966
b6596fca-2742-47f3-9f96-8f73a96c7583,0.15000000000000002,0.08,0.05423488840460777
b6596fca-2742-47f3-9f96-8f73a96c7583,0.15000000000000002,0.13,0.05732554569840431
b6596fca-2742-47f3-9f96-8f73a96c7583,0.15000000000000002,0.18000000000000002,0.056536924093961716
b6596fca-2742-47f3-9f96-8f73a96c7583,0.15000000000000002,0.23,0.0620434544980526
b6596fca-2742-47f3-9f96-8f73a96c7583,0.2,0.03,0.046585217118263245
b6596fca-2742-47f3-9f96-8f73a96c7583,0.2,0.08,0.0597500205039978
b6596fca-2742-47f3-9f96-8f73a96c7583,0.2,0.13,0.06376397609710693
b6596fca-2742-47f3-9f96-8f73a96c7583,0.2,0.18000000000000002,0.06087421998381615
b6596fca-2742-47f3-9f96-8f73a96c7583,0.2,0.23,0.060303378850221634
b6596fca-2742-47f3-9f96-8f73a96c7583,0.25,0.03,0.04594796523451805
b6596fca-2742-47f3-9f96-8f73a96c7583,0.25,0.08,0.0562395416200161
b6596fca-2742-47f3-9f96-8f73a96c7583,0.25,0.13,0.06454718858003616
b6596fca-2742-47f3-9f96-8f73a96c7583,0.25,0.18000000000000002,0.06101953238248825
b6596fca-2742-47f3-9f96-8f73a96c7583,0.25,0.23,0.060729287564754486
b6596fca-2742-47f3-9f96-8f73a96c7583,0.30000000000000004,0.03,0.050525739789009094
b6596fca-2742-47f3-9f96-8f73a96c7583,0.30000000000000004,0.08,0.06492232531309128
b6596fca-2742-47f3-9f96-8f73a96c7583,0.30000000000000004,0.13,0.05899150297045708
b6596fca-2742-47f3-9f96-8f73a96c7583,0.30000000000000004,0.18000000000000002,0.0636427029967308
b6596fca-2742-47f3-9f96-8f73a96c7583,0.30000000000000004,0.23,0.06891975551843643
b6734595-d3b3-4ce3-b288-c33c22b0b52e,0.0,0.03,0.054149966686964035
b6734595-d3b3-4ce3-b288-c33c22b0b52e,0.0,0.08,0.09676454216241837
b6734595-d3b3-4ce3-b288-c33c22b0b52e,0.0,0.13,0.1228407695889473
b6734595-d3b3-4ce3-b288-c33c22b0b52e,0.0,0.18000000000000002,0.12012369930744171
b6734595-d3b3-4ce3-b288-c33c22b0b52e,0.0,0.23,0.10784686356782913
b6734595-d3b3-4ce3-b288-c33c22b0b52e,0.01,0.03,0.052808720618486404
b6734595-d3b3-4ce3-b288-c33c22b0b52e,0.01,0.08,0.09644150733947754
b6734595-d3b3-4ce3-b288-c33c22b0b52e,0.01,0.13,0.11334596574306488
b6734595-d3b3-4ce3-b288-c33c22b0b52e,0.01,0.18000000000000002,0.10827884078025818
b6734595-d3b3-4ce3-b288-c33c22b0b52e,0.01,0.23,0.10120850056409836
b6734595-d3b3-4ce3-b288-c33c22b0b52e,0.02,0.03,0.06159403920173645
b6734595-d3b3-4ce3-b288-c33c22b0b52e,0.02,0.08,0.10521044582128525
b6734595-d3b3-4ce3-b288-c33c22b0b52e,0.02,0.13,0.11369595676660538
b6734595-d3b3-4ce3-b288-c33c22b0b52e,0.02,0.18000000000000002,0.10677015036344528
b6734595-d3b3-4ce3-b288-c33c22b0b52e,0.02,0.23,0.09905436635017395
b6734595-d3b3-4ce3-b288-c33c22b0b52e,0.03,0.03,0.059156227856874466
b6734595-d3b3-4ce3-b288-c33c22b0b52e,0.03,0.08,0.10740296542644501
b6734595-d3b3-4ce3-b288-c33c22b0b52e,0.03,0.13,0.11057301610708237
b6734595-d3b3-4ce3-b288-c33c22b0b52e,0.03,0.18000000000000002,0.09962854534387589
b6734595-d3b3-4ce3-b288-c33c22b0b52e,0.03,0.23,0.09482094645500183
b6734595-d3b3-4ce3-b288-c33c22b0b52e,0.04,0.03,0.07627326250076294
b6734595-d3b3-4ce3-b288-c33c22b0b52e,0.04,0.08,0.10868286341428757
b6734595-d3b3-4ce3-b288-c33c22b0b52e,0.05,0.03,0.08528412878513336
b6734595-d3b3-4ce3-b288-c33c22b0b52e,0.05,0.08,0.11983207613229752
b6734595-d3b3-4ce3-b288-c33c22b0b52e,0.05,0.13,0.11377071589231491
b6734595-d3b3-4ce3-b288-c33c22b0b52e,0.05,0.18000000000000002,0.10284537822008133
b6734595-d3b3-4ce3-b288-c33c22b0b52e,0.05,0.23,0.10678326338529587
b6734595-d3b3-4ce3-b288-c33c22b0b52e,0.1,0.03,0.07102969288825989
b6734595-d3b3-4ce3-b288-c33c22b0b52e,0.1,0.08,0.08256004005670547
b6734595-d3b3-4ce3-b288-c33c22b0b52e,0.1,0.13,0.09242688119411469
b6734595-d3b3-4ce3-b288-c33c22b0b52e,0.1,0.18000000000000002,0.10027068853378296
b6734595-d3b3-4ce3-b288-c33c22b0b52e,0.1,0.23,0.09675444662570953
b6734595-d3b3-4ce3-b288-c33c22b0b52e,0.15000000000000002,0.03,0.054523032158613205
b6734595-d3b3-4ce3-b288-c33c22b0b52e,0.15000000000000002,0.08,0.07746025174856186
b6734595-d3b3-4ce3-b288-c33c22b0b52e,0.15000000000000002,0.13,0.09202402085065842
b6734595-d3b3-4ce3-b288-c33c22b0b52e,0.15000000000000002,0.18000000000000002,0.08785516768693924
b6734595-d3b3-4ce3-b288-c33c22b0b52e,0.15000000000000002,0.23,0.07979588210582733
b6734595-d3b3-4ce3-b288-c33c22b0b52e,0.2,0.03,0.05145389959216118
b6734595-d3b3-4ce3-b288-c33c22b0b52e,0.2,0.08,0.07792598009109497
b6734595-d3b3-4ce3-b288-c33c22b0b52e,0.2,0.13,0.07681712508201599
b6734595-d3b3-4ce3-b288-c33c22b0b52e,0.2,0.18000000000000002,0.07093574106693268
b6734595-d3b3-4ce3-b288-c33c22b0b52e,0.2,0.23,0.0738031342625618
b6734595-d3b3-4ce3-b288-c33c22b0b52e,0.25,0.03,0.05591185390949249
b6734595-d3b3-4ce3-b288-c33c22b0b52e,0.25,0.08,0.06314253807067871
b6734595-d3b3-4ce3-b288-c33c22b0b52e,0.25,0.13,0.06672579050064087
b6734595-d3b3-4ce3-b288-c33c22b0b52e,0.25,0.18000000000000002,0.07005488127470016
b6734595-d3b3-4ce3-b288-c33c22b0b52e,0.25,0.23,0.07226857542991638
b6734595-d3b3-4ce3-b288-c33c22b0b52e,0.30000000000000004,0.03,0.04841988533735275
b6734595-d3b3-4ce3-b288-c33c22b0b52e,0.30000000000000004,0.08,0.06212792545557022
b6734595-d3b3-4ce3-b288-c33c22b0b52e,0.30000000000000004,0.13,0.06795395910739899
b6734595-d3b3-4ce3-b288-c33c22b0b52e,0.30000000000000004,0.18000000000000002,0.0654745101928711
b6734595-d3b3-4ce3-b288-c33c22b0b52e,0.30000000000000004,0.23,0.07100653648376465
b693ec83-b5d2-4de9-b3f6-7cb3d6c5fe22,0.0,0.03,0.04921352490782738
b693ec83-b5d2-4de9-b3f6-7cb3d6c5fe22,0.0,0.08,0.0663653090596199
b693ec83-b5d2-4de9-b3f6-7cb3d6c5fe22,0.0,0.13,0.07536463439464569
b693ec83-b5d2-4de9-b3f6-7cb3d6c5fe22,0.0,0.18000000000000002,0.06478582322597504
b693ec83-b5d2-4de9-b3f6-7cb3d6c5fe22,0.0,0.23,0.06116816774010658
b693ec83-b5d2-4de9-b3f6-7cb3d6c5fe22,0.01,0.03,0.04571542888879776
b693ec83-b5d2-4de9-b3f6-7cb3d6c5fe22,0.01,0.08,0.08880048245191574
b693ec83-b5d2-4de9-b3f6-7cb3d6c5fe22,0.01,0.13,0.08428515493869781
b693ec83-b5d2-4de9-b3f6-7cb3d6c5fe22,0.01,0.18000000000000002,0.06669047474861145
b693ec83-b5d2-4de9-b3f6-7cb3d6c5fe22,0.01,0.23,0.0649600625038147
b693ec83-b5d2-4de9-b3f6-7cb3d6c5fe22,0.02,0.03,0.05555615574121475
b693ec83-b5d2-4de9-b3f6-7cb3d6c5fe22,0.02,0.08,0.07980673015117645
b693ec83-b5d2-4de9-b3f6-7cb3d6c5fe22,0.02,0.13,0.07513723522424698
b693ec83-b5d2-4de9-b3f6-7cb3d6c5fe22,0.02,0.18000000000000002,0.06512095034122467
b693ec83-b5d2-4de9-b3f6-7cb3d6c5fe22,0.02,0.23,0.06545185297727585
b693ec83-b5d2-4de9-b3f6-7cb3d6c5fe22,0.03,0.03,0.05865979194641113
b693ec83-b5d2-4de9-b3f6-7cb3d6c5fe22,0.03,0.08,0.07661573588848114
b693ec83-b5d2-4de9-b3f6-7cb3d6c5fe22,0.03,0.13,0.0688362866640091
b693ec83-b5d2-4de9-b3f6-7cb3d6c5fe22,0.03,0.18000000000000002,0.06390976160764694
b693ec83-b5d2-4de9-b3f6-7cb3d6c5fe22,0.03,0.23,0.0634191483259201
b693ec83-b5d2-4de9-b3f6-7cb3d6c5fe22,0.04,0.03,0.06990863382816315
b693ec83-b5d2-4de9-b3f6-7cb3d6c5fe22,0.04,0.08,0.0779651552438736
b693ec83-b5d2-4de9-b3f6-7cb3d6c5fe22,0.05,0.03,0.05022696778178215
b693ec83-b5d2-4de9-b3f6-7cb3d6c5fe22,0.05,0.08,0.0642867386341095
b693ec83-b5d2-4de9-b3f6-7cb3d6c5fe22,0.05,0.13,0.06690825521945953
b693ec83-b5d2-4de9-b3f6-7cb3d6c5fe22,0.05,0.18000000000000002,0.06212186440825462
b693ec83-b5d2-4de9-b3f6-7cb3d6c5fe22,0.05,0.23,0.06184414401650429
b693ec83-b5d2-4de9-b3f6-7cb3d6c5fe22,0.1,0.03,0.050580207258462906
b693ec83-b5d2-4de9-b3f6-7cb3d6c5fe22,0.1,0.08,0.06198696419596672
b693ec83-b5d2-4de9-b3f6-7cb3d6c5fe22,0.1,0.13,0.06094261258840561
b693ec83-b5d2-4de9-b3f6-7cb3d6c5fe22,0.1,0.18000000000000002,0.06081449240446091
b693ec83-b5d2-4de9-b3f6-7cb3d6c5fe22,0.1,0.23,0.06001998111605644
b693ec83-b5d2-4de9-b3f6-7cb3d6c5fe22,0.15000000000000002,0.03,0.04629376158118248
b693ec83-b5d2-4de9-b3f6-7cb3d6c5fe22,0.15000000000000002,0.08,0.0494174025952816
b693ec83-b5d2-4de9-b3f6-7cb3d6c5fe22,0.15000000000000002,0.13,0.06355991214513779
b693ec83-b5d2-4de9-b3f6-7cb3d6c5fe22,0.15000000000000002,0.18000000000000002,0.06765372306108475
b693ec83-b5d2-4de9-b3f6-7cb3d6c5fe22,0.15000000000000002,0.23,0.060570280998945236
b693ec83-b5d2-4de9-b3f6-7cb3d6c5fe22,0.2,0.03,0.04839279502630234
b693ec83-b5d2-4de9-b3f6-7cb3d6c5fe22,0.2,0.08,0.06144987419247627
b693ec83-b5d2-4de9-b3f6-7cb3d6c5fe22,0.2,0.13,0.06915178149938583
b693ec83-b5d2-4de9-b3f6-7cb3d6c5fe22,0.2,0.18000000000000002,0.064888596534729
b693ec83-b5d2-4de9-b3f6-7cb3d6c5fe22,0.2,0.23,0.06367266923189163
b693ec83-b5d2-4de9-b3f6-7cb3d6c5fe22,0.25,0.03,0.050782714039087296
b693ec83-b5d2-4de9-b3f6-7cb3d6c5fe22,0.25,0.08,0.059172168374061584
b693ec83-b5d2-4de9-b3f6-7cb3d6c5fe22,0.25,0.13,0.06625732779502869
b693ec83-b5d2-4de9-b3f6-7cb3d6c5fe22,0.25,0.18000000000000002,0.07047685980796814
b693ec83-b5d2-4de9-b3f6-7cb3d6c5fe22,0.25,0.23,0.06698501110076904
b693ec83-b5d2-4de9-b3f6-7cb3d6c5fe22,0.30000000000000004,0.03,0.049700215458869934
b693ec83-b5d2-4de9-b3f6-7cb3d6c5fe22,0.30000000000000004,0.08,0.05601517856121063
b693ec83-b5d2-4de9-b3f6-7cb3d6c5fe22,0.30000000000000004,0.13,0.0661342665553093
b693ec83-b5d2-4de9-b3f6-7cb3d6c5fe22,0.30000000000000004,0.18000000000000002,0.06623326241970062
b693ec83-b5d2-4de9-b3f6-7cb3d6c5fe22,0.30000000000000004,0.23,0.0657695010304451
b699fd3d-a963-4564-831e-41ba90bed463,0.0,0.03,0.11807490140199661
b699fd3d-a963-4564-831e-41ba90bed463,0.0,0.08,0.17631031572818756
b699fd3d-a963-4564-831e-41ba90bed463,0.0,0.13,0.19804483652114868
b699fd3d-a963-4564-831e-41ba90bed463,0.0,0.18000000000000002,0.20861752331256866
b699fd3d-a963-4564-831e-41ba90bed463,0.0,0.23,0.20273292064666748
b699fd3d-a963-4564-831e-41ba90bed463,0.01,0.03,0.10737500339746475
b699fd3d-a963-4564-831e-41ba90bed463,0.01,0.08,0.1597655862569809
b699fd3d-a963-4564-831e-41ba90bed463,0.01,0.13,0.18911637365818024
b699fd3d-a963-4564-831e-41ba90bed463,0.01,0.18000000000000002,0.19219841063022614
b699fd3d-a963-4564-831e-41ba90bed463,0.01,0.23,0.18506915867328644
b699fd3d-a963-4564-831e-41ba90bed463,0.02,0.03,0.11491429805755615
b699fd3d-a963-4564-831e-41ba90bed463,0.02,0.08,0.16427689790725708
b699fd3d-a963-4564-831e-41ba90bed463,0.02,0.13,0.18953825533390045
b699fd3d-a963-4564-831e-41ba90bed463,0.02,0.18000000000000002,0.18740314245224
b699fd3d-a963-4564-831e-41ba90bed463,0.02,0.23,0.17720411717891693
b699fd3d-a963-4564-831e-41ba90bed463,0.03,0.03,0.12119680643081665
b699fd3d-a963-4564-831e-41ba90bed463,0.03,0.08,0.16730645298957825
b699fd3d-a963-4564-831e-41ba90bed463,0.03,0.13,0.18057456612586975
b699fd3d-a963-4564-831e-41ba90bed463,0.03,0.18000000000000002,0.17998535931110382
b699fd3d-a963-4564-831e-41ba90bed463,0.03,0.23,0.17239052057266235
b699fd3d-a963-4564-831e-41ba90bed463,0.04,0.03,0.09103970974683762
b699fd3d-a963-4564-831e-41ba90bed463,0.04,0.08,0.15917707979679108
b699fd3d-a963-4564-831e-41ba90bed463,0.05,0.03,0.11650341004133224
b699fd3d-a963-4564-831e-41ba90bed463,0.05,0.08,0.14598888158798218
b699fd3d-a963-4564-831e-41ba90bed463,0.05,0.13,0.16155651211738586
b699fd3d-a963-4564-831e-41ba90bed463,0.05,0.18000000000000002,0.16069860756397247
b699fd3d-a963-4564-831e-41ba90bed463,0.05,0.23,0.15436531603336334
b699fd3d-a963-4564-831e-41ba90bed463,0.1,0.03,0.09553797543048859
b699fd3d-a963-4564-831e-41ba90bed463,0.1,0.08,0.12915799021720886
b699fd3d-a963-4564-831e-41ba90bed463,0.1,0.13,0.13197655975818634
b699fd3d-a963-4564-831e-41ba90bed463,0.1,0.18000000000000002,0.1314089596271515
b699fd3d-a963-4564-831e-41ba90bed463,0.1,0.23,0.13396041095256805
b699fd3d-a963-4564-831e-41ba90bed463,0.15000000000000002,0.03,0.07959098368883133
b699fd3d-a963-4564-831e-41ba90bed463,0.15000000000000002,0.08,0.09656165540218353
b699fd3d-a963-4564-831e-41ba90bed463,0.15000000000000002,0.13,0.10923119634389877
b699fd3d-a963-4564-831e-41ba90bed463,0.15000000000000002,0.18000000000000002,0.1120508685708046
b699fd3d-a963-4564-831e-41ba90bed463,0.15000000000000002,0.23,0.11605963110923767
b699fd3d-a963-4564-831e-41ba90bed463,0.2,0.03,0.06857407838106155
b699fd3d-a963-4564-831e-41ba90bed463,0.2,0.08,0.09668619185686111
b699fd3d-a963-4564-831e-41ba90bed463,0.2,0.13,0.10407069325447083
b699fd3d-a963-4564-831e-41ba90bed463,0.2,0.18000000000000002,0.10808301717042923
b699fd3d-a963-4564-831e-41ba90bed463,0.2,0.23,0.10001154989004135
b699fd3d-a963-4564-831e-41ba90bed463,0.25,0.03,0.06076221168041229
b699fd3d-a963-4564-831e-41ba90bed463,0.25,0.08,0.08398625999689102
b699fd3d-a963-4564-831e-41ba90bed463,0.25,0.13,0.0961836576461792
b699fd3d-a963-4564-831e-41ba90bed463,0.25,0.18000000000000002,0.09340301901102066
b699fd3d-a963-4564-831e-41ba90bed463,0.25,0.23,0.08302775025367737
b699fd3d-a963-4564-831e-41ba90bed463,0.30000000000000004,0.03,0.07997428625822067
b699fd3d-a963-4564-831e-41ba90bed463,0.30000000000000004,0.08,0.09202399849891663
b699fd3d-a963-4564-831e-41ba90bed463,0.30000000000000004,0.13,0.08849969506263733
b699fd3d-a963-4564-831e-41ba90bed463,0.30000000000000004,0.18000000000000002,0.085367850959301
b699fd3d-a963-4564-831e-41ba90bed463,0.30000000000000004,0.23,0.08367601037025452
b704e022-68ca-46a2-844a-8242cae1d507,0.0,0.03,0.04727214202284813
b704e022-68ca-46a2-844a-8242cae1d507,0.0,0.08,0.05527082830667496
b704e022-68ca-46a2-844a-8242cae1d507,0.0,0.13,0.061735909432172775
b704e022-68ca-46a2-844a-8242cae1d507,0.0,0.18000000000000002,0.07111746817827225
b704e022-68ca-46a2-844a-8242cae1d507,0.0,0.23,0.07260482013225555
b704e022-68ca-46a2-844a-8242cae1d507,0.01,0.03,0.04520818591117859
b704e022-68ca-46a2-844a-8242cae1d507,0.01,0.08,0.060024261474609375
b704e022-68ca-46a2-844a-8242cae1d507,0.01,0.13,0.06318002194166183
b704e022-68ca-46a2-844a-8242cae1d507,0.01,0.18000000000000002,0.07176893204450607
b704e022-68ca-46a2-844a-8242cae1d507,0.01,0.23,0.07107982039451599
b704e022-68ca-46a2-844a-8242cae1d507,0.02,0.03,0.0457453615963459
b704e022-68ca-46a2-844a-8242cae1d507,0.02,0.08,0.06492885947227478
b704e022-68ca-46a2-844a-8242cae1d507,0.02,0.13,0.0651126578450203
b704e022-68ca-46a2-844a-8242cae1d507,0.02,0.18000000000000002,0.0733230859041214
b704e022-68ca-46a2-844a-8242cae1d507,0.02,0.23,0.07100998610258102
b704e022-68ca-46a2-844a-8242cae1d507,0.03,0.03,0.04467933624982834
b704e022-68ca-46a2-844a-8242cae1d507,0.03,0.08,0.056336648762226105
b704e022-68ca-46a2-844a-8242cae1d507,0.03,0.13,0.0752468854188919
b704e022-68ca-46a2-844a-8242cae1d507,0.03,0.18000000000000002,0.07777754217386246
b704e022-68ca-46a2-844a-8242cae1d507,0.03,0.23,0.07128289341926575
b704e022-68ca-46a2-844a-8242cae1d507,0.04,0.03,0.04850848764181137
b704e022-68ca-46a2-844a-8242cae1d507,0.04,0.08,0.058232881128787994
b704e022-68ca-46a2-844a-8242cae1d507,0.05,0.03,0.046984221786260605
b704e022-68ca-46a2-844a-8242cae1d507,0.05,0.08,0.06618036329746246
b704e022-68ca-46a2-844a-8242cae1d507,0.05,0.13,0.07677258551120758
b704e022-68ca-46a2-844a-8242cae1d507,0.05,0.18000000000000002,0.07604476064443588
b704e022-68ca-46a2-844a-8242cae1d507,0.05,0.23,0.07186195999383926
b704e022-68ca-46a2-844a-8242cae1d507,0.1,0.03,0.05561835318803787
b704e022-68ca-46a2-844a-8242cae1d507,0.1,0.08,0.07478807121515274
b704e022-68ca-46a2-844a-8242cae1d507,0.1,0.13,0.07318749278783798
b704e022-68ca-46a2-844a-8242cae1d507,0.1,0.18000000000000002,0.06782938539981842
b704e022-68ca-46a2-844a-8242cae1d507,0.1,0.23,0.06898816674947739
b704e022-68ca-46a2-844a-8242cae1d507,0.15000000000000002,0.03,0.049853477627038956
b704e022-68ca-46a2-844a-8242cae1d507,0.15000000000000002,0.08,0.05339064449071884
b704e022-68ca-46a2-844a-8242cae1d507,0.15000000000000002,0.13,0.05755617097020149
b704e022-68ca-46a2-844a-8242cae1d507,0.15000000000000002,0.18000000000000002,0.06671473383903503
b704e022-68ca-46a2-844a-8242cae1d507,0.15000000000000002,0.23,0.0649692639708519
b704e022-68ca-46a2-844a-8242cae1d507,0.2,0.03,0.05142965540289879
b704e022-68ca-46a2-844a-8242cae1d507,0.2,0.08,0.06138144060969353
b704e022-68ca-46a2-844a-8242cae1d507,0.2,0.13,0.0702686756849289
b704e022-68ca-46a2-844a-8242cae1d507,0.2,0.18000000000000002,0.06116814538836479
b704e022-68ca-46a2-844a-8242cae1d507,0.2,0.23,0.06013217195868492
b704e022-68ca-46a2-844a-8242cae1d507,0.25,0.03,0.04820859432220459
b704e022-68ca-46a2-844a-8242cae1d507,0.25,0.08,0.053756799548864365
b704e022-68ca-46a2-844a-8242cae1d507,0.25,0.13,0.056820813566446304
b704e022-68ca-46a2-844a-8242cae1d507,0.25,0.18000000000000002,0.0584522970020771
b704e022-68ca-46a2-844a-8242cae1d507,0.25,0.23,0.060571521520614624
b704e022-68ca-46a2-844a-8242cae1d507,0.30000000000000004,0.03,0.05182557553052902
b704e022-68ca-46a2-844a-8242cae1d507,0.30000000000000004,0.08,0.058851320296525955
b704e022-68ca-46a2-844a-8242cae1d507,0.30000000000000004,0.13,0.06439267843961716
b704e022-68ca-46a2-844a-8242cae1d507,0.30000000000000004,0.18000000000000002,0.06329809129238129
b704e022-68ca-46a2-844a-8242cae1d507,0.30000000000000004,0.23,0.06906382739543915
b747222e-02e4-4f86-937c-11400303f07f,0.0,0.03,0.4112130105495453
b747222e-02e4-4f86-937c-11400303f07f,0.0,0.08,0.5042455196380615
b747222e-02e4-4f86-937c-11400303f07f,0.0,0.13,0.42571526765823364
b747222e-02e4-4f86-937c-11400303f07f,0.0,0.18000000000000002,0.3561989367008209
b747222e-02e4-4f86-937c-11400303f07f,0.0,0.23,0.3095721900463104
b747222e-02e4-4f86-937c-11400303f07f,0.01,0.03,0.3744693398475647
b747222e-02e4-4f86-937c-11400303f07f,0.01,0.08,0.4199830889701843
b747222e-02e4-4f86-937c-11400303f07f,0.01,0.13,0.3377426564693451
b747222e-02e4-4f86-937c-11400303f07f,0.01,0.18000000000000002,0.28022196888923645
b747222e-02e4-4f86-937c-11400303f07f,0.01,0.23,0.24458231031894684
b747222e-02e4-4f86-937c-11400303f07f,0.02,0.03,0.390919029712677
b747222e-02e4-4f86-937c-11400303f07f,0.02,0.08,0.3827368915081024
b747222e-02e4-4f86-937c-11400303f07f,0.02,0.13,0.3049304187297821
b747222e-02e4-4f86-937c-11400303f07f,0.02,0.18000000000000002,0.2526935935020447
b747222e-02e4-4f86-937c-11400303f07f,0.02,0.23,0.22111570835113525
b747222e-02e4-4f86-937c-11400303f07f,0.03,0.03,0.37972089648246765
b747222e-02e4-4f86-937c-11400303f07f,0.03,0.08,0.33130818605422974
b747222e-02e4-4f86-937c-11400303f07f,0.03,0.13,0.2675463855266571
b747222e-02e4-4f86-937c-11400303f07f,0.03,0.18000000000000002,0.22175532579421997
b747222e-02e4-4f86-937c-11400303f07f,0.03,0.23,0.19133271276950836
b747222e-02e4-4f86-937c-11400303f07f,0.04,0.03,0.3191726505756378
b747222e-02e4-4f86-937c-11400303f07f,0.04,0.08,0.2821965217590332
b747222e-02e4-4f86-937c-11400303f07f,0.05,0.03,0.30057579278945923
b747222e-02e4-4f86-937c-11400303f07f,0.05,0.08,0.2506481111049652
b747222e-02e4-4f86-937c-11400303f07f,0.05,0.13,0.1996392458677292
b747222e-02e4-4f86-937c-11400303f07f,0.05,0.18000000000000002,0.1680336892604828
b747222e-02e4-4f86-937c-11400303f07f,0.05,0.23,0.14843015372753143
b747222e-02e4-4f86-937c-11400303f07f,0.1,0.03,0.10053163766860962
b747222e-02e4-4f86-937c-11400303f07f,0.1,0.08,0.0851772129535675
b747222e-02e4-4f86-937c-11400303f07f,0.1,0.13,0.07238850742578506
b747222e-02e4-4f86-937c-11400303f07f,0.1,0.18000000000000002,0.07209251821041107
b747222e-02e4-4f86-937c-11400303f07f,0.1,0.23,0.07110566645860672
b747222e-02e4-4f86-937c-11400303f07f,0.15000000000000002,0.03,0.052650608122348785
b747222e-02e4-4f86-937c-11400303f07f,0.15000000000000002,0.08,0.0676213726401329
b747222e-02e4-4f86-937c-11400303f07f,0.15000000000000002,0.13,0.07089444994926453
b747222e-02e4-4f86-937c-11400303f07f,0.15000000000000002,0.18000000000000002,0.06841562688350677
b747222e-02e4-4f86-937c-11400303f07f,0.15000000000000002,0.23,0.06739943474531174
b747222e-02e4-4f86-937c-11400303f07f,0.2,0.03,0.0505794920027256
b747222e-02e4-4f86-937c-11400303f07f,0.2,0.08,0.0612865686416626
b747222e-02e4-4f86-937c-11400303f07f,0.2,0.13,0.06046251207590103
b747222e-02e4-4f86-937c-11400303f07f,0.2,0.18000000000000002,0.06476953625679016
b747222e-02e4-4f86-937c-11400303f07f,0.2,0.23,0.06963765621185303
b747222e-02e4-4f86-937c-11400303f07f,0.25,0.03,0.054779309779405594
b747222e-02e4-4f86-937c-11400303f07f,0.25,0.08,0.0626555010676384
b747222e-02e4-4f86-937c-11400303f07f,0.25,0.13,0.06229546293616295
b747222e-02e4-4f86-937c-11400303f07f,0.25,0.18000000000000002,0.06674501299858093
b747222e-02e4-4f86-937c-11400303f07f,0.25,0.23,0.06268730759620667
b747222e-02e4-4f86-937c-11400303f07f,0.30000000000000004,0.03,0.055035900324583054
b747222e-02e4-4f86-937c-11400303f07f,0.30000000000000004,0.08,0.05867720767855644
b747222e-02e4-4f86-937c-11400303f07f,0.30000000000000004,0.13,0.06370355188846588
b747222e-02e4-4f86-937c-11400303f07f,0.30000000000000004,0.18000000000000002,0.059144843369722366
b747222e-02e4-4f86-937c-11400303f07f,0.30000000000000004,0.23,0.06076006218791008
b98ff583-7349-4100-95e9-0ed4a5c2ca05,0.0,0.03,0.051465969532728195
b98ff583-7349-4100-95e9-0ed4a5c2ca05,0.0,0.08,0.07241994887590408
b98ff583-7349-4100-95e9-0ed4a5c2ca05,0.0,0.13,0.07424881309270859
b98ff583-7349-4100-95e9-0ed4a5c2ca05,0.0,0.18000000000000002,0.0690707340836525
b98ff583-7349-4100-95e9-0ed4a5c2ca05,0.0,0.23,0.07719224691390991
b98ff583-7349-4100-95e9-0ed4a5c2ca05,0.01,0.03,0.053229011595249176
b98ff583-7349-4100-95e9-0ed4a5c2ca05,0.01,0.08,0.07354465872049332
b98ff583-7349-4100-95e9-0ed4a5c2ca05,0.01,0.13,0.0711544007062912
b98ff583-7349-4100-95e9-0ed4a5c2ca05,0.01,0.18000000000000002,0.0706166997551918
b98ff583-7349-4100-95e9-0ed4a5c2ca05,0.01,0.23,0.07632846385240555
b98ff583-7349-4100-95e9-0ed4a5c2ca05,0.02,0.03,0.0555562749505043
b98ff583-7349-4100-95e9-0ed4a5c2ca05,0.02,0.08,0.07265269011259079
b98ff583-7349-4100-95e9-0ed4a5c2ca05,0.02,0.13,0.06792725622653961
b98ff583-7349-4100-95e9-0ed4a5c2ca05,0.02,0.18000000000000002,0.0712580531835556
b98ff583-7349-4100-95e9-0ed4a5c2ca05,0.02,0.23,0.07808952033519745
b98ff583-7349-4100-95e9-0ed4a5c2ca05,0.03,0.03,0.052904654294252396
b98ff583-7349-4100-95e9-0ed4a5c2ca05,0.03,0.08,0.06667017936706543
b98ff583-7349-4100-95e9-0ed4a5c2ca05,0.03,0.13,0.06864836066961288
b98ff583-7349-4100-95e9-0ed4a5c2ca05,0.03,0.18000000000000002,0.07434500008821487
b98ff583-7349-4100-95e9-0ed4a5c2ca05,0.03,0.23,0.08089516311883926
b98ff583-7349-4100-95e9-0ed4a5c2ca05,0.04,0.03,0.05771461874246597
b98ff583-7349-4100-95e9-0ed4a5c2ca05,0.04,0.08,0.0663658082485199
b98ff583-7349-4100-95e9-0ed4a5c2ca05,0.05,0.03,0.052700385451316833
b98ff583-7349-4100-95e9-0ed4a5c2ca05,0.05,0.08,0.05644076690077782
b98ff583-7349-4100-95e9-0ed4a5c2ca05,0.05,0.13,0.06962958723306656
b98ff583-7349-4100-95e9-0ed4a5c2ca05,0.05,0.18000000000000002,0.07520270347595215
b98ff583-7349-4100-95e9-0ed4a5c2ca05,0.05,0.23,0.07792337238788605
b98ff583-7349-4100-95e9-0ed4a5c2ca05,0.1,0.03,0.049190159887075424
b98ff583-7349-4100-95e9-0ed4a5c2ca05,0.1,0.08,0.06556520611047745
b98ff583-7349-4100-95e9-0ed4a5c2ca05,0.1,0.13,0.07271836698055267
b98ff583-7349-4100-95e9-0ed4a5c2ca05,0.1,0.18000000000000002,0.07974226772785187
b98ff583-7349-4100-95e9-0ed4a5c2ca05,0.1,0.23,0.07637965679168701
b98ff583-7349-4100-95e9-0ed4a5c2ca05,0.15000000000000002,0.03,0.0526227205991745
b98ff583-7349-4100-95e9-0ed4a5c2ca05,0.15000000000000002,0.08,0.0663447454571724
b98ff583-7349-4100-95e9-0ed4a5c2ca05,0.15000000000000002,0.13,0.07145145535469055
b98ff583-7349-4100-95e9-0ed4a5c2ca05,0.15000000000000002,0.18000000000000002,0.06984316557645798
b98ff583-7349-4100-95e9-0ed4a5c2ca05,0.15000000000000002,0.23,0.06788879632949829
b98ff583-7349-4100-95e9-0ed4a5c2ca05,0.2,0.03,0.04866619408130646
b98ff583-7349-4100-95e9-0ed4a5c2ca05,0.2,0.08,0.05949662625789642
b98ff583-7349-4100-95e9-0ed4a5c2ca05,0.2,0.13,0.06756796687841415
b98ff583-7349-4100-95e9-0ed4a5c2ca05,0.2,0.18000000000000002,0.06862449645996094
b98ff583-7349-4100-95e9-0ed4a5c2ca05,0.2,0.23,0.06947236508131027
b98ff583-7349-4100-95e9-0ed4a5c2ca05,0.25,0.03,0.05013834312558174
b98ff583-7349-4100-95e9-0ed4a5c2ca05,0.25,0.08,0.059834010899066925
b98ff583-7349-4100-95e9-0ed4a5c2ca05,0.25,0.13,0.06163061782717705
b98ff583-7349-4100-95e9-0ed4a5c2ca05,0.25,0.18000000000000002,0.06471767276525497
b98ff583-7349-4100-95e9-0ed4a5c2ca05,0.25,0.23,0.06946644932031631
b98ff583-7349-4100-95e9-0ed4a5c2ca05,0.30000000000000004,0.03,0.04873459041118622
b98ff583-7349-4100-95e9-0ed4a5c2ca05,0.30000000000000004,0.08,0.056642208248376846
b98ff583-7349-4100-95e9-0ed4a5c2ca05,0.30000000000000004,0.13,0.064911387860775
b98ff583-7349-4100-95e9-0ed4a5c2ca05,0.30000000000000004,0.18000000000000002,0.07123842090368271
b98ff583-7349-4100-95e9-0ed4a5c2ca05,0.30000000000000004,0.23,0.07488415390253067
ba4866cc-c71b-43ba-98fe-deb12c18a8a7,0.0,0.03,0.05639854073524475
ba4866cc-c71b-43ba-98fe-deb12c18a8a7,0.0,0.08,0.06000949814915657
ba4866cc-c71b-43ba-98fe-deb12c18a8a7,0.0,0.13,0.09195408225059509
ba4866cc-c71b-43ba-98fe-deb12c18a8a7,0.0,0.18000000000000002,0.09677361696958542
ba4866cc-c71b-43ba-98fe-deb12c18a8a7,0.0,0.23,0.11680975556373596
ba4866cc-c71b-43ba-98fe-deb12c18a8a7,0.01,0.03,0.05727372318506241
ba4866cc-c71b-43ba-98fe-deb12c18a8a7,0.01,0.08,0.07483957707881927
ba4866cc-c71b-43ba-98fe-deb12c18a8a7,0.01,0.13,0.0885457843542099
ba4866cc-c71b-43ba-98fe-deb12c18a8a7,0.01,0.18000000000000002,0.11836449056863785
ba4866cc-c71b-43ba-98fe-deb12c18a8a7,0.01,0.23,0.10832804441452026
ba4866cc-c71b-43ba-98fe-deb12c18a8a7,0.02,0.03,0.06733357906341553
ba4866cc-c71b-43ba-98fe-deb12c18a8a7,0.02,0.08,0.06749426573514938
ba4866cc-c71b-43ba-98fe-deb12c18a8a7,0.02,0.13,0.0791008248925209
ba4866cc-c71b-43ba-98fe-deb12c18a8a7,0.02,0.18000000000000002,0.10209189355373383
ba4866cc-c71b-43ba-98fe-deb12c18a8a7,0.02,0.23,0.10377572476863861
ba4866cc-c71b-43ba-98fe-deb12c18a8a7,0.03,0.03,0.058949802070856094
ba4866cc-c71b-43ba-98fe-deb12c18a8a7,0.03,0.08,0.07186824083328247
ba4866cc-c71b-43ba-98fe-deb12c18a8a7,0.03,0.13,0.10391978174448013
ba4866cc-c71b-43ba-98fe-deb12c18a8a7,0.03,0.18000000000000002,0.09997932612895966
ba4866cc-c71b-43ba-98fe-deb12c18a8a7,0.03,0.23,0.1094834953546524
ba4866cc-c71b-43ba-98fe-deb12c18a8a7,0.04,0.03,0.056805744767189026
ba4866cc-c71b-43ba-98fe-deb12c18a8a7,0.04,0.08,0.08220690488815308
ba4866cc-c71b-43ba-98fe-deb12c18a8a7,0.05,0.03,0.05893099308013916
ba4866cc-c71b-43ba-98fe-deb12c18a8a7,0.05,0.08,0.10898149013519287
ba4866cc-c71b-43ba-98fe-deb12c18a8a7,0.05,0.13,0.10512779653072357
ba4866cc-c71b-43ba-98fe-deb12c18a8a7,0.05,0.18000000000000002,0.12305887043476105
ba4866cc-c71b-43ba-98fe-deb12c18a8a7,0.05,0.23,0.11613138020038605
ba4866cc-c71b-43ba-98fe-deb12c18a8a7,0.1,0.03,0.08600006252527237
ba4866cc-c71b-43ba-98fe-deb12c18a8a7,0.1,0.08,0.085664302110672
ba4866cc-c71b-43ba-98fe-deb12c18a8a7,0.1,0.13,0.10672786831855774
ba4866cc-c71b-43ba-98fe-deb12c18a8a7,0.1,0.18000000000000002,0.10813924670219421
ba4866cc-c71b-43ba-98fe-deb12c18a8a7,0.1,0.23,0.10556935518980026
ba4866cc-c71b-43ba-98fe-deb12c18a8a7,0.15000000000000002,0.03,0.065254807472229
ba4866cc-c71b-43ba-98fe-deb12c18a8a7,0.15000000000000002,0.08,0.0986524373292923
ba4866cc-c71b-43ba-98fe-deb12c18a8a7,0.15000000000000002,0.13,0.09730061888694763
ba4866cc-c71b-43ba-98fe-deb12c18a8a7,0.15000000000000002,0.18000000000000002,0.09804489463567734
ba4866cc-c71b-43ba-98fe-deb12c18a8a7,0.15000000000000002,0.23,0.09230893105268478
ba4866cc-c71b-43ba-98fe-deb12c18a8a7,0.2,0.03,0.06831817328929901
ba4866cc-c71b-43ba-98fe-deb12c18a8a7,0.2,0.08,0.07596275955438614
ba4866cc-c71b-43ba-98fe-deb12c18a8a7,0.2,0.13,0.08614680916070938
ba4866cc-c71b-43ba-98fe-deb12c18a8a7,0.2,0.18000000000000002,0.08481413871049881
ba4866cc-c71b-43ba-98fe-deb12c18a8a7,0.2,0.23,0.07446114718914032
ba4866cc-c71b-43ba-98fe-deb12c18a8a7,0.25,0.03,0.05828710272908211
ba4866cc-c71b-43ba-98fe-deb12c18a8a7,0.25,0.08,0.0696997344493866
ba4866cc-c71b-43ba-98fe-deb12c18a8a7,0.25,0.13,0.07265056669712067
ba4866cc-c71b-43ba-98fe-deb12c18a8a7,0.25,0.18000000000000002,0.07515443861484528
ba4866cc-c71b-43ba-98fe-deb12c18a8a7,0.25,0.23,0.07735060155391693
ba4866cc-c71b-43ba-98fe-deb12c18a8a7,0.30000000000000004,0.03,0.05844217166304588
ba4866cc-c71b-43ba-98fe-deb12c18a8a7,0.30000000000000004,0.08,0.06954995542764664
ba4866cc-c71b-43ba-98fe-deb12c18a8a7,0.30000000000000004,0.13,0.07410489767789841
ba4866cc-c71b-43ba-98fe-deb12c18a8a7,0.30000000000000004,0.18000000000000002,0.08209962397813797
ba4866cc-c71b-43ba-98fe-deb12c18a8a7,0.30000000000000004,0.23,0.07686997950077057
bb3589e8-d60d-4de7-b579-413615168cb7,0.0,0.03,0.0472707524895668
bb3589e8-d60d-4de7-b579-413615168cb7,0.0,0.08,0.06331931054592133
bb3589e8-d60d-4de7-b579-413615168cb7,0.0,0.13,0.09433301538228989
bb3589e8-d60d-4de7-b579-413615168cb7,0.0,0.18000000000000002,0.09216625243425369
bb3589e8-d60d-4de7-b579-413615168cb7,0.0,0.23,0.09462529420852661
bb3589e8-d60d-4de7-b579-413615168cb7,0.01,0.03,0.052384164184331894
bb3589e8-d60d-4de7-b579-413615168cb7,0.01,0.08,0.07687399536371231
bb3589e8-d60d-4de7-b579-413615168cb7,0.01,0.13,0.08302897959947586
bb3589e8-d60d-4de7-b579-413615168cb7,0.01,0.18000000000000002,0.08225614577531815
bb3589e8-d60d-4de7-b579-413615168cb7,0.01,0.23,0.08273062109947205
bb3589e8-d60d-4de7-b579-413615168cb7,0.02,0.03,0.04724937677383423
bb3589e8-d60d-4de7-b579-413615168cb7,0.02,0.08,0.07240946590900421
bb3589e8-d60d-4de7-b579-413615168cb7,0.02,0.13,0.0780564695596695
bb3589e8-d60d-4de7-b579-413615168cb7,0.02,0.18000000000000002,0.07883742451667786
bb3589e8-d60d-4de7-b579-413615168cb7,0.02,0.23,0.08230505883693695
bb3589e8-d60d-4de7-b579-413615168cb7,0.03,0.03,0.05558117851614952
bb3589e8-d60d-4de7-b579-413615168cb7,0.03,0.08,0.07236398756504059
bb3589e8-d60d-4de7-b579-413615168cb7,0.03,0.13,0.08198164403438568
bb3589e8-d60d-4de7-b579-413615168cb7,0.03,0.18000000000000002,0.07843445986509323
bb3589e8-d60d-4de7-b579-413615168cb7,0.03,0.23,0.0838402509689331
bb3589e8-d60d-4de7-b579-413615168cb7,0.04,0.03,0.055233027786016464
bb3589e8-d60d-4de7-b579-413615168cb7,0.04,0.08,0.07674731314182281
bb3589e8-d60d-4de7-b579-413615168cb7,0.05,0.03,0.04814749211072922
bb3589e8-d60d-4de7-b579-413615168cb7,0.05,0.08,0.08733031153678894
bb3589e8-d60d-4de7-b579-413615168cb7,0.05,0.13,0.08576066046953201
bb3589e8-d60d-4de7-b579-413615168cb7,0.05,0.18000000000000002,0.08818719536066055
bb3589e8-d60d-4de7-b579-413615168cb7,0.05,0.23,0.0871591717004776
bb3589e8-d60d-4de7-b579-413615168cb7,0.1,0.03,0.05557052791118622
bb3589e8-d60d-4de7-b579-413615168cb7,0.1,0.08,0.060165468603372574
bb3589e8-d60d-4de7-b579-413615168cb7,0.1,0.13,0.07859993726015091
bb3589e8-d60d-4de7-b579-413615168cb7,0.1,0.18000000000000002,0.08501770347356796
bb3589e8-d60d-4de7-b579-413615168cb7,0.1,0.23,0.0731716901063919
bb3589e8-d60d-4de7-b579-413615168cb7,0.15000000000000002,0.03,0.05363253131508827
bb3589e8-d60d-4de7-b579-413615168cb7,0.15000000000000002,0.08,0.07557886838912964
bb3589e8-d60d-4de7-b579-413615168cb7,0.15000000000000002,0.13,0.08355817198753357
bb3589e8-d60d-4de7-b579-413615168cb7,0.15000000000000002,0.18000000000000002,0.07045343518257141
bb3589e8-d60d-4de7-b579-413615168cb7,0.15000000000000002,0.23,0.06268251687288284
bb3589e8-d60d-4de7-b579-413615168cb7,0.2,0.03,0.04495842009782791
bb3589e8-d60d-4de7-b579-413615168cb7,0.2,0.08,0.06207278370857239
bb3589e8-d60d-4de7-b579-413615168cb7,0.2,0.13,0.06059035658836365
bb3589e8-d60d-4de7-b579-413615168cb7,0.2,0.18000000000000002,0.05984576791524887
bb3589e8-d60d-4de7-b579-413615168cb7,0.2,0.23,0.062554270029068
bb3589e8-d60d-4de7-b579-413615168cb7,0.25,0.03,0.055013418197631836
bb3589e8-d60d-4de7-b579-413615168cb7,0.25,0.08,0.05693129077553749
bb3589e8-d60d-4de7-b579-413615168cb7,0.25,0.13,0.06270526349544525
bb3589e8-d60d-4de7-b579-413615168cb7,0.25,0.18000000000000002,0.05969485640525818
bb3589e8-d60d-4de7-b579-413615168cb7,0.25,0.23,0.05929369851946831
bb3589e8-d60d-4de7-b579-413615168cb7,0.30000000000000004,0.03,0.05136178806424141
bb3589e8-d60d-4de7-b579-413615168cb7,0.30000000000000004,0.08,0.055732548236846924
bb3589e8-d60d-4de7-b579-413615168cb7,0.30000000000000004,0.13,0.06061800196766853
bb3589e8-d60d-4de7-b579-413615168cb7,0.30000000000000004,0.18000000000000002,0.05913114920258522
bb3589e8-d60d-4de7-b579-413615168cb7,0.30000000000000004,0.23,0.06358267366886139
bb7358a2-3767-4e4d-892a-a4b6a5002e13,0.0,0.03,0.0855526551604271
bb7358a2-3767-4e4d-892a-a4b6a5002e13,0.0,0.08,0.11857257783412933
bb7358a2-3767-4e4d-892a-a4b6a5002e13,0.0,0.13,0.11595018953084946
bb7358a2-3767-4e4d-892a-a4b6a5002e13,0.0,0.18000000000000002,0.10815014690160751
bb7358a2-3767-4e4d-892a-a4b6a5002e13,0.0,0.23,0.10149786621332169
bb7358a2-3767-4e4d-892a-a4b6a5002e13,0.01,0.03,0.08104067295789719
bb7358a2-3767-4e4d-892a-a4b6a5002e13,0.01,0.08,0.11324363946914673
bb7358a2-3767-4e4d-892a-a4b6a5002e13,0.01,0.13,0.11426375061273575
bb7358a2-3767-4e4d-892a-a4b6a5002e13,0.01,0.18000000000000002,0.09742814302444458
bb7358a2-3767-4e4d-892a-a4b6a5002e13,0.01,0.23,0.09190773963928223
bb7358a2-3767-4e4d-892a-a4b6a5002e13,0.02,0.03,0.08344954997301102
bb7358a2-3767-4e4d-892a-a4b6a5002e13,0.02,0.08,0.11938329041004181
bb7358a2-3767-4e4d-892a-a4b6a5002e13,0.02,0.13,0.10898987948894501
bb7358a2-3767-4e4d-892a-a4b6a5002e13,0.02,0.18000000000000002,0.09456943720579147
bb7358a2-3767-4e4d-892a-a4b6a5002e13,0.02,0.23,0.0882660374045372
bb7358a2-3767-4e4d-892a-a4b6a5002e13,0.03,0.03,0.08695004135370255
bb7358a2-3767-4e4d-892a-a4b6a5002e13,0.03,0.08,0.1124892383813858
bb7358a2-3767-4e4d-892a-a4b6a5002e13,0.03,0.13,0.10419345647096634
bb7358a2-3767-4e4d-892a-a4b6a5002e13,0.03,0.18000000000000002,0.08926932513713837
bb7358a2-3767-4e4d-892a-a4b6a5002e13,0.03,0.23,0.08355233818292618
bb7358a2-3767-4e4d-892a-a4b6a5002e13,0.04,0.03,0.07591238617897034
bb7358a2-3767-4e4d-892a-a4b6a5002e13,0.04,0.08,0.09923693537712097
bb7358a2-3767-4e4d-892a-a4b6a5002e13,0.05,0.03,0.07094200700521469
bb7358a2-3767-4e4d-892a-a4b6a5002e13,0.05,0.08,0.10974649339914322
bb7358a2-3767-4e4d-892a-a4b6a5002e13,0.05,0.13,0.10713774710893631
bb7358a2-3767-4e4d-892a-a4b6a5002e13,0.05,0.18000000000000002,0.09835989773273468
bb7358a2-3767-4e4d-892a-a4b6a5002e13,0.05,0.23,0.086819127202034
bb7358a2-3767-4e4d-892a-a4b6a5002e13,0.1,0.03,0.07918041199445724
bb7358a2-3767-4e4d-892a-a4b6a5002e13,0.1,0.08,0.09688005596399307
bb7358a2-3767-4e4d-892a-a4b6a5002e13,0.1,0.13,0.09655197709798813
bb7358a2-3767-4e4d-892a-a4b6a5002e13,0.1,0.18000000000000002,0.08352886140346527
bb7358a2-3767-4e4d-892a-a4b6a5002e13,0.1,0.23,0.07410265505313873
bb7358a2-3767-4e4d-892a-a4b6a5002e13,0.15000000000000002,0.03,0.059435322880744934
bb7358a2-3767-4e4d-892a-a4b6a5002e13,0.15000000000000002,0.08,0.08069238066673279
bb7358a2-3767-4e4d-892a-a4b6a5002e13,0.15000000000000002,0.13,0.08126293122768402
bb7358a2-3767-4e4d-892a-a4b6a5002e13,0.15000000000000002,0.18000000000000002,0.07633695006370544
bb7358a2-3767-4e4d-892a-a4b6a5002e13,0.15000000000000002,0.23,0.07026894390583038
bb7358a2-3767-4e4d-892a-a4b6a5002e13,0.2,0.03,0.05800040066242218
bb7358a2-3767-4e4d-892a-a4b6a5002e13,0.2,0.08,0.06690136343240738
bb7358a2-3767-4e4d-892a-a4b6a5002e13,0.2,0.13,0.06218055263161659
bb7358a2-3767-4e4d-892a-a4b6a5002e13,0.2,0.18000000000000002,0.06147391349077225
bb7358a2-3767-4e4d-892a-a4b6a5002e13,0.2,0.23,0.0649675652384758
bb7358a2-3767-4e4d-892a-a4b6a5002e13,0.25,0.03,0.04509200155735016
bb7358a2-3767-4e4d-892a-a4b6a5002e13,0.25,0.08,0.05545799434185028
bb7358a2-3767-4e4d-892a-a4b6a5002e13,0.25,0.13,0.06634736061096191
bb7358a2-3767-4e4d-892a-a4b6a5002e13,0.25,0.18000000000000002,0.0654151514172554
bb7358a2-3767-4e4d-892a-a4b6a5002e13,0.25,0.23,0.06275379657745361
bb7358a2-3767-4e4d-892a-a4b6a5002e13,0.30000000000000004,0.03,0.0512513592839241
bb7358a2-3767-4e4d-892a-a4b6a5002e13,0.30000000000000004,0.08,0.06677880138158798
bb7358a2-3767-4e4d-892a-a4b6a5002e13,0.30000000000000004,0.13,0.06594791263341904
bb7358a2-3767-4e4d-892a-a4b6a5002e13,0.30000000000000004,0.18000000000000002,0.07250376790761948
bb7358a2-3767-4e4d-892a-a4b6a5002e13,0.30000000000000004,0.23,0.06596206873655319
bb8f4d52-31ba-40ec-a632-ae3f233897ff,0.0,0.03,0.22997353971004486
bb8f4d52-31ba-40ec-a632-ae3f233897ff,0.0,0.08,0.33404380083084106
bb8f4d52-31ba-40ec-a632-ae3f233897ff,0.0,0.13,0.2876942455768585
bb8f4d52-31ba-40ec-a632-ae3f233897ff,0.0,0.18000000000000002,0.23625002801418304
bb8f4d52-31ba-40ec-a632-ae3f233897ff,0.0,0.23,0.21156880259513855
bb8f4d52-31ba-40ec-a632-ae3f233897ff,0.01,0.03,0.19932328164577484
bb8f4d52-31ba-40ec-a632-ae3f233897ff,0.01,0.08,0.25676095485687256
bb8f4d52-31ba-40ec-a632-ae3f233897ff,0.01,0.13,0.20916242897510529
bb8f4d52-31ba-40ec-a632-ae3f233897ff,0.01,0.18000000000000002,0.17351892590522766
bb8f4d52-31ba-40ec-a632-ae3f233897ff,0.01,0.23,0.15911266207695007
bb8f4d52-31ba-40ec-a632-ae3f233897ff,0.02,0.03,0.2072511911392212
bb8f4d52-31ba-40ec-a632-ae3f233897ff,0.02,0.08,0.23470400273799896
bb8f4d52-31ba-40ec-a632-ae3f233897ff,0.02,0.13,0.17767496407032013
bb8f4d52-31ba-40ec-a632-ae3f233897ff,0.02,0.18000000000000002,0.15428787469863892
bb8f4d52-31ba-40ec-a632-ae3f233897ff,0.02,0.23,0.13849817216396332
bb8f4d52-31ba-40ec-a632-ae3f233897ff,0.03,0.03,0.20011194050312042
bb8f4d52-31ba-40ec-a632-ae3f233897ff,0.03,0.08,0.2055533528327942
bb8f4d52-31ba-40ec-a632-ae3f233897ff,0.03,0.13,0.15729016065597534
bb8f4d52-31ba-40ec-a632-ae3f233897ff,0.03,0.18000000000000002,0.13415634632110596
bb8f4d52-31ba-40ec-a632-ae3f233897ff,0.03,0.23,0.12327065318822861
bb8f4d52-31ba-40ec-a632-ae3f233897ff,0.04,0.03,0.18975506722927094
bb8f4d52-31ba-40ec-a632-ae3f233897ff,0.04,0.08,0.16622044146060944
bb8f4d52-31ba-40ec-a632-ae3f233897ff,0.05,0.03,0.1893755942583084
bb8f4d52-31ba-40ec-a632-ae3f233897ff,0.05,0.08,0.15169759094715118
bb8f4d52-31ba-40ec-a632-ae3f233897ff,0.05,0.13,0.11302802711725235
bb8f4d52-31ba-40ec-a632-ae3f233897ff,0.05,0.18000000000000002,0.09963773936033249
bb8f4d52-31ba-40ec-a632-ae3f233897ff,0.05,0.23,0.08976946771144867
bb8f4d52-31ba-40ec-a632-ae3f233897ff,0.1,0.03,0.05130527541041374
bb8f4d52-31ba-40ec-a632-ae3f233897ff,0.1,0.08,0.06524273753166199
bb8f4d52-31ba-40ec-a632-ae3f233897ff,0.1,0.13,0.06795956194400787
bb8f4d52-31ba-40ec-a632-ae3f233897ff,0.1,0.18000000000000002,0.06800143420696259
bb8f4d52-31ba-40ec-a632-ae3f233897ff,0.1,0.23,0.06600634008646011
bb8f4d52-31ba-40ec-a632-ae3f233897ff,0.15000000000000002,0.03,0.05155336484313011
bb8f4d52-31ba-40ec-a632-ae3f233897ff,0.15000000000000002,0.08,0.06614053249359131
bb8f4d52-31ba-40ec-a632-ae3f233897ff,0.15000000000000002,0.13,0.061830490827560425
bb8f4d52-31ba-40ec-a632-ae3f233897ff,0.15000000000000002,0.18000000000000002,0.0630287453532219
bb8f4d52-31ba-40ec-a632-ae3f233897ff,0.15000000000000002,0.23,0.060098797082901
bb8f4d52-31ba-40ec-a632-ae3f233897ff,0.2,0.03,0.04825814068317413
bb8f4d52-31ba-40ec-a632-ae3f233897ff,0.2,0.08,0.055132463574409485
bb8f4d52-31ba-40ec-a632-ae3f233897ff,0.2,0.13,0.05541568249464035
bb8f4d52-31ba-40ec-a632-ae3f233897ff,0.2,0.18000000000000002,0.05941866338253021
bb8f4d52-31ba-40ec-a632-ae3f233897ff,0.2,0.23,0.061119113117456436
bb8f4d52-31ba-40ec-a632-ae3f233897ff,0.25,0.03,0.04721126705408096
bb8f4d52-31ba-40ec-a632-ae3f233897ff,0.25,0.08,0.05449295789003372
bb8f4d52-31ba-40ec-a632-ae3f233897ff,0.25,0.13,0.06460829079151154
bb8f4d52-31ba-40ec-a632-ae3f233897ff,0.25,0.18000000000000002,0.06299722194671631
bb8f4d52-31ba-40ec-a632-ae3f233897ff,0.25,0.23,0.06297479569911957
bb8f4d52-31ba-40ec-a632-ae3f233897ff,0.30000000000000004,0.03,0.04954355210065842
bb8f4d52-31ba-40ec-a632-ae3f233897ff,0.30000000000000004,0.08,0.06303935497999191
bb8f4d52-31ba-40ec-a632-ae3f233897ff,0.30000000000000004,0.13,0.06046956405043602
bb8f4d52-31ba-40ec-a632-ae3f233897ff,0.30000000000000004,0.18000000000000002,0.0637543648481369
bb8f4d52-31ba-40ec-a632-ae3f233897ff,0.30000000000000004,0.23,0.06055577099323273
bba0d3ee-8a22-4588-a59e-9a21632d4f24,0.0,0.03,0.09491709619760513
bba0d3ee-8a22-4588-a59e-9a21632d4f24,0.0,0.08,0.10066826641559601
bba0d3ee-8a22-4588-a59e-9a21632d4f24,0.0,0.13,0.11568144708871841
bba0d3ee-8a22-4588-a59e-9a21632d4f24,0.0,0.18000000000000002,0.10779514163732529
bba0d3ee-8a22-4588-a59e-9a21632d4f24,0.0,0.23,0.10436742007732391
bba0d3ee-8a22-4588-a59e-9a21632d4f24,0.01,0.03,0.0854024738073349
bba0d3ee-8a22-4588-a59e-9a21632d4f24,0.01,0.08,0.09067092835903168
bba0d3ee-8a22-4588-a59e-9a21632d4f24,0.01,0.13,0.11338590085506439
bba0d3ee-8a22-4588-a59e-9a21632d4f24,0.01,0.18000000000000002,0.10801126062870026
bba0d3ee-8a22-4588-a59e-9a21632d4f24,0.01,0.23,0.1027468666434288
bba0d3ee-8a22-4588-a59e-9a21632d4f24,0.02,0.03,0.0854024738073349
bba0d3ee-8a22-4588-a59e-9a21632d4f24,0.02,0.08,0.1059325635433197
bba0d3ee-8a22-4588-a59e-9a21632d4f24,0.02,0.13,0.11338590085506439
bba0d3ee-8a22-4588-a59e-9a21632d4f24,0.02,0.18000000000000002,0.10691021382808685
bba0d3ee-8a22-4588-a59e-9a21632d4f24,0.02,0.23,0.1027468666434288
bba0d3ee-8a22-4588-a59e-9a21632d4f24,0.03,0.03,0.04968711733818054
bba0d3ee-8a22-4588-a59e-9a21632d4f24,0.03,0.08,0.07970117777585983
bba0d3ee-8a22-4588-a59e-9a21632d4f24,0.03,0.13,0.0834461897611618
bba0d3ee-8a22-4588-a59e-9a21632d4f24,0.03,0.18000000000000002,0.09264202415943146
bba0d3ee-8a22-4588-a59e-9a21632d4f24,0.03,0.23,0.08700508624315262
bba0d3ee-8a22-4588-a59e-9a21632d4f24,0.04,0.03,0.06448304653167725
bba0d3ee-8a22-4588-a59e-9a21632d4f24,0.04,0.08,0.0801137387752533
bba0d3ee-8a22-4588-a59e-9a21632d4f24,0.05,0.03,0.062085989862680435
bba0d3ee-8a22-4588-a59e-9a21632d4f24,0.05,0.08,0.09150592982769012
bba0d3ee-8a22-4588-a59e-9a21632d4f24,0.05,0.13,0.09220139682292938
bba0d3ee-8a22-4588-a59e-9a21632d4f24,0.05,0.18000000000000002,0.09013760089874268
bba0d3ee-8a22-4588-a59e-9a21632d4f24,0.05,0.23,0.08627431094646454
bba0d3ee-8a22-4588-a59e-9a21632d4f24,0.1,0.03,0.05360463634133339
bba0d3ee-8a22-4588-a59e-9a21632d4f24,0.1,0.08,0.07075253874063492
bba0d3ee-8a22-4588-a59e-9a21632d4f24,0.1,0.13,0.07027653604745865
bba0d3ee-8a22-4588-a59e-9a21632d4f24,0.1,0.18000000000000002,0.08656634390354156
bba0d3ee-8a22-4588-a59e-9a21632d4f24,0.1,0.23,0.1038920134305954
bba0d3ee-8a22-4588-a59e-9a21632d4f24,0.15000000000000002,0.03,0.05201403796672821
bba0d3ee-8a22-4588-a59e-9a21632d4f24,0.15000000000000002,0.08,0.06966742873191833
bba0d3ee-8a22-4588-a59e-9a21632d4f24,0.15000000000000002,0.13,0.08535396307706833
bba0d3ee-8a22-4588-a59e-9a21632d4f24,0.15000000000000002,0.18000000000000002,0.10844939202070236
bba0d3ee-8a22-4588-a59e-9a21632d4f24,0.15000000000000002,0.23,0.12170154601335526
bba0d3ee-8a22-4588-a59e-9a21632d4f24,0.2,0.03,0.06168026477098465
bba0d3ee-8a22-4588-a59e-9a21632d4f24,0.2,0.08,0.08307614177465439
bba0d3ee-8a22-4588-a59e-9a21632d4f24,0.2,0.13,0.11086626350879669
bba0d3ee-8a22-4588-a59e-9a21632d4f24,0.2,0.18000000000000002,0.12391126900911331
bba0d3ee-8a22-4588-a59e-9a21632d4f24,0.2,0.23,0.1275787651538849
bba0d3ee-8a22-4588-a59e-9a21632d4f24,0.25,0.03,0.06556481868028641
bba0d3ee-8a22-4588-a59e-9a21632d4f24,0.25,0.08,0.09829548001289368
bba0d3ee-8a22-4588-a59e-9a21632d4f24,0.25,0.13,0.11492884904146194
bba0d3ee-8a22-4588-a59e-9a21632d4f24,0.25,0.18000000000000002,0.11768041551113129
bba0d3ee-8a22-4588-a59e-9a21632d4f24,0.25,0.23,0.11434545367956161
bba0d3ee-8a22-4588-a59e-9a21632d4f24,0.30000000000000004,0.03,0.06682178378105164
bba0d3ee-8a22-4588-a59e-9a21632d4f24,0.30000000000000004,0.08,0.0770389512181282
bba0d3ee-8a22-4588-a59e-9a21632d4f24,0.30000000000000004,0.13,0.09009458124637604
bba0d3ee-8a22-4588-a59e-9a21632d4f24,0.30000000000000004,0.18000000000000002,0.09455076605081558
bba0d3ee-8a22-4588-a59e-9a21632d4f24,0.30000000000000004,0.23,0.09244105219841003
bbc203db-dece-47d0-afd4-500fae66fddb,0.0,0.03,0.0458897240459919
bbc203db-dece-47d0-afd4-500fae66fddb,0.0,0.08,0.06324978917837143
bbc203db-dece-47d0-afd4-500fae66fddb,0.0,0.13,0.07357995957136154
bbc203db-dece-47d0-afd4-500fae66fddb,0.0,0.18000000000000002,0.06799245625734329
bbc203db-dece-47d0-afd4-500fae66fddb,0.0,0.23,0.06109427288174629
bbc203db-dece-47d0-afd4-500fae66fddb,0.01,0.03,0.053280629217624664
bbc203db-dece-47d0-afd4-500fae66fddb,0.01,0.08,0.06060763821005821
bbc203db-dece-47d0-afd4-500fae66fddb,0.01,0.13,0.06786627322435379
bbc203db-dece-47d0-afd4-500fae66fddb,0.01,0.18000000000000002,0.06286285072565079
bbc203db-dece-47d0-afd4-500fae66fddb,0.01,0.23,0.06226092949509621
bbc203db-dece-47d0-afd4-500fae66fddb,0.02,0.03,0.049217965453863144
bbc203db-dece-47d0-afd4-500fae66fddb,0.02,0.08,0.06116494908928871
bbc203db-dece-47d0-afd4-500fae66fddb,0.02,0.13,0.06815702468156815
bbc203db-dece-47d0-afd4-500fae66fddb,0.02,0.18000000000000002,0.062275394797325134
bbc203db-dece-47d0-afd4-500fae66fddb,0.02,0.23,0.06288125365972519
bbc203db-dece-47d0-afd4-500fae66fddb,0.03,0.03,0.04878756403923035
bbc203db-dece-47d0-afd4-500fae66fddb,0.03,0.08,0.056555356830358505
bbc203db-dece-47d0-afd4-500fae66fddb,0.03,0.13,0.06586308032274246
bbc203db-dece-47d0-afd4-500fae66fddb,0.03,0.18000000000000002,0.06040417402982712
bbc203db-dece-47d0-afd4-500fae66fddb,0.03,0.23,0.06033351644873619
bbc203db-dece-47d0-afd4-500fae66fddb,0.04,0.03,0.04894721135497093
bbc203db-dece-47d0-afd4-500fae66fddb,0.04,0.08,0.059402063488960266
bbc203db-dece-47d0-afd4-500fae66fddb,0.05,0.03,0.04601201415061951
bbc203db-dece-47d0-afd4-500fae66fddb,0.05,0.08,0.06204674392938614
bbc203db-dece-47d0-afd4-500fae66fddb,0.05,0.13,0.06175629049539566
bbc203db-dece-47d0-afd4-500fae66fddb,0.05,0.18000000000000002,0.06272637844085693
bbc203db-dece-47d0-afd4-500fae66fddb,0.05,0.23,0.06597043573856354
bbc203db-dece-47d0-afd4-500fae66fddb,0.1,0.03,0.05000912398099899
bbc203db-dece-47d0-afd4-500fae66fddb,0.1,0.08,0.05871808901429176
bbc203db-dece-47d0-afd4-500fae66fddb,0.1,0.13,0.0689016655087471
bbc203db-dece-47d0-afd4-500fae66fddb,0.1,0.18000000000000002,0.07546181231737137
bbc203db-dece-47d0-afd4-500fae66fddb,0.1,0.23,0.07447798550128937
bbc203db-dece-47d0-afd4-500fae66fddb,0.15000000000000002,0.03,0.04944468289613724
bbc203db-dece-47d0-afd4-500fae66fddb,0.15000000000000002,0.08,0.06119239702820778
bbc203db-dece-47d0-afd4-500fae66fddb,0.15000000000000002,0.13,0.07437150925397873
bbc203db-dece-47d0-afd4-500fae66fddb,0.15000000000000002,0.18000000000000002,0.07193053513765335
bbc203db-dece-47d0-afd4-500fae66fddb,0.15000000000000002,0.23,0.06501255929470062
bbc203db-dece-47d0-afd4-500fae66fddb,0.2,0.03,0.05496596544981003
bbc203db-dece-47d0-afd4-500fae66fddb,0.2,0.08,0.06263303011655807
bbc203db-dece-47d0-afd4-500fae66fddb,0.2,0.13,0.06099622696638107
bbc203db-dece-47d0-afd4-500fae66fddb,0.2,0.18000000000000002,0.06683002412319183
bbc203db-dece-47d0-afd4-500fae66fddb,0.2,0.23,0.07060346007347107
bbc203db-dece-47d0-afd4-500fae66fddb,0.25,0.03,0.046660955995321274
bbc203db-dece-47d0-afd4-500fae66fddb,0.25,0.08,0.058511827141046524
bbc203db-dece-47d0-afd4-500fae66fddb,0.25,0.13,0.07083817571401596
bbc203db-dece-47d0-afd4-500fae66fddb,0.25,0.18000000000000002,0.06970398128032684
bbc203db-dece-47d0-afd4-500fae66fddb,0.25,0.23,0.06823289394378662
bbc203db-dece-47d0-afd4-500fae66fddb,0.30000000000000004,0.03,0.048506151884794235
bbc203db-dece-47d0-afd4-500fae66fddb,0.30000000000000004,0.08,0.0699511170387268
bbc203db-dece-47d0-afd4-500fae66fddb,0.30000000000000004,0.13,0.06714503467082977
bbc203db-dece-47d0-afd4-500fae66fddb,0.30000000000000004,0.18000000000000002,0.0630236342549324
bbc203db-dece-47d0-afd4-500fae66fddb,0.30000000000000004,0.23,0.06488274037837982
bc42b12a-2613-4aed-809e-85833adec339,0.0,0.03,0.04597076401114464
bc42b12a-2613-4aed-809e-85833adec339,0.0,0.08,0.07486364990472794
bc42b12a-2613-4aed-809e-85833adec339,0.0,0.13,0.07847874611616135
bc42b12a-2613-4aed-809e-85833adec339,0.0,0.18000000000000002,0.07644812762737274
bc42b12a-2613-4aed-809e-85833adec339,0.0,0.23,0.07703443616628647
bc42b12a-2613-4aed-809e-85833adec339,0.01,0.03,0.047843385487794876
bc42b12a-2613-4aed-809e-85833adec339,0.01,0.08,0.07672380656003952
bc42b12a-2613-4aed-809e-85833adec339,0.01,0.13,0.08297476917505264
bc42b12a-2613-4aed-809e-85833adec339,0.01,0.18000000000000002,0.07337989658117294
bc42b12a-2613-4aed-809e-85833adec339,0.01,0.23,0.07611512392759323
bc42b12a-2613-4aed-809e-85833adec339,0.02,0.03,0.04857506603002548
bc42b12a-2613-4aed-809e-85833adec339,0.02,0.08,0.07428867369890213
bc42b12a-2613-4aed-809e-85833adec339,0.02,0.13,0.08305689692497253
bc42b12a-2613-4aed-809e-85833adec339,0.02,0.18000000000000002,0.0815405547618866
bc42b12a-2613-4aed-809e-85833adec339,0.02,0.23,0.07851497083902359
bc42b12a-2613-4aed-809e-85833adec339,0.03,0.03,0.05842040479183197
bc42b12a-2613-4aed-809e-85833adec339,0.03,0.08,0.07584461569786072
bc42b12a-2613-4aed-809e-85833adec339,0.03,0.13,0.08182355016469955
bc42b12a-2613-4aed-809e-85833adec339,0.03,0.18000000000000002,0.08466752618551254
bc42b12a-2613-4aed-809e-85833adec339,0.03,0.23,0.08204303681850433
bc42b12a-2613-4aed-809e-85833adec339,0.04,0.03,0.05063556507229805
bc42b12a-2613-4aed-809e-85833adec339,0.04,0.08,0.07258546352386475
bc42b12a-2613-4aed-809e-85833adec339,0.05,0.03,0.04927751049399376
bc42b12a-2613-4aed-809e-85833adec339,0.05,0.08,0.07690665125846863
bc42b12a-2613-4aed-809e-85833adec339,0.05,0.13,0.09081835299730301
bc42b12a-2613-4aed-809e-85833adec339,0.05,0.18000000000000002,0.08491676300764084
bc42b12a-2613-4aed-809e-85833adec339,0.05,0.23,0.08408846706151962
bc42b12a-2613-4aed-809e-85833adec339,0.1,0.03,0.05789995566010475
bc42b12a-2613-4aed-809e-85833adec339,0.1,0.08,0.08828295022249222
bc42b12a-2613-4aed-809e-85833adec339,0.1,0.13,0.07535362243652344
bc42b12a-2613-4aed-809e-85833adec339,0.1,0.18000000000000002,0.07591752707958221
bc42b12a-2613-4aed-809e-85833adec339,0.1,0.23,0.07588053494691849
bc42b12a-2613-4aed-809e-85833adec339,0.15000000000000002,0.03,0.05352837219834328
bc42b12a-2613-4aed-809e-85833adec339,0.15000000000000002,0.08,0.05967143177986145
bc42b12a-2613-4aed-809e-85833adec339,0.15000000000000002,0.13,0.06879258155822754
bc42b12a-2613-4aed-809e-85833adec339,0.15000000000000002,0.18000000000000002,0.0772925317287445
bc42b12a-2613-4aed-809e-85833adec339,0.15000000000000002,0.23,0.07124930620193481
bc42b12a-2613-4aed-809e-85833adec339,0.2,0.03,0.05118289217352867
bc42b12a-2613-4aed-809e-85833adec339,0.2,0.08,0.06433653086423874
bc42b12a-2613-4aed-809e-85833adec339,0.2,0.13,0.07260734587907791
bc42b12a-2613-4aed-809e-85833adec339,0.2,0.18000000000000002,0.06441852450370789
bc42b12a-2613-4aed-809e-85833adec339,0.2,0.23,0.06688664853572845
bc42b12a-2613-4aed-809e-85833adec339,0.25,0.03,0.06165371462702751
bc42b12a-2613-4aed-809e-85833adec339,0.25,0.08,0.057957395911216736
bc42b12a-2613-4aed-809e-85833adec339,0.25,0.13,0.05915079265832901
bc42b12a-2613-4aed-809e-85833adec339,0.25,0.18000000000000002,0.06425271928310394
bc42b12a-2613-4aed-809e-85833adec339,0.25,0.23,0.061910230666399
bc42b12a-2613-4aed-809e-85833adec339,0.30000000000000004,0.03,0.04838807135820389
bc42b12a-2613-4aed-809e-85833adec339,0.30000000000000004,0.08,0.0530259907245636
bc42b12a-2613-4aed-809e-85833adec339,0.30000000000000004,0.13,0.06124159321188927
bc42b12a-2613-4aed-809e-85833adec339,0.30000000000000004,0.18000000000000002,0.05717923492193222
bc42b12a-2613-4aed-809e-85833adec339,0.30000000000000004,0.23,0.07379689067602158
bca3088c-3aaf-4433-94c1-d9aa87678181,0.0,0.03,0.09861890971660614
bca3088c-3aaf-4433-94c1-d9aa87678181,0.0,0.08,0.16164052486419678
bca3088c-3aaf-4433-94c1-d9aa87678181,0.0,0.13,0.18261907994747162
bca3088c-3aaf-4433-94c1-d9aa87678181,0.0,0.18000000000000002,0.16494415700435638
bca3088c-3aaf-4433-94c1-d9aa87678181,0.0,0.23,0.14372417330741882
bca3088c-3aaf-4433-94c1-d9aa87678181,0.01,0.03,0.10584479570388794
bca3088c-3aaf-4433-94c1-d9aa87678181,0.01,0.08,0.1636113077402115
bca3088c-3aaf-4433-94c1-d9aa87678181,0.01,0.13,0.16684603691101074
bca3088c-3aaf-4433-94c1-d9aa87678181,0.01,0.18000000000000002,0.14766035974025726
bca3088c-3aaf-4433-94c1-d9aa87678181,0.01,0.23,0.12782429158687592
bca3088c-3aaf-4433-94c1-d9aa87678181,0.02,0.03,0.11757912486791611
bca3088c-3aaf-4433-94c1-d9aa87678181,0.02,0.08,0.1664561629295349
bca3088c-3aaf-4433-94c1-d9aa87678181,0.02,0.13,0.16139180958271027
bca3088c-3aaf-4433-94c1-d9aa87678181,0.02,0.18000000000000002,0.14197751879692078
bca3088c-3aaf-4433-94c1-d9aa87678181,0.02,0.23,0.12108088284730911
bca3088c-3aaf-4433-94c1-d9aa87678181,0.03,0.03,0.12228524684906006
bca3088c-3aaf-4433-94c1-d9aa87678181,0.03,0.08,0.16518846154212952
bca3088c-3aaf-4433-94c1-d9aa87678181,0.03,0.13,0.156418576836586
bca3088c-3aaf-4433-94c1-d9aa87678181,0.03,0.18000000000000002,0.1338568478822708
bca3088c-3aaf-4433-94c1-d9aa87678181,0.03,0.23,0.11509360373020172
bca3088c-3aaf-4433-94c1-d9aa87678181,0.04,0.03,0.12912005186080933
bca3088c-3aaf-4433-94c1-d9aa87678181,0.04,0.08,0.162519633769989
bca3088c-3aaf-4433-94c1-d9aa87678181,0.05,0.03,0.14043551683425903
bca3088c-3aaf-4433-94c1-d9aa87678181,0.05,0.08,0.17202140390872955
bca3088c-3aaf-4433-94c1-d9aa87678181,0.05,0.13,0.1491345465183258
bca3088c-3aaf-4433-94c1-d9aa87678181,0.05,0.18000000000000002,0.12646862864494324
bca3088c-3aaf-4433-94c1-d9aa87678181,0.05,0.23,0.1063656136393547
bca3088c-3aaf-4433-94c1-d9aa87678181,0.1,0.03,0.11054406315088272
bca3088c-3aaf-4433-94c1-d9aa87678181,0.1,0.08,0.10260989516973495
bca3088c-3aaf-4433-94c1-d9aa87678181,0.1,0.13,0.08488143980503082
bca3088c-3aaf-4433-94c1-d9aa87678181,0.1,0.18000000000000002,0.07801949977874756
bca3088c-3aaf-4433-94c1-d9aa87678181,0.1,0.23,0.08045029640197754
bca3088c-3aaf-4433-94c1-d9aa87678181,0.15000000000000002,0.03,0.06046869978308678
bca3088c-3aaf-4433-94c1-d9aa87678181,0.15000000000000002,0.08,0.06727481633424759
bca3088c-3aaf-4433-94c1-d9aa87678181,0.15000000000000002,0.13,0.08180646598339081
bca3088c-3aaf-4433-94c1-d9aa87678181,0.15000000000000002,0.18000000000000002,0.08004216104745865
bca3088c-3aaf-4433-94c1-d9aa87678181,0.15000000000000002,0.23,0.08341149985790253
bca3088c-3aaf-4433-94c1-d9aa87678181,0.2,0.03,0.06181854009628296
bca3088c-3aaf-4433-94c1-d9aa87678181,0.2,0.08,0.08526727557182312
bca3088c-3aaf-4433-94c1-d9aa87678181,0.2,0.13,0.08123002201318741
bca3088c-3aaf-4433-94c1-d9aa87678181,0.2,0.18000000000000002,0.08411610871553421
bca3088c-3aaf-4433-94c1-d9aa87678181,0.2,0.23,0.08601593971252441
bca3088c-3aaf-4433-94c1-d9aa87678181,0.25,0.03,0.06415189802646637
bca3088c-3aaf-4433-94c1-d9aa87678181,0.25,0.08,0.06368527561426163
bca3088c-3aaf-4433-94c1-d9aa87678181,0.25,0.13,0.07339752465486526
bca3088c-3aaf-4433-94c1-d9aa87678181,0.25,0.18000000000000002,0.07769086211919785
bca3088c-3aaf-4433-94c1-d9aa87678181,0.25,0.23,0.07935275882482529
bca3088c-3aaf-4433-94c1-d9aa87678181,0.30000000000000004,0.03,0.05589061975479126
bca3088c-3aaf-4433-94c1-d9aa87678181,0.30000000000000004,0.08,0.06495702266693115
bca3088c-3aaf-4433-94c1-d9aa87678181,0.30000000000000004,0.13,0.07088158279657364
bca3088c-3aaf-4433-94c1-d9aa87678181,0.30000000000000004,0.18000000000000002,0.07286752760410309
bca3088c-3aaf-4433-94c1-d9aa87678181,0.30000000000000004,0.23,0.07301364839076996
bd3c556a-209d-490b-b6b8-eb84c70fdb1e,0.0,0.03,0.05434851720929146
bd3c556a-209d-490b-b6b8-eb84c70fdb1e,0.0,0.08,0.05644115060567856
bd3c556a-209d-490b-b6b8-eb84c70fdb1e,0.0,0.13,0.06162261217832565
bd3c556a-209d-490b-b6b8-eb84c70fdb1e,0.0,0.18000000000000002,0.07037284970283508
bd3c556a-209d-490b-b6b8-eb84c70fdb1e,0.0,0.23,0.07807956635951996
bd3c556a-209d-490b-b6b8-eb84c70fdb1e,0.01,0.03,0.048401668667793274
bd3c556a-209d-490b-b6b8-eb84c70fdb1e,0.01,0.08,0.05524246767163277
bd3c556a-209d-490b-b6b8-eb84c70fdb1e,0.01,0.13,0.058686185628175735
bd3c556a-209d-490b-b6b8-eb84c70fdb1e,0.01,0.18000000000000002,0.06882859766483307
bd3c556a-209d-490b-b6b8-eb84c70fdb1e,0.01,0.23,0.06942356377840042
bd3c556a-209d-490b-b6b8-eb84c70fdb1e,0.02,0.03,0.04604783654212952
bd3c556a-209d-490b-b6b8-eb84c70fdb1e,0.02,0.08,0.052535366266965866
bd3c556a-209d-490b-b6b8-eb84c70fdb1e,0.02,0.13,0.061615485697984695
bd3c556a-209d-490b-b6b8-eb84c70fdb1e,0.02,0.18000000000000002,0.06925098598003387
bd3c556a-209d-490b-b6b8-eb84c70fdb1e,0.02,0.23,0.07437179237604141
bd3c556a-209d-490b-b6b8-eb84c70fdb1e,0.03,0.03,0.04807085916399956
bd3c556a-209d-490b-b6b8-eb84c70fdb1e,0.03,0.08,0.05360285937786102
bd3c556a-209d-490b-b6b8-eb84c70fdb1e,0.03,0.13,0.07047993689775467
bd3c556a-209d-490b-b6b8-eb84c70fdb1e,0.03,0.18000000000000002,0.07266822457313538
bd3c556a-209d-490b-b6b8-eb84c70fdb1e,0.03,0.23,0.07699454575777054
bd3c556a-209d-490b-b6b8-eb84c70fdb1e,0.04,0.03,0.04410406947135925
bd3c556a-209d-490b-b6b8-eb84c70fdb1e,0.04,0.08,0.05320044979453087
bd3c556a-209d-490b-b6b8-eb84c70fdb1e,0.05,0.03,0.04815894365310669
bd3c556a-209d-490b-b6b8-eb84c70fdb1e,0.05,0.08,0.05320530757308006
bd3c556a-209d-490b-b6b8-eb84c70fdb1e,0.05,0.13,0.06395911425352097
bd3c556a-209d-490b-b6b8-eb84c70fdb1e,0.05,0.18000000000000002,0.07227429747581482
bd3c556a-209d-490b-b6b8-eb84c70fdb1e,0.05,0.23,0.06754419952630997
bd3c556a-209d-490b-b6b8-eb84c70fdb1e,0.1,0.03,0.049362603574991226
bd3c556a-209d-490b-b6b8-eb84c70fdb1e,0.1,0.08,0.05909557268023491
bd3c556a-209d-490b-b6b8-eb84c70fdb1e,0.1,0.13,0.06971555948257446
bd3c556a-209d-490b-b6b8-eb84c70fdb1e,0.1,0.18000000000000002,0.06770560145378113
bd3c556a-209d-490b-b6b8-eb84c70fdb1e,0.1,0.23,0.07754024118185043
bd3c556a-209d-490b-b6b8-eb84c70fdb1e,0.15000000000000002,0.03,0.044233694672584534
bd3c556a-209d-490b-b6b8-eb84c70fdb1e,0.15000000000000002,0.08,0.05344763398170471
bd3c556a-209d-490b-b6b8-eb84c70fdb1e,0.15000000000000002,0.13,0.07442773133516312
bd3c556a-209d-490b-b6b8-eb84c70fdb1e,0.15000000000000002,0.18000000000000002,0.08318169414997101
bd3c556a-209d-490b-b6b8-eb84c70fdb1e,0.15000000000000002,0.23,0.08927972614765167
bd3c556a-209d-490b-b6b8-eb84c70fdb1e,0.2,0.03,0.04551829770207405
bd3c556a-209d-490b-b6b8-eb84c70fdb1e,0.2,0.08,0.06830928474664688
bd3c556a-209d-490b-b6b8-eb84c70fdb1e,0.2,0.13,0.07639002054929733
bd3c556a-209d-490b-b6b8-eb84c70fdb1e,0.2,0.18000000000000002,0.08579213172197342
bd3c556a-209d-490b-b6b8-eb84c70fdb1e,0.2,0.23,0.08680877089500427
bd3c556a-209d-490b-b6b8-eb84c70fdb1e,0.25,0.03,0.049613188952207565
bd3c556a-209d-490b-b6b8-eb84c70fdb1e,0.25,0.08,0.07520082592964172
bd3c556a-209d-490b-b6b8-eb84c70fdb1e,0.25,0.13,0.0840999186038971
bd3c556a-209d-490b-b6b8-eb84c70fdb1e,0.25,0.18000000000000002,0.0813489556312561
bd3c556a-209d-490b-b6b8-eb84c70fdb1e,0.25,0.23,0.08071739226579666
bd3c556a-209d-490b-b6b8-eb84c70fdb1e,0.30000000000000004,0.03,0.04740389063954353
bd3c556a-209d-490b-b6b8-eb84c70fdb1e,0.30000000000000004,0.08,0.062317050993442535
bd3c556a-209d-490b-b6b8-eb84c70fdb1e,0.30000000000000004,0.13,0.06412830203771591
bd3c556a-209d-490b-b6b8-eb84c70fdb1e,0.30000000000000004,0.18000000000000002,0.06744899600744247
bd3c556a-209d-490b-b6b8-eb84c70fdb1e,0.30000000000000004,0.23,0.06311332434415817
bd5d06d8-482e-43e4-bd4b-b21210a729fa,0.0,0.03,0.056514859199523926
bd5d06d8-482e-43e4-bd4b-b21210a729fa,0.0,0.08,0.07194159179925919
bd5d06d8-482e-43e4-bd4b-b21210a729fa,0.0,0.13,0.0892852172255516
bd5d06d8-482e-43e4-bd4b-b21210a729fa,0.0,0.18000000000000002,0.09024789929389954
bd5d06d8-482e-43e4-bd4b-b21210a729fa,0.0,0.23,0.07990095764398575
bd5d06d8-482e-43e4-bd4b-b21210a729fa,0.01,0.03,0.055725887417793274
bd5d06d8-482e-43e4-bd4b-b21210a729fa,0.01,0.08,0.06984113156795502
bd5d06d8-482e-43e4-bd4b-b21210a729fa,0.01,0.13,0.09525591880083084
bd5d06d8-482e-43e4-bd4b-b21210a729fa,0.01,0.18000000000000002,0.09286144375801086
bd5d06d8-482e-43e4-bd4b-b21210a729fa,0.01,0.23,0.08243836462497711
bd5d06d8-482e-43e4-bd4b-b21210a729fa,0.02,0.03,0.061904072761535645
bd5d06d8-482e-43e4-bd4b-b21210a729fa,0.02,0.08,0.09268809109926224
bd5d06d8-482e-43e4-bd4b-b21210a729fa,0.02,0.13,0.10301805287599564
bd5d06d8-482e-43e4-bd4b-b21210a729fa,0.02,0.18000000000000002,0.09613872319459915
bd5d06d8-482e-43e4-bd4b-b21210a729fa,0.02,0.23,0.08424840122461319
bd5d06d8-482e-43e4-bd4b-b21210a729fa,0.03,0.03,0.06101766601204872
bd5d06d8-482e-43e4-bd4b-b21210a729fa,0.03,0.08,0.0959278792142868
bd5d06d8-482e-43e4-bd4b-b21210a729fa,0.03,0.13,0.10281015187501907
bd5d06d8-482e-43e4-bd4b-b21210a729fa,0.03,0.18000000000000002,0.0945783331990242
bd5d06d8-482e-43e4-bd4b-b21210a729fa,0.03,0.23,0.08165322989225388
bd5d06d8-482e-43e4-bd4b-b21210a729fa,0.04,0.03,0.0553564615547657
bd5d06d8-482e-43e4-bd4b-b21210a729fa,0.04,0.08,0.10209236294031143
bd5d06d8-482e-43e4-bd4b-b21210a729fa,0.05,0.03,0.07563310861587524
bd5d06d8-482e-43e4-bd4b-b21210a729fa,0.05,0.08,0.1058020293712616
bd5d06d8-482e-43e4-bd4b-b21210a729fa,0.05,0.13,0.10045329481363297
bd5d06d8-482e-43e4-bd4b-b21210a729fa,0.05,0.18000000000000002,0.0844591036438942
bd5d06d8-482e-43e4-bd4b-b21210a729fa,0.05,0.23,0.07582660764455795
bd5d06d8-482e-43e4-bd4b-b21210a729fa,0.1,0.03,0.07796622067689896
bd5d06d8-482e-43e4-bd4b-b21210a729fa,0.1,0.08,0.08529805392026901
bd5d06d8-482e-43e4-bd4b-b21210a729fa,0.1,0.13,0.07302694767713547
bd5d06d8-482e-43e4-bd4b-b21210a729fa,0.1,0.18000000000000002,0.0743410736322403
bd5d06d8-482e-43e4-bd4b-b21210a729fa,0.1,0.23,0.06865965574979782
bd5d06d8-482e-43e4-bd4b-b21210a729fa,0.15000000000000002,0.03,0.049782827496528625
bd5d06d8-482e-43e4-bd4b-b21210a729fa,0.15000000000000002,0.08,0.07036317139863968
bd5d06d8-482e-43e4-bd4b-b21210a729fa,0.15000000000000002,0.13,0.07149545848369598
bd5d06d8-482e-43e4-bd4b-b21210a729fa,0.15000000000000002,0.18000000000000002,0.0647972896695137
bd5d06d8-482e-43e4-bd4b-b21210a729fa,0.15000000000000002,0.23,0.062469881027936935
bd5d06d8-482e-43e4-bd4b-b21210a729fa,0.2,0.03,0.05659587308764458
bd5d06d8-482e-43e4-bd4b-b21210a729fa,0.2,0.08,0.05969011411070824
bd5d06d8-482e-43e4-bd4b-b21210a729fa,0.2,0.13,0.06163188815116882
bd5d06d8-482e-43e4-bd4b-b21210a729fa,0.2,0.18000000000000002,0.06532816588878632
bd5d06d8-482e-43e4-bd4b-b21210a729fa,0.2,0.23,0.06964240968227386
bd5d06d8-482e-43e4-bd4b-b21210a729fa,0.25,0.03,0.054523974657058716
bd5d06d8-482e-43e4-bd4b-b21210a729fa,0.25,0.08,0.06539253890514374
bd5d06d8-482e-43e4-bd4b-b21210a729fa,0.25,0.13,0.06658861041069031
bd5d06d8-482e-43e4-bd4b-b21210a729fa,0.25,0.18000000000000002,0.07080848515033722
bd5d06d8-482e-43e4-bd4b-b21210a729fa,0.25,0.23,0.07104386389255524
bd5d06d8-482e-43e4-bd4b-b21210a729fa,0.30000000000000004,0.03,0.050200849771499634
bd5d06d8-482e-43e4-bd4b-b21210a729fa,0.30000000000000004,0.08,0.06112928315997124
bd5d06d8-482e-43e4-bd4b-b21210a729fa,0.30000000000000004,0.13,0.06882026791572571
bd5d06d8-482e-43e4-bd4b-b21210a729fa,0.30000000000000004,0.18000000000000002,0.06871442496776581
bd5d06d8-482e-43e4-bd4b-b21210a729fa,0.30000000000000004,0.23,0.0697999894618988
bdd5bfae-fc36-4f4d-aac3-b9f07523e0c1,0.0,0.03,0.04518267884850502
bdd5bfae-fc36-4f4d-aac3-b9f07523e0c1,0.0,0.08,0.06151514872908592
bdd5bfae-fc36-4f4d-aac3-b9f07523e0c1,0.0,0.13,0.06997658312320709
bdd5bfae-fc36-4f4d-aac3-b9f07523e0c1,0.0,0.18000000000000002,0.07134594023227692
bdd5bfae-fc36-4f4d-aac3-b9f07523e0c1,0.0,0.23,0.07107702642679214
bdd5bfae-fc36-4f4d-aac3-b9f07523e0c1,0.01,0.03,0.05054299160838127
bdd5bfae-fc36-4f4d-aac3-b9f07523e0c1,0.01,0.08,0.06697019934654236
bdd5bfae-fc36-4f4d-aac3-b9f07523e0c1,0.01,0.13,0.06919809430837631
bdd5bfae-fc36-4f4d-aac3-b9f07523e0c1,0.01,0.18000000000000002,0.0690280869603157
bdd5bfae-fc36-4f4d-aac3-b9f07523e0c1,0.01,0.23,0.07062112540006638
bdd5bfae-fc36-4f4d-aac3-b9f07523e0c1,0.02,0.03,0.047447096556425095
bdd5bfae-fc36-4f4d-aac3-b9f07523e0c1,0.02,0.08,0.058759622275829315
bdd5bfae-fc36-4f4d-aac3-b9f07523e0c1,0.02,0.13,0.06418117135763168
bdd5bfae-fc36-4f4d-aac3-b9f07523e0c1,0.02,0.18000000000000002,0.06784678250551224
bdd5bfae-fc36-4f4d-aac3-b9f07523e0c1,0.02,0.23,0.07182828336954117
bdd5bfae-fc36-4f4d-aac3-b9f07523e0c1,0.03,0.03,0.046823058277368546
bdd5bfae-fc36-4f4d-aac3-b9f07523e0c1,0.03,0.08,0.05912555754184723
bdd5bfae-fc36-4f4d-aac3-b9f07523e0c1,0.03,0.13,0.06496459245681763
bdd5bfae-fc36-4f4d-aac3-b9f07523e0c1,0.03,0.18000000000000002,0.0676455944776535
bdd5bfae-fc36-4f4d-aac3-b9f07523e0c1,0.03,0.23,0.07264357805252075
bdd5bfae-fc36-4f4d-aac3-b9f07523e0c1,0.04,0.03,0.048280972987413406
bdd5bfae-fc36-4f4d-aac3-b9f07523e0c1,0.04,0.08,0.058633338660001755
bdd5bfae-fc36-4f4d-aac3-b9f07523e0c1,0.05,0.03,0.05019950121641159
bdd5bfae-fc36-4f4d-aac3-b9f07523e0c1,0.05,0.08,0.060019541531801224
bdd5bfae-fc36-4f4d-aac3-b9f07523e0c1,0.05,0.13,0.06438080966472626
bdd5bfae-fc36-4f4d-aac3-b9f07523e0c1,0.05,0.18000000000000002,0.07563705742359161
bdd5bfae-fc36-4f4d-aac3-b9f07523e0c1,0.05,0.23,0.08284696191549301
bdd5bfae-fc36-4f4d-aac3-b9f07523e0c1,0.1,0.03,0.056633103638887405
bdd5bfae-fc36-4f4d-aac3-b9f07523e0c1,0.1,0.08,0.06716440618038177
bdd5bfae-fc36-4f4d-aac3-b9f07523e0c1,0.1,0.13,0.07440716028213501
bdd5bfae-fc36-4f4d-aac3-b9f07523e0c1,0.1,0.18000000000000002,0.08164720237255096
bdd5bfae-fc36-4f4d-aac3-b9f07523e0c1,0.1,0.23,0.09020353108644485
bdd5bfae-fc36-4f4d-aac3-b9f07523e0c1,0.15000000000000002,0.03,0.054315827786922455
bdd5bfae-fc36-4f4d-aac3-b9f07523e0c1,0.15000000000000002,0.08,0.05579936131834984
bdd5bfae-fc36-4f4d-aac3-b9f07523e0c1,0.15000000000000002,0.13,0.06461460888385773
bdd5bfae-fc36-4f4d-aac3-b9f07523e0c1,0.15000000000000002,0.18000000000000002,0.0746031329035759
bdd5bfae-fc36-4f4d-aac3-b9f07523e0c1,0.15000000000000002,0.23,0.06865435093641281
bdd5bfae-fc36-4f4d-aac3-b9f07523e0c1,0.2,0.03,0.044843316078186035
bdd5bfae-fc36-4f4d-aac3-b9f07523e0c1,0.2,0.08,0.058890100568532944
bdd5bfae-fc36-4f4d-aac3-b9f07523e0c1,0.2,0.13,0.06424025446176529
bdd5bfae-fc36-4f4d-aac3-b9f07523e0c1,0.2,0.18000000000000002,0.07539113610982895
bdd5bfae-fc36-4f4d-aac3-b9f07523e0c1,0.2,0.23,0.07996834069490433
bdd5bfae-fc36-4f4d-aac3-b9f07523e0c1,0.25,0.03,0.049365025013685226
bdd5bfae-fc36-4f4d-aac3-b9f07523e0c1,0.25,0.08,0.06544940173625946
bdd5bfae-fc36-4f4d-aac3-b9f07523e0c1,0.25,0.13,0.0724184438586235
bdd5bfae-fc36-4f4d-aac3-b9f07523e0c1,0.25,0.18000000000000002,0.07720527797937393
bdd5bfae-fc36-4f4d-aac3-b9f07523e0c1,0.25,0.23,0.07414163649082184
bdd5bfae-fc36-4f4d-aac3-b9f07523e0c1,0.30000000000000004,0.03,0.04685799032449722
bdd5bfae-fc36-4f4d-aac3-b9f07523e0c1,0.30000000000000004,0.08,0.05846278369426727
bdd5bfae-fc36-4f4d-aac3-b9f07523e0c1,0.30000000000000004,0.13,0.06962540745735168
bdd5bfae-fc36-4f4d-aac3-b9f07523e0c1,0.30000000000000004,0.18000000000000002,0.06667095422744751
bdd5bfae-fc36-4f4d-aac3-b9f07523e0c1,0.30000000000000004,0.23,0.06507527083158493
bde9a961-8cf4-4772-a884-85928837db03,0.0,0.03,0.14189399778842926
bde9a961-8cf4-4772-a884-85928837db03,0.0,0.08,0.18994152545928955
bde9a961-8cf4-4772-a884-85928837db03,0.0,0.13,0.1725625842809677
bde9a961-8cf4-4772-a884-85928837db03,0.0,0.18000000000000002,0.16265368461608887
bde9a961-8cf4-4772-a884-85928837db03,0.0,0.23,0.1509101390838623
bde9a961-8cf4-4772-a884-85928837db03,0.01,0.03,0.14715363085269928
bde9a961-8cf4-4772-a884-85928837db03,0.01,0.08,0.17305932939052582
bde9a961-8cf4-4772-a884-85928837db03,0.01,0.13,0.1471916139125824
bde9a961-8cf4-4772-a884-85928837db03,0.01,0.18000000000000002,0.13791127502918243
bde9a961-8cf4-4772-a884-85928837db03,0.01,0.23,0.13612402975559235
bde9a961-8cf4-4772-a884-85928837db03,0.02,0.03,0.14546403288841248
bde9a961-8cf4-4772-a884-85928837db03,0.02,0.08,0.1547553390264511
bde9a961-8cf4-4772-a884-85928837db03,0.02,0.13,0.13793697953224182
bde9a961-8cf4-4772-a884-85928837db03,0.02,0.18000000000000002,0.12909981608390808
bde9a961-8cf4-4772-a884-85928837db03,0.02,0.23,0.1275465488433838
bde9a961-8cf4-4772-a884-85928837db03,0.03,0.03,0.13603951036930084
bde9a961-8cf4-4772-a884-85928837db03,0.03,0.08,0.1347348392009735
bde9a961-8cf4-4772-a884-85928837db03,0.03,0.13,0.1251651793718338
bde9a961-8cf4-4772-a884-85928837db03,0.03,0.18000000000000002,0.12170678377151489
bde9a961-8cf4-4772-a884-85928837db03,0.03,0.23,0.11883198469877243
bde9a961-8cf4-4772-a884-85928837db03,0.04,0.03,0.11208900809288025
bde9a961-8cf4-4772-a884-85928837db03,0.04,0.08,0.12200379371643066
bde9a961-8cf4-4772-a884-85928837db03,0.05,0.03,0.12048830837011337
bde9a961-8cf4-4772-a884-85928837db03,0.05,0.08,0.11688489466905594
bde9a961-8cf4-4772-a884-85928837db03,0.05,0.13,0.11380769312381744
bde9a961-8cf4-4772-a884-85928837db03,0.05,0.18000000000000002,0.10647101700305939
bde9a961-8cf4-4772-a884-85928837db03,0.05,0.23,0.09996652603149414
bde9a961-8cf4-4772-a884-85928837db03,0.1,0.03,0.0647977665066719
bde9a961-8cf4-4772-a884-85928837db03,0.1,0.08,0.07591389864683151
bde9a961-8cf4-4772-a884-85928837db03,0.1,0.13,0.07807622104883194
bde9a961-8cf4-4772-a884-85928837db03,0.1,0.18000000000000002,0.07778692245483398
bde9a961-8cf4-4772-a884-85928837db03,0.1,0.23,0.07133209705352783
bde9a961-8cf4-4772-a884-85928837db03,0.15000000000000002,0.03,0.050340913236141205
bde9a961-8cf4-4772-a884-85928837db03,0.15000000000000002,0.08,0.06561057269573212
bde9a961-8cf4-4772-a884-85928837db03,0.15000000000000002,0.13,0.07207667827606201
bde9a961-8cf4-4772-a884-85928837db03,0.15000000000000002,0.18000000000000002,0.06530535966157913
bde9a961-8cf4-4772-a884-85928837db03,0.15000000000000002,0.23,0.06324540078639984
bde9a961-8cf4-4772-a884-85928837db03,0.2,0.03,0.05355408415198326
bde9a961-8cf4-4772-a884-85928837db03,0.2,0.08,0.065160371363163
bde9a961-8cf4-4772-a884-85928837db03,0.2,0.13,0.06280284374952316
bde9a961-8cf4-4772-a884-85928837db03,0.2,0.18000000000000002,0.06999890506267548
bde9a961-8cf4-4772-a884-85928837db03,0.2,0.23,0.06663582473993301
bde9a961-8cf4-4772-a884-85928837db03,0.25,0.03,0.04673321545124054
bde9a961-8cf4-4772-a884-85928837db03,0.25,0.08,0.058698881417512894
bde9a961-8cf4-4772-a884-85928837db03,0.25,0.13,0.06556331366300583
bde9a961-8cf4-4772-a884-85928837db03,0.25,0.18000000000000002,0.06372064352035522
bde9a961-8cf4-4772-a884-85928837db03,0.25,0.23,0.06446808576583862
bde9a961-8cf4-4772-a884-85928837db03,0.30000000000000004,0.03,0.048991668969392776
bde9a961-8cf4-4772-a884-85928837db03,0.30000000000000004,0.08,0.06445617973804474
bde9a961-8cf4-4772-a884-85928837db03,0.30000000000000004,0.13,0.06252286583185196
bde9a961-8cf4-4772-a884-85928837db03,0.30000000000000004,0.18000000000000002,0.06439483910799026
bde9a961-8cf4-4772-a884-85928837db03,0.30000000000000004,0.23,0.06672654300928116
becb5716-feeb-461b-850b-ddda797428ab,0.0,0.03,0.12511494755744934
becb5716-feeb-461b-850b-ddda797428ab,0.0,0.08,0.1737828403711319
becb5716-feeb-461b-850b-ddda797428ab,0.0,0.13,0.15586303174495697
becb5716-feeb-461b-850b-ddda797428ab,0.0,0.18000000000000002,0.11476351320743561
becb5716-feeb-461b-850b-ddda797428ab,0.0,0.23,0.09853437542915344
becb5716-feeb-461b-850b-ddda797428ab,0.01,0.03,0.11598046869039536
becb5716-feeb-461b-850b-ddda797428ab,0.01,0.08,0.13630273938179016
becb5716-feeb-461b-850b-ddda797428ab,0.01,0.13,0.10811585932970047
becb5716-feeb-461b-850b-ddda797428ab,0.01,0.18000000000000002,0.09988629072904587
becb5716-feeb-461b-850b-ddda797428ab,0.01,0.23,0.094974584877491
becb5716-feeb-461b-850b-ddda797428ab,0.02,0.03,0.11007720977067947
becb5716-feeb-461b-850b-ddda797428ab,0.02,0.08,0.12425613403320312
becb5716-feeb-461b-850b-ddda797428ab,0.02,0.13,0.10036063939332962
becb5716-feeb-461b-850b-ddda797428ab,0.02,0.18000000000000002,0.09146305918693542
becb5716-feeb-461b-850b-ddda797428ab,0.02,0.23,0.08747507631778717
becb5716-feeb-461b-850b-ddda797428ab,0.03,0.03,0.11643311381340027
becb5716-feeb-461b-850b-ddda797428ab,0.03,0.08,0.10332558304071426
becb5716-feeb-461b-850b-ddda797428ab,0.03,0.13,0.09035827219486237
becb5716-feeb-461b-850b-ddda797428ab,0.03,0.18000000000000002,0.08116047084331512
becb5716-feeb-461b-850b-ddda797428ab,0.03,0.23,0.07720314711332321
becb5716-feeb-461b-850b-ddda797428ab,0.04,0.03,0.0836075097322464
becb5716-feeb-461b-850b-ddda797428ab,0.04,0.08,0.08463118970394135
becb5716-feeb-461b-850b-ddda797428ab,0.05,0.03,0.08645254373550415
becb5716-feeb-461b-850b-ddda797428ab,0.05,0.08,0.08666812628507614
becb5716-feeb-461b-850b-ddda797428ab,0.05,0.13,0.06304845958948135
becb5716-feeb-461b-850b-ddda797428ab,0.05,0.18000000000000002,0.06468597054481506
becb5716-feeb-461b-850b-ddda797428ab,0.05,0.23,0.06999409198760986
becb5716-feeb-461b-850b-ddda797428ab,0.1,0.03,0.047278307378292084
becb5716-feeb-461b-850b-ddda797428ab,0.1,0.08,0.06121593341231346
becb5716-feeb-461b-850b-ddda797428ab,0.1,0.13,0.0638078972697258
becb5716-feeb-461b-850b-ddda797428ab,0.1,0.18000000000000002,0.07024937123060226
becb5716-feeb-461b-850b-ddda797428ab,0.1,0.23,0.08192022144794464
becb5716-feeb-461b-850b-ddda797428ab,0.15000000000000002,0.03,0.04685450345277786
becb5716-feeb-461b-850b-ddda797428ab,0.15000000000000002,0.08,0.05617392808198929
becb5716-feeb-461b-850b-ddda797428ab,0.15000000000000002,0.13,0.06366236507892609
becb5716-feeb-461b-850b-ddda797428ab,0.15000000000000002,0.18000000000000002,0.07584831863641739
becb5716-feeb-461b-850b-ddda797428ab,0.15000000000000002,0.23,0.07538655400276184
becb5716-feeb-461b-850b-ddda797428ab,0.2,0.03,0.05521167814731598
becb5716-feeb-461b-850b-ddda797428ab,0.2,0.08,0.06504806876182556
becb5716-feeb-461b-850b-ddda797428ab,0.2,0.13,0.07152412831783295
becb5716-feeb-461b-850b-ddda797428ab,0.2,0.18000000000000002,0.07885514944791794
becb5716-feeb-461b-850b-ddda797428ab,0.2,0.23,0.07015441358089447
becb5716-feeb-461b-850b-ddda797428ab,0.25,0.03,0.04942861571907997
becb5716-feeb-461b-850b-ddda797428ab,0.25,0.08,0.06051674112677574
becb5716-feeb-461b-850b-ddda797428ab,0.25,0.13,0.06760439276695251
becb5716-feeb-461b-850b-ddda797428ab,0.25,0.18000000000000002,0.06534580141305923
becb5716-feeb-461b-850b-ddda797428ab,0.25,0.23,0.06728887557983398
becb5716-feeb-461b-850b-ddda797428ab,0.30000000000000004,0.03,0.0462009571492672
becb5716-feeb-461b-850b-ddda797428ab,0.30000000000000004,0.08,0.057080816477537155
becb5716-feeb-461b-850b-ddda797428ab,0.30000000000000004,0.13,0.06578237563371658
becb5716-feeb-461b-850b-ddda797428ab,0.30000000000000004,0.18000000000000002,0.07095921784639359
becb5716-feeb-461b-850b-ddda797428ab,0.30000000000000004,0.23,0.06726215034723282
bf030711-32fa-4d42-ae39-8721025b7111,0.0,0.03,0.2602848708629608
bf030711-32fa-4d42-ae39-8721025b7111,0.0,0.08,0.4202965497970581
bf030711-32fa-4d42-ae39-8721025b7111,0.0,0.13,0.39305296540260315
bf030711-32fa-4d42-ae39-8721025b7111,0.0,0.18000000000000002,0.3335723876953125
bf030711-32fa-4d42-ae39-8721025b7111,0.0,0.23,0.29172003269195557
bf030711-32fa-4d42-ae39-8721025b7111,0.01,0.03,0.2955876886844635
bf030711-32fa-4d42-ae39-8721025b7111,0.01,0.08,0.41663798689842224
bf030711-32fa-4d42-ae39-8721025b7111,0.01,0.13,0.36035099625587463
bf030711-32fa-4d42-ae39-8721025b7111,0.01,0.18000000000000002,0.3045828938484192
bf030711-32fa-4d42-ae39-8721025b7111,0.01,0.23,0.26227983832359314
bf030711-32fa-4d42-ae39-8721025b7111,0.02,0.03,0.34037473797798157
bf030711-32fa-4d42-ae39-8721025b7111,0.02,0.08,0.4046995937824249
bf030711-32fa-4d42-ae39-8721025b7111,0.02,0.13,0.3423154950141907
bf030711-32fa-4d42-ae39-8721025b7111,0.02,0.18000000000000002,0.28508469462394714
bf030711-32fa-4d42-ae39-8721025b7111,0.02,0.23,0.2499261498451233
bf030711-32fa-4d42-ae39-8721025b7111,0.03,0.03,0.35305845737457275
bf030711-32fa-4d42-ae39-8721025b7111,0.03,0.08,0.3736998736858368
bf030711-32fa-4d42-ae39-8721025b7111,0.03,0.13,0.3140835464000702
bf030711-32fa-4d42-ae39-8721025b7111,0.03,0.18000000000000002,0.25945210456848145
bf030711-32fa-4d42-ae39-8721025b7111,0.03,0.23,0.22943367063999176
bf030711-32fa-4d42-ae39-8721025b7111,0.04,0.03,0.3310181498527527
bf030711-32fa-4d42-ae39-8721025b7111,0.04,0.08,0.3453134298324585
bf030711-32fa-4d42-ae39-8721025b7111,0.05,0.03,0.307344526052475
bf030711-32fa-4d42-ae39-8721025b7111,0.05,0.08,0.2988213896751404
bf030711-32fa-4d42-ae39-8721025b7111,0.05,0.13,0.2395879030227661
bf030711-32fa-4d42-ae39-8721025b7111,0.05,0.18000000000000002,0.20317356288433075
bf030711-32fa-4d42-ae39-8721025b7111,0.05,0.23,0.1811041384935379
bf030711-32fa-4d42-ae39-8721025b7111,0.1,0.03,0.13147717714309692
bf030711-32fa-4d42-ae39-8721025b7111,0.1,0.08,0.11436810344457626
bf030711-32fa-4d42-ae39-8721025b7111,0.1,0.13,0.1012825295329094
bf030711-32fa-4d42-ae39-8721025b7111,0.1,0.18000000000000002,0.09065157175064087
bf030711-32fa-4d42-ae39-8721025b7111,0.1,0.23,0.09204521775245667
bf030711-32fa-4d42-ae39-8721025b7111,0.15000000000000002,0.03,0.05865909904241562
bf030711-32fa-4d42-ae39-8721025b7111,0.15000000000000002,0.08,0.06545065343379974
bf030711-32fa-4d42-ae39-8721025b7111,0.15000000000000002,0.13,0.06697643548250198
bf030711-32fa-4d42-ae39-8721025b7111,0.15000000000000002,0.18000000000000002,0.07438886910676956
bf030711-32fa-4d42-ae39-8721025b7111,0.15000000000000002,0.23,0.07538250088691711
bf030711-32fa-4d42-ae39-8721025b7111,0.2,0.03,0.05639020726084709
bf030711-32fa-4d42-ae39-8721025b7111,0.2,0.08,0.05850839242339134
bf030711-32fa-4d42-ae39-8721025b7111,0.2,0.13,0.06814874708652496
bf030711-32fa-4d42-ae39-8721025b7111,0.2,0.18000000000000002,0.07045511901378632
bf030711-32fa-4d42-ae39-8721025b7111,0.2,0.23,0.07079784572124481
bf030711-32fa-4d42-ae39-8721025b7111,0.25,0.03,0.05048292130231857
bf030711-32fa-4d42-ae39-8721025b7111,0.25,0.08,0.06768409162759781
bf030711-32fa-4d42-ae39-8721025b7111,0.25,0.13,0.06738800555467606
bf030711-32fa-4d42-ae39-8721025b7111,0.25,0.18000000000000002,0.06748355180025101
bf030711-32fa-4d42-ae39-8721025b7111,0.25,0.23,0.07030124962329865
bf030711-32fa-4d42-ae39-8721025b7111,0.30000000000000004,0.03,0.051308367401361465
bf030711-32fa-4d42-ae39-8721025b7111,0.30000000000000004,0.08,0.06596791744232178
bf030711-32fa-4d42-ae39-8721025b7111,0.30000000000000004,0.13,0.06760963797569275
bf030711-32fa-4d42-ae39-8721025b7111,0.30000000000000004,0.18000000000000002,0.07067538052797318
bf030711-32fa-4d42-ae39-8721025b7111,0.30000000000000004,0.23,0.07221993803977966
bf89ace7-932b-4d25-aced-3d8b0acc4a4a,0.0,0.03,0.04532923176884651
bf89ace7-932b-4d25-aced-3d8b0acc4a4a,0.0,0.08,0.07685554027557373
bf89ace7-932b-4d25-aced-3d8b0acc4a4a,0.0,0.13,0.0872112438082695
bf89ace7-932b-4d25-aced-3d8b0acc4a4a,0.0,0.18000000000000002,0.09006202220916748
bf89ace7-932b-4d25-aced-3d8b0acc4a4a,0.0,0.23,0.08379926532506943
bf89ace7-932b-4d25-aced-3d8b0acc4a4a,0.01,0.03,0.04834039881825447
bf89ace7-932b-4d25-aced-3d8b0acc4a4a,0.01,0.08,0.08500412851572037
bf89ace7-932b-4d25-aced-3d8b0acc4a4a,0.01,0.13,0.08314613997936249
bf89ace7-932b-4d25-aced-3d8b0acc4a4a,0.01,0.18000000000000002,0.08448870480060577
bf89ace7-932b-4d25-aced-3d8b0acc4a4a,0.01,0.23,0.08564601838588715
bf89ace7-932b-4d25-aced-3d8b0acc4a4a,0.02,0.03,0.056429553776979446
bf89ace7-932b-4d25-aced-3d8b0acc4a4a,0.02,0.08,0.08818626403808594
bf89ace7-932b-4d25-aced-3d8b0acc4a4a,0.02,0.13,0.08180920034646988
bf89ace7-932b-4d25-aced-3d8b0acc4a4a,0.02,0.18000000000000002,0.07941051572561264
bf89ace7-932b-4d25-aced-3d8b0acc4a4a,0.02,0.23,0.08482616394758224
bf89ace7-932b-4d25-aced-3d8b0acc4a4a,0.03,0.03,0.060859374701976776
bf89ace7-932b-4d25-aced-3d8b0acc4a4a,0.03,0.08,0.08581899106502533
bf89ace7-932b-4d25-aced-3d8b0acc4a4a,0.03,0.13,0.08056368678808212
bf89ace7-932b-4d25-aced-3d8b0acc4a4a,0.03,0.18000000000000002,0.08216739445924759
bf89ace7-932b-4d25-aced-3d8b0acc4a4a,0.03,0.23,0.0843954086303711
bf89ace7-932b-4d25-aced-3d8b0acc4a4a,0.04,0.03,0.06445125490427017
bf89ace7-932b-4d25-aced-3d8b0acc4a4a,0.04,0.08,0.07765401154756546
bf89ace7-932b-4d25-aced-3d8b0acc4a4a,0.05,0.03,0.06605636328458786
bf89ace7-932b-4d25-aced-3d8b0acc4a4a,0.05,0.08,0.0766771212220192
bf89ace7-932b-4d25-aced-3d8b0acc4a4a,0.05,0.13,0.08165644109249115
bf89ace7-932b-4d25-aced-3d8b0acc4a4a,0.05,0.18000000000000002,0.0784476175904274
bf89ace7-932b-4d25-aced-3d8b0acc4a4a,0.05,0.23,0.0812111645936966
bf89ace7-932b-4d25-aced-3d8b0acc4a4a,0.1,0.03,0.05352093279361725
bf89ace7-932b-4d25-aced-3d8b0acc4a4a,0.1,0.08,0.07121497392654419
bf89ace7-932b-4d25-aced-3d8b0acc4a4a,0.1,0.13,0.07477385550737381
bf89ace7-932b-4d25-aced-3d8b0acc4a4a,0.1,0.18000000000000002,0.0825284793972969
bf89ace7-932b-4d25-aced-3d8b0acc4a4a,0.1,0.23,0.08129837363958359
bf89ace7-932b-4d25-aced-3d8b0acc4a4a,0.15000000000000002,0.03,0.04880716651678085
bf89ace7-932b-4d25-aced-3d8b0acc4a4a,0.15000000000000002,0.08,0.07196857035160065
bf89ace7-932b-4d25-aced-3d8b0acc4a4a,0.15000000000000002,0.13,0.07749926298856735
bf89ace7-932b-4d25-aced-3d8b0acc4a4a,0.15000000000000002,0.18000000000000002,0.07926329970359802
bf89ace7-932b-4d25-aced-3d8b0acc4a4a,0.15000000000000002,0.23,0.07724607735872269
bf89ace7-932b-4d25-aced-3d8b0acc4a4a,0.2,0.03,0.055388156324625015
bf89ace7-932b-4d25-aced-3d8b0acc4a4a,0.2,0.08,0.07131839543581009
bf89ace7-932b-4d25-aced-3d8b0acc4a4a,0.2,0.13,0.06776772439479828
bf89ace7-932b-4d25-aced-3d8b0acc4a4a,0.2,0.18000000000000002,0.07496199011802673
bf89ace7-932b-4d25-aced-3d8b0acc4a4a,0.2,0.23,0.07293534278869629
bf89ace7-932b-4d25-aced-3d8b0acc4a4a,0.25,0.03,0.0506659559905529
bf89ace7-932b-4d25-aced-3d8b0acc4a4a,0.25,0.08,0.05595582351088524
bf89ace7-932b-4d25-aced-3d8b0acc4a4a,0.25,0.13,0.06627748161554337
bf89ace7-932b-4d25-aced-3d8b0acc4a4a,0.25,0.18000000000000002,0.06692526489496231
bf89ace7-932b-4d25-aced-3d8b0acc4a4a,0.25,0.23,0.06311724334955215
bf89ace7-932b-4d25-aced-3d8b0acc4a4a,0.30000000000000004,0.03,0.0475095696747303
bf89ace7-932b-4d25-aced-3d8b0acc4a4a,0.30000000000000004,0.08,0.05643809586763382
bf89ace7-932b-4d25-aced-3d8b0acc4a4a,0.30000000000000004,0.13,0.0577031746506691
bf89ace7-932b-4d25-aced-3d8b0acc4a4a,0.30000000000000004,0.18000000000000002,0.05677684023976326
bf89ace7-932b-4d25-aced-3d8b0acc4a4a,0.30000000000000004,0.23,0.06237678602337837
c009bf1f-aa21-4ca7-94f2-1241f0ba537e,0.0,0.03,0.06705211848020554
c009bf1f-aa21-4ca7-94f2-1241f0ba537e,0.0,0.08,0.05997029319405556
c009bf1f-aa21-4ca7-94f2-1241f0ba537e,0.0,0.13,0.08795896917581558
c009bf1f-aa21-4ca7-94f2-1241f0ba537e,0.0,0.18000000000000002,0.08874248713254929
c009bf1f-aa21-4ca7-94f2-1241f0ba537e,0.0,0.23,0.08656390756368637
c009bf1f-aa21-4ca7-94f2-1241f0ba537e,0.01,0.03,0.06757023185491562
c009bf1f-aa21-4ca7-94f2-1241f0ba537e,0.01,0.08,0.08368674665689468
c009bf1f-aa21-4ca7-94f2-1241f0ba537e,0.01,0.13,0.08664360642433167
c009bf1f-aa21-4ca7-94f2-1241f0ba537e,0.01,0.18000000000000002,0.08752657473087311
c009bf1f-aa21-4ca7-94f2-1241f0ba537e,0.01,0.23,0.08477938920259476
c009bf1f-aa21-4ca7-94f2-1241f0ba537e,0.02,0.03,0.08519037812948227
c009bf1f-aa21-4ca7-94f2-1241f0ba537e,0.02,0.08,0.06766282767057419
c009bf1f-aa21-4ca7-94f2-1241f0ba537e,0.02,0.13,0.08094411343336105
c009bf1f-aa21-4ca7-94f2-1241f0ba537e,0.02,0.18000000000000002,0.07842820137739182
c009bf1f-aa21-4ca7-94f2-1241f0ba537e,0.02,0.23,0.08158207684755325
c009bf1f-aa21-4ca7-94f2-1241f0ba537e,0.03,0.03,0.057951655238866806
c009bf1f-aa21-4ca7-94f2-1241f0ba537e,0.03,0.08,0.06673163175582886
c009bf1f-aa21-4ca7-94f2-1241f0ba537e,0.03,0.13,0.08487294614315033
c009bf1f-aa21-4ca7-94f2-1241f0ba537e,0.03,0.18000000000000002,0.07688615471124649
c009bf1f-aa21-4ca7-94f2-1241f0ba537e,0.03,0.23,0.07875221222639084
c009bf1f-aa21-4ca7-94f2-1241f0ba537e,0.04,0.03,0.057951655238866806
c009bf1f-aa21-4ca7-94f2-1241f0ba537e,0.04,0.08,0.08193089812994003
c009bf1f-aa21-4ca7-94f2-1241f0ba537e,0.05,0.03,0.0590396448969841
c009bf1f-aa21-4ca7-94f2-1241f0ba537e,0.05,0.08,0.07770074903964996
c009bf1f-aa21-4ca7-94f2-1241f0ba537e,0.05,0.13,0.08247276395559311
c009bf1f-aa21-4ca7-94f2-1241f0ba537e,0.05,0.18000000000000002,0.07589475810527802
c009bf1f-aa21-4ca7-94f2-1241f0ba537e,0.05,0.23,0.07807544618844986
c009bf1f-aa21-4ca7-94f2-1241f0ba537e,0.1,0.03,0.057783033698797226
c009bf1f-aa21-4ca7-94f2-1241f0ba537e,0.1,0.08,0.065306156873703
c009bf1f-aa21-4ca7-94f2-1241f0ba537e,0.1,0.13,0.07073508948087692
c009bf1f-aa21-4ca7-94f2-1241f0ba537e,0.1,0.18000000000000002,0.08391263335943222
c009bf1f-aa21-4ca7-94f2-1241f0ba537e,0.1,0.23,0.0999656468629837
c009bf1f-aa21-4ca7-94f2-1241f0ba537e,0.15000000000000002,0.03,0.05744533985853195
c009bf1f-aa21-4ca7-94f2-1241f0ba537e,0.15000000000000002,0.08,0.06743454933166504
c009bf1f-aa21-4ca7-94f2-1241f0ba537e,0.15000000000000002,0.13,0.08202490210533142
c009bf1f-aa21-4ca7-94f2-1241f0ba537e,0.15000000000000002,0.18000000000000002,0.1043095737695694
c009bf1f-aa21-4ca7-94f2-1241f0ba537e,0.15000000000000002,0.23,0.09432077407836914
c009bf1f-aa21-4ca7-94f2-1241f0ba537e,0.2,0.03,0.0574776791036129
c009bf1f-aa21-4ca7-94f2-1241f0ba537e,0.2,0.08,0.06994638592004776
c009bf1f-aa21-4ca7-94f2-1241f0ba537e,0.2,0.13,0.10527016222476959
c009bf1f-aa21-4ca7-94f2-1241f0ba537e,0.2,0.18000000000000002,0.09377634525299072
c009bf1f-aa21-4ca7-94f2-1241f0ba537e,0.2,0.23,0.08028551936149597
c009bf1f-aa21-4ca7-94f2-1241f0ba537e,0.25,0.03,0.0569542832672596
c009bf1f-aa21-4ca7-94f2-1241f0ba537e,0.25,0.08,0.10217494517564774
c009bf1f-aa21-4ca7-94f2-1241f0ba537e,0.25,0.13,0.09254157543182373
c009bf1f-aa21-4ca7-94f2-1241f0ba537e,0.25,0.18000000000000002,0.08093240857124329
c009bf1f-aa21-4ca7-94f2-1241f0ba537e,0.25,0.23,0.08734592795372009
c009bf1f-aa21-4ca7-94f2-1241f0ba537e,0.30000000000000004,0.03,0.06875623017549515
c009bf1f-aa21-4ca7-94f2-1241f0ba537e,0.30000000000000004,0.08,0.07660309970378876
c009bf1f-aa21-4ca7-94f2-1241f0ba537e,0.30000000000000004,0.13,0.07481010258197784
c009bf1f-aa21-4ca7-94f2-1241f0ba537e,0.30000000000000004,0.18000000000000002,0.08600421249866486
c009bf1f-aa21-4ca7-94f2-1241f0ba537e,0.30000000000000004,0.23,0.09404319524765015
c0ac0a95-f4fd-4300-abb1-0bb3d6fdcfde,0.0,0.03,0.05101686343550682
c0ac0a95-f4fd-4300-abb1-0bb3d6fdcfde,0.0,0.08,0.06783825159072876
c0ac0a95-f4fd-4300-abb1-0bb3d6fdcfde,0.0,0.13,0.06634794920682907
c0ac0a95-f4fd-4300-abb1-0bb3d6fdcfde,0.0,0.18000000000000002,0.0715424120426178
c0ac0a95-f4fd-4300-abb1-0bb3d6fdcfde,0.0,0.23,0.07270234823226929
c0ac0a95-f4fd-4300-abb1-0bb3d6fdcfde,0.01,0.03,0.04910453036427498
c0ac0a95-f4fd-4300-abb1-0bb3d6fdcfde,0.01,0.08,0.05738424137234688
c0ac0a95-f4fd-4300-abb1-0bb3d6fdcfde,0.01,0.13,0.060411542654037476
c0ac0a95-f4fd-4300-abb1-0bb3d6fdcfde,0.01,0.18000000000000002,0.06377597153186798
c0ac0a95-f4fd-4300-abb1-0bb3d6fdcfde,0.01,0.23,0.07260525971651077
c0ac0a95-f4fd-4300-abb1-0bb3d6fdcfde,0.02,0.03,0.04896439611911774
c0ac0a95-f4fd-4300-abb1-0bb3d6fdcfde,0.02,0.08,0.058984752744436264
c0ac0a95-f4fd-4300-abb1-0bb3d6fdcfde,0.02,0.13,0.06271370500326157
c0ac0a95-f4fd-4300-abb1-0bb3d6fdcfde,0.02,0.18000000000000002,0.06652490049600601
c0ac0a95-f4fd-4300-abb1-0bb3d6fdcfde,0.02,0.23,0.07132874429225922
c0ac0a95-f4fd-4300-abb1-0bb3d6fdcfde,0.03,0.03,0.04426312446594238
c0ac0a95-f4fd-4300-abb1-0bb3d6fdcfde,0.03,0.08,0.061715785413980484
c0ac0a95-f4fd-4300-abb1-0bb3d6fdcfde,0.03,0.13,0.06443659216165543
c0ac0a95-f4fd-4300-abb1-0bb3d6fdcfde,0.03,0.18000000000000002,0.06784480810165405
c0ac0a95-f4fd-4300-abb1-0bb3d6fdcfde,0.03,0.23,0.07556498050689697
c0ac0a95-f4fd-4300-abb1-0bb3d6fdcfde,0.04,0.03,0.04744529724121094
c0ac0a95-f4fd-4300-abb1-0bb3d6fdcfde,0.04,0.08,0.060809556394815445
c0ac0a95-f4fd-4300-abb1-0bb3d6fdcfde,0.05,0.03,0.05127709358930588
c0ac0a95-f4fd-4300-abb1-0bb3d6fdcfde,0.05,0.08,0.05857061222195625
c0ac0a95-f4fd-4300-abb1-0bb3d6fdcfde,0.05,0.13,0.06372793018817902
c0ac0a95-f4fd-4300-abb1-0bb3d6fdcfde,0.05,0.18000000000000002,0.06927014142274857
c0ac0a95-f4fd-4300-abb1-0bb3d6fdcfde,0.05,0.23,0.07171564549207687
c0ac0a95-f4fd-4300-abb1-0bb3d6fdcfde,0.1,0.03,0.04775109142065048
c0ac0a95-f4fd-4300-abb1-0bb3d6fdcfde,0.1,0.08,0.054742660373449326
c0ac0a95-f4fd-4300-abb1-0bb3d6fdcfde,0.1,0.13,0.07215643674135208
c0ac0a95-f4fd-4300-abb1-0bb3d6fdcfde,0.1,0.18000000000000002,0.07408838719129562
c0ac0a95-f4fd-4300-abb1-0bb3d6fdcfde,0.1,0.23,0.0770978108048439
c0ac0a95-f4fd-4300-abb1-0bb3d6fdcfde,0.15000000000000002,0.03,0.052697550505399704
c0ac0a95-f4fd-4300-abb1-0bb3d6fdcfde,0.15000000000000002,0.08,0.06251532584428787
c0ac0a95-f4fd-4300-abb1-0bb3d6fdcfde,0.15000000000000002,0.13,0.06450580805540085
c0ac0a95-f4fd-4300-abb1-0bb3d6fdcfde,0.15000000000000002,0.18000000000000002,0.07394788414239883
c0ac0a95-f4fd-4300-abb1-0bb3d6fdcfde,0.15000000000000002,0.23,0.06602487713098526
c0ac0a95-f4fd-4300-abb1-0bb3d6fdcfde,0.2,0.03,0.04685376212000847
c0ac0a95-f4fd-4300-abb1-0bb3d6fdcfde,0.2,0.08,0.0562157966196537
c0ac0a95-f4fd-4300-abb1-0bb3d6fdcfde,0.2,0.13,0.06393080204725266
c0ac0a95-f4fd-4300-abb1-0bb3d6fdcfde,0.2,0.18000000000000002,0.05925038829445839
c0ac0a95-f4fd-4300-abb1-0bb3d6fdcfde,0.2,0.23,0.06146859750151634
c0ac0a95-f4fd-4300-abb1-0bb3d6fdcfde,0.25,0.03,0.05954116955399513
c0ac0a95-f4fd-4300-abb1-0bb3d6fdcfde,0.25,0.08,0.0651310533285141
c0ac0a95-f4fd-4300-abb1-0bb3d6fdcfde,0.25,0.13,0.059730399399995804
c0ac0a95-f4fd-4300-abb1-0bb3d6fdcfde,0.25,0.18000000000000002,0.06286618858575821
c0ac0a95-f4fd-4300-abb1-0bb3d6fdcfde,0.25,0.23,0.06497587263584137
c0ac0a95-f4fd-4300-abb1-0bb3d6fdcfde,0.30000000000000004,0.03,0.045375701040029526
c0ac0a95-f4fd-4300-abb1-0bb3d6fdcfde,0.30000000000000004,0.08,0.05924280732870102
c0ac0a95-f4fd-4300-abb1-0bb3d6fdcfde,0.30000000000000004,0.13,0.06342917680740356
c0ac0a95-f4fd-4300-abb1-0bb3d6fdcfde,0.30000000000000004,0.18000000000000002,0.06294809281826019
c0ac0a95-f4fd-4300-abb1-0bb3d6fdcfde,0.30000000000000004,0.23,0.06630495190620422
c0dc0631-98ad-4025-bd37-e3d6d16420be,0.0,0.03,0.37174463272094727
c0dc0631-98ad-4025-bd37-e3d6d16420be,0.0,0.08,0.38619500398635864
c0dc0631-98ad-4025-bd37-e3d6d16420be,0.0,0.13,0.2622604966163635
c0dc0631-98ad-4025-bd37-e3d6d16420be,0.0,0.18000000000000002,0.2204185277223587
c0dc0631-98ad-4025-bd37-e3d6d16420be,0.0,0.23,0.19241054356098175
c0dc0631-98ad-4025-bd37-e3d6d16420be,0.01,0.03,0.38900184631347656
c0dc0631-98ad-4025-bd37-e3d6d16420be,0.01,0.08,0.3580976724624634
c0dc0631-98ad-4025-bd37-e3d6d16420be,0.01,0.13,0.22858743369579315
c0dc0631-98ad-4025-bd37-e3d6d16420be,0.01,0.18000000000000002,0.19513683021068573
c0dc0631-98ad-4025-bd37-e3d6d16420be,0.01,0.23,0.1674967110157013
c0dc0631-98ad-4025-bd37-e3d6d16420be,0.02,0.03,0.39053672552108765
c0dc0631-98ad-4025-bd37-e3d6d16420be,0.02,0.08,0.2549044191837311
c0dc0631-98ad-4025-bd37-e3d6d16420be,0.02,0.13,0.18728260695934296
c0dc0631-98ad-4025-bd37-e3d6d16420be,0.02,0.18000000000000002,0.1592884063720703
c0dc0631-98ad-4025-bd37-e3d6d16420be,0.02,0.23,0.13960795104503632
c0dc0631-98ad-4025-bd37-e3d6d16420be,0.03,0.03,0.33028748631477356
c0dc0631-98ad-4025-bd37-e3d6d16420be,0.03,0.08,0.18392999470233917
c0dc0631-98ad-4025-bd37-e3d6d16420be,0.03,0.13,0.14048093557357788
c0dc0631-98ad-4025-bd37-e3d6d16420be,0.03,0.18000000000000002,0.12819194793701172
c0dc0631-98ad-4025-bd37-e3d6d16420be,0.03,0.23,0.1034582331776619
c0dc0631-98ad-4025-bd37-e3d6d16420be,0.04,0.03,0.15629975497722626
c0dc0631-98ad-4025-bd37-e3d6d16420be,0.04,0.08,0.13513566553592682
c0dc0631-98ad-4025-bd37-e3d6d16420be,0.05,0.03,0.12381350994110107
c0dc0631-98ad-4025-bd37-e3d6d16420be,0.05,0.08,0.1384456902742386
c0dc0631-98ad-4025-bd37-e3d6d16420be,0.05,0.13,0.1151423528790474
c0dc0631-98ad-4025-bd37-e3d6d16420be,0.05,0.18000000000000002,0.10289039462804794
c0dc0631-98ad-4025-bd37-e3d6d16420be,0.05,0.23,0.0979740098118782
c0dc0631-98ad-4025-bd37-e3d6d16420be,0.1,0.03,0.0931975394487381
c0dc0631-98ad-4025-bd37-e3d6d16420be,0.1,0.08,0.08200046420097351
c0dc0631-98ad-4025-bd37-e3d6d16420be,0.1,0.13,0.09035490453243256
c0dc0631-98ad-4025-bd37-e3d6d16420be,0.1,0.18000000000000002,0.09190008044242859
c0dc0631-98ad-4025-bd37-e3d6d16420be,0.1,0.23,0.08954368531703949
c0dc0631-98ad-4025-bd37-e3d6d16420be,0.15000000000000002,0.03,0.05115218460559845
c0dc0631-98ad-4025-bd37-e3d6d16420be,0.15000000000000002,0.08,0.06331776082515717
c0dc0631-98ad-4025-bd37-e3d6d16420be,0.15000000000000002,0.13,0.0653366670012474
c0dc0631-98ad-4025-bd37-e3d6d16420be,0.15000000000000002,0.18000000000000002,0.06716041266918182
c0dc0631-98ad-4025-bd37-e3d6d16420be,0.15000000000000002,0.23,0.07110915333032608
c0dc0631-98ad-4025-bd37-e3d6d16420be,0.2,0.03,0.06116104498505592
c0dc0631-98ad-4025-bd37-e3d6d16420be,0.2,0.08,0.05794227123260498
c0dc0631-98ad-4025-bd37-e3d6d16420be,0.2,0.13,0.06704813241958618
c0dc0631-98ad-4025-bd37-e3d6d16420be,0.2,0.18000000000000002,0.06666241586208344
c0dc0631-98ad-4025-bd37-e3d6d16420be,0.2,0.23,0.0620337575674057
c0dc0631-98ad-4025-bd37-e3d6d16420be,0.25,0.03,0.05438555032014847
c0dc0631-98ad-4025-bd37-e3d6d16420be,0.25,0.08,0.059668686240911484
c0dc0631-98ad-4025-bd37-e3d6d16420be,0.25,0.13,0.066452257335186
c0dc0631-98ad-4025-bd37-e3d6d16420be,0.25,0.18000000000000002,0.061457227915525436
c0dc0631-98ad-4025-bd37-e3d6d16420be,0.25,0.23,0.05907279998064041
c0dc0631-98ad-4025-bd37-e3d6d16420be,0.30000000000000004,0.03,0.054336484521627426
c0dc0631-98ad-4025-bd37-e3d6d16420be,0.30000000000000004,0.08,0.06916943937540054
c0dc0631-98ad-4025-bd37-e3d6d16420be,0.30000000000000004,0.13,0.0586635060608387
c0dc0631-98ad-4025-bd37-e3d6d16420be,0.30000000000000004,0.18000000000000002,0.055366333574056625
c0dc0631-98ad-4025-bd37-e3d6d16420be,0.30000000000000004,0.23,0.059546712785959244
c1725f00-4c37-410f-89a5-ab343c370965,0.0,0.03,0.04459895193576813
c1725f00-4c37-410f-89a5-ab343c370965,0.0,0.08,0.06586930900812149
c1725f00-4c37-410f-89a5-ab343c370965,0.0,0.13,0.0863969624042511
c1725f00-4c37-410f-89a5-ab343c370965,0.0,0.18000000000000002,0.09684935212135315
c1725f00-4c37-410f-89a5-ab343c370965,0.0,0.23,0.09310682862997055
c1725f00-4c37-410f-89a5-ab343c370965,0.01,0.03,0.04948924109339714
c1725f00-4c37-410f-89a5-ab343c370965,0.01,0.08,0.07069554179906845
c1725f00-4c37-410f-89a5-ab343c370965,0.01,0.13,0.0806291475892067
c1725f00-4c37-410f-89a5-ab343c370965,0.01,0.18000000000000002,0.08886027336120605
c1725f00-4c37-410f-89a5-ab343c370965,0.01,0.23,0.08218223601579666
c1725f00-4c37-410f-89a5-ab343c370965,0.02,0.03,0.047508127987384796
c1725f00-4c37-410f-89a5-ab343c370965,0.02,0.08,0.06276768445968628
c1725f00-4c37-410f-89a5-ab343c370965,0.02,0.13,0.08124185353517532
c1725f00-4c37-410f-89a5-ab343c370965,0.02,0.18000000000000002,0.08276326954364777
c1725f00-4c37-410f-89a5-ab343c370965,0.02,0.23,0.07904115319252014
c1725f00-4c37-410f-89a5-ab343c370965,0.03,0.03,0.05399244278669357
c1725f00-4c37-410f-89a5-ab343c370965,0.03,0.08,0.06648997962474823
c1725f00-4c37-410f-89a5-ab343c370965,0.03,0.13,0.08613215386867523
c1725f00-4c37-410f-89a5-ab343c370965,0.03,0.18000000000000002,0.08360251784324646
c1725f00-4c37-410f-89a5-ab343c370965,0.03,0.23,0.07966139912605286
c1725f00-4c37-410f-89a5-ab343c370965,0.04,0.03,0.05167526379227638
c1725f00-4c37-410f-89a5-ab343c370965,0.04,0.08,0.07519274204969406
c1725f00-4c37-410f-89a5-ab343c370965,0.05,0.03,0.0528385192155838
c1725f00-4c37-410f-89a5-ab343c370965,0.05,0.08,0.07605285942554474
c1725f00-4c37-410f-89a5-ab343c370965,0.05,0.13,0.08750952780246735
c1725f00-4c37-410f-89a5-ab343c370965,0.05,0.18000000000000002,0.08330399543046951
c1725f00-4c37-410f-89a5-ab343c370965,0.05,0.23,0.0740516260266304
c1725f00-4c37-410f-89a5-ab343c370965,0.1,0.03,0.05203383043408394
c1725f00-4c37-410f-89a5-ab343c370965,0.1,0.08,0.07236607372760773
c1725f00-4c37-410f-89a5-ab343c370965,0.1,0.13,0.07132538408041
c1725f00-4c37-410f-89a5-ab343c370965,0.1,0.18000000000000002,0.06880129128694534
c1725f00-4c37-410f-89a5-ab343c370965,0.1,0.23,0.07561822235584259
c1725f00-4c37-410f-89a5-ab343c370965,0.15000000000000002,0.03,0.043567877262830734
c1725f00-4c37-410f-89a5-ab343c370965,0.15000000000000002,0.08,0.05917656049132347
c1725f00-4c37-410f-89a5-ab343c370965,0.15000000000000002,0.13,0.06048355996608734
c1725f00-4c37-410f-89a5-ab343c370965,0.15000000000000002,0.18000000000000002,0.06956388801336288
c1725f00-4c37-410f-89a5-ab343c370965,0.15000000000000002,0.23,0.0700019970536232
c1725f00-4c37-410f-89a5-ab343c370965,0.2,0.03,0.05375824123620987
c1725f00-4c37-410f-89a5-ab343c370965,0.2,0.08,0.054605334997177124
c1725f00-4c37-410f-89a5-ab343c370965,0.2,0.13,0.06244007125496864
c1725f00-4c37-410f-89a5-ab343c370965,0.2,0.18000000000000002,0.07158947736024857
c1725f00-4c37-410f-89a5-ab343c370965,0.2,0.23,0.06430574506521225
c1725f00-4c37-410f-89a5-ab343c370965,0.25,0.03,0.04610864445567131
c1725f00-4c37-410f-89a5-ab343c370965,0.25,0.08,0.07208071649074554
c1725f00-4c37-410f-89a5-ab343c370965,0.25,0.13,0.08065331727266312
c1725f00-4c37-410f-89a5-ab343c370965,0.25,0.18000000000000002,0.07243577390909195
c1725f00-4c37-410f-89a5-ab343c370965,0.25,0.23,0.06650327891111374
c1725f00-4c37-410f-89a5-ab343c370965,0.30000000000000004,0.03,0.05176423117518425
c1725f00-4c37-410f-89a5-ab343c370965,0.30000000000000004,0.08,0.07567990571260452
c1725f00-4c37-410f-89a5-ab343c370965,0.30000000000000004,0.13,0.06802266091108322
c1725f00-4c37-410f-89a5-ab343c370965,0.30000000000000004,0.18000000000000002,0.06597944349050522
c1725f00-4c37-410f-89a5-ab343c370965,0.30000000000000004,0.23,0.06319878250360489
c1a310ef-f910-49cd-a2f6-8a8c72741177,0.0,0.03,0.06545480340719223
c1a310ef-f910-49cd-a2f6-8a8c72741177,0.0,0.08,0.07544178515672684
c1a310ef-f910-49cd-a2f6-8a8c72741177,0.0,0.13,0.07379522919654846
c1a310ef-f910-49cd-a2f6-8a8c72741177,0.0,0.18000000000000002,0.06961017102003098
c1a310ef-f910-49cd-a2f6-8a8c72741177,0.0,0.23,0.0728721097111702
c1a310ef-f910-49cd-a2f6-8a8c72741177,0.01,0.03,0.0687718540430069
c1a310ef-f910-49cd-a2f6-8a8c72741177,0.01,0.08,0.071221724152565
c1a310ef-f910-49cd-a2f6-8a8c72741177,0.01,0.13,0.0731181874871254
c1a310ef-f910-49cd-a2f6-8a8c72741177,0.01,0.18000000000000002,0.07196850329637527
c1a310ef-f910-49cd-a2f6-8a8c72741177,0.01,0.23,0.07481949031352997
c1a310ef-f910-49cd-a2f6-8a8c72741177,0.02,0.03,0.05786730721592903
c1a310ef-f910-49cd-a2f6-8a8c72741177,0.02,0.08,0.07085444778203964
c1a310ef-f910-49cd-a2f6-8a8c72741177,0.02,0.13,0.07115723192691803
c1a310ef-f910-49cd-a2f6-8a8c72741177,0.02,0.18000000000000002,0.07255661487579346
c1a310ef-f910-49cd-a2f6-8a8c72741177,0.02,0.23,0.07780490815639496
c1a310ef-f910-49cd-a2f6-8a8c72741177,0.03,0.03,0.06582314521074295
c1a310ef-f910-49cd-a2f6-8a8c72741177,0.03,0.08,0.07294783741235733
c1a310ef-f910-49cd-a2f6-8a8c72741177,0.03,0.13,0.07295873761177063
c1a310ef-f910-49cd-a2f6-8a8c72741177,0.03,0.18000000000000002,0.07181288301944733
c1a310ef-f910-49cd-a2f6-8a8c72741177,0.03,0.23,0.07582736760377884
c1a310ef-f910-49cd-a2f6-8a8c72741177,0.04,0.03,0.06782376766204834
c1a310ef-f910-49cd-a2f6-8a8c72741177,0.04,0.08,0.0666995644569397
c1a310ef-f910-49cd-a2f6-8a8c72741177,0.05,0.03,0.06479083746671677
c1a310ef-f910-49cd-a2f6-8a8c72741177,0.05,0.08,0.06532154977321625
c1a310ef-f910-49cd-a2f6-8a8c72741177,0.05,0.13,0.06937486678361893
c1a310ef-f910-49cd-a2f6-8a8c72741177,0.05,0.18000000000000002,0.0735558420419693
c1a310ef-f910-49cd-a2f6-8a8c72741177,0.05,0.23,0.07498189061880112
c1a310ef-f910-49cd-a2f6-8a8c72741177,0.1,0.03,0.05973413214087486
c1a310ef-f910-49cd-a2f6-8a8c72741177,0.1,0.08,0.06886061280965805
c1a310ef-f910-49cd-a2f6-8a8c72741177,0.1,0.13,0.0763472244143486
c1a310ef-f910-49cd-a2f6-8a8c72741177,0.1,0.18000000000000002,0.07661453634500504
c1a310ef-f910-49cd-a2f6-8a8c72741177,0.1,0.23,0.07779545336961746
c1a310ef-f910-49cd-a2f6-8a8c72741177,0.15000000000000002,0.03,0.05709825083613396
c1a310ef-f910-49cd-a2f6-8a8c72741177,0.15000000000000002,0.08,0.06991010159254074
c1a310ef-f910-49cd-a2f6-8a8c72741177,0.15000000000000002,0.13,0.07141625136137009
c1a310ef-f910-49cd-a2f6-8a8c72741177,0.15000000000000002,0.18000000000000002,0.07220179587602615
c1a310ef-f910-49cd-a2f6-8a8c72741177,0.15000000000000002,0.23,0.07821577042341232
c1a310ef-f910-49cd-a2f6-8a8c72741177,0.2,0.03,0.057183340191841125
c1a310ef-f910-49cd-a2f6-8a8c72741177,0.2,0.08,0.06511518359184265
c1a310ef-f910-49cd-a2f6-8a8c72741177,0.2,0.13,0.06493501365184784
c1a310ef-f910-49cd-a2f6-8a8c72741177,0.2,0.18000000000000002,0.07269278913736343
c1a310ef-f910-49cd-a2f6-8a8c72741177,0.2,0.23,0.0770406574010849
c1a310ef-f910-49cd-a2f6-8a8c72741177,0.25,0.03,0.05557059869170189
c1a310ef-f910-49cd-a2f6-8a8c72741177,0.25,0.08,0.06063823029398918
c1a310ef-f910-49cd-a2f6-8a8c72741177,0.25,0.13,0.07040262967348099
c1a310ef-f910-49cd-a2f6-8a8c72741177,0.25,0.18000000000000002,0.08045245707035065
c1a310ef-f910-49cd-a2f6-8a8c72741177,0.25,0.23,0.08316757529973984
c1a310ef-f910-49cd-a2f6-8a8c72741177,0.30000000000000004,0.03,0.055723659694194794
c1a310ef-f910-49cd-a2f6-8a8c72741177,0.30000000000000004,0.08,0.07710211724042892
c1a310ef-f910-49cd-a2f6-8a8c72741177,0.30000000000000004,0.13,0.0871451199054718
c1a310ef-f910-49cd-a2f6-8a8c72741177,0.30000000000000004,0.18000000000000002,0.08680188655853271
c1a310ef-f910-49cd-a2f6-8a8c72741177,0.30000000000000004,0.23,0.08459597080945969
c22892f4-6fea-40d3-85f6-989e1c33275c,0.0,0.03,0.052237629890441895
c22892f4-6fea-40d3-85f6-989e1c33275c,0.0,0.08,0.056433457881212234
c22892f4-6fea-40d3-85f6-989e1c33275c,0.0,0.13,0.06344359368085861
c22892f4-6fea-40d3-85f6-989e1c33275c,0.0,0.18000000000000002,0.06463798880577087
c22892f4-6fea-40d3-85f6-989e1c33275c,0.0,0.23,0.0634193941950798
c22892f4-6fea-40d3-85f6-989e1c33275c,0.01,0.03,0.05194801837205887
c22892f4-6fea-40d3-85f6-989e1c33275c,0.01,0.08,0.057938721030950546
c22892f4-6fea-40d3-85f6-989e1c33275c,0.01,0.13,0.06496795266866684
c22892f4-6fea-40d3-85f6-989e1c33275c,0.01,0.18000000000000002,0.06618035584688187
c22892f4-6fea-40d3-85f6-989e1c33275c,0.01,0.23,0.06574597209692001
c22892f4-6fea-40d3-85f6-989e1c33275c,0.02,0.03,0.046681106090545654
c22892f4-6fea-40d3-85f6-989e1c33275c,0.02,0.08,0.06524013727903366
c22892f4-6fea-40d3-85f6-989e1c33275c,0.02,0.13,0.068219855427742
c22892f4-6fea-40d3-85f6-989e1c33275c,0.02,0.18000000000000002,0.07154632359743118
c22892f4-6fea-40d3-85f6-989e1c33275c,0.02,0.23,0.06888501346111298
c22892f4-6fea-40d3-85f6-989e1c33275c,0.03,0.03,0.04625416919589043
c22892f4-6fea-40d3-85f6-989e1c33275c,0.03,0.08,0.06421027332544327
c22892f4-6fea-40d3-85f6-989e1c33275c,0.03,0.13,0.07031775265932083
c22892f4-6fea-40d3-85f6-989e1c33275c,0.03,0.18000000000000002,0.06998755037784576
c22892f4-6fea-40d3-85f6-989e1c33275c,0.03,0.23,0.06597672402858734
c22892f4-6fea-40d3-85f6-989e1c33275c,0.04,0.03,0.047776658087968826
c22892f4-6fea-40d3-85f6-989e1c33275c,0.04,0.08,0.06905916333198547
c22892f4-6fea-40d3-85f6-989e1c33275c,0.05,0.03,0.05025158077478409
c22892f4-6fea-40d3-85f6-989e1c33275c,0.05,0.08,0.07022155076265335
c22892f4-6fea-40d3-85f6-989e1c33275c,0.05,0.13,0.06532672047615051
c22892f4-6fea-40d3-85f6-989e1c33275c,0.05,0.18000000000000002,0.06406253576278687
c22892f4-6fea-40d3-85f6-989e1c33275c,0.05,0.23,0.06507562845945358
c22892f4-6fea-40d3-85f6-989e1c33275c,0.1,0.03,0.042953379452228546
c22892f4-6fea-40d3-85f6-989e1c33275c,0.1,0.08,0.05883082374930382
c22892f4-6fea-40d3-85f6-989e1c33275c,0.1,0.13,0.05842536687850952
c22892f4-6fea-40d3-85f6-989e1c33275c,0.1,0.18000000000000002,0.06859757751226425
c22892f4-6fea-40d3-85f6-989e1c33275c,0.1,0.23,0.06639669090509415
c22892f4-6fea-40d3-85f6-989e1c33275c,0.15000000000000002,0.03,0.05013302341103554
c22892f4-6fea-40d3-85f6-989e1c33275c,0.15000000000000002,0.08,0.06244084611535072
c22892f4-6fea-40d3-85f6-989e1c33275c,0.15000000000000002,0.13,0.07009943574666977
c22892f4-6fea-40d3-85f6-989e1c33275c,0.15000000000000002,0.18000000000000002,0.0590430423617363
c22892f4-6fea-40d3-85f6-989e1c33275c,0.15000000000000002,0.23,0.06008302792906761
c22892f4-6fea-40d3-85f6-989e1c33275c,0.2,0.03,0.0450209341943264
c22892f4-6fea-40d3-85f6-989e1c33275c,0.2,0.08,0.05487366393208504
c22892f4-6fea-40d3-85f6-989e1c33275c,0.2,0.13,0.06296122074127197
c22892f4-6fea-40d3-85f6-989e1c33275c,0.2,0.18000000000000002,0.062033042311668396
c22892f4-6fea-40d3-85f6-989e1c33275c,0.2,0.23,0.0663347989320755
c22892f4-6fea-40d3-85f6-989e1c33275c,0.25,0.03,0.04555255174636841
c22892f4-6fea-40d3-85f6-989e1c33275c,0.25,0.08,0.05843792483210564
c22892f4-6fea-40d3-85f6-989e1c33275c,0.25,0.13,0.061180997639894485
c22892f4-6fea-40d3-85f6-989e1c33275c,0.25,0.18000000000000002,0.07066906243562698
c22892f4-6fea-40d3-85f6-989e1c33275c,0.25,0.23,0.06627427786588669
c22892f4-6fea-40d3-85f6-989e1c33275c,0.30000000000000004,0.03,0.047669168561697006
c22892f4-6fea-40d3-85f6-989e1c33275c,0.30000000000000004,0.08,0.05808617174625397
c22892f4-6fea-40d3-85f6-989e1c33275c,0.30000000000000004,0.13,0.06598003953695297
c22892f4-6fea-40d3-85f6-989e1c33275c,0.30000000000000004,0.18000000000000002,0.06377789378166199
c22892f4-6fea-40d3-85f6-989e1c33275c,0.30000000000000004,0.23,0.057771410793066025
c2ba7d33-3aa9-42c3-bb44-08e1bc3504fb,0.0,0.03,0.048877228051424026
c2ba7d33-3aa9-42c3-bb44-08e1bc3504fb,0.0,0.08,0.05611552298069
c2ba7d33-3aa9-42c3-bb44-08e1bc3504fb,0.0,0.13,0.06754439324140549
c2ba7d33-3aa9-42c3-bb44-08e1bc3504fb,0.0,0.18000000000000002,0.06785551458597183
c2ba7d33-3aa9-42c3-bb44-08e1bc3504fb,0.0,0.23,0.06714294105768204
c2ba7d33-3aa9-42c3-bb44-08e1bc3504fb,0.01,0.03,0.04892224818468094
c2ba7d33-3aa9-42c3-bb44-08e1bc3504fb,0.01,0.08,0.05788297951221466
c2ba7d33-3aa9-42c3-bb44-08e1bc3504fb,0.01,0.13,0.06943874061107635
c2ba7d33-3aa9-42c3-bb44-08e1bc3504fb,0.01,0.18000000000000002,0.06612797826528549
c2ba7d33-3aa9-42c3-bb44-08e1bc3504fb,0.01,0.23,0.06011964753270149
c2ba7d33-3aa9-42c3-bb44-08e1bc3504fb,0.02,0.03,0.05858386307954788
c2ba7d33-3aa9-42c3-bb44-08e1bc3504fb,0.02,0.08,0.05933775007724762
c2ba7d33-3aa9-42c3-bb44-08e1bc3504fb,0.02,0.13,0.06805475801229477
c2ba7d33-3aa9-42c3-bb44-08e1bc3504fb,0.02,0.18000000000000002,0.0695946142077446
c2ba7d33-3aa9-42c3-bb44-08e1bc3504fb,0.02,0.23,0.06183069571852684
c2ba7d33-3aa9-42c3-bb44-08e1bc3504fb,0.03,0.03,0.05147392302751541
c2ba7d33-3aa9-42c3-bb44-08e1bc3504fb,0.03,0.08,0.06176787614822388
c2ba7d33-3aa9-42c3-bb44-08e1bc3504fb,0.03,0.13,0.06989311426877975
c2ba7d33-3aa9-42c3-bb44-08e1bc3504fb,0.03,0.18000000000000002,0.06503105163574219
c2ba7d33-3aa9-42c3-bb44-08e1bc3504fb,0.03,0.23,0.05936416983604431
c2ba7d33-3aa9-42c3-bb44-08e1bc3504fb,0.04,0.03,0.04927513003349304
c2ba7d33-3aa9-42c3-bb44-08e1bc3504fb,0.04,0.08,0.06197241693735123
c2ba7d33-3aa9-42c3-bb44-08e1bc3504fb,0.05,0.03,0.048979561775922775
c2ba7d33-3aa9-42c3-bb44-08e1bc3504fb,0.05,0.08,0.061414267867803574
c2ba7d33-3aa9-42c3-bb44-08e1bc3504fb,0.05,0.13,0.06502781808376312
c2ba7d33-3aa9-42c3-bb44-08e1bc3504fb,0.05,0.18000000000000002,0.06204761564731598
c2ba7d33-3aa9-42c3-bb44-08e1bc3504fb,0.05,0.23,0.06247474253177643
c2ba7d33-3aa9-42c3-bb44-08e1bc3504fb,0.1,0.03,0.04414825513958931
c2ba7d33-3aa9-42c3-bb44-08e1bc3504fb,0.1,0.08,0.0571967177093029
c2ba7d33-3aa9-42c3-bb44-08e1bc3504fb,0.1,0.13,0.05929408594965935
c2ba7d33-3aa9-42c3-bb44-08e1bc3504fb,0.1,0.18000000000000002,0.05769455432891846
c2ba7d33-3aa9-42c3-bb44-08e1bc3504fb,0.1,0.23,0.0625654011964798
c2ba7d33-3aa9-42c3-bb44-08e1bc3504fb,0.15000000000000002,0.03,0.04827410727739334
c2ba7d33-3aa9-42c3-bb44-08e1bc3504fb,0.15000000000000002,0.08,0.051853492856025696
c2ba7d33-3aa9-42c3-bb44-08e1bc3504fb,0.15000000000000002,0.13,0.058370135724544525
c2ba7d33-3aa9-42c3-bb44-08e1bc3504fb,0.15000000000000002,0.18000000000000002,0.06458484381437302
c2ba7d33-3aa9-42c3-bb44-08e1bc3504fb,0.15000000000000002,0.23,0.06233013793826103
c2ba7d33-3aa9-42c3-bb44-08e1bc3504fb,0.2,0.03,0.05316612124443054
c2ba7d33-3aa9-42c3-bb44-08e1bc3504fb,0.2,0.08,0.06013491377234459
c2ba7d33-3aa9-42c3-bb44-08e1bc3504fb,0.2,0.13,0.06347321718931198
c2ba7d33-3aa9-42c3-bb44-08e1bc3504fb,0.2,0.18000000000000002,0.06038941815495491
c2ba7d33-3aa9-42c3-bb44-08e1bc3504fb,0.2,0.23,0.06883193552494049
c2ba7d33-3aa9-42c3-bb44-08e1bc3504fb,0.25,0.03,0.05033836513757706
c2ba7d33-3aa9-42c3-bb44-08e1bc3504fb,0.25,0.08,0.0541989803314209
c2ba7d33-3aa9-42c3-bb44-08e1bc3504fb,0.25,0.13,0.058111563324928284
c2ba7d33-3aa9-42c3-bb44-08e1bc3504fb,0.25,0.18000000000000002,0.06802012771368027
c2ba7d33-3aa9-42c3-bb44-08e1bc3504fb,0.25,0.23,0.07304275035858154
c2ba7d33-3aa9-42c3-bb44-08e1bc3504fb,0.30000000000000004,0.03,0.052716273814439774
c2ba7d33-3aa9-42c3-bb44-08e1bc3504fb,0.30000000000000004,0.08,0.05793415382504463
c2ba7d33-3aa9-42c3-bb44-08e1bc3504fb,0.30000000000000004,0.13,0.07327528297901154
c2ba7d33-3aa9-42c3-bb44-08e1bc3504fb,0.30000000000000004,0.18000000000000002,0.07964915782213211
c2ba7d33-3aa9-42c3-bb44-08e1bc3504fb,0.30000000000000004,0.23,0.07547900825738907
c2c86b38-8b08-49c4-abca-d83aca59a7b1,0.0,0.03,0.15406498312950134
c2c86b38-8b08-49c4-abca-d83aca59a7b1,0.0,0.08,0.2877087891101837
c2c86b38-8b08-49c4-abca-d83aca59a7b1,0.0,0.13,0.34418925642967224
c2c86b38-8b08-49c4-abca-d83aca59a7b1,0.0,0.18000000000000002,0.3503519296646118
c2c86b38-8b08-49c4-abca-d83aca59a7b1,0.0,0.23,0.3303205668926239
c2c86b38-8b08-49c4-abca-d83aca59a7b1,0.01,0.03,0.1719154268503189
c2c86b38-8b08-49c4-abca-d83aca59a7b1,0.01,0.08,0.2655619978904724
c2c86b38-8b08-49c4-abca-d83aca59a7b1,0.01,0.13,0.3008803725242615
c2c86b38-8b08-49c4-abca-d83aca59a7b1,0.01,0.18000000000000002,0.29399344325065613
c2c86b38-8b08-49c4-abca-d83aca59a7b1,0.01,0.23,0.27668365836143494
c2c86b38-8b08-49c4-abca-d83aca59a7b1,0.02,0.03,0.192898690700531
c2c86b38-8b08-49c4-abca-d83aca59a7b1,0.02,0.08,0.2803111672401428
c2c86b38-8b08-49c4-abca-d83aca59a7b1,0.02,0.13,0.3040793538093567
c2c86b38-8b08-49c4-abca-d83aca59a7b1,0.02,0.18000000000000002,0.2908843159675598
c2c86b38-8b08-49c4-abca-d83aca59a7b1,0.02,0.23,0.27107536792755127
c2c86b38-8b08-49c4-abca-d83aca59a7b1,0.03,0.03,0.2183982878923416
c2c86b38-8b08-49c4-abca-d83aca59a7b1,0.03,0.08,0.3007164001464844
c2c86b38-8b08-49c4-abca-d83aca59a7b1,0.03,0.13,0.3056694567203522
c2c86b38-8b08-49c4-abca-d83aca59a7b1,0.03,0.18000000000000002,0.2870784103870392
c2c86b38-8b08-49c4-abca-d83aca59a7b1,0.03,0.23,0.26428377628326416
c2c86b38-8b08-49c4-abca-d83aca59a7b1,0.04,0.03,0.23789681494235992
c2c86b38-8b08-49c4-abca-d83aca59a7b1,0.04,0.08,0.29979896545410156
c2c86b38-8b08-49c4-abca-d83aca59a7b1,0.05,0.03,0.29521775245666504
c2c86b38-8b08-49c4-abca-d83aca59a7b1,0.05,0.08,0.3575247526168823
c2c86b38-8b08-49c4-abca-d83aca59a7b1,0.05,0.13,0.34645748138427734
c2c86b38-8b08-49c4-abca-d83aca59a7b1,0.05,0.18000000000000002,0.3130854368209839
c2c86b38-8b08-49c4-abca-d83aca59a7b1,0.05,0.23,0.2834148406982422
c2c86b38-8b08-49c4-abca-d83aca59a7b1,0.1,0.03,0.2780565917491913
c2c86b38-8b08-49c4-abca-d83aca59a7b1,0.1,0.08,0.2803132236003876
c2c86b38-8b08-49c4-abca-d83aca59a7b1,0.1,0.13,0.2446862906217575
c2c86b38-8b08-49c4-abca-d83aca59a7b1,0.1,0.18000000000000002,0.21694959700107574
c2c86b38-8b08-49c4-abca-d83aca59a7b1,0.1,0.23,0.19224655628204346
c2c86b38-8b08-49c4-abca-d83aca59a7b1,0.15000000000000002,0.03,0.1652698963880539
c2c86b38-8b08-49c4-abca-d83aca59a7b1,0.15000000000000002,0.08,0.1589972823858261
c2c86b38-8b08-49c4-abca-d83aca59a7b1,0.15000000000000002,0.13,0.14231473207473755
c2c86b38-8b08-49c4-abca-d83aca59a7b1,0.15000000000000002,0.18000000000000002,0.1275659054517746
c2c86b38-8b08-49c4-abca-d83aca59a7b1,0.15000000000000002,0.23,0.11788453906774521
c2c86b38-8b08-49c4-abca-d83aca59a7b1,0.2,0.03,0.10222301632165909
c2c86b38-8b08-49c4-abca-d83aca59a7b1,0.2,0.08,0.0974307656288147
c2c86b38-8b08-49c4-abca-d83aca59a7b1,0.2,0.13,0.08922089636325836
c2c86b38-8b08-49c4-abca-d83aca59a7b1,0.2,0.18000000000000002,0.08538135141134262
c2c86b38-8b08-49c4-abca-d83aca59a7b1,0.2,0.23,0.0858975276350975
c2c86b38-8b08-49c4-abca-d83aca59a7b1,0.25,0.03,0.06405004858970642
c2c86b38-8b08-49c4-abca-d83aca59a7b1,0.25,0.08,0.0667680874466896
c2c86b38-8b08-49c4-abca-d83aca59a7b1,0.25,0.13,0.07560313493013382
c2c86b38-8b08-49c4-abca-d83aca59a7b1,0.25,0.18000000000000002,0.08790268748998642
c2c86b38-8b08-49c4-abca-d83aca59a7b1,0.25,0.23,0.0934656411409378
c2c86b38-8b08-49c4-abca-d83aca59a7b1,0.30000000000000004,0.03,0.061389874666929245
c2c86b38-8b08-49c4-abca-d83aca59a7b1,0.30000000000000004,0.08,0.07718168199062347
c2c86b38-8b08-49c4-abca-d83aca59a7b1,0.30000000000000004,0.13,0.0907277911901474
c2c86b38-8b08-49c4-abca-d83aca59a7b1,0.30000000000000004,0.18000000000000002,0.0943787693977356
c2c86b38-8b08-49c4-abca-d83aca59a7b1,0.30000000000000004,0.23,0.09432438760995865
c30d3c13-a729-4b71-87c3-1b645d516652,0.0,0.03,0.05047612264752388
c30d3c13-a729-4b71-87c3-1b645d516652,0.0,0.08,0.06956107169389725
c30d3c13-a729-4b71-87c3-1b645d516652,0.0,0.13,0.08384870737791061
c30d3c13-a729-4b71-87c3-1b645d516652,0.0,0.18000000000000002,0.08909760415554047
c30d3c13-a729-4b71-87c3-1b645d516652,0.0,0.23,0.08704321086406708
c30d3c13-a729-4b71-87c3-1b645d516652,0.01,0.03,0.048476692289114
c30d3c13-a729-4b71-87c3-1b645d516652,0.01,0.08,0.07590801268815994
c30d3c13-a729-4b71-87c3-1b645d516652,0.01,0.13,0.08831553906202316
c30d3c13-a729-4b71-87c3-1b645d516652,0.01,0.18000000000000002,0.08497501164674759
c30d3c13-a729-4b71-87c3-1b645d516652,0.01,0.23,0.08252651244401932
c30d3c13-a729-4b71-87c3-1b645d516652,0.02,0.03,0.04812688007950783
c30d3c13-a729-4b71-87c3-1b645d516652,0.02,0.08,0.0775875598192215
c30d3c13-a729-4b71-87c3-1b645d516652,0.02,0.13,0.08587749302387238
c30d3c13-a729-4b71-87c3-1b645d516652,0.02,0.18000000000000002,0.08571474999189377
c30d3c13-a729-4b71-87c3-1b645d516652,0.02,0.23,0.07957004010677338
c30d3c13-a729-4b71-87c3-1b645d516652,0.03,0.03,0.05571070313453674
c30d3c13-a729-4b71-87c3-1b645d516652,0.03,0.08,0.07823514193296432
c30d3c13-a729-4b71-87c3-1b645d516652,0.03,0.13,0.08282371610403061
c30d3c13-a729-4b71-87c3-1b645d516652,0.03,0.18000000000000002,0.08595116436481476
c30d3c13-a729-4b71-87c3-1b645d516652,0.03,0.23,0.07826568931341171
c30d3c13-a729-4b71-87c3-1b645d516652,0.04,0.03,0.05971679836511612
c30d3c13-a729-4b71-87c3-1b645d516652,0.04,0.08,0.08484291285276413
c30d3c13-a729-4b71-87c3-1b645d516652,0.05,0.03,0.05745972320437431
c30d3c13-a729-4b71-87c3-1b645d516652,0.05,0.08,0.08710674941539764
c30d3c13-a729-4b71-87c3-1b645d516652,0.05,0.13,0.09861159324645996
c30d3c13-a729-4b71-87c3-1b645d516652,0.05,0.18000000000000002,0.09394384175539017
c30d3c13-a729-4b71-87c3-1b645d516652,0.05,0.23,0.0820685625076294
c30d3c13-a729-4b71-87c3-1b645d516652,0.1,0.03,0.06463592499494553
c30d3c13-a729-4b71-87c3-1b645d516652,0.1,0.08,0.08396317809820175
c30d3c13-a729-4b71-87c3-1b645d516652,0.1,0.13,0.07960692793130875
c30d3c13-a729-4b71-87c3-1b645d516652,0.1,0.18000000000000002,0.06803222745656967
c30d3c13-a729-4b71-87c3-1b645d516652,0.1,0.23,0.06577704846858978
c30d3c13-a729-4b71-87c3-1b645d516652,0.15000000000000002,0.03,0.05199180170893669
c30d3c13-a729-4b71-87c3-1b645d516652,0.15000000000000002,0.08,0.06983276456594467
c30d3c13-a729-4b71-87c3-1b645d516652,0.15000000000000002,0.13,0.0678972527384758
c30d3c13-a729-4b71-87c3-1b645d516652,0.15000000000000002,0.18000000000000002,0.062021803110837936
c30d3c13-a729-4b71-87c3-1b645d516652,0.15000000000000002,0.23,0.06309845298528671
c30d3c13-a729-4b71-87c3-1b645d516652,0.2,0.03,0.05410540848970413
c30d3c13-a729-4b71-87c3-1b645d516652,0.2,0.08,0.06206195801496506
c30d3c13-a729-4b71-87c3-1b645d516652,0.2,0.13,0.06549225747585297
c30d3c13-a729-4b71-87c3-1b645d516652,0.2,0.18000000000000002,0.06677547842264175
c30d3c13-a729-4b71-87c3-1b645d516652,0.2,0.23,0.06567774713039398
c30d3c13-a729-4b71-87c3-1b645d516652,0.25,0.03,0.05567627772688866
c30d3c13-a729-4b71-87c3-1b645d516652,0.25,0.08,0.06795080751180649
c30d3c13-a729-4b71-87c3-1b645d516652,0.25,0.13,0.06498603522777557
c30d3c13-a729-4b71-87c3-1b645d516652,0.25,0.18000000000000002,0.06740754097700119
c30d3c13-a729-4b71-87c3-1b645d516652,0.25,0.23,0.06469443440437317
c30d3c13-a729-4b71-87c3-1b645d516652,0.30000000000000004,0.03,0.05885282903909683
c30d3c13-a729-4b71-87c3-1b645d516652,0.30000000000000004,0.08,0.06269712001085281
c30d3c13-a729-4b71-87c3-1b645d516652,0.30000000000000004,0.13,0.06862244009971619
c30d3c13-a729-4b71-87c3-1b645d516652,0.30000000000000004,0.18000000000000002,0.06524934619665146
c30d3c13-a729-4b71-87c3-1b645d516652,0.30000000000000004,0.23,0.06908601522445679
c3391f96-4822-4122-908c-b163909e8c50,0.0,0.03,0.052004922181367874
c3391f96-4822-4122-908c-b163909e8c50,0.0,0.08,0.08643785119056702
c3391f96-4822-4122-908c-b163909e8c50,0.0,0.13,0.10098771005868912
c3391f96-4822-4122-908c-b163909e8c50,0.0,0.18000000000000002,0.0943198949098587
c3391f96-4822-4122-908c-b163909e8c50,0.0,0.23,0.08302371203899384
c3391f96-4822-4122-908c-b163909e8c50,0.01,0.03,0.052712954580783844
c3391f96-4822-4122-908c-b163909e8c50,0.01,0.08,0.09111005067825317
c3391f96-4822-4122-908c-b163909e8c50,0.01,0.13,0.10037505626678467
c3391f96-4822-4122-908c-b163909e8c50,0.01,0.18000000000000002,0.08958373218774796
c3391f96-4822-4122-908c-b163909e8c50,0.01,0.23,0.07798443734645844
c3391f96-4822-4122-908c-b163909e8c50,0.02,0.03,0.058186113834381104
c3391f96-4822-4122-908c-b163909e8c50,0.02,0.08,0.09730648249387741
c3391f96-4822-4122-908c-b163909e8c50,0.02,0.13,0.10112322121858597
c3391f96-4822-4122-908c-b163909e8c50,0.02,0.18000000000000002,0.0833054855465889
c3391f96-4822-4122-908c-b163909e8c50,0.02,0.23,0.08430180698633194
c3391f96-4822-4122-908c-b163909e8c50,0.03,0.03,0.05921298637986183
c3391f96-4822-4122-908c-b163909e8c50,0.03,0.08,0.09679114818572998
c3391f96-4822-4122-908c-b163909e8c50,0.03,0.13,0.09443828463554382
c3391f96-4822-4122-908c-b163909e8c50,0.03,0.18000000000000002,0.08380534499883652
c3391f96-4822-4122-908c-b163909e8c50,0.03,0.23,0.08085125684738159
c3391f96-4822-4122-908c-b163909e8c50,0.04,0.03,0.06434407830238342
c3391f96-4822-4122-908c-b163909e8c50,0.04,0.08,0.0999671146273613
c3391f96-4822-4122-908c-b163909e8c50,0.05,0.03,0.07343552261590958
c3391f96-4822-4122-908c-b163909e8c50,0.05,0.08,0.09320143610239029
c3391f96-4822-4122-908c-b163909e8c50,0.05,0.13,0.0882873460650444
c3391f96-4822-4122-908c-b163909e8c50,0.05,0.18000000000000002,0.08811181038618088
c3391f96-4822-4122-908c-b163909e8c50,0.05,0.23,0.0855216383934021
c3391f96-4822-4122-908c-b163909e8c50,0.1,0.03,0.05729550123214722
c3391f96-4822-4122-908c-b163909e8c50,0.1,0.08,0.07359965145587921
c3391f96-4822-4122-908c-b163909e8c50,0.1,0.13,0.07551544159650803
c3391f96-4822-4122-908c-b163909e8c50,0.1,0.18000000000000002,0.07386775314807892
c3391f96-4822-4122-908c-b163909e8c50,0.1,0.23,0.07069692015647888
c3391f96-4822-4122-908c-b163909e8c50,0.15000000000000002,0.03,0.053644146770238876
c3391f96-4822-4122-908c-b163909e8c50,0.15000000000000002,0.08,0.06028638407588005
c3391f96-4822-4122-908c-b163909e8c50,0.15000000000000002,0.13,0.06363952159881592
c3391f96-4822-4122-908c-b163909e8c50,0.15000000000000002,0.18000000000000002,0.06684008985757828
c3391f96-4822-4122-908c-b163909e8c50,0.15000000000000002,0.23,0.0701628103852272
c3391f96-4822-4122-908c-b163909e8c50,0.2,0.03,0.049419812858104706
c3391f96-4822-4122-908c-b163909e8c50,0.2,0.08,0.0635688528418541
c3391f96-4822-4122-908c-b163909e8c50,0.2,0.13,0.06870412081480026
c3391f96-4822-4122-908c-b163909e8c50,0.2,0.18000000000000002,0.06822852045297623
c3391f96-4822-4122-908c-b163909e8c50,0.2,0.23,0.07083901017904282
c3391f96-4822-4122-908c-b163909e8c50,0.25,0.03,0.04744083061814308
c3391f96-4822-4122-908c-b163909e8c50,0.25,0.08,0.0686880424618721
c3391f96-4822-4122-908c-b163909e8c50,0.25,0.13,0.06280172616243362
c3391f96-4822-4122-908c-b163909e8c50,0.25,0.18000000000000002,0.06087521091103554
c3391f96-4822-4122-908c-b163909e8c50,0.25,0.23,0.07299412041902542
c3391f96-4822-4122-908c-b163909e8c50,0.30000000000000004,0.03,0.04773916304111481
c3391f96-4822-4122-908c-b163909e8c50,0.30000000000000004,0.08,0.06637616455554962
c3391f96-4822-4122-908c-b163909e8c50,0.30000000000000004,0.13,0.05972938984632492
c3391f96-4822-4122-908c-b163909e8c50,0.30000000000000004,0.18000000000000002,0.06772639602422714
c3391f96-4822-4122-908c-b163909e8c50,0.30000000000000004,0.23,0.07358449697494507
c34c45cb-f2ac-40cc-a7b2-c0b19e8fcfc3,0.0,0.03,0.05215001106262207
c34c45cb-f2ac-40cc-a7b2-c0b19e8fcfc3,0.0,0.08,0.0622064545750618
c34c45cb-f2ac-40cc-a7b2-c0b19e8fcfc3,0.0,0.13,0.07613424956798553
c34c45cb-f2ac-40cc-a7b2-c0b19e8fcfc3,0.0,0.18000000000000002,0.0722212865948677
c34c45cb-f2ac-40cc-a7b2-c0b19e8fcfc3,0.0,0.23,0.06965874135494232
c34c45cb-f2ac-40cc-a7b2-c0b19e8fcfc3,0.01,0.03,0.053714532405138016
c34c45cb-f2ac-40cc-a7b2-c0b19e8fcfc3,0.01,0.08,0.06054837629199028
c34c45cb-f2ac-40cc-a7b2-c0b19e8fcfc3,0.01,0.13,0.07533486932516098
c34c45cb-f2ac-40cc-a7b2-c0b19e8fcfc3,0.01,0.18000000000000002,0.06612958759069443
c34c45cb-f2ac-40cc-a7b2-c0b19e8fcfc3,0.01,0.23,0.06747578084468842
c34c45cb-f2ac-40cc-a7b2-c0b19e8fcfc3,0.02,0.03,0.05700268968939781
c34c45cb-f2ac-40cc-a7b2-c0b19e8fcfc3,0.02,0.08,0.06542826443910599
c34c45cb-f2ac-40cc-a7b2-c0b19e8fcfc3,0.02,0.13,0.07007931172847748
c34c45cb-f2ac-40cc-a7b2-c0b19e8fcfc3,0.02,0.18000000000000002,0.06420689076185226
c34c45cb-f2ac-40cc-a7b2-c0b19e8fcfc3,0.02,0.23,0.07003125548362732
c34c45cb-f2ac-40cc-a7b2-c0b19e8fcfc3,0.03,0.03,0.057048045098781586
c34c45cb-f2ac-40cc-a7b2-c0b19e8fcfc3,0.03,0.08,0.06275540590286255
c34c45cb-f2ac-40cc-a7b2-c0b19e8fcfc3,0.03,0.13,0.06124236062169075
c34c45cb-f2ac-40cc-a7b2-c0b19e8fcfc3,0.03,0.18000000000000002,0.06699488312005997
c34c45cb-f2ac-40cc-a7b2-c0b19e8fcfc3,0.03,0.23,0.0706983208656311
c34c45cb-f2ac-40cc-a7b2-c0b19e8fcfc3,0.04,0.03,0.0506151057779789
c34c45cb-f2ac-40cc-a7b2-c0b19e8fcfc3,0.04,0.08,0.06088421121239662
c34c45cb-f2ac-40cc-a7b2-c0b19e8fcfc3,0.05,0.03,0.04732068255543709
c34c45cb-f2ac-40cc-a7b2-c0b19e8fcfc3,0.05,0.08,0.05859959125518799
c34c45cb-f2ac-40cc-a7b2-c0b19e8fcfc3,0.05,0.13,0.05738166719675064
c34c45cb-f2ac-40cc-a7b2-c0b19e8fcfc3,0.05,0.18000000000000002,0.07077233493328094
c34c45cb-f2ac-40cc-a7b2-c0b19e8fcfc3,0.05,0.23,0.06811439990997314
c34c45cb-f2ac-40cc-a7b2-c0b19e8fcfc3,0.1,0.03,0.04929611459374428
c34c45cb-f2ac-40cc-a7b2-c0b19e8fcfc3,0.1,0.08,0.05522477999329567
c34c45cb-f2ac-40cc-a7b2-c0b19e8fcfc3,0.1,0.13,0.06836966425180435
c34c45cb-f2ac-40cc-a7b2-c0b19e8fcfc3,0.1,0.18000000000000002,0.06865973770618439
c34c45cb-f2ac-40cc-a7b2-c0b19e8fcfc3,0.1,0.23,0.06695260107517242
c34c45cb-f2ac-40cc-a7b2-c0b19e8fcfc3,0.15000000000000002,0.03,0.04926147684454918
c34c45cb-f2ac-40cc-a7b2-c0b19e8fcfc3,0.15000000000000002,0.08,0.05893697962164879
c34c45cb-f2ac-40cc-a7b2-c0b19e8fcfc3,0.15000000000000002,0.13,0.060473546385765076
c34c45cb-f2ac-40cc-a7b2-c0b19e8fcfc3,0.15000000000000002,0.18000000000000002,0.07302582263946533
c34c45cb-f2ac-40cc-a7b2-c0b19e8fcfc3,0.15000000000000002,0.23,0.08062655478715897
c34c45cb-f2ac-40cc-a7b2-c0b19e8fcfc3,0.2,0.03,0.04927118122577667
c34c45cb-f2ac-40cc-a7b2-c0b19e8fcfc3,0.2,0.08,0.059794832020998
c34c45cb-f2ac-40cc-a7b2-c0b19e8fcfc3,0.2,0.13,0.06770976632833481
c34c45cb-f2ac-40cc-a7b2-c0b19e8fcfc3,0.2,0.18000000000000002,0.07583875209093094
c34c45cb-f2ac-40cc-a7b2-c0b19e8fcfc3,0.2,0.23,0.07110168784856796
c34c45cb-f2ac-40cc-a7b2-c0b19e8fcfc3,0.25,0.03,0.04972517117857933
c34c45cb-f2ac-40cc-a7b2-c0b19e8fcfc3,0.25,0.08,0.05717543512582779
c34c45cb-f2ac-40cc-a7b2-c0b19e8fcfc3,0.25,0.13,0.06285576522350311
c34c45cb-f2ac-40cc-a7b2-c0b19e8fcfc3,0.25,0.18000000000000002,0.0720052719116211
c34c45cb-f2ac-40cc-a7b2-c0b19e8fcfc3,0.25,0.23,0.07084043323993683
c34c45cb-f2ac-40cc-a7b2-c0b19e8fcfc3,0.30000000000000004,0.03,0.05157826468348503
c34c45cb-f2ac-40cc-a7b2-c0b19e8fcfc3,0.30000000000000004,0.08,0.058131199330091476
c34c45cb-f2ac-40cc-a7b2-c0b19e8fcfc3,0.30000000000000004,0.13,0.06909357011318207
c34c45cb-f2ac-40cc-a7b2-c0b19e8fcfc3,0.30000000000000004,0.18000000000000002,0.06665530800819397
c34c45cb-f2ac-40cc-a7b2-c0b19e8fcfc3,0.30000000000000004,0.23,0.07091512531042099
c3becd87-d74e-4720-a4c1-3d62bd203f91,0.0,0.03,0.1389216184616089
c3becd87-d74e-4720-a4c1-3d62bd203f91,0.0,0.08,0.2010289877653122
c3becd87-d74e-4720-a4c1-3d62bd203f91,0.0,0.13,0.1954607218503952
c3becd87-d74e-4720-a4c1-3d62bd203f91,0.0,0.18000000000000002,0.1625896394252777
c3becd87-d74e-4720-a4c1-3d62bd203f91,0.0,0.23,0.1301126331090927
c3becd87-d74e-4720-a4c1-3d62bd203f91,0.01,0.03,0.14669407904148102
c3becd87-d74e-4720-a4c1-3d62bd203f91,0.01,0.08,0.19483637809753418
c3becd87-d74e-4720-a4c1-3d62bd203f91,0.01,0.13,0.1832728236913681
c3becd87-d74e-4720-a4c1-3d62bd203f91,0.01,0.18000000000000002,0.15024226903915405
c3becd87-d74e-4720-a4c1-3d62bd203f91,0.01,0.23,0.11703372746706009
c3becd87-d74e-4720-a4c1-3d62bd203f91,0.02,0.03,0.15181148052215576
c3becd87-d74e-4720-a4c1-3d62bd203f91,0.02,0.08,0.19523653388023376
c3becd87-d74e-4720-a4c1-3d62bd203f91,0.02,0.13,0.17350363731384277
c3becd87-d74e-4720-a4c1-3d62bd203f91,0.02,0.18000000000000002,0.13789881765842438
c3becd87-d74e-4720-a4c1-3d62bd203f91,0.02,0.23,0.11271596699953079
c3becd87-d74e-4720-a4c1-3d62bd203f91,0.03,0.03,0.15903648734092712
c3becd87-d74e-4720-a4c1-3d62bd203f91,0.03,0.08,0.18937119841575623
c3becd87-d74e-4720-a4c1-3d62bd203f91,0.03,0.13,0.15974636375904083
c3becd87-d74e-4720-a4c1-3d62bd203f91,0.03,0.18000000000000002,0.12604090571403503
c3becd87-d74e-4720-a4c1-3d62bd203f91,0.03,0.23,0.10634719580411911
c3becd87-d74e-4720-a4c1-3d62bd203f91,0.04,0.03,0.1675427407026291
c3becd87-d74e-4720-a4c1-3d62bd203f91,0.04,0.08,0.1790308803319931
c3becd87-d74e-4720-a4c1-3d62bd203f91,0.05,0.03,0.17155854403972626
c3becd87-d74e-4720-a4c1-3d62bd203f91,0.05,0.08,0.16574791073799133
c3becd87-d74e-4720-a4c1-3d62bd203f91,0.05,0.13,0.13450506329536438
c3becd87-d74e-4720-a4c1-3d62bd203f91,0.05,0.18000000000000002,0.1015629768371582
c3becd87-d74e-4720-a4c1-3d62bd203f91,0.05,0.23,0.09187309443950653
c3becd87-d74e-4720-a4c1-3d62bd203f91,0.1,0.03,0.08804372698068619
c3becd87-d74e-4720-a4c1-3d62bd203f91,0.1,0.08,0.08535071462392807
c3becd87-d74e-4720-a4c1-3d62bd203f91,0.1,0.13,0.08266191184520721
c3becd87-d74e-4720-a4c1-3d62bd203f91,0.1,0.18000000000000002,0.08886299282312393
c3becd87-d74e-4720-a4c1-3d62bd203f91,0.1,0.23,0.09638861566781998
c3becd87-d74e-4720-a4c1-3d62bd203f91,0.15000000000000002,0.03,0.06236916407942772
c3becd87-d74e-4720-a4c1-3d62bd203f91,0.15000000000000002,0.08,0.07726677507162094
c3becd87-d74e-4720-a4c1-3d62bd203f91,0.15000000000000002,0.13,0.09109487384557724
c3becd87-d74e-4720-a4c1-3d62bd203f91,0.15000000000000002,0.18000000000000002,0.10174345225095749
c3becd87-d74e-4720-a4c1-3d62bd203f91,0.15000000000000002,0.23,0.10272667557001114
c3becd87-d74e-4720-a4c1-3d62bd203f91,0.2,0.03,0.0654042661190033
c3becd87-d74e-4720-a4c1-3d62bd203f91,0.2,0.08,0.08763925731182098
c3becd87-d74e-4720-a4c1-3d62bd203f91,0.2,0.13,0.10407250374555588
c3becd87-d74e-4720-a4c1-3d62bd203f91,0.2,0.18000000000000002,0.10258819907903671
c3becd87-d74e-4720-a4c1-3d62bd203f91,0.2,0.23,0.09933028370141983
c3becd87-d74e-4720-a4c1-3d62bd203f91,0.25,0.03,0.06952693313360214
c3becd87-d74e-4720-a4c1-3d62bd203f91,0.25,0.08,0.094691202044487
c3becd87-d74e-4720-a4c1-3d62bd203f91,0.25,0.13,0.09381162375211716
c3becd87-d74e-4720-a4c1-3d62bd203f91,0.25,0.18000000000000002,0.08789661526679993
c3becd87-d74e-4720-a4c1-3d62bd203f91,0.25,0.23,0.09324520081281662
c3becd87-d74e-4720-a4c1-3d62bd203f91,0.30000000000000004,0.03,0.07228609174489975
c3becd87-d74e-4720-a4c1-3d62bd203f91,0.30000000000000004,0.08,0.0750393345952034
c3becd87-d74e-4720-a4c1-3d62bd203f91,0.30000000000000004,0.13,0.08583098649978638
c3becd87-d74e-4720-a4c1-3d62bd203f91,0.30000000000000004,0.18000000000000002,0.08979038894176483
c3becd87-d74e-4720-a4c1-3d62bd203f91,0.30000000000000004,0.23,0.08897757530212402
c4a02d88-79ee-4cca-9a19-28b210f51e64,0.0,0.03,0.05020032450556755
c4a02d88-79ee-4cca-9a19-28b210f51e64,0.0,0.08,0.05571097508072853
c4a02d88-79ee-4cca-9a19-28b210f51e64,0.0,0.13,0.06654370576143265
c4a02d88-79ee-4cca-9a19-28b210f51e64,0.0,0.18000000000000002,0.0663713738322258
c4a02d88-79ee-4cca-9a19-28b210f51e64,0.0,0.23,0.07011224329471588
c4a02d88-79ee-4cca-9a19-28b210f51e64,0.01,0.03,0.045474227517843246
c4a02d88-79ee-4cca-9a19-28b210f51e64,0.01,0.08,0.06008386239409447
c4a02d88-79ee-4cca-9a19-28b210f51e64,0.01,0.13,0.07200825959444046
c4a02d88-79ee-4cca-9a19-28b210f51e64,0.01,0.18000000000000002,0.06397438049316406
c4a02d88-79ee-4cca-9a19-28b210f51e64,0.01,0.23,0.06292836368083954
c4a02d88-79ee-4cca-9a19-28b210f51e64,0.02,0.03,0.04617229476571083
c4a02d88-79ee-4cca-9a19-28b210f51e64,0.02,0.08,0.0611846037209034
c4a02d88-79ee-4cca-9a19-28b210f51e64,0.02,0.13,0.06782308965921402
c4a02d88-79ee-4cca-9a19-28b210f51e64,0.02,0.18000000000000002,0.06524533033370972
c4a02d88-79ee-4cca-9a19-28b210f51e64,0.02,0.23,0.0622427761554718
c4a02d88-79ee-4cca-9a19-28b210f51e64,0.03,0.03,0.04614784196019173
c4a02d88-79ee-4cca-9a19-28b210f51e64,0.03,0.08,0.062418606132268906
c4a02d88-79ee-4cca-9a19-28b210f51e64,0.03,0.13,0.06561301648616791
c4a02d88-79ee-4cca-9a19-28b210f51e64,0.03,0.18000000000000002,0.06545696407556534
c4a02d88-79ee-4cca-9a19-28b210f51e64,0.03,0.23,0.06642543524503708
c4a02d88-79ee-4cca-9a19-28b210f51e64,0.04,0.03,0.04482642933726311
c4a02d88-79ee-4cca-9a19-28b210f51e64,0.04,0.08,0.06931876391172409
c4a02d88-79ee-4cca-9a19-28b210f51e64,0.05,0.03,0.0458749420940876
c4a02d88-79ee-4cca-9a19-28b210f51e64,0.05,0.08,0.061819855123758316
c4a02d88-79ee-4cca-9a19-28b210f51e64,0.05,0.13,0.05799219384789467
c4a02d88-79ee-4cca-9a19-28b210f51e64,0.05,0.18000000000000002,0.0617990605533123
c4a02d88-79ee-4cca-9a19-28b210f51e64,0.05,0.23,0.06629347801208496
c4a02d88-79ee-4cca-9a19-28b210f51e64,0.1,0.03,0.05833834782242775
c4a02d88-79ee-4cca-9a19-28b210f51e64,0.1,0.08,0.052388325333595276
c4a02d88-79ee-4cca-9a19-28b210f51e64,0.1,0.13,0.05776242911815643
c4a02d88-79ee-4cca-9a19-28b210f51e64,0.1,0.18000000000000002,0.06372565776109695
c4a02d88-79ee-4cca-9a19-28b210f51e64,0.1,0.23,0.06551702320575714
c4a02d88-79ee-4cca-9a19-28b210f51e64,0.15000000000000002,0.03,0.04785400256514549
c4a02d88-79ee-4cca-9a19-28b210f51e64,0.15000000000000002,0.08,0.0605156272649765
c4a02d88-79ee-4cca-9a19-28b210f51e64,0.15000000000000002,0.13,0.0624198317527771
c4a02d88-79ee-4cca-9a19-28b210f51e64,0.15000000000000002,0.18000000000000002,0.06424213945865631
c4a02d88-79ee-4cca-9a19-28b210f51e64,0.15000000000000002,0.23,0.06667492538690567
c4a02d88-79ee-4cca-9a19-28b210f51e64,0.2,0.03,0.04376112297177315
c4a02d88-79ee-4cca-9a19-28b210f51e64,0.2,0.08,0.057245563715696335
c4a02d88-79ee-4cca-9a19-28b210f51e64,0.2,0.13,0.06129888817667961
c4a02d88-79ee-4cca-9a19-28b210f51e64,0.2,0.18000000000000002,0.06552768498659134
c4a02d88-79ee-4cca-9a19-28b210f51e64,0.2,0.23,0.07103052735328674
c4a02d88-79ee-4cca-9a19-28b210f51e64,0.25,0.03,0.05028994753956795
c4a02d88-79ee-4cca-9a19-28b210f51e64,0.25,0.08,0.05479550361633301
c4a02d88-79ee-4cca-9a19-28b210f51e64,0.25,0.13,0.07139395922422409
c4a02d88-79ee-4cca-9a19-28b210f51e64,0.25,0.18000000000000002,0.07889115065336227
c4a02d88-79ee-4cca-9a19-28b210f51e64,0.25,0.23,0.07699917256832123
c4a02d88-79ee-4cca-9a19-28b210f51e64,0.30000000000000004,0.03,0.04708229377865791
c4a02d88-79ee-4cca-9a19-28b210f51e64,0.30000000000000004,0.08,0.06557119637727737
c4a02d88-79ee-4cca-9a19-28b210f51e64,0.30000000000000004,0.13,0.07359420508146286
c4a02d88-79ee-4cca-9a19-28b210f51e64,0.30000000000000004,0.18000000000000002,0.07392469793558121
c4a02d88-79ee-4cca-9a19-28b210f51e64,0.30000000000000004,0.23,0.06978466361761093
c4ebc2b0-133d-4652-b753-2443ac0bd1f0,0.0,0.03,0.07464460283517838
c4ebc2b0-133d-4652-b753-2443ac0bd1f0,0.0,0.08,0.10724949836730957
c4ebc2b0-133d-4652-b753-2443ac0bd1f0,0.0,0.13,0.12433413416147232
c4ebc2b0-133d-4652-b753-2443ac0bd1f0,0.0,0.18000000000000002,0.12131217122077942
c4ebc2b0-133d-4652-b753-2443ac0bd1f0,0.0,0.23,0.10000469535589218
c4ebc2b0-133d-4652-b753-2443ac0bd1f0,0.01,0.03,0.07913435995578766
c4ebc2b0-133d-4652-b753-2443ac0bd1f0,0.01,0.08,0.11219660937786102
c4ebc2b0-133d-4652-b753-2443ac0bd1f0,0.01,0.13,0.12573103606700897
c4ebc2b0-133d-4652-b753-2443ac0bd1f0,0.01,0.18000000000000002,0.11874984204769135
c4ebc2b0-133d-4652-b753-2443ac0bd1f0,0.01,0.23,0.10042136907577515
c4ebc2b0-133d-4652-b753-2443ac0bd1f0,0.02,0.03,0.07599899917840958
c4ebc2b0-133d-4652-b753-2443ac0bd1f0,0.02,0.08,0.11508966237306595
c4ebc2b0-133d-4652-b753-2443ac0bd1f0,0.02,0.13,0.1240040734410286
c4ebc2b0-133d-4652-b753-2443ac0bd1f0,0.02,0.18000000000000002,0.11213567852973938
c4ebc2b0-133d-4652-b753-2443ac0bd1f0,0.02,0.23,0.09766571968793869
c4ebc2b0-133d-4652-b753-2443ac0bd1f0,0.03,0.03,0.07296080887317657
c4ebc2b0-133d-4652-b753-2443ac0bd1f0,0.03,0.08,0.11228350549936295
c4ebc2b0-133d-4652-b753-2443ac0bd1f0,0.03,0.13,0.1226288229227066
c4ebc2b0-133d-4652-b753-2443ac0bd1f0,0.03,0.18000000000000002,0.10481247305870056
c4ebc2b0-133d-4652-b753-2443ac0bd1f0,0.03,0.23,0.0929834172129631
c4ebc2b0-133d-4652-b753-2443ac0bd1f0,0.04,0.03,0.09201783686876297
c4ebc2b0-133d-4652-b753-2443ac0bd1f0,0.04,0.08,0.11529164016246796
c4ebc2b0-133d-4652-b753-2443ac0bd1f0,0.05,0.03,0.08481784909963608
c4ebc2b0-133d-4652-b753-2443ac0bd1f0,0.05,0.08,0.11677747964859009
c4ebc2b0-133d-4652-b753-2443ac0bd1f0,0.05,0.13,0.10943642258644104
c4ebc2b0-133d-4652-b753-2443ac0bd1f0,0.05,0.18000000000000002,0.0971299409866333
c4ebc2b0-133d-4652-b753-2443ac0bd1f0,0.05,0.23,0.09602975845336914
c4ebc2b0-133d-4652-b753-2443ac0bd1f0,0.1,0.03,0.07624904811382294
c4ebc2b0-133d-4652-b753-2443ac0bd1f0,0.1,0.08,0.09237118065357208
c4ebc2b0-133d-4652-b753-2443ac0bd1f0,0.1,0.13,0.08833764493465424
c4ebc2b0-133d-4652-b753-2443ac0bd1f0,0.1,0.18000000000000002,0.09212969243526459
c4ebc2b0-133d-4652-b753-2443ac0bd1f0,0.1,0.23,0.09076140820980072
c4ebc2b0-133d-4652-b753-2443ac0bd1f0,0.15000000000000002,0.03,0.06481200456619263
c4ebc2b0-133d-4652-b753-2443ac0bd1f0,0.15000000000000002,0.08,0.0773964375257492
c4ebc2b0-133d-4652-b753-2443ac0bd1f0,0.15000000000000002,0.13,0.09082686901092529
c4ebc2b0-133d-4652-b753-2443ac0bd1f0,0.15000000000000002,0.18000000000000002,0.09332242608070374
c4ebc2b0-133d-4652-b753-2443ac0bd1f0,0.15000000000000002,0.23,0.09699226170778275
c4ebc2b0-133d-4652-b753-2443ac0bd1f0,0.2,0.03,0.060012176632881165
c4ebc2b0-133d-4652-b753-2443ac0bd1f0,0.2,0.08,0.07785804569721222
c4ebc2b0-133d-4652-b753-2443ac0bd1f0,0.2,0.13,0.08220800757408142
c4ebc2b0-133d-4652-b753-2443ac0bd1f0,0.2,0.18000000000000002,0.09064719825983047
c4ebc2b0-133d-4652-b753-2443ac0bd1f0,0.2,0.23,0.09125681966543198
c4ebc2b0-133d-4652-b753-2443ac0bd1f0,0.25,0.03,0.05059989169239998
c4ebc2b0-133d-4652-b753-2443ac0bd1f0,0.25,0.08,0.06988806277513504
c4ebc2b0-133d-4652-b753-2443ac0bd1f0,0.25,0.13,0.08164028078317642
c4ebc2b0-133d-4652-b753-2443ac0bd1f0,0.25,0.18000000000000002,0.08149442076683044
c4ebc2b0-133d-4652-b753-2443ac0bd1f0,0.25,0.23,0.08865244686603546
c4ebc2b0-133d-4652-b753-2443ac0bd1f0,0.30000000000000004,0.03,0.05814396217465401
c4ebc2b0-133d-4652-b753-2443ac0bd1f0,0.30000000000000004,0.08,0.0708177387714386
c4ebc2b0-133d-4652-b753-2443ac0bd1f0,0.30000000000000004,0.13,0.07344116270542145
c4ebc2b0-133d-4652-b753-2443ac0bd1f0,0.30000000000000004,0.18000000000000002,0.08111464977264404
c4ebc2b0-133d-4652-b753-2443ac0bd1f0,0.30000000000000004,0.23,0.07765289396047592
c50581db-a8ba-425e-818a-45554514db21,0.0,0.03,0.17371127009391785
c50581db-a8ba-425e-818a-45554514db21,0.0,0.08,0.2894858419895172
c50581db-a8ba-425e-818a-45554514db21,0.0,0.13,0.25516703724861145
c50581db-a8ba-425e-818a-45554514db21,0.0,0.18000000000000002,0.19560950994491577
c50581db-a8ba-425e-818a-45554514db21,0.0,0.23,0.16062384843826294
c50581db-a8ba-425e-818a-45554514db21,0.01,0.03,0.166971355676651
c50581db-a8ba-425e-818a-45554514db21,0.01,0.08,0.24753816425800323
c50581db-a8ba-425e-818a-45554514db21,0.01,0.13,0.21495750546455383
c50581db-a8ba-425e-818a-45554514db21,0.01,0.18000000000000002,0.16827967762947083
c50581db-a8ba-425e-818a-45554514db21,0.01,0.23,0.139617919921875
c50581db-a8ba-425e-818a-45554514db21,0.02,0.03,0.1902296543121338
c50581db-a8ba-425e-818a-45554514db21,0.02,0.08,0.2438725233078003
c50581db-a8ba-425e-818a-45554514db21,0.02,0.13,0.19540829956531525
c50581db-a8ba-425e-818a-45554514db21,0.02,0.18000000000000002,0.15131157636642456
c50581db-a8ba-425e-818a-45554514db21,0.02,0.23,0.12889502942562103
c50581db-a8ba-425e-818a-45554514db21,0.03,0.03,0.19976216554641724
c50581db-a8ba-425e-818a-45554514db21,0.03,0.08,0.2294609546661377
c50581db-a8ba-425e-818a-45554514db21,0.03,0.13,0.17762167751789093
c50581db-a8ba-425e-818a-45554514db21,0.03,0.18000000000000002,0.13729533553123474
c50581db-a8ba-425e-818a-45554514db21,0.03,0.23,0.11559010297060013
c50581db-a8ba-425e-818a-45554514db21,0.04,0.03,0.19232192635536194
c50581db-a8ba-425e-818a-45554514db21,0.04,0.08,0.19398152828216553
c50581db-a8ba-425e-818a-45554514db21,0.05,0.03,0.18282079696655273
c50581db-a8ba-425e-818a-45554514db21,0.05,0.08,0.17073433101177216
c50581db-a8ba-425e-818a-45554514db21,0.05,0.13,0.12498240172863007
c50581db-a8ba-425e-818a-45554514db21,0.05,0.18000000000000002,0.0981159433722496
c50581db-a8ba-425e-818a-45554514db21,0.05,0.23,0.08443593233823776
c50581db-a8ba-425e-818a-45554514db21,0.1,0.03,0.059081047773361206
c50581db-a8ba-425e-818a-45554514db21,0.1,0.08,0.07429540902376175
c50581db-a8ba-425e-818a-45554514db21,0.1,0.13,0.0693037360906601
c50581db-a8ba-425e-818a-45554514db21,0.1,0.18000000000000002,0.06443626433610916
c50581db-a8ba-425e-818a-45554514db21,0.1,0.23,0.06512878835201263
c50581db-a8ba-425e-818a-45554514db21,0.15000000000000002,0.03,0.056243930011987686
c50581db-a8ba-425e-818a-45554514db21,0.15000000000000002,0.08,0.06235528364777565
c50581db-a8ba-425e-818a-45554514db21,0.15000000000000002,0.13,0.05999021977186203
c50581db-a8ba-425e-818a-45554514db21,0.15000000000000002,0.18000000000000002,0.061197273433208466
c50581db-a8ba-425e-818a-45554514db21,0.15000000000000002,0.23,0.06675602495670319
c50581db-a8ba-425e-818a-45554514db21,0.2,0.03,0.047544144093990326
c50581db-a8ba-425e-818a-45554514db21,0.2,0.08,0.05592714250087738
c50581db-a8ba-425e-818a-45554514db21,0.2,0.13,0.06269469112157822
c50581db-a8ba-425e-818a-45554514db21,0.2,0.18000000000000002,0.06668169796466827
c50581db-a8ba-425e-818a-45554514db21,0.2,0.23,0.0671524628996849
c50581db-a8ba-425e-818a-45554514db21,0.25,0.03,0.051200613379478455
c50581db-a8ba-425e-818a-45554514db21,0.25,0.08,0.06209905818104744
c50581db-a8ba-425e-818a-45554514db21,0.25,0.13,0.06748536974191666
c50581db-a8ba-425e-818a-45554514db21,0.25,0.18000000000000002,0.06683547049760818
c50581db-a8ba-425e-818a-45554514db21,0.25,0.23,0.06628159433603287
c50581db-a8ba-425e-818a-45554514db21,0.30000000000000004,0.03,0.0578366219997406
c50581db-a8ba-425e-818a-45554514db21,0.30000000000000004,0.08,0.07672987133264542
c50581db-a8ba-425e-818a-45554514db21,0.30000000000000004,0.13,0.07302780449390411
c50581db-a8ba-425e-818a-45554514db21,0.30000000000000004,0.18000000000000002,0.07027037441730499
c50581db-a8ba-425e-818a-45554514db21,0.30000000000000004,0.23,0.06739795207977295
c529a0e9-5c9f-4bc2-a4c3-940172ce5daa,0.0,0.03,0.04611390456557274
c529a0e9-5c9f-4bc2-a4c3-940172ce5daa,0.0,0.08,0.05782989412546158
c529a0e9-5c9f-4bc2-a4c3-940172ce5daa,0.0,0.13,0.06719677895307541
c529a0e9-5c9f-4bc2-a4c3-940172ce5daa,0.0,0.18000000000000002,0.06583596020936966
c529a0e9-5c9f-4bc2-a4c3-940172ce5daa,0.0,0.23,0.0728660449385643
c529a0e9-5c9f-4bc2-a4c3-940172ce5daa,0.01,0.03,0.044519901275634766
c529a0e9-5c9f-4bc2-a4c3-940172ce5daa,0.01,0.08,0.062061507254838943
c529a0e9-5c9f-4bc2-a4c3-940172ce5daa,0.01,0.13,0.06681499630212784
c529a0e9-5c9f-4bc2-a4c3-940172ce5daa,0.01,0.18000000000000002,0.07309411466121674
c529a0e9-5c9f-4bc2-a4c3-940172ce5daa,0.01,0.23,0.07843456417322159
c529a0e9-5c9f-4bc2-a4c3-940172ce5daa,0.02,0.03,0.05140838027000427
c529a0e9-5c9f-4bc2-a4c3-940172ce5daa,0.02,0.08,0.06140479817986488
c529a0e9-5c9f-4bc2-a4c3-940172ce5daa,0.02,0.13,0.0687316507101059
c529a0e9-5c9f-4bc2-a4c3-940172ce5daa,0.02,0.18000000000000002,0.07201871275901794
c529a0e9-5c9f-4bc2-a4c3-940172ce5daa,0.02,0.23,0.07880060374736786
c529a0e9-5c9f-4bc2-a4c3-940172ce5daa,0.03,0.03,0.05328559875488281
c529a0e9-5c9f-4bc2-a4c3-940172ce5daa,0.03,0.08,0.05612597614526749
c529a0e9-5c9f-4bc2-a4c3-940172ce5daa,0.03,0.13,0.06292178481817245
c529a0e9-5c9f-4bc2-a4c3-940172ce5daa,0.03,0.18000000000000002,0.07148677110671997
c529a0e9-5c9f-4bc2-a4c3-940172ce5daa,0.03,0.23,0.0737520083785057
c529a0e9-5c9f-4bc2-a4c3-940172ce5daa,0.04,0.03,0.049512699246406555
c529a0e9-5c9f-4bc2-a4c3-940172ce5daa,0.04,0.08,0.05943947285413742
c529a0e9-5c9f-4bc2-a4c3-940172ce5daa,0.05,0.03,0.04539962112903595
c529a0e9-5c9f-4bc2-a4c3-940172ce5daa,0.05,0.08,0.058644603937864304
c529a0e9-5c9f-4bc2-a4c3-940172ce5daa,0.05,0.13,0.06698262691497803
c529a0e9-5c9f-4bc2-a4c3-940172ce5daa,0.05,0.18000000000000002,0.07258815318346024
c529a0e9-5c9f-4bc2-a4c3-940172ce5daa,0.05,0.23,0.07291712611913681
c529a0e9-5c9f-4bc2-a4c3-940172ce5daa,0.1,0.03,0.04918121546506882
c529a0e9-5c9f-4bc2-a4c3-940172ce5daa,0.1,0.08,0.06176624074578285
c529a0e9-5c9f-4bc2-a4c3-940172ce5daa,0.1,0.13,0.06835713237524033
c529a0e9-5c9f-4bc2-a4c3-940172ce5daa,0.1,0.18000000000000002,0.0752590149641037
c529a0e9-5c9f-4bc2-a4c3-940172ce5daa,0.1,0.23,0.08221834152936935
c529a0e9-5c9f-4bc2-a4c3-940172ce5daa,0.15000000000000002,0.03,0.05325039476156235
c529a0e9-5c9f-4bc2-a4c3-940172ce5daa,0.15000000000000002,0.08,0.0570572093129158
c529a0e9-5c9f-4bc2-a4c3-940172ce5daa,0.15000000000000002,0.13,0.07375533878803253
c529a0e9-5c9f-4bc2-a4c3-940172ce5daa,0.15000000000000002,0.18000000000000002,0.07934378832578659
c529a0e9-5c9f-4bc2-a4c3-940172ce5daa,0.15000000000000002,0.23,0.07917486131191254
c529a0e9-5c9f-4bc2-a4c3-940172ce5daa,0.2,0.03,0.048376962542533875
c529a0e9-5c9f-4bc2-a4c3-940172ce5daa,0.2,0.08,0.06755362451076508
c529a0e9-5c9f-4bc2-a4c3-940172ce5daa,0.2,0.13,0.0720488429069519
c529a0e9-5c9f-4bc2-a4c3-940172ce5daa,0.2,0.18000000000000002,0.07663688063621521
c529a0e9-5c9f-4bc2-a4c3-940172ce5daa,0.2,0.23,0.07970874011516571
c529a0e9-5c9f-4bc2-a4c3-940172ce5daa,0.25,0.03,0.0501897968351841
c529a0e9-5c9f-4bc2-a4c3-940172ce5daa,0.25,0.08,0.06064743921160698
c529a0e9-5c9f-4bc2-a4c3-940172ce5daa,0.25,0.13,0.07447908073663712
c529a0e9-5c9f-4bc2-a4c3-940172ce5daa,0.25,0.18000000000000002,0.07738134264945984
c529a0e9-5c9f-4bc2-a4c3-940172ce5daa,0.25,0.23,0.07929142564535141
c529a0e9-5c9f-4bc2-a4c3-940172ce5daa,0.30000000000000004,0.03,0.04950716346502304
c529a0e9-5c9f-4bc2-a4c3-940172ce5daa,0.30000000000000004,0.08,0.06490543484687805
c529a0e9-5c9f-4bc2-a4c3-940172ce5daa,0.30000000000000004,0.13,0.07485698908567429
c529a0e9-5c9f-4bc2-a4c3-940172ce5daa,0.30000000000000004,0.18000000000000002,0.07634308189153671
c529a0e9-5c9f-4bc2-a4c3-940172ce5daa,0.30000000000000004,0.23,0.075873464345932
c65c5685-97e3-40a8-92b8-68c59abf7756,0.0,0.03,0.04584719240665436
c65c5685-97e3-40a8-92b8-68c59abf7756,0.0,0.08,0.059171825647354126
c65c5685-97e3-40a8-92b8-68c59abf7756,0.0,0.13,0.06887590140104294
c65c5685-97e3-40a8-92b8-68c59abf7756,0.0,0.18000000000000002,0.07168930023908615
c65c5685-97e3-40a8-92b8-68c59abf7756,0.0,0.23,0.07541409879922867
c65c5685-97e3-40a8-92b8-68c59abf7756,0.01,0.03,0.04860484600067139
c65c5685-97e3-40a8-92b8-68c59abf7756,0.01,0.08,0.0643436536192894
c65c5685-97e3-40a8-92b8-68c59abf7756,0.01,0.13,0.07083743810653687
c65c5685-97e3-40a8-92b8-68c59abf7756,0.01,0.18000000000000002,0.07411718368530273
c65c5685-97e3-40a8-92b8-68c59abf7756,0.01,0.23,0.07013196498155594
c65c5685-97e3-40a8-92b8-68c59abf7756,0.02,0.03,0.05577849596738815
c65c5685-97e3-40a8-92b8-68c59abf7756,0.02,0.08,0.05738404020667076
c65c5685-97e3-40a8-92b8-68c59abf7756,0.02,0.13,0.06058714538812637
c65c5685-97e3-40a8-92b8-68c59abf7756,0.02,0.18000000000000002,0.06762895733118057
c65c5685-97e3-40a8-92b8-68c59abf7756,0.02,0.23,0.06445186585187912
c65c5685-97e3-40a8-92b8-68c59abf7756,0.03,0.03,0.057340897619724274
c65c5685-97e3-40a8-92b8-68c59abf7756,0.03,0.08,0.05755063518881798
c65c5685-97e3-40a8-92b8-68c59abf7756,0.03,0.13,0.06626467406749725
c65c5685-97e3-40a8-92b8-68c59abf7756,0.03,0.18000000000000002,0.06791963428258896
c65c5685-97e3-40a8-92b8-68c59abf7756,0.03,0.23,0.06846785545349121
c65c5685-97e3-40a8-92b8-68c59abf7756,0.04,0.03,0.04902896285057068
c65c5685-97e3-40a8-92b8-68c59abf7756,0.04,0.08,0.058250218629837036
c65c5685-97e3-40a8-92b8-68c59abf7756,0.05,0.03,0.04604269936680794
c65c5685-97e3-40a8-92b8-68c59abf7756,0.05,0.08,0.05882352218031883
c65c5685-97e3-40a8-92b8-68c59abf7756,0.05,0.13,0.06242946907877922
c65c5685-97e3-40a8-92b8-68c59abf7756,0.05,0.18000000000000002,0.06806758046150208
c65c5685-97e3-40a8-92b8-68c59abf7756,0.05,0.23,0.06403864920139313
c65c5685-97e3-40a8-92b8-68c59abf7756,0.1,0.03,0.05532209947705269
c65c5685-97e3-40a8-92b8-68c59abf7756,0.1,0.08,0.06777080148458481
c65c5685-97e3-40a8-92b8-68c59abf7756,0.1,0.13,0.06620598584413528
c65c5685-97e3-40a8-92b8-68c59abf7756,0.1,0.18000000000000002,0.06762336939573288
c65c5685-97e3-40a8-92b8-68c59abf7756,0.1,0.23,0.07175616919994354
c65c5685-97e3-40a8-92b8-68c59abf7756,0.15000000000000002,0.03,0.04652411490678787
c65c5685-97e3-40a8-92b8-68c59abf7756,0.15000000000000002,0.08,0.056736111640930176
c65c5685-97e3-40a8-92b8-68c59abf7756,0.15000000000000002,0.13,0.061087578535079956
c65c5685-97e3-40a8-92b8-68c59abf7756,0.15000000000000002,0.18000000000000002,0.07238475978374481
c65c5685-97e3-40a8-92b8-68c59abf7756,0.15000000000000002,0.23,0.07384028285741806
c65c5685-97e3-40a8-92b8-68c59abf7756,0.2,0.03,0.05532419681549072
c65c5685-97e3-40a8-92b8-68c59abf7756,0.2,0.08,0.05765946954488754
c65c5685-97e3-40a8-92b8-68c59abf7756,0.2,0.13,0.0742444172501564
c65c5685-97e3-40a8-92b8-68c59abf7756,0.2,0.18000000000000002,0.07422734051942825
c65c5685-97e3-40a8-92b8-68c59abf7756,0.2,0.23,0.07921650260686874
c65c5685-97e3-40a8-92b8-68c59abf7756,0.25,0.03,0.04454497992992401
c65c5685-97e3-40a8-92b8-68c59abf7756,0.25,0.08,0.06996534019708633
c65c5685-97e3-40a8-92b8-68c59abf7756,0.25,0.13,0.07001777738332748
c65c5685-97e3-40a8-92b8-68c59abf7756,0.25,0.18000000000000002,0.07688115537166595
c65c5685-97e3-40a8-92b8-68c59abf7756,0.25,0.23,0.0764472559094429
c65c5685-97e3-40a8-92b8-68c59abf7756,0.30000000000000004,0.03,0.05038381740450859
c65c5685-97e3-40a8-92b8-68c59abf7756,0.30000000000000004,0.08,0.06681806594133377
c65c5685-97e3-40a8-92b8-68c59abf7756,0.30000000000000004,0.13,0.07220690697431564
c65c5685-97e3-40a8-92b8-68c59abf7756,0.30000000000000004,0.18000000000000002,0.07121404260396957
c65c5685-97e3-40a8-92b8-68c59abf7756,0.30000000000000004,0.23,0.06954103708267212
c67604c3-0a67-4217-be5e-e532df7f6267,0.0,0.03,0.08366011083126068
c67604c3-0a67-4217-be5e-e532df7f6267,0.0,0.08,0.10270844399929047
c67604c3-0a67-4217-be5e-e532df7f6267,0.0,0.13,0.140001580119133
c67604c3-0a67-4217-be5e-e532df7f6267,0.0,0.18000000000000002,0.15847048163414001
c67604c3-0a67-4217-be5e-e532df7f6267,0.0,0.23,0.12830707430839539
c67604c3-0a67-4217-be5e-e532df7f6267,0.01,0.03,0.07614646852016449
c67604c3-0a67-4217-be5e-e532df7f6267,0.01,0.08,0.10207565128803253
c67604c3-0a67-4217-be5e-e532df7f6267,0.01,0.13,0.14700943231582642
c67604c3-0a67-4217-be5e-e532df7f6267,0.01,0.18000000000000002,0.15664228796958923
c67604c3-0a67-4217-be5e-e532df7f6267,0.01,0.23,0.12316347658634186
c67604c3-0a67-4217-be5e-e532df7f6267,0.02,0.03,0.10470593720674515
c67604c3-0a67-4217-be5e-e532df7f6267,0.02,0.08,0.10859787464141846
c67604c3-0a67-4217-be5e-e532df7f6267,0.02,0.13,0.14234481751918793
c67604c3-0a67-4217-be5e-e532df7f6267,0.02,0.18000000000000002,0.14752069115638733
c67604c3-0a67-4217-be5e-e532df7f6267,0.02,0.23,0.1139090284705162
c67604c3-0a67-4217-be5e-e532df7f6267,0.03,0.03,0.09250149130821228
c67604c3-0a67-4217-be5e-e532df7f6267,0.03,0.08,0.10859787464141846
c67604c3-0a67-4217-be5e-e532df7f6267,0.03,0.13,0.14916209876537323
c67604c3-0a67-4217-be5e-e532df7f6267,0.03,0.18000000000000002,0.14752069115638733
c67604c3-0a67-4217-be5e-e532df7f6267,0.03,0.23,0.11131686717271805
c67604c3-0a67-4217-be5e-e532df7f6267,0.04,0.03,0.08785844594240189
c67604c3-0a67-4217-be5e-e532df7f6267,0.04,0.08,0.12537924945354462
c67604c3-0a67-4217-be5e-e532df7f6267,0.05,0.03,0.11128054559230804
c67604c3-0a67-4217-be5e-e532df7f6267,0.05,0.08,0.15373897552490234
c67604c3-0a67-4217-be5e-e532df7f6267,0.05,0.13,0.1624727100133896
c67604c3-0a67-4217-be5e-e532df7f6267,0.05,0.18000000000000002,0.12416652590036392
c67604c3-0a67-4217-be5e-e532df7f6267,0.05,0.23,0.09951041638851166
c67604c3-0a67-4217-be5e-e532df7f6267,0.1,0.03,0.09724443405866623
c67604c3-0a67-4217-be5e-e532df7f6267,0.1,0.08,0.1392684429883957
c67604c3-0a67-4217-be5e-e532df7f6267,0.1,0.13,0.12182801216840744
c67604c3-0a67-4217-be5e-e532df7f6267,0.1,0.18000000000000002,0.09553417563438416
c67604c3-0a67-4217-be5e-e532df7f6267,0.1,0.23,0.09703051298856735
c67604c3-0a67-4217-be5e-e532df7f6267,0.15000000000000002,0.03,0.10137911140918732
c67604c3-0a67-4217-be5e-e532df7f6267,0.15000000000000002,0.08,0.11181457340717316
c67604c3-0a67-4217-be5e-e532df7f6267,0.15000000000000002,0.13,0.10914131253957748
c67604c3-0a67-4217-be5e-e532df7f6267,0.15000000000000002,0.18000000000000002,0.08954211324453354
c67604c3-0a67-4217-be5e-e532df7f6267,0.15000000000000002,0.23,0.09467846900224686
c67604c3-0a67-4217-be5e-e532df7f6267,0.2,0.03,0.09153134375810623
c67604c3-0a67-4217-be5e-e532df7f6267,0.2,0.08,0.11511721462011337
c67604c3-0a67-4217-be5e-e532df7f6267,0.2,0.13,0.09410884231328964
c67604c3-0a67-4217-be5e-e532df7f6267,0.2,0.18000000000000002,0.07689552009105682
c67604c3-0a67-4217-be5e-e532df7f6267,0.2,0.23,0.0806504637002945
c67604c3-0a67-4217-be5e-e532df7f6267,0.25,0.03,0.06467922776937485
c67604c3-0a67-4217-be5e-e532df7f6267,0.25,0.08,0.06942348927259445
c67604c3-0a67-4217-be5e-e532df7f6267,0.25,0.13,0.07746873050928116
c67604c3-0a67-4217-be5e-e532df7f6267,0.25,0.18000000000000002,0.07912307977676392
c67604c3-0a67-4217-be5e-e532df7f6267,0.25,0.23,0.08007147163152695
c67604c3-0a67-4217-be5e-e532df7f6267,0.30000000000000004,0.03,0.0638090968132019
c67604c3-0a67-4217-be5e-e532df7f6267,0.30000000000000004,0.08,0.07460476458072662
c67604c3-0a67-4217-be5e-e532df7f6267,0.30000000000000004,0.13,0.07424718886613846
c67604c3-0a67-4217-be5e-e532df7f6267,0.30000000000000004,0.18000000000000002,0.09264472126960754
c67604c3-0a67-4217-be5e-e532df7f6267,0.30000000000000004,0.23,0.09154362976551056
c6a141a3-3c43-4f39-82e5-b5b99df43665,0.0,0.03,0.16505981981754303
c6a141a3-3c43-4f39-82e5-b5b99df43665,0.0,0.08,0.2743736207485199
c6a141a3-3c43-4f39-82e5-b5b99df43665,0.0,0.13,0.2687959671020508
c6a141a3-3c43-4f39-82e5-b5b99df43665,0.0,0.18000000000000002,0.20901213586330414
c6a141a3-3c43-4f39-82e5-b5b99df43665,0.0,0.23,0.15965519845485687
c6a141a3-3c43-4f39-82e5-b5b99df43665,0.01,0.03,0.1977400779724121
c6a141a3-3c43-4f39-82e5-b5b99df43665,0.01,0.08,0.29175639152526855
c6a141a3-3c43-4f39-82e5-b5b99df43665,0.01,0.13,0.25429585576057434
c6a141a3-3c43-4f39-82e5-b5b99df43665,0.01,0.18000000000000002,0.18156009912490845
c6a141a3-3c43-4f39-82e5-b5b99df43665,0.01,0.23,0.12990279495716095
c6a141a3-3c43-4f39-82e5-b5b99df43665,0.02,0.03,0.23658625781536102
c6a141a3-3c43-4f39-82e5-b5b99df43665,0.02,0.08,0.29496854543685913
c6a141a3-3c43-4f39-82e5-b5b99df43665,0.02,0.13,0.23444131016731262
c6a141a3-3c43-4f39-82e5-b5b99df43665,0.02,0.18000000000000002,0.1619097888469696
c6a141a3-3c43-4f39-82e5-b5b99df43665,0.02,0.23,0.11653643846511841
c6a141a3-3c43-4f39-82e5-b5b99df43665,0.03,0.03,0.2604699432849884
c6a141a3-3c43-4f39-82e5-b5b99df43665,0.03,0.08,0.28382736444473267
c6a141a3-3c43-4f39-82e5-b5b99df43665,0.03,0.13,0.20988576114177704
c6a141a3-3c43-4f39-82e5-b5b99df43665,0.03,0.18000000000000002,0.14051805436611176
c6a141a3-3c43-4f39-82e5-b5b99df43665,0.03,0.23,0.10198545455932617
c6a141a3-3c43-4f39-82e5-b5b99df43665,0.04,0.03,0.26693981885910034
c6a141a3-3c43-4f39-82e5-b5b99df43665,0.04,0.08,0.26151055097579956
c6a141a3-3c43-4f39-82e5-b5b99df43665,0.05,0.03,0.2580893933773041
c6a141a3-3c43-4f39-82e5-b5b99df43665,0.05,0.08,0.24413608014583588
c6a141a3-3c43-4f39-82e5-b5b99df43665,0.05,0.13,0.17443707585334778
c6a141a3-3c43-4f39-82e5-b5b99df43665,0.05,0.18000000000000002,0.13310448825359344
c6a141a3-3c43-4f39-82e5-b5b99df43665,0.05,0.23,0.10395389795303345
c6a141a3-3c43-4f39-82e5-b5b99df43665,0.1,0.03,0.14156672358512878
c6a141a3-3c43-4f39-82e5-b5b99df43665,0.1,0.08,0.13141478598117828
c6a141a3-3c43-4f39-82e5-b5b99df43665,0.1,0.13,0.12935858964920044
c6a141a3-3c43-4f39-82e5-b5b99df43665,0.1,0.18000000000000002,0.11417483538389206
c6a141a3-3c43-4f39-82e5-b5b99df43665,0.1,0.23,0.10011784732341766
c6a141a3-3c43-4f39-82e5-b5b99df43665,0.15000000000000002,0.03,0.11986462026834488
c6a141a3-3c43-4f39-82e5-b5b99df43665,0.15000000000000002,0.08,0.13619987666606903
c6a141a3-3c43-4f39-82e5-b5b99df43665,0.15000000000000002,0.13,0.12152482569217682
c6a141a3-3c43-4f39-82e5-b5b99df43665,0.15000000000000002,0.18000000000000002,0.10700719803571701
c6a141a3-3c43-4f39-82e5-b5b99df43665,0.15000000000000002,0.23,0.09403765946626663
c6a141a3-3c43-4f39-82e5-b5b99df43665,0.2,0.03,0.09724211692810059
c6a141a3-3c43-4f39-82e5-b5b99df43665,0.2,0.08,0.090936079621315
c6a141a3-3c43-4f39-82e5-b5b99df43665,0.2,0.13,0.08090515434741974
c6a141a3-3c43-4f39-82e5-b5b99df43665,0.2,0.18000000000000002,0.07251949608325958
c6a141a3-3c43-4f39-82e5-b5b99df43665,0.2,0.23,0.0665547326207161
c6a141a3-3c43-4f39-82e5-b5b99df43665,0.25,0.03,0.059127867221832275
c6a141a3-3c43-4f39-82e5-b5b99df43665,0.25,0.08,0.06656280159950256
c6a141a3-3c43-4f39-82e5-b5b99df43665,0.25,0.13,0.0636989027261734
c6a141a3-3c43-4f39-82e5-b5b99df43665,0.25,0.18000000000000002,0.06013248860836029
c6a141a3-3c43-4f39-82e5-b5b99df43665,0.25,0.23,0.06316983699798584
c6a141a3-3c43-4f39-82e5-b5b99df43665,0.30000000000000004,0.03,0.05052933096885681
c6a141a3-3c43-4f39-82e5-b5b99df43665,0.30000000000000004,0.08,0.05931335315108299
c6a141a3-3c43-4f39-82e5-b5b99df43665,0.30000000000000004,0.13,0.061097122728824615
c6a141a3-3c43-4f39-82e5-b5b99df43665,0.30000000000000004,0.18000000000000002,0.06439871340990067
c6a141a3-3c43-4f39-82e5-b5b99df43665,0.30000000000000004,0.23,0.062457431107759476
c78e7122-03f3-4be8-aff0-a0ab4f931cd1,0.0,0.03,0.048306118696928024
c78e7122-03f3-4be8-aff0-a0ab4f931cd1,0.0,0.08,0.059755221009254456
c78e7122-03f3-4be8-aff0-a0ab4f931cd1,0.0,0.13,0.06456788629293442
c78e7122-03f3-4be8-aff0-a0ab4f931cd1,0.0,0.18000000000000002,0.06495365500450134
c78e7122-03f3-4be8-aff0-a0ab4f931cd1,0.0,0.23,0.0646534413099289
c78e7122-03f3-4be8-aff0-a0ab4f931cd1,0.01,0.03,0.052436619997024536
c78e7122-03f3-4be8-aff0-a0ab4f931cd1,0.01,0.08,0.05515453219413757
c78e7122-03f3-4be8-aff0-a0ab4f931cd1,0.01,0.13,0.06481000036001205
c78e7122-03f3-4be8-aff0-a0ab4f931cd1,0.01,0.18000000000000002,0.06444547325372696
c78e7122-03f3-4be8-aff0-a0ab4f931cd1,0.01,0.23,0.06723804771900177
c78e7122-03f3-4be8-aff0-a0ab4f931cd1,0.02,0.03,0.05191574618220329
c78e7122-03f3-4be8-aff0-a0ab4f931cd1,0.02,0.08,0.05760296806693077
c78e7122-03f3-4be8-aff0-a0ab4f931cd1,0.02,0.13,0.06635729223489761
c78e7122-03f3-4be8-aff0-a0ab4f931cd1,0.02,0.18000000000000002,0.07065214961767197
c78e7122-03f3-4be8-aff0-a0ab4f931cd1,0.02,0.23,0.06825941056013107
c78e7122-03f3-4be8-aff0-a0ab4f931cd1,0.03,0.03,0.05582199990749359
c78e7122-03f3-4be8-aff0-a0ab4f931cd1,0.03,0.08,0.05928386002779007
c78e7122-03f3-4be8-aff0-a0ab4f931cd1,0.03,0.13,0.06335142999887466
c78e7122-03f3-4be8-aff0-a0ab4f931cd1,0.03,0.18000000000000002,0.0674753189086914
c78e7122-03f3-4be8-aff0-a0ab4f931cd1,0.03,0.23,0.07446171343326569
c78e7122-03f3-4be8-aff0-a0ab4f931cd1,0.04,0.03,0.04656710848212242
c78e7122-03f3-4be8-aff0-a0ab4f931cd1,0.04,0.08,0.05734163895249367
c78e7122-03f3-4be8-aff0-a0ab4f931cd1,0.05,0.03,0.044782739132642746
c78e7122-03f3-4be8-aff0-a0ab4f931cd1,0.05,0.08,0.0602085255086422
c78e7122-03f3-4be8-aff0-a0ab4f931cd1,0.05,0.13,0.06174968555569649
c78e7122-03f3-4be8-aff0-a0ab4f931cd1,0.05,0.18000000000000002,0.07230811566114426
c78e7122-03f3-4be8-aff0-a0ab4f931cd1,0.05,0.23,0.0742250606417656
c78e7122-03f3-4be8-aff0-a0ab4f931cd1,0.1,0.03,0.047354813665151596
c78e7122-03f3-4be8-aff0-a0ab4f931cd1,0.1,0.08,0.05563664063811302
c78e7122-03f3-4be8-aff0-a0ab4f931cd1,0.1,0.13,0.06743956357240677
c78e7122-03f3-4be8-aff0-a0ab4f931cd1,0.1,0.18000000000000002,0.0694977417588234
c78e7122-03f3-4be8-aff0-a0ab4f931cd1,0.1,0.23,0.06743058562278748
c78e7122-03f3-4be8-aff0-a0ab4f931cd1,0.15000000000000002,0.03,0.047550201416015625
c78e7122-03f3-4be8-aff0-a0ab4f931cd1,0.15000000000000002,0.08,0.0605323389172554
c78e7122-03f3-4be8-aff0-a0ab4f931cd1,0.15000000000000002,0.13,0.0672808513045311
c78e7122-03f3-4be8-aff0-a0ab4f931cd1,0.15000000000000002,0.18000000000000002,0.0667649582028389
c78e7122-03f3-4be8-aff0-a0ab4f931cd1,0.15000000000000002,0.23,0.06055014207959175
c78e7122-03f3-4be8-aff0-a0ab4f931cd1,0.2,0.03,0.04897729307413101
c78e7122-03f3-4be8-aff0-a0ab4f931cd1,0.2,0.08,0.058100972324609756
c78e7122-03f3-4be8-aff0-a0ab4f931cd1,0.2,0.13,0.06035374477505684
c78e7122-03f3-4be8-aff0-a0ab4f931cd1,0.2,0.18000000000000002,0.05557297542691231
c78e7122-03f3-4be8-aff0-a0ab4f931cd1,0.2,0.23,0.05906905606389046
c78e7122-03f3-4be8-aff0-a0ab4f931cd1,0.25,0.03,0.04571475461125374
c78e7122-03f3-4be8-aff0-a0ab4f931cd1,0.25,0.08,0.05746465548872948
c78e7122-03f3-4be8-aff0-a0ab4f931cd1,0.25,0.13,0.05994106084108353
c78e7122-03f3-4be8-aff0-a0ab4f931cd1,0.25,0.18000000000000002,0.06155433878302574
c78e7122-03f3-4be8-aff0-a0ab4f931cd1,0.25,0.23,0.06361427158117294
c78e7122-03f3-4be8-aff0-a0ab4f931cd1,0.30000000000000004,0.03,0.04940659552812576
c78e7122-03f3-4be8-aff0-a0ab4f931cd1,0.30000000000000004,0.08,0.05800632759928703
c78e7122-03f3-4be8-aff0-a0ab4f931cd1,0.30000000000000004,0.13,0.06275568157434464
c78e7122-03f3-4be8-aff0-a0ab4f931cd1,0.30000000000000004,0.18000000000000002,0.06955089420080185
c78e7122-03f3-4be8-aff0-a0ab4f931cd1,0.30000000000000004,0.23,0.06972341239452362
c7ca5f28-24e2-4fa4-b2e5-93528b952ca1,0.0,0.03,0.047593243420124054
c7ca5f28-24e2-4fa4-b2e5-93528b952ca1,0.0,0.08,0.052192769944667816
c7ca5f28-24e2-4fa4-b2e5-93528b952ca1,0.0,0.13,0.06290581822395325
c7ca5f28-24e2-4fa4-b2e5-93528b952ca1,0.0,0.18000000000000002,0.06397167593240738
c7ca5f28-24e2-4fa4-b2e5-93528b952ca1,0.0,0.23,0.06821044534444809
c7ca5f28-24e2-4fa4-b2e5-93528b952ca1,0.01,0.03,0.05116432532668114
c7ca5f28-24e2-4fa4-b2e5-93528b952ca1,0.01,0.08,0.05527517572045326
c7ca5f28-24e2-4fa4-b2e5-93528b952ca1,0.01,0.13,0.06924085319042206
c7ca5f28-24e2-4fa4-b2e5-93528b952ca1,0.01,0.18000000000000002,0.06740739941596985
c7ca5f28-24e2-4fa4-b2e5-93528b952ca1,0.01,0.23,0.06671324372291565
c7ca5f28-24e2-4fa4-b2e5-93528b952ca1,0.02,0.03,0.051177460700273514
c7ca5f28-24e2-4fa4-b2e5-93528b952ca1,0.02,0.08,0.06135903671383858
c7ca5f28-24e2-4fa4-b2e5-93528b952ca1,0.02,0.13,0.06656696647405624
c7ca5f28-24e2-4fa4-b2e5-93528b952ca1,0.02,0.18000000000000002,0.06419890373945236
c7ca5f28-24e2-4fa4-b2e5-93528b952ca1,0.02,0.23,0.06674651056528091
c7ca5f28-24e2-4fa4-b2e5-93528b952ca1,0.03,0.03,0.046946071088314056
c7ca5f28-24e2-4fa4-b2e5-93528b952ca1,0.03,0.08,0.06368370354175568
c7ca5f28-24e2-4fa4-b2e5-93528b952ca1,0.03,0.13,0.06450886279344559
c7ca5f28-24e2-4fa4-b2e5-93528b952ca1,0.03,0.18000000000000002,0.0617966502904892
c7ca5f28-24e2-4fa4-b2e5-93528b952ca1,0.03,0.23,0.06871046870946884
c7ca5f28-24e2-4fa4-b2e5-93528b952ca1,0.04,0.03,0.04390140622854233
c7ca5f28-24e2-4fa4-b2e5-93528b952ca1,0.04,0.08,0.06256034970283508
c7ca5f28-24e2-4fa4-b2e5-93528b952ca1,0.05,0.03,0.044467583298683167
c7ca5f28-24e2-4fa4-b2e5-93528b952ca1,0.05,0.08,0.06343995034694672
c7ca5f28-24e2-4fa4-b2e5-93528b952ca1,0.05,0.13,0.07019767165184021
c7ca5f28-24e2-4fa4-b2e5-93528b952ca1,0.05,0.18000000000000002,0.06665867567062378
c7ca5f28-24e2-4fa4-b2e5-93528b952ca1,0.05,0.23,0.06583163142204285
c7ca5f28-24e2-4fa4-b2e5-93528b952ca1,0.1,0.03,0.04675260931253433
c7ca5f28-24e2-4fa4-b2e5-93528b952ca1,0.1,0.08,0.0711902305483818
c7ca5f28-24e2-4fa4-b2e5-93528b952ca1,0.1,0.13,0.0710856169462204
c7ca5f28-24e2-4fa4-b2e5-93528b952ca1,0.1,0.18000000000000002,0.06231570988893509
c7ca5f28-24e2-4fa4-b2e5-93528b952ca1,0.1,0.23,0.07166103273630142
c7ca5f28-24e2-4fa4-b2e5-93528b952ca1,0.15000000000000002,0.03,0.04489246383309364
c7ca5f28-24e2-4fa4-b2e5-93528b952ca1,0.15000000000000002,0.08,0.05901240184903145
c7ca5f28-24e2-4fa4-b2e5-93528b952ca1,0.15000000000000002,0.13,0.0680396631360054
c7ca5f28-24e2-4fa4-b2e5-93528b952ca1,0.15000000000000002,0.18000000000000002,0.08097067475318909
c7ca5f28-24e2-4fa4-b2e5-93528b952ca1,0.15000000000000002,0.23,0.0842193141579628
c7ca5f28-24e2-4fa4-b2e5-93528b952ca1,0.2,0.03,0.05449696630239487
c7ca5f28-24e2-4fa4-b2e5-93528b952ca1,0.2,0.08,0.0762801244854927
c7ca5f28-24e2-4fa4-b2e5-93528b952ca1,0.2,0.13,0.08538208901882172
c7ca5f28-24e2-4fa4-b2e5-93528b952ca1,0.2,0.18000000000000002,0.08701105415821075
c7ca5f28-24e2-4fa4-b2e5-93528b952ca1,0.2,0.23,0.06800182908773422
c7ca5f28-24e2-4fa4-b2e5-93528b952ca1,0.25,0.03,0.04695222154259682
c7ca5f28-24e2-4fa4-b2e5-93528b952ca1,0.25,0.08,0.07484549283981323
c7ca5f28-24e2-4fa4-b2e5-93528b952ca1,0.25,0.13,0.0782705768942833
c7ca5f28-24e2-4fa4-b2e5-93528b952ca1,0.25,0.18000000000000002,0.07115865498781204
c7ca5f28-24e2-4fa4-b2e5-93528b952ca1,0.25,0.23,0.0636705532670021
c7ca5f28-24e2-4fa4-b2e5-93528b952ca1,0.30000000000000004,0.03,0.046998120844364166
c7ca5f28-24e2-4fa4-b2e5-93528b952ca1,0.30000000000000004,0.08,0.06437715142965317
c7ca5f28-24e2-4fa4-b2e5-93528b952ca1,0.30000000000000004,0.13,0.07079024612903595
c7ca5f28-24e2-4fa4-b2e5-93528b952ca1,0.30000000000000004,0.18000000000000002,0.06634167581796646
c7ca5f28-24e2-4fa4-b2e5-93528b952ca1,0.30000000000000004,0.23,0.06934234499931335
c83aaac9-3f63-43e9-8217-eb4f21e05dca,0.0,0.03,0.07934484630823135
c83aaac9-3f63-43e9-8217-eb4f21e05dca,0.0,0.08,0.09692098945379257
c83aaac9-3f63-43e9-8217-eb4f21e05dca,0.0,0.13,0.09698870778083801
c83aaac9-3f63-43e9-8217-eb4f21e05dca,0.0,0.18000000000000002,0.09973063319921494
c83aaac9-3f63-43e9-8217-eb4f21e05dca,0.0,0.23,0.09333312511444092
c83aaac9-3f63-43e9-8217-eb4f21e05dca,0.01,0.03,0.07254298031330109
c83aaac9-3f63-43e9-8217-eb4f21e05dca,0.01,0.08,0.0976133719086647
c83aaac9-3f63-43e9-8217-eb4f21e05dca,0.01,0.13,0.10340943187475204
c83aaac9-3f63-43e9-8217-eb4f21e05dca,0.01,0.18000000000000002,0.10630229115486145
c83aaac9-3f63-43e9-8217-eb4f21e05dca,0.01,0.23,0.09691891819238663
c83aaac9-3f63-43e9-8217-eb4f21e05dca,0.02,0.03,0.07073235511779785
c83aaac9-3f63-43e9-8217-eb4f21e05dca,0.02,0.08,0.09253061562776566
c83aaac9-3f63-43e9-8217-eb4f21e05dca,0.02,0.13,0.10711608082056046
c83aaac9-3f63-43e9-8217-eb4f21e05dca,0.02,0.18000000000000002,0.10592711716890335
c83aaac9-3f63-43e9-8217-eb4f21e05dca,0.02,0.23,0.09454552084207535
c83aaac9-3f63-43e9-8217-eb4f21e05dca,0.03,0.03,0.08155267685651779
c83aaac9-3f63-43e9-8217-eb4f21e05dca,0.03,0.08,0.10004930198192596
c83aaac9-3f63-43e9-8217-eb4f21e05dca,0.03,0.13,0.10611331462860107
c83aaac9-3f63-43e9-8217-eb4f21e05dca,0.03,0.18000000000000002,0.10374440997838974
c83aaac9-3f63-43e9-8217-eb4f21e05dca,0.03,0.23,0.09225340187549591
c83aaac9-3f63-43e9-8217-eb4f21e05dca,0.04,0.03,0.07719191163778305
c83aaac9-3f63-43e9-8217-eb4f21e05dca,0.04,0.08,0.10054638981819153
c83aaac9-3f63-43e9-8217-eb4f21e05dca,0.05,0.03,0.07585280388593674
c83aaac9-3f63-43e9-8217-eb4f21e05dca,0.05,0.08,0.09133367985486984
c83aaac9-3f63-43e9-8217-eb4f21e05dca,0.05,0.13,0.1019255742430687
c83aaac9-3f63-43e9-8217-eb4f21e05dca,0.05,0.18000000000000002,0.09304919093847275
c83aaac9-3f63-43e9-8217-eb4f21e05dca,0.05,0.23,0.08128933608531952
c83aaac9-3f63-43e9-8217-eb4f21e05dca,0.1,0.03,0.06594076007604599
c83aaac9-3f63-43e9-8217-eb4f21e05dca,0.1,0.08,0.09005013108253479
c83aaac9-3f63-43e9-8217-eb4f21e05dca,0.1,0.13,0.0825619027018547
c83aaac9-3f63-43e9-8217-eb4f21e05dca,0.1,0.18000000000000002,0.07459903508424759
c83aaac9-3f63-43e9-8217-eb4f21e05dca,0.1,0.23,0.06991460919380188
c83aaac9-3f63-43e9-8217-eb4f21e05dca,0.15000000000000002,0.03,0.055222466588020325
c83aaac9-3f63-43e9-8217-eb4f21e05dca,0.15000000000000002,0.08,0.06820398569107056
c83aaac9-3f63-43e9-8217-eb4f21e05dca,0.15000000000000002,0.13,0.0713321790099144
c83aaac9-3f63-43e9-8217-eb4f21e05dca,0.15000000000000002,0.18000000000000002,0.06985694169998169
c83aaac9-3f63-43e9-8217-eb4f21e05dca,0.15000000000000002,0.23,0.06779323518276215
c83aaac9-3f63-43e9-8217-eb4f21e05dca,0.2,0.03,0.051469191908836365
c83aaac9-3f63-43e9-8217-eb4f21e05dca,0.2,0.08,0.06484440714120865
c83aaac9-3f63-43e9-8217-eb4f21e05dca,0.2,0.13,0.06830958276987076
c83aaac9-3f63-43e9-8217-eb4f21e05dca,0.2,0.18000000000000002,0.06396332383155823
c83aaac9-3f63-43e9-8217-eb4f21e05dca,0.2,0.23,0.06741819530725479
c83aaac9-3f63-43e9-8217-eb4f21e05dca,0.25,0.03,0.05935060977935791
c83aaac9-3f63-43e9-8217-eb4f21e05dca,0.25,0.08,0.06245509162545204
c83aaac9-3f63-43e9-8217-eb4f21e05dca,0.25,0.13,0.06628531962633133
c83aaac9-3f63-43e9-8217-eb4f21e05dca,0.25,0.18000000000000002,0.07513248175382614
c83aaac9-3f63-43e9-8217-eb4f21e05dca,0.25,0.23,0.07502394169569016
c83aaac9-3f63-43e9-8217-eb4f21e05dca,0.30000000000000004,0.03,0.05383346229791641
c83aaac9-3f63-43e9-8217-eb4f21e05dca,0.30000000000000004,0.08,0.06784924119710922
c83aaac9-3f63-43e9-8217-eb4f21e05dca,0.30000000000000004,0.13,0.07090853154659271
c83aaac9-3f63-43e9-8217-eb4f21e05dca,0.30000000000000004,0.18000000000000002,0.07298672944307327
c83aaac9-3f63-43e9-8217-eb4f21e05dca,0.30000000000000004,0.23,0.0666884258389473
c963946f-81e0-468c-8749-5a0acc2ff1e8,0.0,0.03,0.07084137201309204
c963946f-81e0-468c-8749-5a0acc2ff1e8,0.0,0.08,0.08735910058021545
c963946f-81e0-468c-8749-5a0acc2ff1e8,0.0,0.13,0.08878221362829208
c963946f-81e0-468c-8749-5a0acc2ff1e8,0.0,0.18000000000000002,0.09506330639123917
c963946f-81e0-468c-8749-5a0acc2ff1e8,0.0,0.23,0.09916606545448303
c963946f-81e0-468c-8749-5a0acc2ff1e8,0.01,0.03,0.0756702870130539
c963946f-81e0-468c-8749-5a0acc2ff1e8,0.01,0.08,0.08861806988716125
c963946f-81e0-468c-8749-5a0acc2ff1e8,0.01,0.13,0.09052430093288422
c963946f-81e0-468c-8749-5a0acc2ff1e8,0.01,0.18000000000000002,0.09706956148147583
c963946f-81e0-468c-8749-5a0acc2ff1e8,0.01,0.23,0.09501084685325623
c963946f-81e0-468c-8749-5a0acc2ff1e8,0.02,0.03,0.08513364940881729
c963946f-81e0-468c-8749-5a0acc2ff1e8,0.02,0.08,0.08847168833017349
c963946f-81e0-468c-8749-5a0acc2ff1e8,0.02,0.13,0.09311962872743607
c963946f-81e0-468c-8749-5a0acc2ff1e8,0.02,0.18000000000000002,0.09779804199934006
c963946f-81e0-468c-8749-5a0acc2ff1e8,0.02,0.23,0.09362208843231201
c963946f-81e0-468c-8749-5a0acc2ff1e8,0.03,0.03,0.07724983990192413
c963946f-81e0-468c-8749-5a0acc2ff1e8,0.03,0.08,0.09091498702764511
c963946f-81e0-468c-8749-5a0acc2ff1e8,0.03,0.13,0.09477091580629349
c963946f-81e0-468c-8749-5a0acc2ff1e8,0.03,0.18000000000000002,0.10004306584596634
c963946f-81e0-468c-8749-5a0acc2ff1e8,0.03,0.23,0.0939343273639679
c963946f-81e0-468c-8749-5a0acc2ff1e8,0.04,0.03,0.08163371682167053
c963946f-81e0-468c-8749-5a0acc2ff1e8,0.04,0.08,0.09662778675556183
c963946f-81e0-468c-8749-5a0acc2ff1e8,0.05,0.03,0.07523536682128906
c963946f-81e0-468c-8749-5a0acc2ff1e8,0.05,0.08,0.09156861901283264
c963946f-81e0-468c-8749-5a0acc2ff1e8,0.05,0.13,0.10803184658288956
c963946f-81e0-468c-8749-5a0acc2ff1e8,0.05,0.18000000000000002,0.1085975244641304
c963946f-81e0-468c-8749-5a0acc2ff1e8,0.05,0.23,0.09939394146203995
c963946f-81e0-468c-8749-5a0acc2ff1e8,0.1,0.03,0.09056641161441803
c963946f-81e0-468c-8749-5a0acc2ff1e8,0.1,0.08,0.12086409330368042
c963946f-81e0-468c-8749-5a0acc2ff1e8,0.1,0.13,0.11516857892274857
c963946f-81e0-468c-8749-5a0acc2ff1e8,0.1,0.18000000000000002,0.10111677646636963
c963946f-81e0-468c-8749-5a0acc2ff1e8,0.1,0.23,0.09447578340768814
c963946f-81e0-468c-8749-5a0acc2ff1e8,0.15000000000000002,0.03,0.10641974210739136
c963946f-81e0-468c-8749-5a0acc2ff1e8,0.15000000000000002,0.08,0.09963252395391464
c963946f-81e0-468c-8749-5a0acc2ff1e8,0.15000000000000002,0.13,0.08346697688102722
c963946f-81e0-468c-8749-5a0acc2ff1e8,0.15000000000000002,0.18000000000000002,0.07704804092645645
c963946f-81e0-468c-8749-5a0acc2ff1e8,0.15000000000000002,0.23,0.06874685734510422
c963946f-81e0-468c-8749-5a0acc2ff1e8,0.2,0.03,0.06318575143814087
c963946f-81e0-468c-8749-5a0acc2ff1e8,0.2,0.08,0.0614519938826561
c963946f-81e0-468c-8749-5a0acc2ff1e8,0.2,0.13,0.06125164031982422
c963946f-81e0-468c-8749-5a0acc2ff1e8,0.2,0.18000000000000002,0.05990901216864586
c963946f-81e0-468c-8749-5a0acc2ff1e8,0.2,0.23,0.056854404509067535
c963946f-81e0-468c-8749-5a0acc2ff1e8,0.25,0.03,0.05461735650897026
c963946f-81e0-468c-8749-5a0acc2ff1e8,0.25,0.08,0.06303587555885315
c963946f-81e0-468c-8749-5a0acc2ff1e8,0.25,0.13,0.06259725242853165
c963946f-81e0-468c-8749-5a0acc2ff1e8,0.25,0.18000000000000002,0.05893606320023537
c963946f-81e0-468c-8749-5a0acc2ff1e8,0.25,0.23,0.06794411689043045
c963946f-81e0-468c-8749-5a0acc2ff1e8,0.30000000000000004,0.03,0.05107397586107254
c963946f-81e0-468c-8749-5a0acc2ff1e8,0.30000000000000004,0.08,0.059158291667699814
c963946f-81e0-468c-8749-5a0acc2ff1e8,0.30000000000000004,0.13,0.06327036768198013
c963946f-81e0-468c-8749-5a0acc2ff1e8,0.30000000000000004,0.18000000000000002,0.07326225936412811
c963946f-81e0-468c-8749-5a0acc2ff1e8,0.30000000000000004,0.23,0.07164449989795685
c9fd4a28-9326-4260-a389-2fa1d93453dc,0.0,0.03,0.05474640429019928
c9fd4a28-9326-4260-a389-2fa1d93453dc,0.0,0.08,0.06994692981243134
c9fd4a28-9326-4260-a389-2fa1d93453dc,0.0,0.13,0.06332827359437943
c9fd4a28-9326-4260-a389-2fa1d93453dc,0.0,0.18000000000000002,0.06732776761054993
c9fd4a28-9326-4260-a389-2fa1d93453dc,0.0,0.23,0.07093961536884308
c9fd4a28-9326-4260-a389-2fa1d93453dc,0.01,0.03,0.051881905645132065
c9fd4a28-9326-4260-a389-2fa1d93453dc,0.01,0.08,0.062476225197315216
c9fd4a28-9326-4260-a389-2fa1d93453dc,0.01,0.13,0.07190725207328796
c9fd4a28-9326-4260-a389-2fa1d93453dc,0.01,0.18000000000000002,0.06922147423028946
c9fd4a28-9326-4260-a389-2fa1d93453dc,0.01,0.23,0.06329873204231262
c9fd4a28-9326-4260-a389-2fa1d93453dc,0.02,0.03,0.051338355988264084
c9fd4a28-9326-4260-a389-2fa1d93453dc,0.02,0.08,0.058973368257284164
c9fd4a28-9326-4260-a389-2fa1d93453dc,0.02,0.13,0.062106888741254807
c9fd4a28-9326-4260-a389-2fa1d93453dc,0.02,0.18000000000000002,0.06585299223661423
c9fd4a28-9326-4260-a389-2fa1d93453dc,0.02,0.23,0.06871452927589417
c9fd4a28-9326-4260-a389-2fa1d93453dc,0.03,0.03,0.049119558185338974
c9fd4a28-9326-4260-a389-2fa1d93453dc,0.03,0.08,0.05894937738776207
c9fd4a28-9326-4260-a389-2fa1d93453dc,0.03,0.13,0.06701064854860306
c9fd4a28-9326-4260-a389-2fa1d93453dc,0.03,0.18000000000000002,0.06645671278238297
c9fd4a28-9326-4260-a389-2fa1d93453dc,0.03,0.23,0.06846974790096283
c9fd4a28-9326-4260-a389-2fa1d93453dc,0.04,0.03,0.045022401958703995
c9fd4a28-9326-4260-a389-2fa1d93453dc,0.04,0.08,0.05386819317936897
c9fd4a28-9326-4260-a389-2fa1d93453dc,0.05,0.03,0.046001359820365906
c9fd4a28-9326-4260-a389-2fa1d93453dc,0.05,0.08,0.0653686672449112
c9fd4a28-9326-4260-a389-2fa1d93453dc,0.05,0.13,0.06575138121843338
c9fd4a28-9326-4260-a389-2fa1d93453dc,0.05,0.18000000000000002,0.06719767302274704
c9fd4a28-9326-4260-a389-2fa1d93453dc,0.05,0.23,0.06710383296012878
c9fd4a28-9326-4260-a389-2fa1d93453dc,0.1,0.03,0.046142637729644775
c9fd4a28-9326-4260-a389-2fa1d93453dc,0.1,0.08,0.057853180915117264
c9fd4a28-9326-4260-a389-2fa1d93453dc,0.1,0.13,0.06778876483440399
c9fd4a28-9326-4260-a389-2fa1d93453dc,0.1,0.18000000000000002,0.06746168434619904
c9fd4a28-9326-4260-a389-2fa1d93453dc,0.1,0.23,0.07106341421604156
c9fd4a28-9326-4260-a389-2fa1d93453dc,0.15000000000000002,0.03,0.0467853918671608
c9fd4a28-9326-4260-a389-2fa1d93453dc,0.15000000000000002,0.08,0.05562037602066994
c9fd4a28-9326-4260-a389-2fa1d93453dc,0.15000000000000002,0.13,0.05822233483195305
c9fd4a28-9326-4260-a389-2fa1d93453dc,0.15000000000000002,0.18000000000000002,0.0625731348991394
c9fd4a28-9326-4260-a389-2fa1d93453dc,0.15000000000000002,0.23,0.06740676611661911
c9fd4a28-9326-4260-a389-2fa1d93453dc,0.2,0.03,0.04650718718767166
c9fd4a28-9326-4260-a389-2fa1d93453dc,0.2,0.08,0.05566594377160072
c9fd4a28-9326-4260-a389-2fa1d93453dc,0.2,0.13,0.06354089826345444
c9fd4a28-9326-4260-a389-2fa1d93453dc,0.2,0.18000000000000002,0.06568291783332825
c9fd4a28-9326-4260-a389-2fa1d93453dc,0.2,0.23,0.06026039645075798
c9fd4a28-9326-4260-a389-2fa1d93453dc,0.25,0.03,0.04575781896710396
c9fd4a28-9326-4260-a389-2fa1d93453dc,0.25,0.08,0.05482294410467148
c9fd4a28-9326-4260-a389-2fa1d93453dc,0.25,0.13,0.06254154443740845
c9fd4a28-9326-4260-a389-2fa1d93453dc,0.25,0.18000000000000002,0.05817846953868866
c9fd4a28-9326-4260-a389-2fa1d93453dc,0.25,0.23,0.059462133795022964
c9fd4a28-9326-4260-a389-2fa1d93453dc,0.30000000000000004,0.03,0.04883969575166702
c9fd4a28-9326-4260-a389-2fa1d93453dc,0.30000000000000004,0.08,0.06154312193393707
c9fd4a28-9326-4260-a389-2fa1d93453dc,0.30000000000000004,0.13,0.06195218488574028
c9fd4a28-9326-4260-a389-2fa1d93453dc,0.30000000000000004,0.18000000000000002,0.060553647577762604
c9fd4a28-9326-4260-a389-2fa1d93453dc,0.30000000000000004,0.23,0.05882009491324425
ca1c4f7e-937f-4d47-ad55-71f82da404dd,0.0,0.03,0.04220515489578247
ca1c4f7e-937f-4d47-ad55-71f82da404dd,0.0,0.08,0.052308544516563416
ca1c4f7e-937f-4d47-ad55-71f82da404dd,0.0,0.13,0.061850354075431824
ca1c4f7e-937f-4d47-ad55-71f82da404dd,0.0,0.18000000000000002,0.06835822761058807
ca1c4f7e-937f-4d47-ad55-71f82da404dd,0.0,0.23,0.07193951308727264
ca1c4f7e-937f-4d47-ad55-71f82da404dd,0.01,0.03,0.050798628479242325
ca1c4f7e-937f-4d47-ad55-71f82da404dd,0.01,0.08,0.05631326138973236
ca1c4f7e-937f-4d47-ad55-71f82da404dd,0.01,0.13,0.062690369784832
ca1c4f7e-937f-4d47-ad55-71f82da404dd,0.01,0.18000000000000002,0.07211175560951233
ca1c4f7e-937f-4d47-ad55-71f82da404dd,0.01,0.23,0.07223547995090485
ca1c4f7e-937f-4d47-ad55-71f82da404dd,0.02,0.03,0.044053349643945694
ca1c4f7e-937f-4d47-ad55-71f82da404dd,0.02,0.08,0.05295373499393463
ca1c4f7e-937f-4d47-ad55-71f82da404dd,0.02,0.13,0.06409793347120285
ca1c4f7e-937f-4d47-ad55-71f82da404dd,0.02,0.18000000000000002,0.07251375168561935
ca1c4f7e-937f-4d47-ad55-71f82da404dd,0.02,0.23,0.07218022644519806
ca1c4f7e-937f-4d47-ad55-71f82da404dd,0.03,0.03,0.0436677522957325
ca1c4f7e-937f-4d47-ad55-71f82da404dd,0.03,0.08,0.05820247903466225
ca1c4f7e-937f-4d47-ad55-71f82da404dd,0.03,0.13,0.07091399282217026
ca1c4f7e-937f-4d47-ad55-71f82da404dd,0.03,0.18000000000000002,0.0758691355586052
ca1c4f7e-937f-4d47-ad55-71f82da404dd,0.03,0.23,0.07682661712169647
ca1c4f7e-937f-4d47-ad55-71f82da404dd,0.04,0.03,0.049035295844078064
ca1c4f7e-937f-4d47-ad55-71f82da404dd,0.04,0.08,0.05569350719451904
ca1c4f7e-937f-4d47-ad55-71f82da404dd,0.05,0.03,0.050698187202215195
ca1c4f7e-937f-4d47-ad55-71f82da404dd,0.05,0.08,0.06272051483392715
ca1c4f7e-937f-4d47-ad55-71f82da404dd,0.05,0.13,0.07187197357416153
ca1c4f7e-937f-4d47-ad55-71f82da404dd,0.05,0.18000000000000002,0.07640555500984192
ca1c4f7e-937f-4d47-ad55-71f82da404dd,0.05,0.23,0.0757543221116066
ca1c4f7e-937f-4d47-ad55-71f82da404dd,0.1,0.03,0.04903301224112511
ca1c4f7e-937f-4d47-ad55-71f82da404dd,0.1,0.08,0.06319478154182434
ca1c4f7e-937f-4d47-ad55-71f82da404dd,0.1,0.13,0.07015656679868698
ca1c4f7e-937f-4d47-ad55-71f82da404dd,0.1,0.18000000000000002,0.07390764355659485
ca1c4f7e-937f-4d47-ad55-71f82da404dd,0.1,0.23,0.064270980656147
ca1c4f7e-937f-4d47-ad55-71f82da404dd,0.15000000000000002,0.03,0.049246352165937424
ca1c4f7e-937f-4d47-ad55-71f82da404dd,0.15000000000000002,0.08,0.06364135444164276
ca1c4f7e-937f-4d47-ad55-71f82da404dd,0.15000000000000002,0.13,0.06641259044408798
ca1c4f7e-937f-4d47-ad55-71f82da404dd,0.15000000000000002,0.18000000000000002,0.06336063146591187
ca1c4f7e-937f-4d47-ad55-71f82da404dd,0.15000000000000002,0.23,0.0667523667216301
ca1c4f7e-937f-4d47-ad55-71f82da404dd,0.2,0.03,0.04233657196164131
ca1c4f7e-937f-4d47-ad55-71f82da404dd,0.2,0.08,0.059369154274463654
ca1c4f7e-937f-4d47-ad55-71f82da404dd,0.2,0.13,0.06527378410100937
ca1c4f7e-937f-4d47-ad55-71f82da404dd,0.2,0.18000000000000002,0.06510580331087112
ca1c4f7e-937f-4d47-ad55-71f82da404dd,0.2,0.23,0.06694197654724121
ca1c4f7e-937f-4d47-ad55-71f82da404dd,0.25,0.03,0.045502688735723495
ca1c4f7e-937f-4d47-ad55-71f82da404dd,0.25,0.08,0.052520375698804855
ca1c4f7e-937f-4d47-ad55-71f82da404dd,0.25,0.13,0.06149705499410629
ca1c4f7e-937f-4d47-ad55-71f82da404dd,0.25,0.18000000000000002,0.06414683163166046
ca1c4f7e-937f-4d47-ad55-71f82da404dd,0.25,0.23,0.06306294351816177
ca1c4f7e-937f-4d47-ad55-71f82da404dd,0.30000000000000004,0.03,0.050367321819067
ca1c4f7e-937f-4d47-ad55-71f82da404dd,0.30000000000000004,0.08,0.05508919432759285
ca1c4f7e-937f-4d47-ad55-71f82da404dd,0.30000000000000004,0.13,0.06579618901014328
ca1c4f7e-937f-4d47-ad55-71f82da404dd,0.30000000000000004,0.18000000000000002,0.060430899262428284
ca1c4f7e-937f-4d47-ad55-71f82da404dd,0.30000000000000004,0.23,0.061036378145217896
ca635f64-111f-4440-87ea-88bbdf8849df,0.0,0.03,0.3741914629936218
ca635f64-111f-4440-87ea-88bbdf8849df,0.0,0.08,0.43732738494873047
ca635f64-111f-4440-87ea-88bbdf8849df,0.0,0.13,0.31760185956954956
ca635f64-111f-4440-87ea-88bbdf8849df,0.0,0.18000000000000002,0.20977243781089783
ca635f64-111f-4440-87ea-88bbdf8849df,0.0,0.23,0.1652926802635193
ca635f64-111f-4440-87ea-88bbdf8849df,0.01,0.03,0.3104266822338104
ca635f64-111f-4440-87ea-88bbdf8849df,0.01,0.08,0.33163341879844666
ca635f64-111f-4440-87ea-88bbdf8849df,0.01,0.13,0.21294739842414856
ca635f64-111f-4440-87ea-88bbdf8849df,0.01,0.18000000000000002,0.14923255145549774
ca635f64-111f-4440-87ea-88bbdf8849df,0.01,0.23,0.11913715302944183
ca635f64-111f-4440-87ea-88bbdf8849df,0.02,0.03,0.30669865012168884
ca635f64-111f-4440-87ea-88bbdf8849df,0.02,0.08,0.2970721125602722
ca635f64-111f-4440-87ea-88bbdf8849df,0.02,0.13,0.1816074103116989
ca635f64-111f-4440-87ea-88bbdf8849df,0.02,0.18000000000000002,0.12402846664190292
ca635f64-111f-4440-87ea-88bbdf8849df,0.02,0.23,0.10038034617900848
ca635f64-111f-4440-87ea-88bbdf8849df,0.03,0.03,0.30709537863731384
ca635f64-111f-4440-87ea-88bbdf8849df,0.03,0.08,0.21453925967216492
ca635f64-111f-4440-87ea-88bbdf8849df,0.03,0.13,0.13251477479934692
ca635f64-111f-4440-87ea-88bbdf8849df,0.03,0.18000000000000002,0.08976700901985168
ca635f64-111f-4440-87ea-88bbdf8849df,0.03,0.23,0.07342560589313507
ca635f64-111f-4440-87ea-88bbdf8849df,0.04,0.03,0.2410024255514145
ca635f64-111f-4440-87ea-88bbdf8849df,0.04,0.08,0.15954823791980743
ca635f64-111f-4440-87ea-88bbdf8849df,0.05,0.03,0.21113824844360352
ca635f64-111f-4440-87ea-88bbdf8849df,0.05,0.08,0.12826277315616608
ca635f64-111f-4440-87ea-88bbdf8849df,0.05,0.13,0.06942720711231232
ca635f64-111f-4440-87ea-88bbdf8849df,0.05,0.18000000000000002,0.06508242338895798
ca635f64-111f-4440-87ea-88bbdf8849df,0.05,0.23,0.06682470440864563
ca635f64-111f-4440-87ea-88bbdf8849df,0.1,0.03,0.10491891950368881
ca635f64-111f-4440-87ea-88bbdf8849df,0.1,0.08,0.154445081949234
ca635f64-111f-4440-87ea-88bbdf8849df,0.1,0.13,0.1357058584690094
ca635f64-111f-4440-87ea-88bbdf8849df,0.1,0.18000000000000002,0.11185989528894424
ca635f64-111f-4440-87ea-88bbdf8849df,0.1,0.23,0.09704116731882095
ca635f64-111f-4440-87ea-88bbdf8849df,0.15000000000000002,0.03,0.08823484927415848
ca635f64-111f-4440-87ea-88bbdf8849df,0.15000000000000002,0.08,0.0783010870218277
ca635f64-111f-4440-87ea-88bbdf8849df,0.15000000000000002,0.13,0.07004456967115402
ca635f64-111f-4440-87ea-88bbdf8849df,0.15000000000000002,0.18000000000000002,0.06355772167444229
ca635f64-111f-4440-87ea-88bbdf8849df,0.15000000000000002,0.23,0.05998435616493225
ca635f64-111f-4440-87ea-88bbdf8849df,0.2,0.03,0.047352809458971024
ca635f64-111f-4440-87ea-88bbdf8849df,0.2,0.08,0.05882646515965462
ca635f64-111f-4440-87ea-88bbdf8849df,0.2,0.13,0.06082557514309883
ca635f64-111f-4440-87ea-88bbdf8849df,0.2,0.18000000000000002,0.06475222855806351
ca635f64-111f-4440-87ea-88bbdf8849df,0.2,0.23,0.07008568942546844
ca635f64-111f-4440-87ea-88bbdf8849df,0.25,0.03,0.05172703042626381
ca635f64-111f-4440-87ea-88bbdf8849df,0.25,0.08,0.06425830721855164
ca635f64-111f-4440-87ea-88bbdf8849df,0.25,0.13,0.06416968256235123
ca635f64-111f-4440-87ea-88bbdf8849df,0.25,0.18000000000000002,0.07230596989393234
ca635f64-111f-4440-87ea-88bbdf8849df,0.25,0.23,0.07024240493774414
ca635f64-111f-4440-87ea-88bbdf8849df,0.30000000000000004,0.03,0.049245841801166534
ca635f64-111f-4440-87ea-88bbdf8849df,0.30000000000000004,0.08,0.05670202895998955
ca635f64-111f-4440-87ea-88bbdf8849df,0.30000000000000004,0.13,0.0724746584892273
ca635f64-111f-4440-87ea-88bbdf8849df,0.30000000000000004,0.18000000000000002,0.06732841581106186
ca635f64-111f-4440-87ea-88bbdf8849df,0.30000000000000004,0.23,0.06875574588775635
ca6aaf43-2e2f-4447-a4c0-07a835ae5430,0.0,0.03,0.048776477575302124
ca6aaf43-2e2f-4447-a4c0-07a835ae5430,0.0,0.08,0.05466661974787712
ca6aaf43-2e2f-4447-a4c0-07a835ae5430,0.0,0.13,0.06275239586830139
ca6aaf43-2e2f-4447-a4c0-07a835ae5430,0.0,0.18000000000000002,0.06822563707828522
ca6aaf43-2e2f-4447-a4c0-07a835ae5430,0.0,0.23,0.06868448853492737
ca6aaf43-2e2f-4447-a4c0-07a835ae5430,0.01,0.03,0.04566798359155655
ca6aaf43-2e2f-4447-a4c0-07a835ae5430,0.01,0.08,0.06028686836361885
ca6aaf43-2e2f-4447-a4c0-07a835ae5430,0.01,0.13,0.06748679280281067
ca6aaf43-2e2f-4447-a4c0-07a835ae5430,0.01,0.18000000000000002,0.06898330897092819
ca6aaf43-2e2f-4447-a4c0-07a835ae5430,0.01,0.23,0.0734538659453392
ca6aaf43-2e2f-4447-a4c0-07a835ae5430,0.02,0.03,0.050624869763851166
ca6aaf43-2e2f-4447-a4c0-07a835ae5430,0.02,0.08,0.06034242361783981
ca6aaf43-2e2f-4447-a4c0-07a835ae5430,0.02,0.13,0.06276927888393402
ca6aaf43-2e2f-4447-a4c0-07a835ae5430,0.02,0.18000000000000002,0.06904657930135727
ca6aaf43-2e2f-4447-a4c0-07a835ae5430,0.02,0.23,0.0712813064455986
ca6aaf43-2e2f-4447-a4c0-07a835ae5430,0.03,0.03,0.05057758092880249
ca6aaf43-2e2f-4447-a4c0-07a835ae5430,0.03,0.08,0.05801035463809967
ca6aaf43-2e2f-4447-a4c0-07a835ae5430,0.03,0.13,0.06599254161119461
ca6aaf43-2e2f-4447-a4c0-07a835ae5430,0.03,0.18000000000000002,0.0712033286690712
ca6aaf43-2e2f-4447-a4c0-07a835ae5430,0.03,0.23,0.07155080139636993
ca6aaf43-2e2f-4447-a4c0-07a835ae5430,0.04,0.03,0.05162384361028671
ca6aaf43-2e2f-4447-a4c0-07a835ae5430,0.04,0.08,0.06379713863134384
ca6aaf43-2e2f-4447-a4c0-07a835ae5430,0.05,0.03,0.05322825163602829
ca6aaf43-2e2f-4447-a4c0-07a835ae5430,0.05,0.08,0.058799806982278824
ca6aaf43-2e2f-4447-a4c0-07a835ae5430,0.05,0.13,0.06738217920064926
ca6aaf43-2e2f-4447-a4c0-07a835ae5430,0.05,0.18000000000000002,0.0686698630452156
ca6aaf43-2e2f-4447-a4c0-07a835ae5430,0.05,0.23,0.07079488039016724
ca6aaf43-2e2f-4447-a4c0-07a835ae5430,0.1,0.03,0.05063052102923393
ca6aaf43-2e2f-4447-a4c0-07a835ae5430,0.1,0.08,0.0654463842511177
ca6aaf43-2e2f-4447-a4c0-07a835ae5430,0.1,0.13,0.0740286260843277
ca6aaf43-2e2f-4447-a4c0-07a835ae5430,0.1,0.18000000000000002,0.08011329174041748
ca6aaf43-2e2f-4447-a4c0-07a835ae5430,0.1,0.23,0.0823834091424942
ca6aaf43-2e2f-4447-a4c0-07a835ae5430,0.15000000000000002,0.03,0.05147887021303177
ca6aaf43-2e2f-4447-a4c0-07a835ae5430,0.15000000000000002,0.08,0.06641314923763275
ca6aaf43-2e2f-4447-a4c0-07a835ae5430,0.15000000000000002,0.13,0.07461028546094894
ca6aaf43-2e2f-4447-a4c0-07a835ae5430,0.15000000000000002,0.18000000000000002,0.07887396961450577
ca6aaf43-2e2f-4447-a4c0-07a835ae5430,0.15000000000000002,0.23,0.07968556135892868
ca6aaf43-2e2f-4447-a4c0-07a835ae5430,0.2,0.03,0.04871225729584694
ca6aaf43-2e2f-4447-a4c0-07a835ae5430,0.2,0.08,0.06625915318727493
ca6aaf43-2e2f-4447-a4c0-07a835ae5430,0.2,0.13,0.07509338110685349
ca6aaf43-2e2f-4447-a4c0-07a835ae5430,0.2,0.18000000000000002,0.07996691018342972
ca6aaf43-2e2f-4447-a4c0-07a835ae5430,0.2,0.23,0.08086811751127243
ca6aaf43-2e2f-4447-a4c0-07a835ae5430,0.25,0.03,0.05465376749634743
ca6aaf43-2e2f-4447-a4c0-07a835ae5430,0.25,0.08,0.07172910124063492
ca6aaf43-2e2f-4447-a4c0-07a835ae5430,0.25,0.13,0.07556737214326859
ca6aaf43-2e2f-4447-a4c0-07a835ae5430,0.25,0.18000000000000002,0.07621785253286362
ca6aaf43-2e2f-4447-a4c0-07a835ae5430,0.25,0.23,0.07378184050321579
ca6aaf43-2e2f-4447-a4c0-07a835ae5430,0.30000000000000004,0.03,0.05271347984671593
ca6aaf43-2e2f-4447-a4c0-07a835ae5430,0.30000000000000004,0.08,0.06240478903055191
ca6aaf43-2e2f-4447-a4c0-07a835ae5430,0.30000000000000004,0.13,0.0655573233962059
ca6aaf43-2e2f-4447-a4c0-07a835ae5430,0.30000000000000004,0.18000000000000002,0.06672165542840958
ca6aaf43-2e2f-4447-a4c0-07a835ae5430,0.30000000000000004,0.23,0.0676451101899147
cb811424-4c6a-454e-8abd-6a23fe27a845,0.0,0.03,0.13179655373096466
cb811424-4c6a-454e-8abd-6a23fe27a845,0.0,0.08,0.1901642233133316
cb811424-4c6a-454e-8abd-6a23fe27a845,0.0,0.13,0.1836269646883011
cb811424-4c6a-454e-8abd-6a23fe27a845,0.0,0.18000000000000002,0.19181770086288452
cb811424-4c6a-454e-8abd-6a23fe27a845,0.0,0.23,0.18544594943523407
cb811424-4c6a-454e-8abd-6a23fe27a845,0.01,0.03,0.12376272678375244
cb811424-4c6a-454e-8abd-6a23fe27a845,0.01,0.08,0.1613067090511322
cb811424-4c6a-454e-8abd-6a23fe27a845,0.01,0.13,0.15752018988132477
cb811424-4c6a-454e-8abd-6a23fe27a845,0.01,0.18000000000000002,0.15799786150455475
cb811424-4c6a-454e-8abd-6a23fe27a845,0.01,0.23,0.1629543900489807
cb811424-4c6a-454e-8abd-6a23fe27a845,0.02,0.03,0.13015715777873993
cb811424-4c6a-454e-8abd-6a23fe27a845,0.02,0.08,0.14528442919254303
cb811424-4c6a-454e-8abd-6a23fe27a845,0.02,0.13,0.14966002106666565
cb811424-4c6a-454e-8abd-6a23fe27a845,0.02,0.18000000000000002,0.15713486075401306
cb811424-4c6a-454e-8abd-6a23fe27a845,0.02,0.23,0.1574922353029251
cb811424-4c6a-454e-8abd-6a23fe27a845,0.03,0.03,0.11486224085092545
cb811424-4c6a-454e-8abd-6a23fe27a845,0.03,0.08,0.13683228194713593
cb811424-4c6a-454e-8abd-6a23fe27a845,0.03,0.13,0.13353785872459412
cb811424-4c6a-454e-8abd-6a23fe27a845,0.03,0.18000000000000002,0.14754588901996613
cb811424-4c6a-454e-8abd-6a23fe27a845,0.03,0.23,0.14683234691619873
cb811424-4c6a-454e-8abd-6a23fe27a845,0.04,0.03,0.10766676068305969
cb811424-4c6a-454e-8abd-6a23fe27a845,0.04,0.08,0.12244658172130585
cb811424-4c6a-454e-8abd-6a23fe27a845,0.05,0.03,0.10521747916936874
cb811424-4c6a-454e-8abd-6a23fe27a845,0.05,0.08,0.11708875745534897
cb811424-4c6a-454e-8abd-6a23fe27a845,0.05,0.13,0.13936182856559753
cb811424-4c6a-454e-8abd-6a23fe27a845,0.05,0.18000000000000002,0.1386064738035202
cb811424-4c6a-454e-8abd-6a23fe27a845,0.05,0.23,0.13660137355327606
cb811424-4c6a-454e-8abd-6a23fe27a845,0.1,0.03,0.07470980286598206
cb811424-4c6a-454e-8abd-6a23fe27a845,0.1,0.08,0.11714328825473785
cb811424-4c6a-454e-8abd-6a23fe27a845,0.1,0.13,0.11870191246271133
cb811424-4c6a-454e-8abd-6a23fe27a845,0.1,0.18000000000000002,0.11766409128904343
cb811424-4c6a-454e-8abd-6a23fe27a845,0.1,0.23,0.10652180016040802
cb811424-4c6a-454e-8abd-6a23fe27a845,0.15000000000000002,0.03,0.07780641317367554
cb811424-4c6a-454e-8abd-6a23fe27a845,0.15000000000000002,0.08,0.09153342247009277
cb811424-4c6a-454e-8abd-6a23fe27a845,0.15000000000000002,0.13,0.09632428735494614
cb811424-4c6a-454e-8abd-6a23fe27a845,0.15000000000000002,0.18000000000000002,0.08529751002788544
cb811424-4c6a-454e-8abd-6a23fe27a845,0.15000000000000002,0.23,0.08349749445915222
cb811424-4c6a-454e-8abd-6a23fe27a845,0.2,0.03,0.054664675146341324
cb811424-4c6a-454e-8abd-6a23fe27a845,0.2,0.08,0.06838621199131012
cb811424-4c6a-454e-8abd-6a23fe27a845,0.2,0.13,0.06225544214248657
cb811424-4c6a-454e-8abd-6a23fe27a845,0.2,0.18000000000000002,0.06382682919502258
cb811424-4c6a-454e-8abd-6a23fe27a845,0.2,0.23,0.06933364272117615
cb811424-4c6a-454e-8abd-6a23fe27a845,0.25,0.03,0.047052688896656036
cb811424-4c6a-454e-8abd-6a23fe27a845,0.25,0.08,0.06105968356132507
cb811424-4c6a-454e-8abd-6a23fe27a845,0.25,0.13,0.06630993634462357
cb811424-4c6a-454e-8abd-6a23fe27a845,0.25,0.18000000000000002,0.06515178084373474
cb811424-4c6a-454e-8abd-6a23fe27a845,0.25,0.23,0.06521092355251312
cb811424-4c6a-454e-8abd-6a23fe27a845,0.30000000000000004,0.03,0.05109388753771782
cb811424-4c6a-454e-8abd-6a23fe27a845,0.30000000000000004,0.08,0.05896812304854393
cb811424-4c6a-454e-8abd-6a23fe27a845,0.30000000000000004,0.13,0.06370025128126144
cb811424-4c6a-454e-8abd-6a23fe27a845,0.30000000000000004,0.18000000000000002,0.06624878942966461
cb811424-4c6a-454e-8abd-6a23fe27a845,0.30000000000000004,0.23,0.07098771631717682
cce1c637-13d3-455b-bdd2-3dcad1ee3e94,0.0,0.03,0.0719260573387146
cce1c637-13d3-455b-bdd2-3dcad1ee3e94,0.0,0.08,0.11127260327339172
cce1c637-13d3-455b-bdd2-3dcad1ee3e94,0.0,0.13,0.0994579866528511
cce1c637-13d3-455b-bdd2-3dcad1ee3e94,0.0,0.18000000000000002,0.0841674730181694
cce1c637-13d3-455b-bdd2-3dcad1ee3e94,0.0,0.23,0.08297732472419739
cce1c637-13d3-455b-bdd2-3dcad1ee3e94,0.01,0.03,0.06994447112083435
cce1c637-13d3-455b-bdd2-3dcad1ee3e94,0.01,0.08,0.09341427683830261
cce1c637-13d3-455b-bdd2-3dcad1ee3e94,0.01,0.13,0.08762660622596741
cce1c637-13d3-455b-bdd2-3dcad1ee3e94,0.01,0.18000000000000002,0.08721300959587097
cce1c637-13d3-455b-bdd2-3dcad1ee3e94,0.01,0.23,0.08195869624614716
cce1c637-13d3-455b-bdd2-3dcad1ee3e94,0.02,0.03,0.07131297141313553
cce1c637-13d3-455b-bdd2-3dcad1ee3e94,0.02,0.08,0.0924089327454567
cce1c637-13d3-455b-bdd2-3dcad1ee3e94,0.02,0.13,0.08825023472309113
cce1c637-13d3-455b-bdd2-3dcad1ee3e94,0.02,0.18000000000000002,0.0890805721282959
cce1c637-13d3-455b-bdd2-3dcad1ee3e94,0.02,0.23,0.08191567659378052
cce1c637-13d3-455b-bdd2-3dcad1ee3e94,0.03,0.03,0.08586634695529938
cce1c637-13d3-455b-bdd2-3dcad1ee3e94,0.03,0.08,0.09482642263174057
cce1c637-13d3-455b-bdd2-3dcad1ee3e94,0.03,0.13,0.09404254704713821
cce1c637-13d3-455b-bdd2-3dcad1ee3e94,0.03,0.18000000000000002,0.0868772640824318
cce1c637-13d3-455b-bdd2-3dcad1ee3e94,0.03,0.23,0.08265866339206696
cce1c637-13d3-455b-bdd2-3dcad1ee3e94,0.04,0.03,0.07501955330371857
cce1c637-13d3-455b-bdd2-3dcad1ee3e94,0.04,0.08,0.0882001668214798
cce1c637-13d3-455b-bdd2-3dcad1ee3e94,0.05,0.03,0.07577153295278549
cce1c637-13d3-455b-bdd2-3dcad1ee3e94,0.05,0.08,0.08087588846683502
cce1c637-13d3-455b-bdd2-3dcad1ee3e94,0.05,0.13,0.0846126601099968
cce1c637-13d3-455b-bdd2-3dcad1ee3e94,0.05,0.18000000000000002,0.08196674287319183
cce1c637-13d3-455b-bdd2-3dcad1ee3e94,0.05,0.23,0.0798182561993599
cce1c637-13d3-455b-bdd2-3dcad1ee3e94,0.1,0.03,0.06551867723464966
cce1c637-13d3-455b-bdd2-3dcad1ee3e94,0.1,0.08,0.08202401548624039
cce1c637-13d3-455b-bdd2-3dcad1ee3e94,0.1,0.13,0.07870490103960037
cce1c637-13d3-455b-bdd2-3dcad1ee3e94,0.1,0.18000000000000002,0.07525801658630371
cce1c637-13d3-455b-bdd2-3dcad1ee3e94,0.1,0.23,0.07355333119630814
cce1c637-13d3-455b-bdd2-3dcad1ee3e94,0.15000000000000002,0.03,0.05601655691862106
cce1c637-13d3-455b-bdd2-3dcad1ee3e94,0.15000000000000002,0.08,0.06514228135347366
cce1c637-13d3-455b-bdd2-3dcad1ee3e94,0.15000000000000002,0.13,0.07628343254327774
cce1c637-13d3-455b-bdd2-3dcad1ee3e94,0.15000000000000002,0.18000000000000002,0.07473931461572647
cce1c637-13d3-455b-bdd2-3dcad1ee3e94,0.15000000000000002,0.23,0.07526451349258423
cce1c637-13d3-455b-bdd2-3dcad1ee3e94,0.2,0.03,0.05092896893620491
cce1c637-13d3-455b-bdd2-3dcad1ee3e94,0.2,0.08,0.07642455399036407
cce1c637-13d3-455b-bdd2-3dcad1ee3e94,0.2,0.13,0.07273607701063156
cce1c637-13d3-455b-bdd2-3dcad1ee3e94,0.2,0.18000000000000002,0.07282353192567825
cce1c637-13d3-455b-bdd2-3dcad1ee3e94,0.2,0.23,0.06645327806472778
cce1c637-13d3-455b-bdd2-3dcad1ee3e94,0.25,0.03,0.05311691015958786
cce1c637-13d3-455b-bdd2-3dcad1ee3e94,0.25,0.08,0.05978800728917122
cce1c637-13d3-455b-bdd2-3dcad1ee3e94,0.25,0.13,0.0648755207657814
cce1c637-13d3-455b-bdd2-3dcad1ee3e94,0.25,0.18000000000000002,0.061591070145368576
cce1c637-13d3-455b-bdd2-3dcad1ee3e94,0.25,0.23,0.06074943765997887
cce1c637-13d3-455b-bdd2-3dcad1ee3e94,0.30000000000000004,0.03,0.055143434554338455
cce1c637-13d3-455b-bdd2-3dcad1ee3e94,0.30000000000000004,0.08,0.05672799423336983
cce1c637-13d3-455b-bdd2-3dcad1ee3e94,0.30000000000000004,0.13,0.059079859405756
cce1c637-13d3-455b-bdd2-3dcad1ee3e94,0.30000000000000004,0.18000000000000002,0.05554843321442604
cce1c637-13d3-455b-bdd2-3dcad1ee3e94,0.30000000000000004,0.23,0.05880904570221901
cd952cce-2336-4fa1-bfb0-d02aa5a4cfef,0.0,0.03,0.04553021863102913
cd952cce-2336-4fa1-bfb0-d02aa5a4cfef,0.0,0.08,0.061222855001688004
cd952cce-2336-4fa1-bfb0-d02aa5a4cfef,0.0,0.13,0.06022224575281143
cd952cce-2336-4fa1-bfb0-d02aa5a4cfef,0.0,0.18000000000000002,0.06503842771053314
cd952cce-2336-4fa1-bfb0-d02aa5a4cfef,0.0,0.23,0.06616231799125671
cd952cce-2336-4fa1-bfb0-d02aa5a4cfef,0.01,0.03,0.051369938999414444
cd952cce-2336-4fa1-bfb0-d02aa5a4cfef,0.01,0.08,0.061107128858566284
cd952cce-2336-4fa1-bfb0-d02aa5a4cfef,0.01,0.13,0.06261749565601349
cd952cce-2336-4fa1-bfb0-d02aa5a4cfef,0.01,0.18000000000000002,0.06470109522342682
cd952cce-2336-4fa1-bfb0-d02aa5a4cfef,0.01,0.23,0.0684925764799118
cd952cce-2336-4fa1-bfb0-d02aa5a4cfef,0.02,0.03,0.04916750267148018
cd952cce-2336-4fa1-bfb0-d02aa5a4cfef,0.02,0.08,0.05928685516119003
cd952cce-2336-4fa1-bfb0-d02aa5a4cfef,0.02,0.13,0.06571654975414276
cd952cce-2336-4fa1-bfb0-d02aa5a4cfef,0.02,0.18000000000000002,0.06792555004358292
cd952cce-2336-4fa1-bfb0-d02aa5a4cfef,0.02,0.23,0.07207097113132477
cd952cce-2336-4fa1-bfb0-d02aa5a4cfef,0.03,0.03,0.05436762049794197
cd952cce-2336-4fa1-bfb0-d02aa5a4cfef,0.03,0.08,0.06022462248802185
cd952cce-2336-4fa1-bfb0-d02aa5a4cfef,0.03,0.13,0.06493524461984634
cd952cce-2336-4fa1-bfb0-d02aa5a4cfef,0.03,0.18000000000000002,0.06614575535058975
cd952cce-2336-4fa1-bfb0-d02aa5a4cfef,0.03,0.23,0.06778819113969803
cd952cce-2336-4fa1-bfb0-d02aa5a4cfef,0.04,0.03,0.05076573044061661
cd952cce-2336-4fa1-bfb0-d02aa5a4cfef,0.04,0.08,0.05952809005975723
cd952cce-2336-4fa1-bfb0-d02aa5a4cfef,0.05,0.03,0.05752702057361603
cd952cce-2336-4fa1-bfb0-d02aa5a4cfef,0.05,0.08,0.05821249261498451
cd952cce-2336-4fa1-bfb0-d02aa5a4cfef,0.05,0.13,0.06927631795406342
cd952cce-2336-4fa1-bfb0-d02aa5a4cfef,0.05,0.18000000000000002,0.06578739732503891
cd952cce-2336-4fa1-bfb0-d02aa5a4cfef,0.05,0.23,0.06809432804584503
cd952cce-2336-4fa1-bfb0-d02aa5a4cfef,0.1,0.03,0.050842735916376114
cd952cce-2336-4fa1-bfb0-d02aa5a4cfef,0.1,0.08,0.06733758002519608
cd952cce-2336-4fa1-bfb0-d02aa5a4cfef,0.1,0.13,0.06699070334434509
cd952cce-2336-4fa1-bfb0-d02aa5a4cfef,0.1,0.18000000000000002,0.06787250936031342
cd952cce-2336-4fa1-bfb0-d02aa5a4cfef,0.1,0.23,0.06887321174144745
cd952cce-2336-4fa1-bfb0-d02aa5a4cfef,0.15000000000000002,0.03,0.05156804993748665
cd952cce-2336-4fa1-bfb0-d02aa5a4cfef,0.15000000000000002,0.08,0.06385384500026703
cd952cce-2336-4fa1-bfb0-d02aa5a4cfef,0.15000000000000002,0.13,0.06603304296731949
cd952cce-2336-4fa1-bfb0-d02aa5a4cfef,0.15000000000000002,0.18000000000000002,0.0680943951010704
cd952cce-2336-4fa1-bfb0-d02aa5a4cfef,0.15000000000000002,0.23,0.06509469449520111
cd952cce-2336-4fa1-bfb0-d02aa5a4cfef,0.2,0.03,0.04902619123458862
cd952cce-2336-4fa1-bfb0-d02aa5a4cfef,0.2,0.08,0.06054751202464104
cd952cce-2336-4fa1-bfb0-d02aa5a4cfef,0.2,0.13,0.06063533574342728
cd952cce-2336-4fa1-bfb0-d02aa5a4cfef,0.2,0.18000000000000002,0.06219546124339104
cd952cce-2336-4fa1-bfb0-d02aa5a4cfef,0.2,0.23,0.06901311874389648
cd952cce-2336-4fa1-bfb0-d02aa5a4cfef,0.25,0.03,0.05204686522483826
cd952cce-2336-4fa1-bfb0-d02aa5a4cfef,0.25,0.08,0.06195952743291855
cd952cce-2336-4fa1-bfb0-d02aa5a4cfef,0.25,0.13,0.06418350338935852
cd952cce-2336-4fa1-bfb0-d02aa5a4cfef,0.25,0.18000000000000002,0.07093338668346405
cd952cce-2336-4fa1-bfb0-d02aa5a4cfef,0.25,0.23,0.08415579795837402
cd952cce-2336-4fa1-bfb0-d02aa5a4cfef,0.30000000000000004,0.03,0.047746624797582626
cd952cce-2336-4fa1-bfb0-d02aa5a4cfef,0.30000000000000004,0.08,0.06408653408288956
cd952cce-2336-4fa1-bfb0-d02aa5a4cfef,0.30000000000000004,0.13,0.08237472176551819
cd952cce-2336-4fa1-bfb0-d02aa5a4cfef,0.30000000000000004,0.18000000000000002,0.09290926158428192
cd952cce-2336-4fa1-bfb0-d02aa5a4cfef,0.30000000000000004,0.23,0.08974666893482208
cd95cead-906c-4adb-8692-433bd88bd16f,0.0,0.03,0.043367452919483185
cd95cead-906c-4adb-8692-433bd88bd16f,0.0,0.08,0.06055038049817085
cd95cead-906c-4adb-8692-433bd88bd16f,0.0,0.13,0.07248463481664658
cd95cead-906c-4adb-8692-433bd88bd16f,0.0,0.18000000000000002,0.07006029039621353
cd95cead-906c-4adb-8692-433bd88bd16f,0.0,0.23,0.07170899212360382
cd95cead-906c-4adb-8692-433bd88bd16f,0.01,0.03,0.049449995160102844
cd95cead-906c-4adb-8692-433bd88bd16f,0.01,0.08,0.06569765508174896
cd95cead-906c-4adb-8692-433bd88bd16f,0.01,0.13,0.07500216364860535
cd95cead-906c-4adb-8692-433bd88bd16f,0.01,0.18000000000000002,0.0723760575056076
cd95cead-906c-4adb-8692-433bd88bd16f,0.01,0.23,0.07876863330602646
cd95cead-906c-4adb-8692-433bd88bd16f,0.02,0.03,0.051076482981443405
cd95cead-906c-4adb-8692-433bd88bd16f,0.02,0.08,0.0746031254529953
cd95cead-906c-4adb-8692-433bd88bd16f,0.02,0.13,0.07509742677211761
cd95cead-906c-4adb-8692-433bd88bd16f,0.02,0.18000000000000002,0.07559000700712204
cd95cead-906c-4adb-8692-433bd88bd16f,0.02,0.23,0.07761039584875107
cd95cead-906c-4adb-8692-433bd88bd16f,0.03,0.03,0.0502525195479393
cd95cead-906c-4adb-8692-433bd88bd16f,0.03,0.08,0.0659470334649086
cd95cead-906c-4adb-8692-433bd88bd16f,0.03,0.13,0.07568303495645523
cd95cead-906c-4adb-8692-433bd88bd16f,0.03,0.18000000000000002,0.07261442393064499
cd95cead-906c-4adb-8692-433bd88bd16f,0.03,0.23,0.07983288168907166
cd95cead-906c-4adb-8692-433bd88bd16f,0.04,0.03,0.05425945669412613
cd95cead-906c-4adb-8692-433bd88bd16f,0.04,0.08,0.06424715369939804
cd95cead-906c-4adb-8692-433bd88bd16f,0.05,0.03,0.04784088581800461
cd95cead-906c-4adb-8692-433bd88bd16f,0.05,0.08,0.06637084484100342
cd95cead-906c-4adb-8692-433bd88bd16f,0.05,0.13,0.06847040355205536
cd95cead-906c-4adb-8692-433bd88bd16f,0.05,0.18000000000000002,0.06593230366706848
cd95cead-906c-4adb-8692-433bd88bd16f,0.05,0.23,0.06848640739917755
cd95cead-906c-4adb-8692-433bd88bd16f,0.1,0.03,0.05575981363654137
cd95cead-906c-4adb-8692-433bd88bd16f,0.1,0.08,0.06820095330476761
cd95cead-906c-4adb-8692-433bd88bd16f,0.1,0.13,0.06303665786981583
cd95cead-906c-4adb-8692-433bd88bd16f,0.1,0.18000000000000002,0.06996116787195206
cd95cead-906c-4adb-8692-433bd88bd16f,0.1,0.23,0.06410791724920273
cd95cead-906c-4adb-8692-433bd88bd16f,0.15000000000000002,0.03,0.04488448053598404
cd95cead-906c-4adb-8692-433bd88bd16f,0.15000000000000002,0.08,0.05428014695644379
cd95cead-906c-4adb-8692-433bd88bd16f,0.15000000000000002,0.13,0.06393876671791077
cd95cead-906c-4adb-8692-433bd88bd16f,0.15000000000000002,0.18000000000000002,0.061364877969026566
cd95cead-906c-4adb-8692-433bd88bd16f,0.15000000000000002,0.23,0.06659017503261566
cd95cead-906c-4adb-8692-433bd88bd16f,0.2,0.03,0.047115445137023926
cd95cead-906c-4adb-8692-433bd88bd16f,0.2,0.08,0.060080237686634064
cd95cead-906c-4adb-8692-433bd88bd16f,0.2,0.13,0.06264454871416092
cd95cead-906c-4adb-8692-433bd88bd16f,0.2,0.18000000000000002,0.0674891322851181
cd95cead-906c-4adb-8692-433bd88bd16f,0.2,0.23,0.06048133224248886
cd95cead-906c-4adb-8692-433bd88bd16f,0.25,0.03,0.04792112484574318
cd95cead-906c-4adb-8692-433bd88bd16f,0.25,0.08,0.05975857004523277
cd95cead-906c-4adb-8692-433bd88bd16f,0.25,0.13,0.0659889504313469
cd95cead-906c-4adb-8692-433bd88bd16f,0.25,0.18000000000000002,0.0606113076210022
cd95cead-906c-4adb-8692-433bd88bd16f,0.25,0.23,0.06464669108390808
cd95cead-906c-4adb-8692-433bd88bd16f,0.30000000000000004,0.03,0.04719901829957962
cd95cead-906c-4adb-8692-433bd88bd16f,0.30000000000000004,0.08,0.06694294512271881
cd95cead-906c-4adb-8692-433bd88bd16f,0.30000000000000004,0.13,0.057077452540397644
cd95cead-906c-4adb-8692-433bd88bd16f,0.30000000000000004,0.18000000000000002,0.057343922555446625
cd95cead-906c-4adb-8692-433bd88bd16f,0.30000000000000004,0.23,0.06086759641766548
ce45bf6f-0329-4c21-9c6b-36246f4e5934,0.0,0.03,0.0514887273311615
ce45bf6f-0329-4c21-9c6b-36246f4e5934,0.0,0.08,0.06910306960344315
ce45bf6f-0329-4c21-9c6b-36246f4e5934,0.0,0.13,0.072263203561306
ce45bf6f-0329-4c21-9c6b-36246f4e5934,0.0,0.18000000000000002,0.07996615022420883
ce45bf6f-0329-4c21-9c6b-36246f4e5934,0.0,0.23,0.08206532895565033
ce45bf6f-0329-4c21-9c6b-36246f4e5934,0.01,0.03,0.048153769224882126
ce45bf6f-0329-4c21-9c6b-36246f4e5934,0.01,0.08,0.0663202702999115
ce45bf6f-0329-4c21-9c6b-36246f4e5934,0.01,0.13,0.07735460996627808
ce45bf6f-0329-4c21-9c6b-36246f4e5934,0.01,0.18000000000000002,0.08080451190471649
ce45bf6f-0329-4c21-9c6b-36246f4e5934,0.01,0.23,0.08271852135658264
ce45bf6f-0329-4c21-9c6b-36246f4e5934,0.02,0.03,0.045152802020311356
ce45bf6f-0329-4c21-9c6b-36246f4e5934,0.02,0.08,0.06701045483350754
ce45bf6f-0329-4c21-9c6b-36246f4e5934,0.02,0.13,0.07396604120731354
ce45bf6f-0329-4c21-9c6b-36246f4e5934,0.02,0.18000000000000002,0.07735255360603333
ce45bf6f-0329-4c21-9c6b-36246f4e5934,0.02,0.23,0.08096775412559509
ce45bf6f-0329-4c21-9c6b-36246f4e5934,0.03,0.03,0.04943785443902016
ce45bf6f-0329-4c21-9c6b-36246f4e5934,0.03,0.08,0.06499229371547699
ce45bf6f-0329-4c21-9c6b-36246f4e5934,0.03,0.13,0.07631228864192963
ce45bf6f-0329-4c21-9c6b-36246f4e5934,0.03,0.18000000000000002,0.07512473315000534
ce45bf6f-0329-4c21-9c6b-36246f4e5934,0.03,0.23,0.0808904618024826
ce45bf6f-0329-4c21-9c6b-36246f4e5934,0.04,0.03,0.04923494532704353
ce45bf6f-0329-4c21-9c6b-36246f4e5934,0.04,0.08,0.0670304149389267
ce45bf6f-0329-4c21-9c6b-36246f4e5934,0.05,0.03,0.05406773462891579
ce45bf6f-0329-4c21-9c6b-36246f4e5934,0.05,0.08,0.061763696372509
ce45bf6f-0329-4c21-9c6b-36246f4e5934,0.05,0.13,0.06427051872015
ce45bf6f-0329-4c21-9c6b-36246f4e5934,0.05,0.18000000000000002,0.07306025922298431
ce45bf6f-0329-4c21-9c6b-36246f4e5934,0.05,0.23,0.07679124176502228
ce45bf6f-0329-4c21-9c6b-36246f4e5934,0.1,0.03,0.046737492084503174
ce45bf6f-0329-4c21-9c6b-36246f4e5934,0.1,0.08,0.06508588045835495
ce45bf6f-0329-4c21-9c6b-36246f4e5934,0.1,0.13,0.0690716877579689
ce45bf6f-0329-4c21-9c6b-36246f4e5934,0.1,0.18000000000000002,0.0763876736164093
ce45bf6f-0329-4c21-9c6b-36246f4e5934,0.1,0.23,0.07557279616594315
ce45bf6f-0329-4c21-9c6b-36246f4e5934,0.15000000000000002,0.03,0.04865768551826477
ce45bf6f-0329-4c21-9c6b-36246f4e5934,0.15000000000000002,0.08,0.057431284338235855
ce45bf6f-0329-4c21-9c6b-36246f4e5934,0.15000000000000002,0.13,0.07735287398099899
ce45bf6f-0329-4c21-9c6b-36246f4e5934,0.15000000000000002,0.18000000000000002,0.07834096252918243
ce45bf6f-0329-4c21-9c6b-36246f4e5934,0.15000000000000002,0.23,0.07920614629983902
ce45bf6f-0329-4c21-9c6b-36246f4e5934,0.2,0.03,0.048641182482242584
ce45bf6f-0329-4c21-9c6b-36246f4e5934,0.2,0.08,0.07376143336296082
ce45bf6f-0329-4c21-9c6b-36246f4e5934,0.2,0.13,0.07197661697864532
ce45bf6f-0329-4c21-9c6b-36246f4e5934,0.2,0.18000000000000002,0.07242462784051895
ce45bf6f-0329-4c21-9c6b-36246f4e5934,0.2,0.23,0.06493900716304779
ce45bf6f-0329-4c21-9c6b-36246f4e5934,0.25,0.03,0.05232732370495796
ce45bf6f-0329-4c21-9c6b-36246f4e5934,0.25,0.08,0.05252717435359955
ce45bf6f-0329-4c21-9c6b-36246f4e5934,0.25,0.13,0.05913547798991203
ce45bf6f-0329-4c21-9c6b-36246f4e5934,0.25,0.18000000000000002,0.060308657586574554
ce45bf6f-0329-4c21-9c6b-36246f4e5934,0.25,0.23,0.05999790504574776
ce45bf6f-0329-4c21-9c6b-36246f4e5934,0.30000000000000004,0.03,0.0536993145942688
ce45bf6f-0329-4c21-9c6b-36246f4e5934,0.30000000000000004,0.08,0.0540459118783474
ce45bf6f-0329-4c21-9c6b-36246f4e5934,0.30000000000000004,0.13,0.058868855237960815
ce45bf6f-0329-4c21-9c6b-36246f4e5934,0.30000000000000004,0.18000000000000002,0.06072689965367317
ce45bf6f-0329-4c21-9c6b-36246f4e5934,0.30000000000000004,0.23,0.05852774158120155
ce5ad099-e43c-403e-999d-d6f20ab3902c,0.0,0.03,0.1112404391169548
ce5ad099-e43c-403e-999d-d6f20ab3902c,0.0,0.08,0.1317666471004486
ce5ad099-e43c-403e-999d-d6f20ab3902c,0.0,0.13,0.13356144726276398
ce5ad099-e43c-403e-999d-d6f20ab3902c,0.0,0.18000000000000002,0.1331314891576767
ce5ad099-e43c-403e-999d-d6f20ab3902c,0.0,0.23,0.135942280292511
ce5ad099-e43c-403e-999d-d6f20ab3902c,0.01,0.03,0.10996849089860916
ce5ad099-e43c-403e-999d-d6f20ab3902c,0.01,0.08,0.13584719598293304
ce5ad099-e43c-403e-999d-d6f20ab3902c,0.01,0.13,0.1383412927389145
ce5ad099-e43c-403e-999d-d6f20ab3902c,0.01,0.18000000000000002,0.1412273496389389
ce5ad099-e43c-403e-999d-d6f20ab3902c,0.01,0.23,0.14161108434200287
ce5ad099-e43c-403e-999d-d6f20ab3902c,0.02,0.03,0.1300516128540039
ce5ad099-e43c-403e-999d-d6f20ab3902c,0.02,0.08,0.13861793279647827
ce5ad099-e43c-403e-999d-d6f20ab3902c,0.02,0.13,0.143569678068161
ce5ad099-e43c-403e-999d-d6f20ab3902c,0.02,0.18000000000000002,0.14547282457351685
ce5ad099-e43c-403e-999d-d6f20ab3902c,0.02,0.23,0.14306704699993134
ce5ad099-e43c-403e-999d-d6f20ab3902c,0.03,0.03,0.1199076697230339
ce5ad099-e43c-403e-999d-d6f20ab3902c,0.03,0.08,0.1270526945590973
ce5ad099-e43c-403e-999d-d6f20ab3902c,0.03,0.13,0.14108707010746002
ce5ad099-e43c-403e-999d-d6f20ab3902c,0.03,0.18000000000000002,0.13605286180973053
ce5ad099-e43c-403e-999d-d6f20ab3902c,0.03,0.23,0.1375991255044937
ce5ad099-e43c-403e-999d-d6f20ab3902c,0.04,0.03,0.09061527252197266
ce5ad099-e43c-403e-999d-d6f20ab3902c,0.04,0.08,0.12376420199871063
ce5ad099-e43c-403e-999d-d6f20ab3902c,0.05,0.03,0.09679406136274338
ce5ad099-e43c-403e-999d-d6f20ab3902c,0.05,0.08,0.11605788767337799
ce5ad099-e43c-403e-999d-d6f20ab3902c,0.05,0.13,0.11977117508649826
ce5ad099-e43c-403e-999d-d6f20ab3902c,0.05,0.18000000000000002,0.12570635974407196
ce5ad099-e43c-403e-999d-d6f20ab3902c,0.05,0.23,0.12765374779701233
ce5ad099-e43c-403e-999d-d6f20ab3902c,0.1,0.03,0.09132855385541916
ce5ad099-e43c-403e-999d-d6f20ab3902c,0.1,0.08,0.10515895485877991
ce5ad099-e43c-403e-999d-d6f20ab3902c,0.1,0.13,0.11542727798223495
ce5ad099-e43c-403e-999d-d6f20ab3902c,0.1,0.18000000000000002,0.11903326213359833
ce5ad099-e43c-403e-999d-d6f20ab3902c,0.1,0.23,0.12174910306930542
ce5ad099-e43c-403e-999d-d6f20ab3902c,0.15000000000000002,0.03,0.08454237878322601
ce5ad099-e43c-403e-999d-d6f20ab3902c,0.15000000000000002,0.08,0.10439077019691467
ce5ad099-e43c-403e-999d-d6f20ab3902c,0.15000000000000002,0.13,0.10934358090162277
ce5ad099-e43c-403e-999d-d6f20ab3902c,0.15000000000000002,0.18000000000000002,0.11387357115745544
ce5ad099-e43c-403e-999d-d6f20ab3902c,0.15000000000000002,0.23,0.1097639873623848
ce5ad099-e43c-403e-999d-d6f20ab3902c,0.2,0.03,0.07509851455688477
ce5ad099-e43c-403e-999d-d6f20ab3902c,0.2,0.08,0.09401262551546097
ce5ad099-e43c-403e-999d-d6f20ab3902c,0.2,0.13,0.102643221616745
ce5ad099-e43c-403e-999d-d6f20ab3902c,0.2,0.18000000000000002,0.10095401853322983
ce5ad099-e43c-403e-999d-d6f20ab3902c,0.2,0.23,0.09785417467355728
ce5ad099-e43c-403e-999d-d6f20ab3902c,0.25,0.03,0.08191937208175659
ce5ad099-e43c-403e-999d-d6f20ab3902c,0.25,0.08,0.09226939082145691
ce5ad099-e43c-403e-999d-d6f20ab3902c,0.25,0.13,0.09480459988117218
ce5ad099-e43c-403e-999d-d6f20ab3902c,0.25,0.18000000000000002,0.09152543544769287
ce5ad099-e43c-403e-999d-d6f20ab3902c,0.25,0.23,0.09273607283830643
ce5ad099-e43c-403e-999d-d6f20ab3902c,0.30000000000000004,0.03,0.08198513090610504
ce5ad099-e43c-403e-999d-d6f20ab3902c,0.30000000000000004,0.08,0.08761097490787506
ce5ad099-e43c-403e-999d-d6f20ab3902c,0.30000000000000004,0.13,0.0883171334862709
ce5ad099-e43c-403e-999d-d6f20ab3902c,0.30000000000000004,0.18000000000000002,0.09070199728012085
ce5ad099-e43c-403e-999d-d6f20ab3902c,0.30000000000000004,0.23,0.09112253040075302
ce8e6cfd-fe31-49eb-a1e1-42a7303c1174,0.0,0.03,0.042773596942424774
ce8e6cfd-fe31-49eb-a1e1-42a7303c1174,0.0,0.08,0.08248884230852127
ce8e6cfd-fe31-49eb-a1e1-42a7303c1174,0.0,0.13,0.08419109135866165
ce8e6cfd-fe31-49eb-a1e1-42a7303c1174,0.0,0.18000000000000002,0.08458421379327774
ce8e6cfd-fe31-49eb-a1e1-42a7303c1174,0.0,0.23,0.08284620940685272
ce8e6cfd-fe31-49eb-a1e1-42a7303c1174,0.01,0.03,0.0466572530567646
ce8e6cfd-fe31-49eb-a1e1-42a7303c1174,0.01,0.08,0.08375496417284012
ce8e6cfd-fe31-49eb-a1e1-42a7303c1174,0.01,0.13,0.08805034309625626
ce8e6cfd-fe31-49eb-a1e1-42a7303c1174,0.01,0.18000000000000002,0.08154889196157455
ce8e6cfd-fe31-49eb-a1e1-42a7303c1174,0.01,0.23,0.07672017812728882
ce8e6cfd-fe31-49eb-a1e1-42a7303c1174,0.02,0.03,0.05890503153204918
ce8e6cfd-fe31-49eb-a1e1-42a7303c1174,0.02,0.08,0.09361082315444946
ce8e6cfd-fe31-49eb-a1e1-42a7303c1174,0.02,0.13,0.08432414382696152
ce8e6cfd-fe31-49eb-a1e1-42a7303c1174,0.02,0.18000000000000002,0.08066345751285553
ce8e6cfd-fe31-49eb-a1e1-42a7303c1174,0.02,0.23,0.07255972176790237
ce8e6cfd-fe31-49eb-a1e1-42a7303c1174,0.03,0.03,0.06316432356834412
ce8e6cfd-fe31-49eb-a1e1-42a7303c1174,0.03,0.08,0.09387815743684769
ce8e6cfd-fe31-49eb-a1e1-42a7303c1174,0.03,0.13,0.08248164504766464
ce8e6cfd-fe31-49eb-a1e1-42a7303c1174,0.03,0.18000000000000002,0.07613540440797806
ce8e6cfd-fe31-49eb-a1e1-42a7303c1174,0.03,0.23,0.0723334550857544
ce8e6cfd-fe31-49eb-a1e1-42a7303c1174,0.04,0.03,0.06925149261951447
ce8e6cfd-fe31-49eb-a1e1-42a7303c1174,0.04,0.08,0.08508703112602234
ce8e6cfd-fe31-49eb-a1e1-42a7303c1174,0.05,0.03,0.06546046584844589
ce8e6cfd-fe31-49eb-a1e1-42a7303c1174,0.05,0.08,0.07499668002128601
ce8e6cfd-fe31-49eb-a1e1-42a7303c1174,0.05,0.13,0.07221836596727371
ce8e6cfd-fe31-49eb-a1e1-42a7303c1174,0.05,0.18000000000000002,0.0709439069032669
ce8e6cfd-fe31-49eb-a1e1-42a7303c1174,0.05,0.23,0.062528595328331
ce8e6cfd-fe31-49eb-a1e1-42a7303c1174,0.1,0.03,0.04800047725439072
ce8e6cfd-fe31-49eb-a1e1-42a7303c1174,0.1,0.08,0.06616895645856857
ce8e6cfd-fe31-49eb-a1e1-42a7303c1174,0.1,0.13,0.068232461810112
ce8e6cfd-fe31-49eb-a1e1-42a7303c1174,0.1,0.18000000000000002,0.05768667906522751
ce8e6cfd-fe31-49eb-a1e1-42a7303c1174,0.1,0.23,0.06306709349155426
ce8e6cfd-fe31-49eb-a1e1-42a7303c1174,0.15000000000000002,0.03,0.04517603665590286
ce8e6cfd-fe31-49eb-a1e1-42a7303c1174,0.15000000000000002,0.08,0.05630625784397125
ce8e6cfd-fe31-49eb-a1e1-42a7303c1174,0.15000000000000002,0.13,0.060674846172332764
ce8e6cfd-fe31-49eb-a1e1-42a7303c1174,0.15000000000000002,0.18000000000000002,0.06445342302322388
ce8e6cfd-fe31-49eb-a1e1-42a7303c1174,0.15000000000000002,0.23,0.060597386211156845
ce8e6cfd-fe31-49eb-a1e1-42a7303c1174,0.2,0.03,0.04369129240512848
ce8e6cfd-fe31-49eb-a1e1-42a7303c1174,0.2,0.08,0.06062480807304382
ce8e6cfd-fe31-49eb-a1e1-42a7303c1174,0.2,0.13,0.062385160475969315
ce8e6cfd-fe31-49eb-a1e1-42a7303c1174,0.2,0.18000000000000002,0.06432481855154037
ce8e6cfd-fe31-49eb-a1e1-42a7303c1174,0.2,0.23,0.06895151734352112
ce8e6cfd-fe31-49eb-a1e1-42a7303c1174,0.25,0.03,0.053450778126716614
ce8e6cfd-fe31-49eb-a1e1-42a7303c1174,0.25,0.08,0.06313855946063995
ce8e6cfd-fe31-49eb-a1e1-42a7303c1174,0.25,0.13,0.06602160632610321
ce8e6cfd-fe31-49eb-a1e1-42a7303c1174,0.25,0.18000000000000002,0.06778106093406677
ce8e6cfd-fe31-49eb-a1e1-42a7303c1174,0.25,0.23,0.06665908545255661
ce8e6cfd-fe31-49eb-a1e1-42a7303c1174,0.30000000000000004,0.03,0.050052713602781296
ce8e6cfd-fe31-49eb-a1e1-42a7303c1174,0.30000000000000004,0.08,0.06370299309492111
ce8e6cfd-fe31-49eb-a1e1-42a7303c1174,0.30000000000000004,0.13,0.06716978549957275
ce8e6cfd-fe31-49eb-a1e1-42a7303c1174,0.30000000000000004,0.18000000000000002,0.06835221499204636
ce8e6cfd-fe31-49eb-a1e1-42a7303c1174,0.30000000000000004,0.23,0.06517001241445541
cfcf4eff-4b0d-4082-8d9d-f9baef8190ea,0.0,0.03,0.06061066314578056
cfcf4eff-4b0d-4082-8d9d-f9baef8190ea,0.0,0.08,0.08772990852594376
cfcf4eff-4b0d-4082-8d9d-f9baef8190ea,0.0,0.13,0.08615905046463013
cfcf4eff-4b0d-4082-8d9d-f9baef8190ea,0.0,0.18000000000000002,0.08744718879461288
cfcf4eff-4b0d-4082-8d9d-f9baef8190ea,0.0,0.23,0.08774454891681671
cfcf4eff-4b0d-4082-8d9d-f9baef8190ea,0.01,0.03,0.05642309412360191
cfcf4eff-4b0d-4082-8d9d-f9baef8190ea,0.01,0.08,0.08358903974294662
cfcf4eff-4b0d-4082-8d9d-f9baef8190ea,0.01,0.13,0.0800933763384819
cfcf4eff-4b0d-4082-8d9d-f9baef8190ea,0.01,0.18000000000000002,0.08247646689414978
cfcf4eff-4b0d-4082-8d9d-f9baef8190ea,0.01,0.23,0.08325646817684174
cfcf4eff-4b0d-4082-8d9d-f9baef8190ea,0.02,0.03,0.06405282020568848
cfcf4eff-4b0d-4082-8d9d-f9baef8190ea,0.02,0.08,0.07640364021062851
cfcf4eff-4b0d-4082-8d9d-f9baef8190ea,0.02,0.13,0.07147356122732162
cfcf4eff-4b0d-4082-8d9d-f9baef8190ea,0.02,0.18000000000000002,0.07968808710575104
cfcf4eff-4b0d-4082-8d9d-f9baef8190ea,0.02,0.23,0.07975750416517258
cfcf4eff-4b0d-4082-8d9d-f9baef8190ea,0.03,0.03,0.059619467705488205
cfcf4eff-4b0d-4082-8d9d-f9baef8190ea,0.03,0.08,0.07561415433883667
cfcf4eff-4b0d-4082-8d9d-f9baef8190ea,0.03,0.13,0.07322423905134201
cfcf4eff-4b0d-4082-8d9d-f9baef8190ea,0.03,0.18000000000000002,0.08184342086315155
cfcf4eff-4b0d-4082-8d9d-f9baef8190ea,0.03,0.23,0.07951056212186813
cfcf4eff-4b0d-4082-8d9d-f9baef8190ea,0.04,0.03,0.05720255523920059
cfcf4eff-4b0d-4082-8d9d-f9baef8190ea,0.04,0.08,0.07095617055892944
cfcf4eff-4b0d-4082-8d9d-f9baef8190ea,0.05,0.03,0.05766451358795166
cfcf4eff-4b0d-4082-8d9d-f9baef8190ea,0.05,0.08,0.05904487520456314
cfcf4eff-4b0d-4082-8d9d-f9baef8190ea,0.05,0.13,0.07743456959724426
cfcf4eff-4b0d-4082-8d9d-f9baef8190ea,0.05,0.18000000000000002,0.07965593039989471
cfcf4eff-4b0d-4082-8d9d-f9baef8190ea,0.05,0.23,0.070041224360466
cfcf4eff-4b0d-4082-8d9d-f9baef8190ea,0.1,0.03,0.048725031316280365
cfcf4eff-4b0d-4082-8d9d-f9baef8190ea,0.1,0.08,0.07365666329860687
cfcf4eff-4b0d-4082-8d9d-f9baef8190ea,0.1,0.13,0.07625838369131088
cfcf4eff-4b0d-4082-8d9d-f9baef8190ea,0.1,0.18000000000000002,0.07191327959299088
cfcf4eff-4b0d-4082-8d9d-f9baef8190ea,0.1,0.23,0.07508312910795212
cfcf4eff-4b0d-4082-8d9d-f9baef8190ea,0.15000000000000002,0.03,0.05464307218790054
cfcf4eff-4b0d-4082-8d9d-f9baef8190ea,0.15000000000000002,0.08,0.06773223727941513
cfcf4eff-4b0d-4082-8d9d-f9baef8190ea,0.15000000000000002,0.13,0.06768029183149338
cfcf4eff-4b0d-4082-8d9d-f9baef8190ea,0.15000000000000002,0.18000000000000002,0.06851580739021301
cfcf4eff-4b0d-4082-8d9d-f9baef8190ea,0.15000000000000002,0.23,0.06276156008243561
cfcf4eff-4b0d-4082-8d9d-f9baef8190ea,0.2,0.03,0.05100502818822861
cfcf4eff-4b0d-4082-8d9d-f9baef8190ea,0.2,0.08,0.06848578155040741
cfcf4eff-4b0d-4082-8d9d-f9baef8190ea,0.2,0.13,0.06208093464374542
cfcf4eff-4b0d-4082-8d9d-f9baef8190ea,0.2,0.18000000000000002,0.056726738810539246
cfcf4eff-4b0d-4082-8d9d-f9baef8190ea,0.2,0.23,0.05652984604239464
cfcf4eff-4b0d-4082-8d9d-f9baef8190ea,0.25,0.03,0.052601851522922516
cfcf4eff-4b0d-4082-8d9d-f9baef8190ea,0.25,0.08,0.06358542293310165
cfcf4eff-4b0d-4082-8d9d-f9baef8190ea,0.25,0.13,0.05674278736114502
cfcf4eff-4b0d-4082-8d9d-f9baef8190ea,0.25,0.18000000000000002,0.05385966598987579
cfcf4eff-4b0d-4082-8d9d-f9baef8190ea,0.25,0.23,0.05759952589869499
cfcf4eff-4b0d-4082-8d9d-f9baef8190ea,0.30000000000000004,0.03,0.057149022817611694
cfcf4eff-4b0d-4082-8d9d-f9baef8190ea,0.30000000000000004,0.08,0.05374615639448166
cfcf4eff-4b0d-4082-8d9d-f9baef8190ea,0.30000000000000004,0.13,0.058099642395973206
cfcf4eff-4b0d-4082-8d9d-f9baef8190ea,0.30000000000000004,0.18000000000000002,0.05647725239396095
cfcf4eff-4b0d-4082-8d9d-f9baef8190ea,0.30000000000000004,0.23,0.06599920988082886
d04d7800-24a8-4a3d-9761-3c517020aba0,0.0,0.03,0.046285588294267654
d04d7800-24a8-4a3d-9761-3c517020aba0,0.0,0.08,0.06107514351606369
d04d7800-24a8-4a3d-9761-3c517020aba0,0.0,0.13,0.06272508203983307
d04d7800-24a8-4a3d-9761-3c517020aba0,0.0,0.18000000000000002,0.06238424405455589
d04d7800-24a8-4a3d-9761-3c517020aba0,0.0,0.23,0.07254116982221603
d04d7800-24a8-4a3d-9761-3c517020aba0,0.01,0.03,0.055521924048662186
d04d7800-24a8-4a3d-9761-3c517020aba0,0.01,0.08,0.06628990918397903
d04d7800-24a8-4a3d-9761-3c517020aba0,0.01,0.13,0.06080569326877594
d04d7800-24a8-4a3d-9761-3c517020aba0,0.01,0.18000000000000002,0.06527703255414963
d04d7800-24a8-4a3d-9761-3c517020aba0,0.01,0.23,0.07940590381622314
d04d7800-24a8-4a3d-9761-3c517020aba0,0.02,0.03,0.05386492609977722
d04d7800-24a8-4a3d-9761-3c517020aba0,0.02,0.08,0.0690721943974495
d04d7800-24a8-4a3d-9761-3c517020aba0,0.02,0.13,0.06028721109032631
d04d7800-24a8-4a3d-9761-3c517020aba0,0.02,0.18000000000000002,0.06484279036521912
d04d7800-24a8-4a3d-9761-3c517020aba0,0.02,0.23,0.07686596363782883
d04d7800-24a8-4a3d-9761-3c517020aba0,0.03,0.03,0.05290205031633377
d04d7800-24a8-4a3d-9761-3c517020aba0,0.03,0.08,0.06118768826127052
d04d7800-24a8-4a3d-9761-3c517020aba0,0.03,0.13,0.054402440786361694
d04d7800-24a8-4a3d-9761-3c517020aba0,0.03,0.18000000000000002,0.06834452599287033
d04d7800-24a8-4a3d-9761-3c517020aba0,0.03,0.23,0.07852090895175934
d04d7800-24a8-4a3d-9761-3c517020aba0,0.04,0.03,0.057201191782951355
d04d7800-24a8-4a3d-9761-3c517020aba0,0.04,0.08,0.06057639420032501
d04d7800-24a8-4a3d-9761-3c517020aba0,0.05,0.03,0.04900464043021202
d04d7800-24a8-4a3d-9761-3c517020aba0,0.05,0.08,0.049424394965171814
d04d7800-24a8-4a3d-9761-3c517020aba0,0.05,0.13,0.05628935992717743
d04d7800-24a8-4a3d-9761-3c517020aba0,0.05,0.18000000000000002,0.0700387954711914
d04d7800-24a8-4a3d-9761-3c517020aba0,0.05,0.23,0.07162770628929138
d04d7800-24a8-4a3d-9761-3c517020aba0,0.1,0.03,0.04558664560317993
d04d7800-24a8-4a3d-9761-3c517020aba0,0.1,0.08,0.06664583832025528
d04d7800-24a8-4a3d-9761-3c517020aba0,0.1,0.13,0.0728006511926651
d04d7800-24a8-4a3d-9761-3c517020aba0,0.1,0.18000000000000002,0.0693545863032341
d04d7800-24a8-4a3d-9761-3c517020aba0,0.1,0.23,0.06958956271409988
d04d7800-24a8-4a3d-9761-3c517020aba0,0.15000000000000002,0.03,0.0446445532143116
d04d7800-24a8-4a3d-9761-3c517020aba0,0.15000000000000002,0.08,0.058964505791664124
d04d7800-24a8-4a3d-9761-3c517020aba0,0.15000000000000002,0.13,0.06407264620065689
d04d7800-24a8-4a3d-9761-3c517020aba0,0.15000000000000002,0.18000000000000002,0.07193892449140549
d04d7800-24a8-4a3d-9761-3c517020aba0,0.15000000000000002,0.23,0.07026994973421097
d04d7800-24a8-4a3d-9761-3c517020aba0,0.2,0.03,0.048900362104177475
d04d7800-24a8-4a3d-9761-3c517020aba0,0.2,0.08,0.059427086263895035
d04d7800-24a8-4a3d-9761-3c517020aba0,0.2,0.13,0.06586552411317825
d04d7800-24a8-4a3d-9761-3c517020aba0,0.2,0.18000000000000002,0.06848820298910141
d04d7800-24a8-4a3d-9761-3c517020aba0,0.2,0.23,0.06914801150560379
d04d7800-24a8-4a3d-9761-3c517020aba0,0.25,0.03,0.05283838137984276
d04d7800-24a8-4a3d-9761-3c517020aba0,0.25,0.08,0.06421168148517609
d04d7800-24a8-4a3d-9761-3c517020aba0,0.25,0.13,0.07368072122335434
d04d7800-24a8-4a3d-9761-3c517020aba0,0.25,0.18000000000000002,0.07067231088876724
d04d7800-24a8-4a3d-9761-3c517020aba0,0.25,0.23,0.06086163595318794
d04d7800-24a8-4a3d-9761-3c517020aba0,0.30000000000000004,0.03,0.050241854041814804
d04d7800-24a8-4a3d-9761-3c517020aba0,0.30000000000000004,0.08,0.06076551601290703
d04d7800-24a8-4a3d-9761-3c517020aba0,0.30000000000000004,0.13,0.06028538942337036
d04d7800-24a8-4a3d-9761-3c517020aba0,0.30000000000000004,0.18000000000000002,0.05938734859228134
d04d7800-24a8-4a3d-9761-3c517020aba0,0.30000000000000004,0.23,0.06836725771427155
d122d5a0-c44c-4e2d-9608-6915a50cd9eb,0.0,0.03,0.04762696102261543
d122d5a0-c44c-4e2d-9608-6915a50cd9eb,0.0,0.08,0.06412705779075623
d122d5a0-c44c-4e2d-9608-6915a50cd9eb,0.0,0.13,0.06900014728307724
d122d5a0-c44c-4e2d-9608-6915a50cd9eb,0.0,0.18000000000000002,0.07223348319530487
d122d5a0-c44c-4e2d-9608-6915a50cd9eb,0.0,0.23,0.07134441286325455
d122d5a0-c44c-4e2d-9608-6915a50cd9eb,0.01,0.03,0.048843514174222946
d122d5a0-c44c-4e2d-9608-6915a50cd9eb,0.01,0.08,0.06248196214437485
d122d5a0-c44c-4e2d-9608-6915a50cd9eb,0.01,0.13,0.07194100320339203
d122d5a0-c44c-4e2d-9608-6915a50cd9eb,0.01,0.18000000000000002,0.07399077713489532
d122d5a0-c44c-4e2d-9608-6915a50cd9eb,0.01,0.23,0.07134155929088593
d122d5a0-c44c-4e2d-9608-6915a50cd9eb,0.02,0.03,0.046102363616228104
d122d5a0-c44c-4e2d-9608-6915a50cd9eb,0.02,0.08,0.06376532465219498
d122d5a0-c44c-4e2d-9608-6915a50cd9eb,0.02,0.13,0.07318545877933502
d122d5a0-c44c-4e2d-9608-6915a50cd9eb,0.02,0.18000000000000002,0.07257527858018875
d122d5a0-c44c-4e2d-9608-6915a50cd9eb,0.02,0.23,0.07794047892093658
d122d5a0-c44c-4e2d-9608-6915a50cd9eb,0.03,0.03,0.04412506893277168
d122d5a0-c44c-4e2d-9608-6915a50cd9eb,0.03,0.08,0.07111242413520813
d122d5a0-c44c-4e2d-9608-6915a50cd9eb,0.03,0.13,0.07404938340187073
d122d5a0-c44c-4e2d-9608-6915a50cd9eb,0.03,0.18000000000000002,0.07700782269239426
d122d5a0-c44c-4e2d-9608-6915a50cd9eb,0.03,0.23,0.0768623948097229
d122d5a0-c44c-4e2d-9608-6915a50cd9eb,0.04,0.03,0.054429419338703156
d122d5a0-c44c-4e2d-9608-6915a50cd9eb,0.04,0.08,0.06452556699514389
d122d5a0-c44c-4e2d-9608-6915a50cd9eb,0.05,0.03,0.05600353330373764
d122d5a0-c44c-4e2d-9608-6915a50cd9eb,0.05,0.08,0.06219986081123352
d122d5a0-c44c-4e2d-9608-6915a50cd9eb,0.05,0.13,0.06478718668222427
d122d5a0-c44c-4e2d-9608-6915a50cd9eb,0.05,0.18000000000000002,0.06902012974023819
d122d5a0-c44c-4e2d-9608-6915a50cd9eb,0.05,0.23,0.07641063630580902
d122d5a0-c44c-4e2d-9608-6915a50cd9eb,0.1,0.03,0.047262996435165405
d122d5a0-c44c-4e2d-9608-6915a50cd9eb,0.1,0.08,0.053606413304805756
d122d5a0-c44c-4e2d-9608-6915a50cd9eb,0.1,0.13,0.06400646269321442
d122d5a0-c44c-4e2d-9608-6915a50cd9eb,0.1,0.18000000000000002,0.07319843024015427
d122d5a0-c44c-4e2d-9608-6915a50cd9eb,0.1,0.23,0.06948181241750717
d122d5a0-c44c-4e2d-9608-6915a50cd9eb,0.15000000000000002,0.03,0.04755191132426262
d122d5a0-c44c-4e2d-9608-6915a50cd9eb,0.15000000000000002,0.08,0.06086943671107292
d122d5a0-c44c-4e2d-9608-6915a50cd9eb,0.15000000000000002,0.13,0.07107656449079514
d122d5a0-c44c-4e2d-9608-6915a50cd9eb,0.15000000000000002,0.18000000000000002,0.07275549322366714
d122d5a0-c44c-4e2d-9608-6915a50cd9eb,0.15000000000000002,0.23,0.0654892846941948
d122d5a0-c44c-4e2d-9608-6915a50cd9eb,0.2,0.03,0.05075793340802193
d122d5a0-c44c-4e2d-9608-6915a50cd9eb,0.2,0.08,0.059049997478723526
d122d5a0-c44c-4e2d-9608-6915a50cd9eb,0.2,0.13,0.062019333243370056
d122d5a0-c44c-4e2d-9608-6915a50cd9eb,0.2,0.18000000000000002,0.059705473482608795
d122d5a0-c44c-4e2d-9608-6915a50cd9eb,0.2,0.23,0.05820928141474724
d122d5a0-c44c-4e2d-9608-6915a50cd9eb,0.25,0.03,0.04331164434552193
d122d5a0-c44c-4e2d-9608-6915a50cd9eb,0.25,0.08,0.05803621560335159
d122d5a0-c44c-4e2d-9608-6915a50cd9eb,0.25,0.13,0.06393496692180634
d122d5a0-c44c-4e2d-9608-6915a50cd9eb,0.25,0.18000000000000002,0.06395778059959412
d122d5a0-c44c-4e2d-9608-6915a50cd9eb,0.25,0.23,0.06463050097227097
d122d5a0-c44c-4e2d-9608-6915a50cd9eb,0.30000000000000004,0.03,0.04758039116859436
d122d5a0-c44c-4e2d-9608-6915a50cd9eb,0.30000000000000004,0.08,0.05941667780280113
d122d5a0-c44c-4e2d-9608-6915a50cd9eb,0.30000000000000004,0.13,0.061685554683208466
d122d5a0-c44c-4e2d-9608-6915a50cd9eb,0.30000000000000004,0.18000000000000002,0.06404992938041687
d122d5a0-c44c-4e2d-9608-6915a50cd9eb,0.30000000000000004,0.23,0.06622837483882904
d20a7282-b8ad-4eb5-985a-f37f4336becd,0.0,0.03,0.04921361058950424
d20a7282-b8ad-4eb5-985a-f37f4336becd,0.0,0.08,0.06708583980798721
d20a7282-b8ad-4eb5-985a-f37f4336becd,0.0,0.13,0.0776040181517601
d20a7282-b8ad-4eb5-985a-f37f4336becd,0.0,0.18000000000000002,0.08070240169763565
d20a7282-b8ad-4eb5-985a-f37f4336becd,0.0,0.23,0.08052510023117065
d20a7282-b8ad-4eb5-985a-f37f4336becd,0.01,0.03,0.05031707137823105
d20a7282-b8ad-4eb5-985a-f37f4336becd,0.01,0.08,0.06673422455787659
d20a7282-b8ad-4eb5-985a-f37f4336becd,0.01,0.13,0.07546120136976242
d20a7282-b8ad-4eb5-985a-f37f4336becd,0.01,0.18000000000000002,0.0791497677564621
d20a7282-b8ad-4eb5-985a-f37f4336becd,0.01,0.23,0.07445722073316574
d20a7282-b8ad-4eb5-985a-f37f4336becd,0.02,0.03,0.049106139689683914
d20a7282-b8ad-4eb5-985a-f37f4336becd,0.02,0.08,0.07154187560081482
d20a7282-b8ad-4eb5-985a-f37f4336becd,0.02,0.13,0.0777299776673317
d20a7282-b8ad-4eb5-985a-f37f4336becd,0.02,0.18000000000000002,0.07983066886663437
d20a7282-b8ad-4eb5-985a-f37f4336becd,0.02,0.23,0.07387705892324448
d20a7282-b8ad-4eb5-985a-f37f4336becd,0.03,0.03,0.05186457931995392
d20a7282-b8ad-4eb5-985a-f37f4336becd,0.03,0.08,0.06551943719387054
d20a7282-b8ad-4eb5-985a-f37f4336becd,0.03,0.13,0.07222148776054382
d20a7282-b8ad-4eb5-985a-f37f4336becd,0.03,0.18000000000000002,0.07607600092887878
d20a7282-b8ad-4eb5-985a-f37f4336becd,0.03,0.23,0.07682496309280396
d20a7282-b8ad-4eb5-985a-f37f4336becd,0.04,0.03,0.04858289659023285
d20a7282-b8ad-4eb5-985a-f37f4336becd,0.04,0.08,0.0626235082745552
d20a7282-b8ad-4eb5-985a-f37f4336becd,0.05,0.03,0.05606408044695854
d20a7282-b8ad-4eb5-985a-f37f4336becd,0.05,0.08,0.068478524684906
d20a7282-b8ad-4eb5-985a-f37f4336becd,0.05,0.13,0.07644939422607422
d20a7282-b8ad-4eb5-985a-f37f4336becd,0.05,0.18000000000000002,0.07548271864652634
d20a7282-b8ad-4eb5-985a-f37f4336becd,0.05,0.23,0.0734371766448021
d20a7282-b8ad-4eb5-985a-f37f4336becd,0.1,0.03,0.050902049988508224
d20a7282-b8ad-4eb5-985a-f37f4336becd,0.1,0.08,0.06345410645008087
d20a7282-b8ad-4eb5-985a-f37f4336becd,0.1,0.13,0.07036802172660828
d20a7282-b8ad-4eb5-985a-f37f4336becd,0.1,0.18000000000000002,0.0708971917629242
d20a7282-b8ad-4eb5-985a-f37f4336becd,0.1,0.23,0.07796250283718109
d20a7282-b8ad-4eb5-985a-f37f4336becd,0.15000000000000002,0.03,0.05142921954393387
d20a7282-b8ad-4eb5-985a-f37f4336becd,0.15000000000000002,0.08,0.0566568449139595
d20a7282-b8ad-4eb5-985a-f37f4336becd,0.15000000000000002,0.13,0.0631912425160408
d20a7282-b8ad-4eb5-985a-f37f4336becd,0.15000000000000002,0.18000000000000002,0.07437875121831894
d20a7282-b8ad-4eb5-985a-f37f4336becd,0.15000000000000002,0.23,0.07705610245466232
d20a7282-b8ad-4eb5-985a-f37f4336becd,0.2,0.03,0.055014319717884064
d20a7282-b8ad-4eb5-985a-f37f4336becd,0.2,0.08,0.05673225224018097
d20a7282-b8ad-4eb5-985a-f37f4336becd,0.2,0.13,0.06329841911792755
d20a7282-b8ad-4eb5-985a-f37f4336becd,0.2,0.18000000000000002,0.0666804164648056
d20a7282-b8ad-4eb5-985a-f37f4336becd,0.2,0.23,0.06489665806293488
d20a7282-b8ad-4eb5-985a-f37f4336becd,0.25,0.03,0.049540579319000244
d20a7282-b8ad-4eb5-985a-f37f4336becd,0.25,0.08,0.04993300884962082
d20a7282-b8ad-4eb5-985a-f37f4336becd,0.25,0.13,0.06534753739833832
d20a7282-b8ad-4eb5-985a-f37f4336becd,0.25,0.18000000000000002,0.06552920490503311
d20a7282-b8ad-4eb5-985a-f37f4336becd,0.25,0.23,0.06534364074468613
d20a7282-b8ad-4eb5-985a-f37f4336becd,0.30000000000000004,0.03,0.046315573155879974
d20a7282-b8ad-4eb5-985a-f37f4336becd,0.30000000000000004,0.08,0.05770247057080269
d20a7282-b8ad-4eb5-985a-f37f4336becd,0.30000000000000004,0.13,0.06970996409654617
d20a7282-b8ad-4eb5-985a-f37f4336becd,0.30000000000000004,0.18000000000000002,0.07097866386175156
d20a7282-b8ad-4eb5-985a-f37f4336becd,0.30000000000000004,0.23,0.0634765550494194
d308cb70-ede1-4508-9b81-bd4a005cd287,0.0,0.03,0.056764014065265656
d308cb70-ede1-4508-9b81-bd4a005cd287,0.0,0.08,0.06759665161371231
d308cb70-ede1-4508-9b81-bd4a005cd287,0.0,0.13,0.0954325944185257
d308cb70-ede1-4508-9b81-bd4a005cd287,0.0,0.18000000000000002,0.08839790523052216
d308cb70-ede1-4508-9b81-bd4a005cd287,0.0,0.23,0.08494769036769867
d308cb70-ede1-4508-9b81-bd4a005cd287,0.01,0.03,0.05736972391605377
d308cb70-ede1-4508-9b81-bd4a005cd287,0.01,0.08,0.07121190428733826
d308cb70-ede1-4508-9b81-bd4a005cd287,0.01,0.13,0.09087036550045013
d308cb70-ede1-4508-9b81-bd4a005cd287,0.01,0.18000000000000002,0.08425315469503403
d308cb70-ede1-4508-9b81-bd4a005cd287,0.01,0.23,0.08010516315698624
d308cb70-ede1-4508-9b81-bd4a005cd287,0.02,0.03,0.049343761056661606
d308cb70-ede1-4508-9b81-bd4a005cd287,0.02,0.08,0.07828891277313232
d308cb70-ede1-4508-9b81-bd4a005cd287,0.02,0.13,0.09145046770572662
d308cb70-ede1-4508-9b81-bd4a005cd287,0.02,0.18000000000000002,0.08521413058042526
d308cb70-ede1-4508-9b81-bd4a005cd287,0.02,0.23,0.08107297122478485
d308cb70-ede1-4508-9b81-bd4a005cd287,0.03,0.03,0.05220973864197731
d308cb70-ede1-4508-9b81-bd4a005cd287,0.03,0.08,0.08543980121612549
d308cb70-ede1-4508-9b81-bd4a005cd287,0.03,0.13,0.09342505037784576
d308cb70-ede1-4508-9b81-bd4a005cd287,0.03,0.18000000000000002,0.0811198502779007
d308cb70-ede1-4508-9b81-bd4a005cd287,0.03,0.23,0.08195524662733078
d308cb70-ede1-4508-9b81-bd4a005cd287,0.04,0.03,0.05005638301372528
d308cb70-ede1-4508-9b81-bd4a005cd287,0.04,0.08,0.08763980120420456
d308cb70-ede1-4508-9b81-bd4a005cd287,0.05,0.03,0.06425980478525162
d308cb70-ede1-4508-9b81-bd4a005cd287,0.05,0.08,0.10162099450826645
d308cb70-ede1-4508-9b81-bd4a005cd287,0.05,0.13,0.09047822654247284
d308cb70-ede1-4508-9b81-bd4a005cd287,0.05,0.18000000000000002,0.08572782576084137
d308cb70-ede1-4508-9b81-bd4a005cd287,0.05,0.23,0.08677702397108078
d308cb70-ede1-4508-9b81-bd4a005cd287,0.1,0.03,0.07561183720827103
d308cb70-ede1-4508-9b81-bd4a005cd287,0.1,0.08,0.06566229462623596
d308cb70-ede1-4508-9b81-bd4a005cd287,0.1,0.13,0.07343699038028717
d308cb70-ede1-4508-9b81-bd4a005cd287,0.1,0.18000000000000002,0.08070776611566544
d308cb70-ede1-4508-9b81-bd4a005cd287,0.1,0.23,0.07474614679813385
d308cb70-ede1-4508-9b81-bd4a005cd287,0.15000000000000002,0.03,0.05032928287982941
d308cb70-ede1-4508-9b81-bd4a005cd287,0.15000000000000002,0.08,0.06736989319324493
d308cb70-ede1-4508-9b81-bd4a005cd287,0.15000000000000002,0.13,0.0783657506108284
d308cb70-ede1-4508-9b81-bd4a005cd287,0.15000000000000002,0.18000000000000002,0.06981755048036575
d308cb70-ede1-4508-9b81-bd4a005cd287,0.15000000000000002,0.23,0.06910404562950134
d308cb70-ede1-4508-9b81-bd4a005cd287,0.2,0.03,0.05113872140645981
d308cb70-ede1-4508-9b81-bd4a005cd287,0.2,0.08,0.06862983107566833
d308cb70-ede1-4508-9b81-bd4a005cd287,0.2,0.13,0.06607046723365784
d308cb70-ede1-4508-9b81-bd4a005cd287,0.2,0.18000000000000002,0.06273556500673294
d308cb70-ede1-4508-9b81-bd4a005cd287,0.2,0.23,0.06314008682966232
d308cb70-ede1-4508-9b81-bd4a005cd287,0.25,0.03,0.05201161652803421
d308cb70-ede1-4508-9b81-bd4a005cd287,0.25,0.08,0.06440967321395874
d308cb70-ede1-4508-9b81-bd4a005cd287,0.25,0.13,0.06401629000902176
d308cb70-ede1-4508-9b81-bd4a005cd287,0.25,0.18000000000000002,0.06115533784031868
d308cb70-ede1-4508-9b81-bd4a005cd287,0.25,0.23,0.06801585108041763
d308cb70-ede1-4508-9b81-bd4a005cd287,0.30000000000000004,0.03,0.05067233368754387
d308cb70-ede1-4508-9b81-bd4a005cd287,0.30000000000000004,0.08,0.059750720858573914
d308cb70-ede1-4508-9b81-bd4a005cd287,0.30000000000000004,0.13,0.05778680369257927
d308cb70-ede1-4508-9b81-bd4a005cd287,0.30000000000000004,0.18000000000000002,0.06261689215898514
d308cb70-ede1-4508-9b81-bd4a005cd287,0.30000000000000004,0.23,0.06816666573286057
d3e3e627-f3d1-4d22-9c61-6c7888f87eab,0.0,0.03,0.04927465692162514
d3e3e627-f3d1-4d22-9c61-6c7888f87eab,0.0,0.08,0.05420351028442383
d3e3e627-f3d1-4d22-9c61-6c7888f87eab,0.0,0.13,0.0626276507973671
d3e3e627-f3d1-4d22-9c61-6c7888f87eab,0.0,0.18000000000000002,0.0588408000767231
d3e3e627-f3d1-4d22-9c61-6c7888f87eab,0.0,0.23,0.05848431587219238
d3e3e627-f3d1-4d22-9c61-6c7888f87eab,0.01,0.03,0.04859986528754234
d3e3e627-f3d1-4d22-9c61-6c7888f87eab,0.01,0.08,0.049383729696273804
d3e3e627-f3d1-4d22-9c61-6c7888f87eab,0.01,0.13,0.05586208403110504
d3e3e627-f3d1-4d22-9c61-6c7888f87eab,0.01,0.18000000000000002,0.061281073838472366
d3e3e627-f3d1-4d22-9c61-6c7888f87eab,0.01,0.23,0.06364251673221588
d3e3e627-f3d1-4d22-9c61-6c7888f87eab,0.02,0.03,0.04785230755805969
d3e3e627-f3d1-4d22-9c61-6c7888f87eab,0.02,0.08,0.04910384118556976
d3e3e627-f3d1-4d22-9c61-6c7888f87eab,0.02,0.13,0.058741822838783264
d3e3e627-f3d1-4d22-9c61-6c7888f87eab,0.02,0.18000000000000002,0.06317872554063797
d3e3e627-f3d1-4d22-9c61-6c7888f87eab,0.02,0.23,0.07014641910791397
d3e3e627-f3d1-4d22-9c61-6c7888f87eab,0.03,0.03,0.04266579821705818
d3e3e627-f3d1-4d22-9c61-6c7888f87eab,0.03,0.08,0.05139508843421936
d3e3e627-f3d1-4d22-9c61-6c7888f87eab,0.03,0.13,0.06422700732946396
d3e3e627-f3d1-4d22-9c61-6c7888f87eab,0.03,0.18000000000000002,0.06929586082696915
d3e3e627-f3d1-4d22-9c61-6c7888f87eab,0.03,0.23,0.0727919489145279
d3e3e627-f3d1-4d22-9c61-6c7888f87eab,0.04,0.03,0.04498765245079994
d3e3e627-f3d1-4d22-9c61-6c7888f87eab,0.04,0.08,0.05617748945951462
d3e3e627-f3d1-4d22-9c61-6c7888f87eab,0.05,0.03,0.045172035694122314
d3e3e627-f3d1-4d22-9c61-6c7888f87eab,0.05,0.08,0.05796696990728378
d3e3e627-f3d1-4d22-9c61-6c7888f87eab,0.05,0.13,0.06706412136554718
d3e3e627-f3d1-4d22-9c61-6c7888f87eab,0.05,0.18000000000000002,0.0708901509642601
d3e3e627-f3d1-4d22-9c61-6c7888f87eab,0.05,0.23,0.07885298877954483
d3e3e627-f3d1-4d22-9c61-6c7888f87eab,0.1,0.03,0.04660608619451523
d3e3e627-f3d1-4d22-9c61-6c7888f87eab,0.1,0.08,0.06223922595381737
d3e3e627-f3d1-4d22-9c61-6c7888f87eab,0.1,0.13,0.06438278406858444
d3e3e627-f3d1-4d22-9c61-6c7888f87eab,0.1,0.18000000000000002,0.0701456144452095
d3e3e627-f3d1-4d22-9c61-6c7888f87eab,0.1,0.23,0.06898250430822372
d3e3e627-f3d1-4d22-9c61-6c7888f87eab,0.15000000000000002,0.03,0.04680539295077324
d3e3e627-f3d1-4d22-9c61-6c7888f87eab,0.15000000000000002,0.08,0.05657177045941353
d3e3e627-f3d1-4d22-9c61-6c7888f87eab,0.15000000000000002,0.13,0.06223823130130768
d3e3e627-f3d1-4d22-9c61-6c7888f87eab,0.15000000000000002,0.18000000000000002,0.060347799211740494
d3e3e627-f3d1-4d22-9c61-6c7888f87eab,0.15000000000000002,0.23,0.06556262075901031
d3e3e627-f3d1-4d22-9c61-6c7888f87eab,0.2,0.03,0.04828692600131035
d3e3e627-f3d1-4d22-9c61-6c7888f87eab,0.2,0.08,0.057275280356407166
d3e3e627-f3d1-4d22-9c61-6c7888f87eab,0.2,0.13,0.05775581672787666
d3e3e627-f3d1-4d22-9c61-6c7888f87eab,0.2,0.18000000000000002,0.06194370985031128
d3e3e627-f3d1-4d22-9c61-6c7888f87eab,0.2,0.23,0.06312873214483261
d3e3e627-f3d1-4d22-9c61-6c7888f87eab,0.25,0.03,0.04469947889447212
d3e3e627-f3d1-4d22-9c61-6c7888f87eab,0.25,0.08,0.051251187920570374
d3e3e627-f3d1-4d22-9c61-6c7888f87eab,0.25,0.13,0.059706348925828934
d3e3e627-f3d1-4d22-9c61-6c7888f87eab,0.25,0.18000000000000002,0.06497716158628464
d3e3e627-f3d1-4d22-9c61-6c7888f87eab,0.25,0.23,0.0651625320315361
d3e3e627-f3d1-4d22-9c61-6c7888f87eab,0.30000000000000004,0.03,0.04844032600522041
d3e3e627-f3d1-4d22-9c61-6c7888f87eab,0.30000000000000004,0.08,0.061285559087991714
d3e3e627-f3d1-4d22-9c61-6c7888f87eab,0.30000000000000004,0.13,0.06707417219877243
d3e3e627-f3d1-4d22-9c61-6c7888f87eab,0.30000000000000004,0.18000000000000002,0.06359519809484482
d3e3e627-f3d1-4d22-9c61-6c7888f87eab,0.30000000000000004,0.23,0.06589467078447342
d40d7271-4aa9-4cfa-ac50-555d37c6bc55,0.0,0.03,0.05588305741548538
d40d7271-4aa9-4cfa-ac50-555d37c6bc55,0.0,0.08,0.06682979315519333
d40d7271-4aa9-4cfa-ac50-555d37c6bc55,0.0,0.13,0.06647563725709915
d40d7271-4aa9-4cfa-ac50-555d37c6bc55,0.0,0.18000000000000002,0.06607720255851746
d40d7271-4aa9-4cfa-ac50-555d37c6bc55,0.0,0.23,0.06610235571861267
d40d7271-4aa9-4cfa-ac50-555d37c6bc55,0.01,0.03,0.05611957609653473
d40d7271-4aa9-4cfa-ac50-555d37c6bc55,0.01,0.08,0.0576537624001503
d40d7271-4aa9-4cfa-ac50-555d37c6bc55,0.01,0.13,0.06418008357286453
d40d7271-4aa9-4cfa-ac50-555d37c6bc55,0.01,0.18000000000000002,0.06180860847234726
d40d7271-4aa9-4cfa-ac50-555d37c6bc55,0.01,0.23,0.05981551483273506
d40d7271-4aa9-4cfa-ac50-555d37c6bc55,0.02,0.03,0.04709615185856819
d40d7271-4aa9-4cfa-ac50-555d37c6bc55,0.02,0.08,0.05511534586548805
d40d7271-4aa9-4cfa-ac50-555d37c6bc55,0.02,0.13,0.06060754507780075
d40d7271-4aa9-4cfa-ac50-555d37c6bc55,0.02,0.18000000000000002,0.05833325535058975
d40d7271-4aa9-4cfa-ac50-555d37c6bc55,0.02,0.23,0.05874963477253914
d40d7271-4aa9-4cfa-ac50-555d37c6bc55,0.03,0.03,0.05861951783299446
d40d7271-4aa9-4cfa-ac50-555d37c6bc55,0.03,0.08,0.05602506920695305
d40d7271-4aa9-4cfa-ac50-555d37c6bc55,0.03,0.13,0.06039111688733101
d40d7271-4aa9-4cfa-ac50-555d37c6bc55,0.03,0.18000000000000002,0.05573137477040291
d40d7271-4aa9-4cfa-ac50-555d37c6bc55,0.03,0.23,0.059168677777051926
d40d7271-4aa9-4cfa-ac50-555d37c6bc55,0.04,0.03,0.051738422363996506
d40d7271-4aa9-4cfa-ac50-555d37c6bc55,0.04,0.08,0.055416446179151535
d40d7271-4aa9-4cfa-ac50-555d37c6bc55,0.05,0.03,0.05097806081175804
d40d7271-4aa9-4cfa-ac50-555d37c6bc55,0.05,0.08,0.05552760511636734
d40d7271-4aa9-4cfa-ac50-555d37c6bc55,0.05,0.13,0.05925573408603668
d40d7271-4aa9-4cfa-ac50-555d37c6bc55,0.05,0.18000000000000002,0.05963220074772835
d40d7271-4aa9-4cfa-ac50-555d37c6bc55,0.05,0.23,0.06351347267627716
d40d7271-4aa9-4cfa-ac50-555d37c6bc55,0.1,0.03,0.04400164633989334
d40d7271-4aa9-4cfa-ac50-555d37c6bc55,0.1,0.08,0.05195372551679611
d40d7271-4aa9-4cfa-ac50-555d37c6bc55,0.1,0.13,0.06444790214300156
d40d7271-4aa9-4cfa-ac50-555d37c6bc55,0.1,0.18000000000000002,0.06664353609085083
d40d7271-4aa9-4cfa-ac50-555d37c6bc55,0.1,0.23,0.07252981513738632
d40d7271-4aa9-4cfa-ac50-555d37c6bc55,0.15000000000000002,0.03,0.05198046192526817
d40d7271-4aa9-4cfa-ac50-555d37c6bc55,0.15000000000000002,0.08,0.06300010532140732
d40d7271-4aa9-4cfa-ac50-555d37c6bc55,0.15000000000000002,0.13,0.06221110373735428
d40d7271-4aa9-4cfa-ac50-555d37c6bc55,0.15000000000000002,0.18000000000000002,0.06917539238929749
d40d7271-4aa9-4cfa-ac50-555d37c6bc55,0.15000000000000002,0.23,0.06415856629610062
d40d7271-4aa9-4cfa-ac50-555d37c6bc55,0.2,0.03,0.05101144686341286
d40d7271-4aa9-4cfa-ac50-555d37c6bc55,0.2,0.08,0.05370424687862396
d40d7271-4aa9-4cfa-ac50-555d37c6bc55,0.2,0.13,0.0612512081861496
d40d7271-4aa9-4cfa-ac50-555d37c6bc55,0.2,0.18000000000000002,0.07643046230077744
d40d7271-4aa9-4cfa-ac50-555d37c6bc55,0.2,0.23,0.07308660447597504
d40d7271-4aa9-4cfa-ac50-555d37c6bc55,0.25,0.03,0.05316375941038132
d40d7271-4aa9-4cfa-ac50-555d37c6bc55,0.25,0.08,0.06461915373802185
d40d7271-4aa9-4cfa-ac50-555d37c6bc55,0.25,0.13,0.08096902817487717
d40d7271-4aa9-4cfa-ac50-555d37c6bc55,0.25,0.18000000000000002,0.07604546844959259
d40d7271-4aa9-4cfa-ac50-555d37c6bc55,0.25,0.23,0.06895855814218521
d40d7271-4aa9-4cfa-ac50-555d37c6bc55,0.30000000000000004,0.03,0.04763047397136688
d40d7271-4aa9-4cfa-ac50-555d37c6bc55,0.30000000000000004,0.08,0.07433729618787766
d40d7271-4aa9-4cfa-ac50-555d37c6bc55,0.30000000000000004,0.13,0.07558342814445496
d40d7271-4aa9-4cfa-ac50-555d37c6bc55,0.30000000000000004,0.18000000000000002,0.0695481151342392
d40d7271-4aa9-4cfa-ac50-555d37c6bc55,0.30000000000000004,0.23,0.06419818848371506
d489bd02-7ec5-4df6-a44e-221c02bbf305,0.0,0.03,0.30428290367126465
d489bd02-7ec5-4df6-a44e-221c02bbf305,0.0,0.08,0.39011093974113464
d489bd02-7ec5-4df6-a44e-221c02bbf305,0.0,0.13,0.3069743812084198
d489bd02-7ec5-4df6-a44e-221c02bbf305,0.0,0.18000000000000002,0.20645704865455627
d489bd02-7ec5-4df6-a44e-221c02bbf305,0.0,0.23,0.16950306296348572
d489bd02-7ec5-4df6-a44e-221c02bbf305,0.01,0.03,0.25607362389564514
d489bd02-7ec5-4df6-a44e-221c02bbf305,0.01,0.08,0.28416207432746887
d489bd02-7ec5-4df6-a44e-221c02bbf305,0.01,0.13,0.17103788256645203
d489bd02-7ec5-4df6-a44e-221c02bbf305,0.01,0.18000000000000002,0.13046781718730927
d489bd02-7ec5-4df6-a44e-221c02bbf305,0.01,0.23,0.1183488592505455
d489bd02-7ec5-4df6-a44e-221c02bbf305,0.02,0.03,0.25896546244621277
d489bd02-7ec5-4df6-a44e-221c02bbf305,0.02,0.08,0.24796155095100403
d489bd02-7ec5-4df6-a44e-221c02bbf305,0.02,0.13,0.141912579536438
d489bd02-7ec5-4df6-a44e-221c02bbf305,0.02,0.18000000000000002,0.11649639159440994
d489bd02-7ec5-4df6-a44e-221c02bbf305,0.02,0.23,0.11094412952661514
d489bd02-7ec5-4df6-a44e-221c02bbf305,0.03,0.03,0.2513521611690521
d489bd02-7ec5-4df6-a44e-221c02bbf305,0.03,0.08,0.17558172345161438
d489bd02-7ec5-4df6-a44e-221c02bbf305,0.03,0.13,0.11601604521274567
d489bd02-7ec5-4df6-a44e-221c02bbf305,0.03,0.18000000000000002,0.09831882268190384
d489bd02-7ec5-4df6-a44e-221c02bbf305,0.03,0.23,0.09799525886774063
d489bd02-7ec5-4df6-a44e-221c02bbf305,0.04,0.03,0.18967705965042114
d489bd02-7ec5-4df6-a44e-221c02bbf305,0.04,0.08,0.12680473923683167
d489bd02-7ec5-4df6-a44e-221c02bbf305,0.05,0.03,0.17421868443489075
d489bd02-7ec5-4df6-a44e-221c02bbf305,0.05,0.08,0.11555372923612595
d489bd02-7ec5-4df6-a44e-221c02bbf305,0.05,0.13,0.06990436464548111
d489bd02-7ec5-4df6-a44e-221c02bbf305,0.05,0.18000000000000002,0.07518179714679718
d489bd02-7ec5-4df6-a44e-221c02bbf305,0.05,0.23,0.08018016815185547
d489bd02-7ec5-4df6-a44e-221c02bbf305,0.1,0.03,0.07018721103668213
d489bd02-7ec5-4df6-a44e-221c02bbf305,0.1,0.08,0.12699541449546814
d489bd02-7ec5-4df6-a44e-221c02bbf305,0.1,0.13,0.1285131573677063
d489bd02-7ec5-4df6-a44e-221c02bbf305,0.1,0.18000000000000002,0.12654578685760498
d489bd02-7ec5-4df6-a44e-221c02bbf305,0.1,0.23,0.13206437230110168
d489bd02-7ec5-4df6-a44e-221c02bbf305,0.15000000000000002,0.03,0.08638276159763336
d489bd02-7ec5-4df6-a44e-221c02bbf305,0.15000000000000002,0.08,0.10206786543130875
d489bd02-7ec5-4df6-a44e-221c02bbf305,0.15000000000000002,0.13,0.09921417385339737
d489bd02-7ec5-4df6-a44e-221c02bbf305,0.15000000000000002,0.18000000000000002,0.10673779249191284
d489bd02-7ec5-4df6-a44e-221c02bbf305,0.15000000000000002,0.23,0.10454943776130676
d489bd02-7ec5-4df6-a44e-221c02bbf305,0.2,0.03,0.054000940173864365
d489bd02-7ec5-4df6-a44e-221c02bbf305,0.2,0.08,0.06310925632715225
d489bd02-7ec5-4df6-a44e-221c02bbf305,0.2,0.13,0.07391557097434998
d489bd02-7ec5-4df6-a44e-221c02bbf305,0.2,0.18000000000000002,0.07078404724597931
d489bd02-7ec5-4df6-a44e-221c02bbf305,0.2,0.23,0.0648416131734848
d489bd02-7ec5-4df6-a44e-221c02bbf305,0.25,0.03,0.052656542509794235
d489bd02-7ec5-4df6-a44e-221c02bbf305,0.25,0.08,0.06193677335977554
d489bd02-7ec5-4df6-a44e-221c02bbf305,0.25,0.13,0.06490102410316467
d489bd02-7ec5-4df6-a44e-221c02bbf305,0.25,0.18000000000000002,0.06852646917104721
d489bd02-7ec5-4df6-a44e-221c02bbf305,0.25,0.23,0.06489107757806778
d489bd02-7ec5-4df6-a44e-221c02bbf305,0.30000000000000004,0.03,0.05147344619035721
d489bd02-7ec5-4df6-a44e-221c02bbf305,0.30000000000000004,0.08,0.06526333838701248
d489bd02-7ec5-4df6-a44e-221c02bbf305,0.30000000000000004,0.13,0.0688035637140274
d489bd02-7ec5-4df6-a44e-221c02bbf305,0.30000000000000004,0.18000000000000002,0.05949855223298073
d489bd02-7ec5-4df6-a44e-221c02bbf305,0.30000000000000004,0.23,0.061544012278318405
d4cb2548-e687-453b-b781-1f710f01410b,0.0,0.03,0.062171462923288345
d4cb2548-e687-453b-b781-1f710f01410b,0.0,0.08,0.10657642036676407
d4cb2548-e687-453b-b781-1f710f01410b,0.0,0.13,0.11271528899669647
d4cb2548-e687-453b-b781-1f710f01410b,0.0,0.18000000000000002,0.0968574583530426
d4cb2548-e687-453b-b781-1f710f01410b,0.0,0.23,0.09043125808238983
d4cb2548-e687-453b-b781-1f710f01410b,0.01,0.03,0.06011854484677315
d4cb2548-e687-453b-b781-1f710f01410b,0.01,0.08,0.11177659034729004
d4cb2548-e687-453b-b781-1f710f01410b,0.01,0.13,0.1079019233584404
d4cb2548-e687-453b-b781-1f710f01410b,0.01,0.18000000000000002,0.09098845720291138
d4cb2548-e687-453b-b781-1f710f01410b,0.01,0.23,0.07416491955518723
d4cb2548-e687-453b-b781-1f710f01410b,0.02,0.03,0.06867028027772903
d4cb2548-e687-453b-b781-1f710f01410b,0.02,0.08,0.1170651838183403
d4cb2548-e687-453b-b781-1f710f01410b,0.02,0.13,0.10494716465473175
d4cb2548-e687-453b-b781-1f710f01410b,0.02,0.18000000000000002,0.0846148356795311
d4cb2548-e687-453b-b781-1f710f01410b,0.02,0.23,0.07528949528932571
d4cb2548-e687-453b-b781-1f710f01410b,0.03,0.03,0.07670413702726364
d4cb2548-e687-453b-b781-1f710f01410b,0.03,0.08,0.11099370568990707
d4cb2548-e687-453b-b781-1f710f01410b,0.03,0.13,0.09807202965021133
d4cb2548-e687-453b-b781-1f710f01410b,0.03,0.18000000000000002,0.0792299285531044
d4cb2548-e687-453b-b781-1f710f01410b,0.03,0.23,0.0769084170460701
d4cb2548-e687-453b-b781-1f710f01410b,0.04,0.03,0.08418872952461243
d4cb2548-e687-453b-b781-1f710f01410b,0.04,0.08,0.10478634387254715
d4cb2548-e687-453b-b781-1f710f01410b,0.05,0.03,0.08307401090860367
d4cb2548-e687-453b-b781-1f710f01410b,0.05,0.08,0.09766639769077301
d4cb2548-e687-453b-b781-1f710f01410b,0.05,0.13,0.08463713526725769
d4cb2548-e687-453b-b781-1f710f01410b,0.05,0.18000000000000002,0.07903258502483368
d4cb2548-e687-453b-b781-1f710f01410b,0.05,0.23,0.08316105604171753
d4cb2548-e687-453b-b781-1f710f01410b,0.1,0.03,0.05520269647240639
d4cb2548-e687-453b-b781-1f710f01410b,0.1,0.08,0.05648600310087204
d4cb2548-e687-453b-b781-1f710f01410b,0.1,0.13,0.06419218331575394
d4cb2548-e687-453b-b781-1f710f01410b,0.1,0.18000000000000002,0.06780251860618591
d4cb2548-e687-453b-b781-1f710f01410b,0.1,0.23,0.07495186477899551
d4cb2548-e687-453b-b781-1f710f01410b,0.15000000000000002,0.03,0.04662632569670677
d4cb2548-e687-453b-b781-1f710f01410b,0.15000000000000002,0.08,0.0645061731338501
d4cb2548-e687-453b-b781-1f710f01410b,0.15000000000000002,0.13,0.06935939192771912
d4cb2548-e687-453b-b781-1f710f01410b,0.15000000000000002,0.18000000000000002,0.07473576813936234
d4cb2548-e687-453b-b781-1f710f01410b,0.15000000000000002,0.23,0.06614113599061966
d4cb2548-e687-453b-b781-1f710f01410b,0.2,0.03,0.05442912131547928
d4cb2548-e687-453b-b781-1f710f01410b,0.2,0.08,0.0610269270837307
d4cb2548-e687-453b-b781-1f710f01410b,0.2,0.13,0.07259441167116165
d4cb2548-e687-453b-b781-1f710f01410b,0.2,0.18000000000000002,0.06270603835582733
d4cb2548-e687-453b-b781-1f710f01410b,0.2,0.23,0.05957593768835068
d4cb2548-e687-453b-b781-1f710f01410b,0.25,0.03,0.04967818409204483
d4cb2548-e687-453b-b781-1f710f01410b,0.25,0.08,0.0684509202837944
d4cb2548-e687-453b-b781-1f710f01410b,0.25,0.13,0.06612911820411682
d4cb2548-e687-453b-b781-1f710f01410b,0.25,0.18000000000000002,0.06517180055379868
d4cb2548-e687-453b-b781-1f710f01410b,0.25,0.23,0.06373333185911179
d4cb2548-e687-453b-b781-1f710f01410b,0.30000000000000004,0.03,0.04652074724435806
d4cb2548-e687-453b-b781-1f710f01410b,0.30000000000000004,0.08,0.06251128762960434
d4cb2548-e687-453b-b781-1f710f01410b,0.30000000000000004,0.13,0.05688879266381264
d4cb2548-e687-453b-b781-1f710f01410b,0.30000000000000004,0.18000000000000002,0.0600874163210392
d4cb2548-e687-453b-b781-1f710f01410b,0.30000000000000004,0.23,0.0644221156835556
d55a74b2-28ab-447f-8fb3-95627ea99dec,0.0,0.03,0.046804819256067276
d55a74b2-28ab-447f-8fb3-95627ea99dec,0.0,0.08,0.05756469443440437
d55a74b2-28ab-447f-8fb3-95627ea99dec,0.0,0.13,0.06705815345048904
d55a74b2-28ab-447f-8fb3-95627ea99dec,0.0,0.18000000000000002,0.07319734990596771
d55a74b2-28ab-447f-8fb3-95627ea99dec,0.0,0.23,0.08043467998504639
d55a74b2-28ab-447f-8fb3-95627ea99dec,0.01,0.03,0.04780612885951996
d55a74b2-28ab-447f-8fb3-95627ea99dec,0.01,0.08,0.05882883816957474
d55a74b2-28ab-447f-8fb3-95627ea99dec,0.01,0.13,0.06921849399805069
d55a74b2-28ab-447f-8fb3-95627ea99dec,0.01,0.18000000000000002,0.07175067812204361
d55a74b2-28ab-447f-8fb3-95627ea99dec,0.01,0.23,0.08244162052869797
d55a74b2-28ab-447f-8fb3-95627ea99dec,0.02,0.03,0.04744558036327362
d55a74b2-28ab-447f-8fb3-95627ea99dec,0.02,0.08,0.0618726871907711
d55a74b2-28ab-447f-8fb3-95627ea99dec,0.02,0.13,0.06644842773675919
d55a74b2-28ab-447f-8fb3-95627ea99dec,0.02,0.18000000000000002,0.0730704590678215
d55a74b2-28ab-447f-8fb3-95627ea99dec,0.02,0.23,0.08538305014371872
d55a74b2-28ab-447f-8fb3-95627ea99dec,0.03,0.03,0.04985306039452553
d55a74b2-28ab-447f-8fb3-95627ea99dec,0.03,0.08,0.06125595420598984
d55a74b2-28ab-447f-8fb3-95627ea99dec,0.03,0.13,0.06524783372879028
d55a74b2-28ab-447f-8fb3-95627ea99dec,0.03,0.18000000000000002,0.07716351747512817
d55a74b2-28ab-447f-8fb3-95627ea99dec,0.03,0.23,0.08593010157346725
d55a74b2-28ab-447f-8fb3-95627ea99dec,0.04,0.03,0.054642610251903534
d55a74b2-28ab-447f-8fb3-95627ea99dec,0.04,0.08,0.06616348773241043
d55a74b2-28ab-447f-8fb3-95627ea99dec,0.05,0.03,0.04969767853617668
d55a74b2-28ab-447f-8fb3-95627ea99dec,0.05,0.08,0.06237506493926048
d55a74b2-28ab-447f-8fb3-95627ea99dec,0.05,0.13,0.0651131272315979
d55a74b2-28ab-447f-8fb3-95627ea99dec,0.05,0.18000000000000002,0.07775036990642548
d55a74b2-28ab-447f-8fb3-95627ea99dec,0.05,0.23,0.08274189382791519
d55a74b2-28ab-447f-8fb3-95627ea99dec,0.1,0.03,0.05060442164540291
d55a74b2-28ab-447f-8fb3-95627ea99dec,0.1,0.08,0.05864351615309715
d55a74b2-28ab-447f-8fb3-95627ea99dec,0.1,0.13,0.07957085222005844
d55a74b2-28ab-447f-8fb3-95627ea99dec,0.1,0.18000000000000002,0.084983229637146
d55a74b2-28ab-447f-8fb3-95627ea99dec,0.1,0.23,0.08399588614702225
d55a74b2-28ab-447f-8fb3-95627ea99dec,0.15000000000000002,0.03,0.0534701868891716
d55a74b2-28ab-447f-8fb3-95627ea99dec,0.15000000000000002,0.08,0.07627680152654648
d55a74b2-28ab-447f-8fb3-95627ea99dec,0.15000000000000002,0.13,0.07865273207426071
d55a74b2-28ab-447f-8fb3-95627ea99dec,0.15000000000000002,0.18000000000000002,0.08352147787809372
d55a74b2-28ab-447f-8fb3-95627ea99dec,0.15000000000000002,0.23,0.08603806793689728
d55a74b2-28ab-447f-8fb3-95627ea99dec,0.2,0.03,0.057900141924619675
d55a74b2-28ab-447f-8fb3-95627ea99dec,0.2,0.08,0.0729023665189743
d55a74b2-28ab-447f-8fb3-95627ea99dec,0.2,0.13,0.07874474674463272
d55a74b2-28ab-447f-8fb3-95627ea99dec,0.2,0.18000000000000002,0.08408253639936447
d55a74b2-28ab-447f-8fb3-95627ea99dec,0.2,0.23,0.09142135083675385
d55a74b2-28ab-447f-8fb3-95627ea99dec,0.25,0.03,0.050000496208667755
d55a74b2-28ab-447f-8fb3-95627ea99dec,0.25,0.08,0.06949078291654587
d55a74b2-28ab-447f-8fb3-95627ea99dec,0.25,0.13,0.07180299609899521
d55a74b2-28ab-447f-8fb3-95627ea99dec,0.25,0.18000000000000002,0.08251927047967911
d55a74b2-28ab-447f-8fb3-95627ea99dec,0.25,0.23,0.09147855639457703
d55a74b2-28ab-447f-8fb3-95627ea99dec,0.30000000000000004,0.03,0.055581219494342804
d55a74b2-28ab-447f-8fb3-95627ea99dec,0.30000000000000004,0.08,0.06709066033363342
d55a74b2-28ab-447f-8fb3-95627ea99dec,0.30000000000000004,0.13,0.07415182888507843
d55a74b2-28ab-447f-8fb3-95627ea99dec,0.30000000000000004,0.18000000000000002,0.08328711986541748
d55a74b2-28ab-447f-8fb3-95627ea99dec,0.30000000000000004,0.23,0.0832287147641182
d583d817-c390-4e19-9e8b-c29963ced020,0.0,0.03,0.05316951125860214
d583d817-c390-4e19-9e8b-c29963ced020,0.0,0.08,0.07407211512327194
d583d817-c390-4e19-9e8b-c29963ced020,0.0,0.13,0.09584446996450424
d583d817-c390-4e19-9e8b-c29963ced020,0.0,0.18000000000000002,0.10356688499450684
d583d817-c390-4e19-9e8b-c29963ced020,0.0,0.23,0.09761258214712143
d583d817-c390-4e19-9e8b-c29963ced020,0.01,0.03,0.047597434371709824
d583d817-c390-4e19-9e8b-c29963ced020,0.01,0.08,0.08198985457420349
d583d817-c390-4e19-9e8b-c29963ced020,0.01,0.13,0.10879562050104141
d583d817-c390-4e19-9e8b-c29963ced020,0.01,0.18000000000000002,0.11193717271089554
d583d817-c390-4e19-9e8b-c29963ced020,0.01,0.23,0.1032329648733139
d583d817-c390-4e19-9e8b-c29963ced020,0.02,0.03,0.05560299754142761
d583d817-c390-4e19-9e8b-c29963ced020,0.02,0.08,0.09575016796588898
d583d817-c390-4e19-9e8b-c29963ced020,0.02,0.13,0.11013330519199371
d583d817-c390-4e19-9e8b-c29963ced020,0.02,0.18000000000000002,0.11311836540699005
d583d817-c390-4e19-9e8b-c29963ced020,0.02,0.23,0.10197386890649796
d583d817-c390-4e19-9e8b-c29963ced020,0.03,0.03,0.06285882741212845
d583d817-c390-4e19-9e8b-c29963ced020,0.03,0.08,0.10195325314998627
d583d817-c390-4e19-9e8b-c29963ced020,0.03,0.13,0.11292551457881927
d583d817-c390-4e19-9e8b-c29963ced020,0.03,0.18000000000000002,0.11153125017881393
d583d817-c390-4e19-9e8b-c29963ced020,0.03,0.23,0.10146404802799225
d583d817-c390-4e19-9e8b-c29963ced020,0.04,0.03,0.06425003707408905
d583d817-c390-4e19-9e8b-c29963ced020,0.04,0.08,0.1003684476017952
d583d817-c390-4e19-9e8b-c29963ced020,0.05,0.03,0.06587999314069748
d583d817-c390-4e19-9e8b-c29963ced020,0.05,0.08,0.10206741094589233
d583d817-c390-4e19-9e8b-c29963ced020,0.05,0.13,0.10673077404499054
d583d817-c390-4e19-9e8b-c29963ced020,0.05,0.18000000000000002,0.09544172883033752
d583d817-c390-4e19-9e8b-c29963ced020,0.05,0.23,0.08841879665851593
d583d817-c390-4e19-9e8b-c29963ced020,0.1,0.03,0.06852158159017563
d583d817-c390-4e19-9e8b-c29963ced020,0.1,0.08,0.08864402770996094
d583d817-c390-4e19-9e8b-c29963ced020,0.1,0.13,0.08127289265394211
d583d817-c390-4e19-9e8b-c29963ced020,0.1,0.18000000000000002,0.08184357732534409
d583d817-c390-4e19-9e8b-c29963ced020,0.1,0.23,0.08415748178958893
d583d817-c390-4e19-9e8b-c29963ced020,0.15000000000000002,0.03,0.049640361219644547
d583d817-c390-4e19-9e8b-c29963ced020,0.15000000000000002,0.08,0.07680988311767578
d583d817-c390-4e19-9e8b-c29963ced020,0.15000000000000002,0.13,0.0799315869808197
d583d817-c390-4e19-9e8b-c29963ced020,0.15000000000000002,0.18000000000000002,0.08248588442802429
d583d817-c390-4e19-9e8b-c29963ced020,0.15000000000000002,0.23,0.08359526097774506
d583d817-c390-4e19-9e8b-c29963ced020,0.2,0.03,0.05421486496925354
d583d817-c390-4e19-9e8b-c29963ced020,0.2,0.08,0.06729081273078918
d583d817-c390-4e19-9e8b-c29963ced020,0.2,0.13,0.07651761919260025
d583d817-c390-4e19-9e8b-c29963ced020,0.2,0.18000000000000002,0.07731315493583679
d583d817-c390-4e19-9e8b-c29963ced020,0.2,0.23,0.07485862821340561
d583d817-c390-4e19-9e8b-c29963ced020,0.25,0.03,0.057885799556970596
d583d817-c390-4e19-9e8b-c29963ced020,0.25,0.08,0.0748814046382904
d583d817-c390-4e19-9e8b-c29963ced020,0.25,0.13,0.07878339290618896
d583d817-c390-4e19-9e8b-c29963ced020,0.25,0.18000000000000002,0.07823624461889267
d583d817-c390-4e19-9e8b-c29963ced020,0.25,0.23,0.07867251336574554
d583d817-c390-4e19-9e8b-c29963ced020,0.30000000000000004,0.03,0.05395181477069855
d583d817-c390-4e19-9e8b-c29963ced020,0.30000000000000004,0.08,0.070268914103508
d583d817-c390-4e19-9e8b-c29963ced020,0.30000000000000004,0.13,0.07727185636758804
d583d817-c390-4e19-9e8b-c29963ced020,0.30000000000000004,0.18000000000000002,0.07693400979042053
d583d817-c390-4e19-9e8b-c29963ced020,0.30000000000000004,0.23,0.07604378461837769
d5be761c-5945-408b-a5c5-0bd9607fe49b,0.0,0.03,0.05708354711532593
d5be761c-5945-408b-a5c5-0bd9607fe49b,0.0,0.08,0.06417790055274963
d5be761c-5945-408b-a5c5-0bd9607fe49b,0.0,0.13,0.0712050199508667
d5be761c-5945-408b-a5c5-0bd9607fe49b,0.0,0.18000000000000002,0.08408224582672119
d5be761c-5945-408b-a5c5-0bd9607fe49b,0.0,0.23,0.0774943009018898
d5be761c-5945-408b-a5c5-0bd9607fe49b,0.01,0.03,0.045188065618276596
d5be761c-5945-408b-a5c5-0bd9607fe49b,0.01,0.08,0.06271833181381226
d5be761c-5945-408b-a5c5-0bd9607fe49b,0.01,0.13,0.07397142052650452
d5be761c-5945-408b-a5c5-0bd9607fe49b,0.01,0.18000000000000002,0.08623956888914108
d5be761c-5945-408b-a5c5-0bd9607fe49b,0.01,0.23,0.0788593515753746
d5be761c-5945-408b-a5c5-0bd9607fe49b,0.02,0.03,0.04748574644327164
d5be761c-5945-408b-a5c5-0bd9607fe49b,0.02,0.08,0.06727059930562973
d5be761c-5945-408b-a5c5-0bd9607fe49b,0.02,0.13,0.074888214468956
d5be761c-5945-408b-a5c5-0bd9607fe49b,0.02,0.18000000000000002,0.0806301161646843
d5be761c-5945-408b-a5c5-0bd9607fe49b,0.02,0.23,0.069721519947052
d5be761c-5945-408b-a5c5-0bd9607fe49b,0.03,0.03,0.044074807316064835
d5be761c-5945-408b-a5c5-0bd9607fe49b,0.03,0.08,0.06568969786167145
d5be761c-5945-408b-a5c5-0bd9607fe49b,0.03,0.13,0.07884196937084198
d5be761c-5945-408b-a5c5-0bd9607fe49b,0.03,0.18000000000000002,0.08317986875772476
d5be761c-5945-408b-a5c5-0bd9607fe49b,0.03,0.23,0.07018093019723892
d5be761c-5945-408b-a5c5-0bd9607fe49b,0.04,0.03,0.04895121976733208
d5be761c-5945-408b-a5c5-0bd9607fe49b,0.04,0.08,0.06867054104804993
d5be761c-5945-408b-a5c5-0bd9607fe49b,0.05,0.03,0.04608280584216118
d5be761c-5945-408b-a5c5-0bd9607fe49b,0.05,0.08,0.060605987906455994
d5be761c-5945-408b-a5c5-0bd9607fe49b,0.05,0.13,0.07781485468149185
d5be761c-5945-408b-a5c5-0bd9607fe49b,0.05,0.18000000000000002,0.07176372408866882
d5be761c-5945-408b-a5c5-0bd9607fe49b,0.05,0.23,0.07214503735303879
d5be761c-5945-408b-a5c5-0bd9607fe49b,0.1,0.03,0.04993005469441414
d5be761c-5945-408b-a5c5-0bd9607fe49b,0.1,0.08,0.06577398627996445
d5be761c-5945-408b-a5c5-0bd9607fe49b,0.1,0.13,0.06110835820436478
d5be761c-5945-408b-a5c5-0bd9607fe49b,0.1,0.18000000000000002,0.06722116470336914
d5be761c-5945-408b-a5c5-0bd9607fe49b,0.1,0.23,0.07158727943897247
d5be761c-5945-408b-a5c5-0bd9607fe49b,0.15000000000000002,0.03,0.047284673899412155
d5be761c-5945-408b-a5c5-0bd9607fe49b,0.15000000000000002,0.08,0.05281323939561844
d5be761c-5945-408b-a5c5-0bd9607fe49b,0.15000000000000002,0.13,0.06347475945949554
d5be761c-5945-408b-a5c5-0bd9607fe49b,0.15000000000000002,0.18000000000000002,0.07307818531990051
d5be761c-5945-408b-a5c5-0bd9607fe49b,0.15000000000000002,0.23,0.08705054968595505
d5be761c-5945-408b-a5c5-0bd9607fe49b,0.2,0.03,0.04763497784733772
d5be761c-5945-408b-a5c5-0bd9607fe49b,0.2,0.08,0.06860623508691788
d5be761c-5945-408b-a5c5-0bd9607fe49b,0.2,0.13,0.08107871562242508
d5be761c-5945-408b-a5c5-0bd9607fe49b,0.2,0.18000000000000002,0.09382251650094986
d5be761c-5945-408b-a5c5-0bd9607fe49b,0.2,0.23,0.09519346803426743
d5be761c-5945-408b-a5c5-0bd9607fe49b,0.25,0.03,0.05145493522286415
d5be761c-5945-408b-a5c5-0bd9607fe49b,0.25,0.08,0.07314156740903854
d5be761c-5945-408b-a5c5-0bd9607fe49b,0.25,0.13,0.08859118819236755
d5be761c-5945-408b-a5c5-0bd9607fe49b,0.25,0.18000000000000002,0.0885167047381401
d5be761c-5945-408b-a5c5-0bd9607fe49b,0.25,0.23,0.08806362748146057
d5be761c-5945-408b-a5c5-0bd9607fe49b,0.30000000000000004,0.03,0.04753051698207855
d5be761c-5945-408b-a5c5-0bd9607fe49b,0.30000000000000004,0.08,0.0822143703699112
d5be761c-5945-408b-a5c5-0bd9607fe49b,0.30000000000000004,0.13,0.08041635155677795
d5be761c-5945-408b-a5c5-0bd9607fe49b,0.30000000000000004,0.18000000000000002,0.07384544610977173
d5be761c-5945-408b-a5c5-0bd9607fe49b,0.30000000000000004,0.23,0.07233308255672455
d65a2efa-301b-49b3-992b-9dbda311d8e8,0.0,0.03,0.05147486552596092
d65a2efa-301b-49b3-992b-9dbda311d8e8,0.0,0.08,0.06094367429614067
d65a2efa-301b-49b3-992b-9dbda311d8e8,0.0,0.13,0.06808063387870789
d65a2efa-301b-49b3-992b-9dbda311d8e8,0.0,0.18000000000000002,0.07172656059265137
d65a2efa-301b-49b3-992b-9dbda311d8e8,0.0,0.23,0.07269962131977081
d65a2efa-301b-49b3-992b-9dbda311d8e8,0.01,0.03,0.06363269686698914
d65a2efa-301b-49b3-992b-9dbda311d8e8,0.01,0.08,0.061993494629859924
d65a2efa-301b-49b3-992b-9dbda311d8e8,0.01,0.13,0.0658874437212944
d65a2efa-301b-49b3-992b-9dbda311d8e8,0.01,0.18000000000000002,0.07315652817487717
d65a2efa-301b-49b3-992b-9dbda311d8e8,0.01,0.23,0.07005715370178223
d65a2efa-301b-49b3-992b-9dbda311d8e8,0.02,0.03,0.05833146348595619
d65a2efa-301b-49b3-992b-9dbda311d8e8,0.02,0.08,0.06011233478784561
d65a2efa-301b-49b3-992b-9dbda311d8e8,0.02,0.13,0.06718149781227112
d65a2efa-301b-49b3-992b-9dbda311d8e8,0.02,0.18000000000000002,0.07003474235534668
d65a2efa-301b-49b3-992b-9dbda311d8e8,0.02,0.23,0.07024814933538437
d65a2efa-301b-49b3-992b-9dbda311d8e8,0.03,0.03,0.05411333590745926
d65a2efa-301b-49b3-992b-9dbda311d8e8,0.03,0.08,0.061417557299137115
d65a2efa-301b-49b3-992b-9dbda311d8e8,0.03,0.13,0.07192203402519226
d65a2efa-301b-49b3-992b-9dbda311d8e8,0.03,0.18000000000000002,0.07230894267559052
d65a2efa-301b-49b3-992b-9dbda311d8e8,0.03,0.23,0.07078017294406891
d65a2efa-301b-49b3-992b-9dbda311d8e8,0.04,0.03,0.05613808333873749
d65a2efa-301b-49b3-992b-9dbda311d8e8,0.04,0.08,0.06277958303689957
d65a2efa-301b-49b3-992b-9dbda311d8e8,0.05,0.03,0.04998388513922691
d65a2efa-301b-49b3-992b-9dbda311d8e8,0.05,0.08,0.05841415002942085
d65a2efa-301b-49b3-992b-9dbda311d8e8,0.05,0.13,0.06743646413087845
d65a2efa-301b-49b3-992b-9dbda311d8e8,0.05,0.18000000000000002,0.07091833651065826
d65a2efa-301b-49b3-992b-9dbda311d8e8,0.05,0.23,0.06849611550569534
d65a2efa-301b-49b3-992b-9dbda311d8e8,0.1,0.03,0.05395703762769699
d65a2efa-301b-49b3-992b-9dbda311d8e8,0.1,0.08,0.05763889104127884
d65a2efa-301b-49b3-992b-9dbda311d8e8,0.1,0.13,0.0613403245806694
d65a2efa-301b-49b3-992b-9dbda311d8e8,0.1,0.18000000000000002,0.05920257046818733
d65a2efa-301b-49b3-992b-9dbda311d8e8,0.1,0.23,0.06062932685017586
d65a2efa-301b-49b3-992b-9dbda311d8e8,0.15000000000000002,0.03,0.04363676905632019
d65a2efa-301b-49b3-992b-9dbda311d8e8,0.15000000000000002,0.08,0.05604852735996246
d65a2efa-301b-49b3-992b-9dbda311d8e8,0.15000000000000002,0.13,0.056738562881946564
d65a2efa-301b-49b3-992b-9dbda311d8e8,0.15000000000000002,0.18000000000000002,0.06175881624221802
d65a2efa-301b-49b3-992b-9dbda311d8e8,0.15000000000000002,0.23,0.0635947436094284
d65a2efa-301b-49b3-992b-9dbda311d8e8,0.2,0.03,0.047280408442020416
d65a2efa-301b-49b3-992b-9dbda311d8e8,0.2,0.08,0.06790334731340408
d65a2efa-301b-49b3-992b-9dbda311d8e8,0.2,0.13,0.0707254633307457
d65a2efa-301b-49b3-992b-9dbda311d8e8,0.2,0.18000000000000002,0.06673338264226913
d65a2efa-301b-49b3-992b-9dbda311d8e8,0.2,0.23,0.06908299773931503
d65a2efa-301b-49b3-992b-9dbda311d8e8,0.25,0.03,0.056635234504938126
d65a2efa-301b-49b3-992b-9dbda311d8e8,0.25,0.08,0.06271498650312424
d65a2efa-301b-49b3-992b-9dbda311d8e8,0.25,0.13,0.07179746776819229
d65a2efa-301b-49b3-992b-9dbda311d8e8,0.25,0.18000000000000002,0.07471722364425659
d65a2efa-301b-49b3-992b-9dbda311d8e8,0.25,0.23,0.07050101459026337
d65a2efa-301b-49b3-992b-9dbda311d8e8,0.30000000000000004,0.03,0.0562874861061573
d65a2efa-301b-49b3-992b-9dbda311d8e8,0.30000000000000004,0.08,0.06489826738834381
d65a2efa-301b-49b3-992b-9dbda311d8e8,0.30000000000000004,0.13,0.06833866238594055
d65a2efa-301b-49b3-992b-9dbda311d8e8,0.30000000000000004,0.18000000000000002,0.06610538810491562
d65a2efa-301b-49b3-992b-9dbda311d8e8,0.30000000000000004,0.23,0.06430283188819885
d66dbb0f-3689-4fe0-ab89-a5608e9c21ba,0.0,0.03,0.15145502984523773
d66dbb0f-3689-4fe0-ab89-a5608e9c21ba,0.0,0.08,0.19758817553520203
d66dbb0f-3689-4fe0-ab89-a5608e9c21ba,0.0,0.13,0.13345208764076233
d66dbb0f-3689-4fe0-ab89-a5608e9c21ba,0.0,0.18000000000000002,0.11617149412631989
d66dbb0f-3689-4fe0-ab89-a5608e9c21ba,0.0,0.23,0.10296256095170975
d66dbb0f-3689-4fe0-ab89-a5608e9c21ba,0.01,0.03,0.13445237278938293
d66dbb0f-3689-4fe0-ab89-a5608e9c21ba,0.01,0.08,0.17044241726398468
d66dbb0f-3689-4fe0-ab89-a5608e9c21ba,0.01,0.13,0.13150601089000702
d66dbb0f-3689-4fe0-ab89-a5608e9c21ba,0.01,0.18000000000000002,0.08832233399152756
d66dbb0f-3689-4fe0-ab89-a5608e9c21ba,0.01,0.23,0.0801287442445755
d66dbb0f-3689-4fe0-ab89-a5608e9c21ba,0.02,0.03,0.13850758969783783
d66dbb0f-3689-4fe0-ab89-a5608e9c21ba,0.02,0.08,0.15988636016845703
d66dbb0f-3689-4fe0-ab89-a5608e9c21ba,0.02,0.13,0.11169984191656113
d66dbb0f-3689-4fe0-ab89-a5608e9c21ba,0.02,0.18000000000000002,0.09309682250022888
d66dbb0f-3689-4fe0-ab89-a5608e9c21ba,0.02,0.23,0.08257175981998444
d66dbb0f-3689-4fe0-ab89-a5608e9c21ba,0.03,0.03,0.14835405349731445
d66dbb0f-3689-4fe0-ab89-a5608e9c21ba,0.03,0.08,0.14433833956718445
d66dbb0f-3689-4fe0-ab89-a5608e9c21ba,0.03,0.13,0.0974360927939415
d66dbb0f-3689-4fe0-ab89-a5608e9c21ba,0.03,0.18000000000000002,0.09334099292755127
d66dbb0f-3689-4fe0-ab89-a5608e9c21ba,0.03,0.23,0.0850507989525795
d66dbb0f-3689-4fe0-ab89-a5608e9c21ba,0.04,0.03,0.13927032053470612
d66dbb0f-3689-4fe0-ab89-a5608e9c21ba,0.04,0.08,0.12211088091135025
d66dbb0f-3689-4fe0-ab89-a5608e9c21ba,0.05,0.03,0.13050778210163116
d66dbb0f-3689-4fe0-ab89-a5608e9c21ba,0.05,0.08,0.12401729822158813
d66dbb0f-3689-4fe0-ab89-a5608e9c21ba,0.05,0.13,0.14669495820999146
d66dbb0f-3689-4fe0-ab89-a5608e9c21ba,0.05,0.18000000000000002,0.14444400370121002
d66dbb0f-3689-4fe0-ab89-a5608e9c21ba,0.05,0.23,0.1382095217704773
d66dbb0f-3689-4fe0-ab89-a5608e9c21ba,0.1,0.03,0.13787014782428741
d66dbb0f-3689-4fe0-ab89-a5608e9c21ba,0.1,0.08,0.1834813952445984
d66dbb0f-3689-4fe0-ab89-a5608e9c21ba,0.1,0.13,0.18032988905906677
d66dbb0f-3689-4fe0-ab89-a5608e9c21ba,0.1,0.18000000000000002,0.16949866712093353
d66dbb0f-3689-4fe0-ab89-a5608e9c21ba,0.1,0.23,0.16077010333538055
d66dbb0f-3689-4fe0-ab89-a5608e9c21ba,0.15000000000000002,0.03,0.13573211431503296
d66dbb0f-3689-4fe0-ab89-a5608e9c21ba,0.15000000000000002,0.08,0.1420019418001175
d66dbb0f-3689-4fe0-ab89-a5608e9c21ba,0.15000000000000002,0.13,0.13785506784915924
d66dbb0f-3689-4fe0-ab89-a5608e9c21ba,0.15000000000000002,0.18000000000000002,0.12942548096179962
d66dbb0f-3689-4fe0-ab89-a5608e9c21ba,0.15000000000000002,0.23,0.11348997801542282
d66dbb0f-3689-4fe0-ab89-a5608e9c21ba,0.2,0.03,0.07900501042604446
d66dbb0f-3689-4fe0-ab89-a5608e9c21ba,0.2,0.08,0.0917503833770752
d66dbb0f-3689-4fe0-ab89-a5608e9c21ba,0.2,0.13,0.089161217212677
d66dbb0f-3689-4fe0-ab89-a5608e9c21ba,0.2,0.18000000000000002,0.07888977974653244
d66dbb0f-3689-4fe0-ab89-a5608e9c21ba,0.2,0.23,0.07473299652338028
d66dbb0f-3689-4fe0-ab89-a5608e9c21ba,0.25,0.03,0.05948292091488838
d66dbb0f-3689-4fe0-ab89-a5608e9c21ba,0.25,0.08,0.07056006789207458
d66dbb0f-3689-4fe0-ab89-a5608e9c21ba,0.25,0.13,0.07773333042860031
d66dbb0f-3689-4fe0-ab89-a5608e9c21ba,0.25,0.18000000000000002,0.07020442187786102
d66dbb0f-3689-4fe0-ab89-a5608e9c21ba,0.25,0.23,0.061676401644945145
d66dbb0f-3689-4fe0-ab89-a5608e9c21ba,0.30000000000000004,0.03,0.06307755410671234
d66dbb0f-3689-4fe0-ab89-a5608e9c21ba,0.30000000000000004,0.08,0.06925278156995773
d66dbb0f-3689-4fe0-ab89-a5608e9c21ba,0.30000000000000004,0.13,0.06483633816242218
d66dbb0f-3689-4fe0-ab89-a5608e9c21ba,0.30000000000000004,0.18000000000000002,0.06761417537927628
d66dbb0f-3689-4fe0-ab89-a5608e9c21ba,0.30000000000000004,0.23,0.06417284160852432
d6a19850-4ea6-4225-856f-185482501cc5,0.0,0.03,0.045726459473371506
d6a19850-4ea6-4225-856f-185482501cc5,0.0,0.08,0.059660524129867554
d6a19850-4ea6-4225-856f-185482501cc5,0.0,0.13,0.06907334923744202
d6a19850-4ea6-4225-856f-185482501cc5,0.0,0.18000000000000002,0.06550207734107971
d6a19850-4ea6-4225-856f-185482501cc5,0.0,0.23,0.07466192543506622
d6a19850-4ea6-4225-856f-185482501cc5,0.01,0.03,0.05241231992840767
d6a19850-4ea6-4225-856f-185482501cc5,0.01,0.08,0.06418400257825851
d6a19850-4ea6-4225-856f-185482501cc5,0.01,0.13,0.06804168224334717
d6a19850-4ea6-4225-856f-185482501cc5,0.01,0.18000000000000002,0.06468896567821503
d6a19850-4ea6-4225-856f-185482501cc5,0.01,0.23,0.06891091167926788
d6a19850-4ea6-4225-856f-185482501cc5,0.02,0.03,0.05625440925359726
d6a19850-4ea6-4225-856f-185482501cc5,0.02,0.08,0.06592603027820587
d6a19850-4ea6-4225-856f-185482501cc5,0.02,0.13,0.06909992545843124
d6a19850-4ea6-4225-856f-185482501cc5,0.02,0.18000000000000002,0.06532444059848785
d6a19850-4ea6-4225-856f-185482501cc5,0.02,0.23,0.06811852753162384
d6a19850-4ea6-4225-856f-185482501cc5,0.03,0.03,0.054104033857584
d6a19850-4ea6-4225-856f-185482501cc5,0.03,0.08,0.06787194311618805
d6a19850-4ea6-4225-856f-185482501cc5,0.03,0.13,0.06764587014913559
d6a19850-4ea6-4225-856f-185482501cc5,0.03,0.18000000000000002,0.064605213701725
d6a19850-4ea6-4225-856f-185482501cc5,0.03,0.23,0.0658668801188469
d6a19850-4ea6-4225-856f-185482501cc5,0.04,0.03,0.05291539803147316
d6a19850-4ea6-4225-856f-185482501cc5,0.04,0.08,0.06425680965185165
d6a19850-4ea6-4225-856f-185482501cc5,0.05,0.03,0.05009246617555618
d6a19850-4ea6-4225-856f-185482501cc5,0.05,0.08,0.06491309404373169
d6a19850-4ea6-4225-856f-185482501cc5,0.05,0.13,0.06424184143543243
d6a19850-4ea6-4225-856f-185482501cc5,0.05,0.18000000000000002,0.07313735038042068
d6a19850-4ea6-4225-856f-185482501cc5,0.05,0.23,0.07377227395772934
d6a19850-4ea6-4225-856f-185482501cc5,0.1,0.03,0.05139182507991791
d6a19850-4ea6-4225-856f-185482501cc5,0.1,0.08,0.05822988227009773
d6a19850-4ea6-4225-856f-185482501cc5,0.1,0.13,0.06470820307731628
d6a19850-4ea6-4225-856f-185482501cc5,0.1,0.18000000000000002,0.07089019566774368
d6a19850-4ea6-4225-856f-185482501cc5,0.1,0.23,0.06581451743841171
d6a19850-4ea6-4225-856f-185482501cc5,0.15000000000000002,0.03,0.047770820558071136
d6a19850-4ea6-4225-856f-185482501cc5,0.15000000000000002,0.08,0.05975281074643135
d6a19850-4ea6-4225-856f-185482501cc5,0.15000000000000002,0.13,0.06246287003159523
d6a19850-4ea6-4225-856f-185482501cc5,0.15000000000000002,0.18000000000000002,0.059333935379981995
d6a19850-4ea6-4225-856f-185482501cc5,0.15000000000000002,0.23,0.06478624790906906
d6a19850-4ea6-4225-856f-185482501cc5,0.2,0.03,0.05312328040599823
d6a19850-4ea6-4225-856f-185482501cc5,0.2,0.08,0.06086082383990288
d6a19850-4ea6-4225-856f-185482501cc5,0.2,0.13,0.06369732320308685
d6a19850-4ea6-4225-856f-185482501cc5,0.2,0.18000000000000002,0.0656203106045723
d6a19850-4ea6-4225-856f-185482501cc5,0.2,0.23,0.06788314878940582
d6a19850-4ea6-4225-856f-185482501cc5,0.25,0.03,0.04802723973989487
d6a19850-4ea6-4225-856f-185482501cc5,0.25,0.08,0.05773289129137993
d6a19850-4ea6-4225-856f-185482501cc5,0.25,0.13,0.06394926458597183
d6a19850-4ea6-4225-856f-185482501cc5,0.25,0.18000000000000002,0.06497586518526077
d6a19850-4ea6-4225-856f-185482501cc5,0.25,0.23,0.06252765655517578
d6a19850-4ea6-4225-856f-185482501cc5,0.30000000000000004,0.03,0.04700884968042374
d6a19850-4ea6-4225-856f-185482501cc5,0.30000000000000004,0.08,0.061334528028964996
d6a19850-4ea6-4225-856f-185482501cc5,0.30000000000000004,0.13,0.059600673615932465
d6a19850-4ea6-4225-856f-185482501cc5,0.30000000000000004,0.18000000000000002,0.06307023018598557
d6a19850-4ea6-4225-856f-185482501cc5,0.30000000000000004,0.23,0.06034452095627785
d6b36987-440b-449d-a478-7371943c2a95,0.0,0.03,0.06183633580803871
d6b36987-440b-449d-a478-7371943c2a95,0.0,0.08,0.07766641676425934
d6b36987-440b-449d-a478-7371943c2a95,0.0,0.13,0.09321056306362152
d6b36987-440b-449d-a478-7371943c2a95,0.0,0.18000000000000002,0.0946418046951294
d6b36987-440b-449d-a478-7371943c2a95,0.0,0.23,0.10538208484649658
d6b36987-440b-449d-a478-7371943c2a95,0.01,0.03,0.05869597941637039
d6b36987-440b-449d-a478-7371943c2a95,0.01,0.08,0.08498937636613846
d6b36987-440b-449d-a478-7371943c2a95,0.01,0.13,0.0894748866558075
d6b36987-440b-449d-a478-7371943c2a95,0.01,0.18000000000000002,0.09697920083999634
d6b36987-440b-449d-a478-7371943c2a95,0.01,0.23,0.10925833880901337
d6b36987-440b-449d-a478-7371943c2a95,0.02,0.03,0.06500363349914551
d6b36987-440b-449d-a478-7371943c2a95,0.02,0.08,0.07788082957267761
d6b36987-440b-449d-a478-7371943c2a95,0.02,0.13,0.08953654766082764
d6b36987-440b-449d-a478-7371943c2a95,0.02,0.18000000000000002,0.09373695403337479
d6b36987-440b-449d-a478-7371943c2a95,0.02,0.23,0.11076653748750687
d6b36987-440b-449d-a478-7371943c2a95,0.03,0.03,0.06520741432905197
d6b36987-440b-449d-a478-7371943c2a95,0.03,0.08,0.07979157567024231
d6b36987-440b-449d-a478-7371943c2a95,0.03,0.13,0.09047150611877441
d6b36987-440b-449d-a478-7371943c2a95,0.03,0.18000000000000002,0.09408645331859589
d6b36987-440b-449d-a478-7371943c2a95,0.03,0.23,0.11003334075212479
d6b36987-440b-449d-a478-7371943c2a95,0.04,0.03,0.057333804666996
d6b36987-440b-449d-a478-7371943c2a95,0.04,0.08,0.0835716649889946
d6b36987-440b-449d-a478-7371943c2a95,0.05,0.03,0.06868311762809753
d6b36987-440b-449d-a478-7371943c2a95,0.05,0.08,0.07828564941883087
d6b36987-440b-449d-a478-7371943c2a95,0.05,0.13,0.09131339192390442
d6b36987-440b-449d-a478-7371943c2a95,0.05,0.18000000000000002,0.10440102964639664
d6b36987-440b-449d-a478-7371943c2a95,0.05,0.23,0.11331037431955338
d6b36987-440b-449d-a478-7371943c2a95,0.1,0.03,0.06577908992767334
d6b36987-440b-449d-a478-7371943c2a95,0.1,0.08,0.08545927703380585
d6b36987-440b-449d-a478-7371943c2a95,0.1,0.13,0.09720341861248016
d6b36987-440b-449d-a478-7371943c2a95,0.1,0.18000000000000002,0.10618718713521957
d6b36987-440b-449d-a478-7371943c2a95,0.1,0.23,0.10443508625030518
d6b36987-440b-449d-a478-7371943c2a95,0.15000000000000002,0.03,0.05589232221245766
d6b36987-440b-449d-a478-7371943c2a95,0.15000000000000002,0.08,0.07215919345617294
d6b36987-440b-449d-a478-7371943c2a95,0.15000000000000002,0.13,0.08529170602560043
d6b36987-440b-449d-a478-7371943c2a95,0.15000000000000002,0.18000000000000002,0.0901465117931366
d6b36987-440b-449d-a478-7371943c2a95,0.15000000000000002,0.23,0.08799603581428528
d6b36987-440b-449d-a478-7371943c2a95,0.2,0.03,0.05653747543692589
d6b36987-440b-449d-a478-7371943c2a95,0.2,0.08,0.08004394918680191
d6b36987-440b-449d-a478-7371943c2a95,0.2,0.13,0.08613833785057068
d6b36987-440b-449d-a478-7371943c2a95,0.2,0.18000000000000002,0.08255966752767563
d6b36987-440b-449d-a478-7371943c2a95,0.2,0.23,0.08514721691608429
d6b36987-440b-449d-a478-7371943c2a95,0.25,0.03,0.07027506828308105
d6b36987-440b-449d-a478-7371943c2a95,0.25,0.08,0.07353533804416656
d6b36987-440b-449d-a478-7371943c2a95,0.25,0.13,0.07986646145582199
d6b36987-440b-449d-a478-7371943c2a95,0.25,0.18000000000000002,0.09013161063194275
d6b36987-440b-449d-a478-7371943c2a95,0.25,0.23,0.09736648201942444
d6b36987-440b-449d-a478-7371943c2a95,0.30000000000000004,0.03,0.06998851150274277
d6b36987-440b-449d-a478-7371943c2a95,0.30000000000000004,0.08,0.08579516410827637
d6b36987-440b-449d-a478-7371943c2a95,0.30000000000000004,0.13,0.0968409925699234
d6b36987-440b-449d-a478-7371943c2a95,0.30000000000000004,0.18000000000000002,0.11510378122329712
d6b36987-440b-449d-a478-7371943c2a95,0.30000000000000004,0.23,0.1185140311717987
d6c97321-710d-4610-a514-9e1bec2f0d80,0.0,0.03,0.04877563565969467
d6c97321-710d-4610-a514-9e1bec2f0d80,0.0,0.08,0.05732353776693344
d6c97321-710d-4610-a514-9e1bec2f0d80,0.0,0.13,0.07919242233037949
d6c97321-710d-4610-a514-9e1bec2f0d80,0.0,0.18000000000000002,0.06698945164680481
d6c97321-710d-4610-a514-9e1bec2f0d80,0.0,0.23,0.07330401241779327
d6c97321-710d-4610-a514-9e1bec2f0d80,0.01,0.03,0.04602210968732834
d6c97321-710d-4610-a514-9e1bec2f0d80,0.01,0.08,0.058869585394859314
d6c97321-710d-4610-a514-9e1bec2f0d80,0.01,0.13,0.06958220899105072
d6c97321-710d-4610-a514-9e1bec2f0d80,0.01,0.18000000000000002,0.06808251142501831
d6c97321-710d-4610-a514-9e1bec2f0d80,0.01,0.23,0.07213253527879715
d6c97321-710d-4610-a514-9e1bec2f0d80,0.02,0.03,0.04746820032596588
d6c97321-710d-4610-a514-9e1bec2f0d80,0.02,0.08,0.06464433670043945
d6c97321-710d-4610-a514-9e1bec2f0d80,0.02,0.13,0.0695248618721962
d6c97321-710d-4610-a514-9e1bec2f0d80,0.02,0.18000000000000002,0.0730912834405899
d6c97321-710d-4610-a514-9e1bec2f0d80,0.02,0.23,0.07279819995164871
d6c97321-710d-4610-a514-9e1bec2f0d80,0.03,0.03,0.04386196658015251
d6c97321-710d-4610-a514-9e1bec2f0d80,0.03,0.08,0.06321841478347778
d6c97321-710d-4610-a514-9e1bec2f0d80,0.03,0.13,0.06844989955425262
d6c97321-710d-4610-a514-9e1bec2f0d80,0.03,0.18000000000000002,0.06786492466926575
d6c97321-710d-4610-a514-9e1bec2f0d80,0.03,0.23,0.07084856927394867
d6c97321-710d-4610-a514-9e1bec2f0d80,0.04,0.03,0.05412454530596733
d6c97321-710d-4610-a514-9e1bec2f0d80,0.04,0.08,0.06577743589878082
d6c97321-710d-4610-a514-9e1bec2f0d80,0.05,0.03,0.04722585901618004
d6c97321-710d-4610-a514-9e1bec2f0d80,0.05,0.08,0.07197301089763641
d6c97321-710d-4610-a514-9e1bec2f0d80,0.05,0.13,0.06530608981847763
d6c97321-710d-4610-a514-9e1bec2f0d80,0.05,0.18000000000000002,0.07158827781677246
d6c97321-710d-4610-a514-9e1bec2f0d80,0.05,0.23,0.06615804880857468
d6c97321-710d-4610-a514-9e1bec2f0d80,0.1,0.03,0.04695948585867882
d6c97321-710d-4610-a514-9e1bec2f0d80,0.1,0.08,0.05886552855372429
d6c97321-710d-4610-a514-9e1bec2f0d80,0.1,0.13,0.06405510008335114
d6c97321-710d-4610-a514-9e1bec2f0d80,0.1,0.18000000000000002,0.06357388198375702
d6c97321-710d-4610-a514-9e1bec2f0d80,0.1,0.23,0.06343858689069748
d6c97321-710d-4610-a514-9e1bec2f0d80,0.15000000000000002,0.03,0.04811268672347069
d6c97321-710d-4610-a514-9e1bec2f0d80,0.15000000000000002,0.08,0.059165339916944504
d6c97321-710d-4610-a514-9e1bec2f0d80,0.15000000000000002,0.13,0.06351704150438309
d6c97321-710d-4610-a514-9e1bec2f0d80,0.15000000000000002,0.18000000000000002,0.0617971196770668
d6c97321-710d-4610-a514-9e1bec2f0d80,0.15000000000000002,0.23,0.06792429834604263
d6c97321-710d-4610-a514-9e1bec2f0d80,0.2,0.03,0.04625840485095978
d6c97321-710d-4610-a514-9e1bec2f0d80,0.2,0.08,0.05712517723441124
d6c97321-710d-4610-a514-9e1bec2f0d80,0.2,0.13,0.06421226263046265
d6c97321-710d-4610-a514-9e1bec2f0d80,0.2,0.18000000000000002,0.06936029344797134
d6c97321-710d-4610-a514-9e1bec2f0d80,0.2,0.23,0.07413145899772644
d6c97321-710d-4610-a514-9e1bec2f0d80,0.25,0.03,0.0645812600851059
d6c97321-710d-4610-a514-9e1bec2f0d80,0.25,0.08,0.053205471485853195
d6c97321-710d-4610-a514-9e1bec2f0d80,0.25,0.13,0.0730147659778595
d6c97321-710d-4610-a514-9e1bec2f0d80,0.25,0.18000000000000002,0.07599464058876038
d6c97321-710d-4610-a514-9e1bec2f0d80,0.25,0.23,0.0722367912530899
d6c97321-710d-4610-a514-9e1bec2f0d80,0.30000000000000004,0.03,0.050096239894628525
d6c97321-710d-4610-a514-9e1bec2f0d80,0.30000000000000004,0.08,0.06941060721874237
d6c97321-710d-4610-a514-9e1bec2f0d80,0.30000000000000004,0.13,0.07274564355611801
d6c97321-710d-4610-a514-9e1bec2f0d80,0.30000000000000004,0.18000000000000002,0.07213033735752106
d6c97321-710d-4610-a514-9e1bec2f0d80,0.30000000000000004,0.23,0.07279961556196213
d748aa10-275a-400d-b894-ce6caf3c74a5,0.0,0.03,0.14972180128097534
d748aa10-275a-400d-b894-ce6caf3c74a5,0.0,0.08,0.23228634893894196
d748aa10-275a-400d-b894-ce6caf3c74a5,0.0,0.13,0.27223634719848633
d748aa10-275a-400d-b894-ce6caf3c74a5,0.0,0.18000000000000002,0.27630093693733215
d748aa10-275a-400d-b894-ce6caf3c74a5,0.0,0.23,0.2639404535293579
d748aa10-275a-400d-b894-ce6caf3c74a5,0.01,0.03,0.15019084513187408
d748aa10-275a-400d-b894-ce6caf3c74a5,0.01,0.08,0.20893032848834991
d748aa10-275a-400d-b894-ce6caf3c74a5,0.01,0.13,0.23535996675491333
d748aa10-275a-400d-b894-ce6caf3c74a5,0.01,0.18000000000000002,0.23118501901626587
d748aa10-275a-400d-b894-ce6caf3c74a5,0.01,0.23,0.21936285495758057
d748aa10-275a-400d-b894-ce6caf3c74a5,0.02,0.03,0.16408509016036987
d748aa10-275a-400d-b894-ce6caf3c74a5,0.02,0.08,0.22295188903808594
d748aa10-275a-400d-b894-ce6caf3c74a5,0.02,0.13,0.2366529405117035
d748aa10-275a-400d-b894-ce6caf3c74a5,0.02,0.18000000000000002,0.2286854237318039
d748aa10-275a-400d-b894-ce6caf3c74a5,0.02,0.23,0.2140398621559143
d748aa10-275a-400d-b894-ce6caf3c74a5,0.03,0.03,0.1770038902759552
d748aa10-275a-400d-b894-ce6caf3c74a5,0.03,0.08,0.22821006178855896
d748aa10-275a-400d-b894-ce6caf3c74a5,0.03,0.13,0.23483452200889587
d748aa10-275a-400d-b894-ce6caf3c74a5,0.03,0.18000000000000002,0.22349710762500763
d748aa10-275a-400d-b894-ce6caf3c74a5,0.03,0.23,0.2094215601682663
d748aa10-275a-400d-b894-ce6caf3c74a5,0.04,0.03,0.19212323427200317
d748aa10-275a-400d-b894-ce6caf3c74a5,0.04,0.08,0.23151399195194244
d748aa10-275a-400d-b894-ce6caf3c74a5,0.05,0.03,0.2286965698003769
d748aa10-275a-400d-b894-ce6caf3c74a5,0.05,0.08,0.2717946469783783
d748aa10-275a-400d-b894-ce6caf3c74a5,0.05,0.13,0.2652831971645355
d748aa10-275a-400d-b894-ce6caf3c74a5,0.05,0.18000000000000002,0.24788899719715118
d748aa10-275a-400d-b894-ce6caf3c74a5,0.05,0.23,0.2305980920791626
d748aa10-275a-400d-b894-ce6caf3c74a5,0.1,0.03,0.21593640744686127
d748aa10-275a-400d-b894-ce6caf3c74a5,0.1,0.08,0.21754513680934906
d748aa10-275a-400d-b894-ce6caf3c74a5,0.1,0.13,0.1988074630498886
d748aa10-275a-400d-b894-ce6caf3c74a5,0.1,0.18000000000000002,0.18294799327850342
d748aa10-275a-400d-b894-ce6caf3c74a5,0.1,0.23,0.17083857953548431
d748aa10-275a-400d-b894-ce6caf3c74a5,0.15000000000000002,0.03,0.1402675211429596
d748aa10-275a-400d-b894-ce6caf3c74a5,0.15000000000000002,0.08,0.1398075371980667
d748aa10-275a-400d-b894-ce6caf3c74a5,0.15000000000000002,0.13,0.1306130290031433
d748aa10-275a-400d-b894-ce6caf3c74a5,0.15000000000000002,0.18000000000000002,0.12457876652479172
d748aa10-275a-400d-b894-ce6caf3c74a5,0.15000000000000002,0.23,0.11274585127830505
d748aa10-275a-400d-b894-ce6caf3c74a5,0.2,0.03,0.09507065266370773
d748aa10-275a-400d-b894-ce6caf3c74a5,0.2,0.08,0.09673865884542465
d748aa10-275a-400d-b894-ce6caf3c74a5,0.2,0.13,0.09453511238098145
d748aa10-275a-400d-b894-ce6caf3c74a5,0.2,0.18000000000000002,0.08534909784793854
d748aa10-275a-400d-b894-ce6caf3c74a5,0.2,0.23,0.07758127897977829
d748aa10-275a-400d-b894-ce6caf3c74a5,0.25,0.03,0.06450515985488892
d748aa10-275a-400d-b894-ce6caf3c74a5,0.25,0.08,0.07290387898683548
d748aa10-275a-400d-b894-ce6caf3c74a5,0.25,0.13,0.07253093272447586
d748aa10-275a-400d-b894-ce6caf3c74a5,0.25,0.18000000000000002,0.06756141781806946
d748aa10-275a-400d-b894-ce6caf3c74a5,0.25,0.23,0.06690660119056702
d748aa10-275a-400d-b894-ce6caf3c74a5,0.30000000000000004,0.03,0.06330520659685135
d748aa10-275a-400d-b894-ce6caf3c74a5,0.30000000000000004,0.08,0.06755808740854263
d748aa10-275a-400d-b894-ce6caf3c74a5,0.30000000000000004,0.13,0.06584761291742325
d748aa10-275a-400d-b894-ce6caf3c74a5,0.30000000000000004,0.18000000000000002,0.07185880839824677
d748aa10-275a-400d-b894-ce6caf3c74a5,0.30000000000000004,0.23,0.07018931955099106
d93051ad-f0fa-4c44-a6de-3658052be709,0.0,0.03,0.21691490709781647
d93051ad-f0fa-4c44-a6de-3658052be709,0.0,0.08,0.32539212703704834
d93051ad-f0fa-4c44-a6de-3658052be709,0.0,0.13,0.294956237077713
d93051ad-f0fa-4c44-a6de-3658052be709,0.0,0.18000000000000002,0.24998818337917328
d93051ad-f0fa-4c44-a6de-3658052be709,0.0,0.23,0.2169003188610077
d93051ad-f0fa-4c44-a6de-3658052be709,0.01,0.03,0.19809989631175995
d93051ad-f0fa-4c44-a6de-3658052be709,0.01,0.08,0.27102190256118774
d93051ad-f0fa-4c44-a6de-3658052be709,0.01,0.13,0.23003041744232178
d93051ad-f0fa-4c44-a6de-3658052be709,0.01,0.18000000000000002,0.1936708688735962
d93051ad-f0fa-4c44-a6de-3658052be709,0.01,0.23,0.1669202446937561
d93051ad-f0fa-4c44-a6de-3658052be709,0.02,0.03,0.2162383645772934
d93051ad-f0fa-4c44-a6de-3658052be709,0.02,0.08,0.24864263832569122
d93051ad-f0fa-4c44-a6de-3658052be709,0.02,0.13,0.20716451108455658
d93051ad-f0fa-4c44-a6de-3658052be709,0.02,0.18000000000000002,0.1717737764120102
d93051ad-f0fa-4c44-a6de-3658052be709,0.02,0.23,0.1517040878534317
d93051ad-f0fa-4c44-a6de-3658052be709,0.03,0.03,0.2058028280735016
d93051ad-f0fa-4c44-a6de-3658052be709,0.03,0.08,0.2174123078584671
d93051ad-f0fa-4c44-a6de-3658052be709,0.03,0.13,0.18032605946063995
d93051ad-f0fa-4c44-a6de-3658052be709,0.03,0.18000000000000002,0.1520017385482788
d93051ad-f0fa-4c44-a6de-3658052be709,0.03,0.23,0.13321040570735931
d93051ad-f0fa-4c44-a6de-3658052be709,0.04,0.03,0.17973832786083221
d93051ad-f0fa-4c44-a6de-3658052be709,0.04,0.08,0.19164113700389862
d93051ad-f0fa-4c44-a6de-3658052be709,0.05,0.03,0.1787007451057434
d93051ad-f0fa-4c44-a6de-3658052be709,0.05,0.08,0.18966178596019745
d93051ad-f0fa-4c44-a6de-3658052be709,0.05,0.13,0.1585792899131775
d93051ad-f0fa-4c44-a6de-3658052be709,0.05,0.18000000000000002,0.13588833808898926
d93051ad-f0fa-4c44-a6de-3658052be709,0.05,0.23,0.12284161150455475
d93051ad-f0fa-4c44-a6de-3658052be709,0.1,0.03,0.07109707593917847
d93051ad-f0fa-4c44-a6de-3658052be709,0.1,0.08,0.08139369636774063
d93051ad-f0fa-4c44-a6de-3658052be709,0.1,0.13,0.07505639642477036
d93051ad-f0fa-4c44-a6de-3658052be709,0.1,0.18000000000000002,0.07404253631830215
d93051ad-f0fa-4c44-a6de-3658052be709,0.1,0.23,0.07474112510681152
d93051ad-f0fa-4c44-a6de-3658052be709,0.15000000000000002,0.03,0.05110656097531319
d93051ad-f0fa-4c44-a6de-3658052be709,0.15000000000000002,0.08,0.06704267859458923
d93051ad-f0fa-4c44-a6de-3658052be709,0.15000000000000002,0.13,0.0753047838807106
d93051ad-f0fa-4c44-a6de-3658052be709,0.15000000000000002,0.18000000000000002,0.07400398701429367
d93051ad-f0fa-4c44-a6de-3658052be709,0.15000000000000002,0.23,0.06726565212011337
d93051ad-f0fa-4c44-a6de-3658052be709,0.2,0.03,0.0565289668738842
d93051ad-f0fa-4c44-a6de-3658052be709,0.2,0.08,0.06895440816879272
d93051ad-f0fa-4c44-a6de-3658052be709,0.2,0.13,0.06684169918298721
d93051ad-f0fa-4c44-a6de-3658052be709,0.2,0.18000000000000002,0.06250029802322388
d93051ad-f0fa-4c44-a6de-3658052be709,0.2,0.23,0.06203221157193184
d93051ad-f0fa-4c44-a6de-3658052be709,0.25,0.03,0.05092920362949371
d93051ad-f0fa-4c44-a6de-3658052be709,0.25,0.08,0.05964016169309616
d93051ad-f0fa-4c44-a6de-3658052be709,0.25,0.13,0.05948523059487343
d93051ad-f0fa-4c44-a6de-3658052be709,0.25,0.18000000000000002,0.06243567913770676
d93051ad-f0fa-4c44-a6de-3658052be709,0.25,0.23,0.06394600123167038
d93051ad-f0fa-4c44-a6de-3658052be709,0.30000000000000004,0.03,0.04667437821626663
d93051ad-f0fa-4c44-a6de-3658052be709,0.30000000000000004,0.08,0.05323560908436775
d93051ad-f0fa-4c44-a6de-3658052be709,0.30000000000000004,0.13,0.06522729992866516
d93051ad-f0fa-4c44-a6de-3658052be709,0.30000000000000004,0.18000000000000002,0.059289559721946716
d93051ad-f0fa-4c44-a6de-3658052be709,0.30000000000000004,0.23,0.06751217693090439
d9672f20-72fe-4a6b-bc34-91cf5af885e8,0.0,0.03,0.05356373265385628
d9672f20-72fe-4a6b-bc34-91cf5af885e8,0.0,0.08,0.09635761380195618
d9672f20-72fe-4a6b-bc34-91cf5af885e8,0.0,0.13,0.11675846576690674
d9672f20-72fe-4a6b-bc34-91cf5af885e8,0.0,0.18000000000000002,0.10542129725217819
d9672f20-72fe-4a6b-bc34-91cf5af885e8,0.0,0.23,0.09299581497907639
d9672f20-72fe-4a6b-bc34-91cf5af885e8,0.01,0.03,0.05710862576961517
d9672f20-72fe-4a6b-bc34-91cf5af885e8,0.01,0.08,0.08776292204856873
d9672f20-72fe-4a6b-bc34-91cf5af885e8,0.01,0.13,0.10208006948232651
d9672f20-72fe-4a6b-bc34-91cf5af885e8,0.01,0.18000000000000002,0.09652009606361389
d9672f20-72fe-4a6b-bc34-91cf5af885e8,0.01,0.23,0.08884339779615402
d9672f20-72fe-4a6b-bc34-91cf5af885e8,0.02,0.03,0.05784500017762184
d9672f20-72fe-4a6b-bc34-91cf5af885e8,0.02,0.08,0.09325018525123596
d9672f20-72fe-4a6b-bc34-91cf5af885e8,0.02,0.13,0.10005450993776321
d9672f20-72fe-4a6b-bc34-91cf5af885e8,0.02,0.18000000000000002,0.09421402961015701
d9672f20-72fe-4a6b-bc34-91cf5af885e8,0.02,0.23,0.08619467169046402
d9672f20-72fe-4a6b-bc34-91cf5af885e8,0.03,0.03,0.06316860765218735
d9672f20-72fe-4a6b-bc34-91cf5af885e8,0.03,0.08,0.09847447276115417
d9672f20-72fe-4a6b-bc34-91cf5af885e8,0.03,0.13,0.10225128382444382
d9672f20-72fe-4a6b-bc34-91cf5af885e8,0.03,0.18000000000000002,0.0892951637506485
d9672f20-72fe-4a6b-bc34-91cf5af885e8,0.03,0.23,0.08623857796192169
d9672f20-72fe-4a6b-bc34-91cf5af885e8,0.04,0.03,0.06975239515304565
d9672f20-72fe-4a6b-bc34-91cf5af885e8,0.04,0.08,0.1024695411324501
d9672f20-72fe-4a6b-bc34-91cf5af885e8,0.05,0.03,0.0890752300620079
d9672f20-72fe-4a6b-bc34-91cf5af885e8,0.05,0.08,0.11664541065692902
d9672f20-72fe-4a6b-bc34-91cf5af885e8,0.05,0.13,0.09965509921312332
d9672f20-72fe-4a6b-bc34-91cf5af885e8,0.05,0.18000000000000002,0.08428457379341125
d9672f20-72fe-4a6b-bc34-91cf5af885e8,0.05,0.23,0.07740570604801178
d9672f20-72fe-4a6b-bc34-91cf5af885e8,0.1,0.03,0.06751590222120285
d9672f20-72fe-4a6b-bc34-91cf5af885e8,0.1,0.08,0.07186654955148697
d9672f20-72fe-4a6b-bc34-91cf5af885e8,0.1,0.13,0.0746317133307457
d9672f20-72fe-4a6b-bc34-91cf5af885e8,0.1,0.18000000000000002,0.07208710163831711
d9672f20-72fe-4a6b-bc34-91cf5af885e8,0.1,0.23,0.07335236668586731
d9672f20-72fe-4a6b-bc34-91cf5af885e8,0.15000000000000002,0.03,0.05317724496126175
d9672f20-72fe-4a6b-bc34-91cf5af885e8,0.15000000000000002,0.08,0.07018764317035675
d9672f20-72fe-4a6b-bc34-91cf5af885e8,0.15000000000000002,0.13,0.07497141510248184
d9672f20-72fe-4a6b-bc34-91cf5af885e8,0.15000000000000002,0.18000000000000002,0.07128441333770752
d9672f20-72fe-4a6b-bc34-91cf5af885e8,0.15000000000000002,0.23,0.0699206218123436
d9672f20-72fe-4a6b-bc34-91cf5af885e8,0.2,0.03,0.057032641023397446
d9672f20-72fe-4a6b-bc34-91cf5af885e8,0.2,0.08,0.06680361926555634
d9672f20-72fe-4a6b-bc34-91cf5af885e8,0.2,0.13,0.06783459335565567
d9672f20-72fe-4a6b-bc34-91cf5af885e8,0.2,0.18000000000000002,0.06502851098775864
d9672f20-72fe-4a6b-bc34-91cf5af885e8,0.2,0.23,0.06957703828811646
d9672f20-72fe-4a6b-bc34-91cf5af885e8,0.25,0.03,0.05258459225296974
d9672f20-72fe-4a6b-bc34-91cf5af885e8,0.25,0.08,0.0608755424618721
d9672f20-72fe-4a6b-bc34-91cf5af885e8,0.25,0.13,0.058630917221307755
d9672f20-72fe-4a6b-bc34-91cf5af885e8,0.25,0.18000000000000002,0.06582388281822205
d9672f20-72fe-4a6b-bc34-91cf5af885e8,0.25,0.23,0.06493993103504181
d9672f20-72fe-4a6b-bc34-91cf5af885e8,0.30000000000000004,0.03,0.05305810645222664
d9672f20-72fe-4a6b-bc34-91cf5af885e8,0.30000000000000004,0.08,0.06146065518260002
d9672f20-72fe-4a6b-bc34-91cf5af885e8,0.30000000000000004,0.13,0.06007498502731323
d9672f20-72fe-4a6b-bc34-91cf5af885e8,0.30000000000000004,0.18000000000000002,0.0626833364367485
d9672f20-72fe-4a6b-bc34-91cf5af885e8,0.30000000000000004,0.23,0.06774794310331345
d998cbbc-c250-47d4-8dbc-339671a7e59e,0.0,0.03,0.0
d998cbbc-c250-47d4-8dbc-339671a7e59e,0.0,0.08,0.0
d998cbbc-c250-47d4-8dbc-339671a7e59e,0.0,0.13,0.0
d998cbbc-c250-47d4-8dbc-339671a7e59e,0.0,0.18000000000000002,0.0
d998cbbc-c250-47d4-8dbc-339671a7e59e,0.0,0.23,0.0
d998cbbc-c250-47d4-8dbc-339671a7e59e,0.01,0.03,0.0
d998cbbc-c250-47d4-8dbc-339671a7e59e,0.01,0.08,0.0
d998cbbc-c250-47d4-8dbc-339671a7e59e,0.01,0.13,0.0
d998cbbc-c250-47d4-8dbc-339671a7e59e,0.01,0.18000000000000002,0.0
d998cbbc-c250-47d4-8dbc-339671a7e59e,0.01,0.23,0.0
d998cbbc-c250-47d4-8dbc-339671a7e59e,0.02,0.03,0.0
d998cbbc-c250-47d4-8dbc-339671a7e59e,0.02,0.08,0.0
d998cbbc-c250-47d4-8dbc-339671a7e59e,0.02,0.13,0.0
d998cbbc-c250-47d4-8dbc-339671a7e59e,0.02,0.18000000000000002,0.0
d998cbbc-c250-47d4-8dbc-339671a7e59e,0.02,0.23,0.0
d998cbbc-c250-47d4-8dbc-339671a7e59e,0.03,0.03,0.0
d998cbbc-c250-47d4-8dbc-339671a7e59e,0.03,0.08,0.0
d998cbbc-c250-47d4-8dbc-339671a7e59e,0.03,0.13,0.0
d998cbbc-c250-47d4-8dbc-339671a7e59e,0.03,0.18000000000000002,0.0
d998cbbc-c250-47d4-8dbc-339671a7e59e,0.03,0.23,0.0
d998cbbc-c250-47d4-8dbc-339671a7e59e,0.04,0.03,0.0
d998cbbc-c250-47d4-8dbc-339671a7e59e,0.04,0.08,0.0
d998cbbc-c250-47d4-8dbc-339671a7e59e,0.05,0.03,0.0
d998cbbc-c250-47d4-8dbc-339671a7e59e,0.05,0.08,0.0
d998cbbc-c250-47d4-8dbc-339671a7e59e,0.05,0.13,0.0
d998cbbc-c250-47d4-8dbc-339671a7e59e,0.05,0.18000000000000002,0.0
d998cbbc-c250-47d4-8dbc-339671a7e59e,0.05,0.23,0.0
d998cbbc-c250-47d4-8dbc-339671a7e59e,0.1,0.03,0.0
d998cbbc-c250-47d4-8dbc-339671a7e59e,0.1,0.08,0.0
d998cbbc-c250-47d4-8dbc-339671a7e59e,0.1,0.13,0.0
d998cbbc-c250-47d4-8dbc-339671a7e59e,0.1,0.18000000000000002,0.0
d998cbbc-c250-47d4-8dbc-339671a7e59e,0.1,0.23,0.0
d998cbbc-c250-47d4-8dbc-339671a7e59e,0.15000000000000002,0.03,0.0
d998cbbc-c250-47d4-8dbc-339671a7e59e,0.15000000000000002,0.08,0.0
d998cbbc-c250-47d4-8dbc-339671a7e59e,0.15000000000000002,0.13,0.0
d998cbbc-c250-47d4-8dbc-339671a7e59e,0.15000000000000002,0.18000000000000002,0.0
d998cbbc-c250-47d4-8dbc-339671a7e59e,0.15000000000000002,0.23,0.0
d998cbbc-c250-47d4-8dbc-339671a7e59e,0.2,0.03,0.0
d998cbbc-c250-47d4-8dbc-339671a7e59e,0.2,0.08,0.0
d998cbbc-c250-47d4-8dbc-339671a7e59e,0.2,0.13,0.0
d998cbbc-c250-47d4-8dbc-339671a7e59e,0.2,0.18000000000000002,0.0
d998cbbc-c250-47d4-8dbc-339671a7e59e,0.2,0.23,0.0
d998cbbc-c250-47d4-8dbc-339671a7e59e,0.25,0.03,0.0
d998cbbc-c250-47d4-8dbc-339671a7e59e,0.25,0.08,0.0
d998cbbc-c250-47d4-8dbc-339671a7e59e,0.25,0.13,0.0
d998cbbc-c250-47d4-8dbc-339671a7e59e,0.25,0.18000000000000002,0.0
d998cbbc-c250-47d4-8dbc-339671a7e59e,0.25,0.23,0.0
d998cbbc-c250-47d4-8dbc-339671a7e59e,0.30000000000000004,0.03,0.0
d998cbbc-c250-47d4-8dbc-339671a7e59e,0.30000000000000004,0.08,0.0
d998cbbc-c250-47d4-8dbc-339671a7e59e,0.30000000000000004,0.13,0.0
d998cbbc-c250-47d4-8dbc-339671a7e59e,0.30000000000000004,0.18000000000000002,0.0
d998cbbc-c250-47d4-8dbc-339671a7e59e,0.30000000000000004,0.23,0.0
d99e8006-c47b-4677-bf7d-62005bf962c2,0.0,0.03,0.050338566303253174
d99e8006-c47b-4677-bf7d-62005bf962c2,0.0,0.08,0.056681446731090546
d99e8006-c47b-4677-bf7d-62005bf962c2,0.0,0.13,0.05768611654639244
d99e8006-c47b-4677-bf7d-62005bf962c2,0.0,0.18000000000000002,0.06331820040941238
d99e8006-c47b-4677-bf7d-62005bf962c2,0.0,0.23,0.0797414481639862
d99e8006-c47b-4677-bf7d-62005bf962c2,0.01,0.03,0.04925785958766937
d99e8006-c47b-4677-bf7d-62005bf962c2,0.01,0.08,0.055411260575056076
d99e8006-c47b-4677-bf7d-62005bf962c2,0.01,0.13,0.061552587896585464
d99e8006-c47b-4677-bf7d-62005bf962c2,0.01,0.18000000000000002,0.07454214990139008
d99e8006-c47b-4677-bf7d-62005bf962c2,0.01,0.23,0.08612565696239471
d99e8006-c47b-4677-bf7d-62005bf962c2,0.02,0.03,0.04712545499205589
d99e8006-c47b-4677-bf7d-62005bf962c2,0.02,0.08,0.054579365998506546
d99e8006-c47b-4677-bf7d-62005bf962c2,0.02,0.13,0.05832462012767792
d99e8006-c47b-4677-bf7d-62005bf962c2,0.02,0.18000000000000002,0.07244141399860382
d99e8006-c47b-4677-bf7d-62005bf962c2,0.02,0.23,0.08294070512056351
d99e8006-c47b-4677-bf7d-62005bf962c2,0.03,0.03,0.04926842078566551
d99e8006-c47b-4677-bf7d-62005bf962c2,0.03,0.08,0.0537751279771328
d99e8006-c47b-4677-bf7d-62005bf962c2,0.03,0.13,0.05891118943691254
d99e8006-c47b-4677-bf7d-62005bf962c2,0.03,0.18000000000000002,0.07733194530010223
d99e8006-c47b-4677-bf7d-62005bf962c2,0.03,0.23,0.08643711358308792
d99e8006-c47b-4677-bf7d-62005bf962c2,0.04,0.03,0.04371033236384392
d99e8006-c47b-4677-bf7d-62005bf962c2,0.04,0.08,0.05549323931336403
d99e8006-c47b-4677-bf7d-62005bf962c2,0.05,0.03,0.04688684642314911
d99e8006-c47b-4677-bf7d-62005bf962c2,0.05,0.08,0.05694662407040596
d99e8006-c47b-4677-bf7d-62005bf962c2,0.05,0.13,0.06109122931957245
d99e8006-c47b-4677-bf7d-62005bf962c2,0.05,0.18000000000000002,0.08435888588428497
d99e8006-c47b-4677-bf7d-62005bf962c2,0.05,0.23,0.08861315995454788
d99e8006-c47b-4677-bf7d-62005bf962c2,0.1,0.03,0.05641568824648857
d99e8006-c47b-4677-bf7d-62005bf962c2,0.1,0.08,0.06590665131807327
d99e8006-c47b-4677-bf7d-62005bf962c2,0.1,0.13,0.0912884920835495
d99e8006-c47b-4677-bf7d-62005bf962c2,0.1,0.18000000000000002,0.09233472496271133
d99e8006-c47b-4677-bf7d-62005bf962c2,0.1,0.23,0.09314203262329102
d99e8006-c47b-4677-bf7d-62005bf962c2,0.15000000000000002,0.03,0.05332629010081291
d99e8006-c47b-4677-bf7d-62005bf962c2,0.15000000000000002,0.08,0.08237890154123306
d99e8006-c47b-4677-bf7d-62005bf962c2,0.15000000000000002,0.13,0.08256613463163376
d99e8006-c47b-4677-bf7d-62005bf962c2,0.15000000000000002,0.18000000000000002,0.08347152173519135
d99e8006-c47b-4677-bf7d-62005bf962c2,0.15000000000000002,0.23,0.08498698472976685
d99e8006-c47b-4677-bf7d-62005bf962c2,0.2,0.03,0.05247541144490242
d99e8006-c47b-4677-bf7d-62005bf962c2,0.2,0.08,0.05820188298821449
d99e8006-c47b-4677-bf7d-62005bf962c2,0.2,0.13,0.06184931844472885
d99e8006-c47b-4677-bf7d-62005bf962c2,0.2,0.18000000000000002,0.060640860348939896
d99e8006-c47b-4677-bf7d-62005bf962c2,0.2,0.23,0.062442753463983536
d99e8006-c47b-4677-bf7d-62005bf962c2,0.25,0.03,0.0518496111035347
d99e8006-c47b-4677-bf7d-62005bf962c2,0.25,0.08,0.05612417310476303
d99e8006-c47b-4677-bf7d-62005bf962c2,0.25,0.13,0.057571861892938614
d99e8006-c47b-4677-bf7d-62005bf962c2,0.25,0.18000000000000002,0.05884450301527977
d99e8006-c47b-4677-bf7d-62005bf962c2,0.25,0.23,0.06309916079044342
d99e8006-c47b-4677-bf7d-62005bf962c2,0.30000000000000004,0.03,0.052629467099905014
d99e8006-c47b-4677-bf7d-62005bf962c2,0.30000000000000004,0.08,0.05764682963490486
d99e8006-c47b-4677-bf7d-62005bf962c2,0.30000000000000004,0.13,0.06296353042125702
d99e8006-c47b-4677-bf7d-62005bf962c2,0.30000000000000004,0.18000000000000002,0.06200245022773743
d99e8006-c47b-4677-bf7d-62005bf962c2,0.30000000000000004,0.23,0.06443183869123459
da7584e9-4a92-4676-b9ed-19236192666e,0.0,0.03,0.08999469131231308
da7584e9-4a92-4676-b9ed-19236192666e,0.0,0.08,0.16111993789672852
da7584e9-4a92-4676-b9ed-19236192666e,0.0,0.13,0.18315553665161133
da7584e9-4a92-4676-b9ed-19236192666e,0.0,0.18000000000000002,0.17170488834381104
da7584e9-4a92-4676-b9ed-19236192666e,0.0,0.23,0.15970973670482635
da7584e9-4a92-4676-b9ed-19236192666e,0.01,0.03,0.10226676613092422
da7584e9-4a92-4676-b9ed-19236192666e,0.01,0.08,0.1707334965467453
da7584e9-4a92-4676-b9ed-19236192666e,0.01,0.13,0.18442021310329437
da7584e9-4a92-4676-b9ed-19236192666e,0.01,0.18000000000000002,0.1652194857597351
da7584e9-4a92-4676-b9ed-19236192666e,0.01,0.23,0.15361542999744415
da7584e9-4a92-4676-b9ed-19236192666e,0.02,0.03,0.12539201974868774
da7584e9-4a92-4676-b9ed-19236192666e,0.02,0.08,0.18535242974758148
da7584e9-4a92-4676-b9ed-19236192666e,0.02,0.13,0.18250037729740143
da7584e9-4a92-4676-b9ed-19236192666e,0.02,0.18000000000000002,0.16313917934894562
da7584e9-4a92-4676-b9ed-19236192666e,0.02,0.23,0.14958876371383667
da7584e9-4a92-4676-b9ed-19236192666e,0.03,0.03,0.1470922976732254
da7584e9-4a92-4676-b9ed-19236192666e,0.03,0.08,0.19727657735347748
da7584e9-4a92-4676-b9ed-19236192666e,0.03,0.13,0.18307407200336456
da7584e9-4a92-4676-b9ed-19236192666e,0.03,0.18000000000000002,0.16193459928035736
da7584e9-4a92-4676-b9ed-19236192666e,0.03,0.23,0.1472320854663849
da7584e9-4a92-4676-b9ed-19236192666e,0.04,0.03,0.15175291895866394
da7584e9-4a92-4676-b9ed-19236192666e,0.04,0.08,0.18860092759132385
da7584e9-4a92-4676-b9ed-19236192666e,0.05,0.03,0.14827078580856323
da7584e9-4a92-4676-b9ed-19236192666e,0.05,0.08,0.18048211932182312
da7584e9-4a92-4676-b9ed-19236192666e,0.05,0.13,0.16190281510353088
da7584e9-4a92-4676-b9ed-19236192666e,0.05,0.18000000000000002,0.14514383673667908
da7584e9-4a92-4676-b9ed-19236192666e,0.05,0.23,0.1329362541437149
da7584e9-4a92-4676-b9ed-19236192666e,0.1,0.03,0.11455011367797852
da7584e9-4a92-4676-b9ed-19236192666e,0.1,0.08,0.10864239186048508
da7584e9-4a92-4676-b9ed-19236192666e,0.1,0.13,0.10050060600042343
da7584e9-4a92-4676-b9ed-19236192666e,0.1,0.18000000000000002,0.09251968562602997
da7584e9-4a92-4676-b9ed-19236192666e,0.1,0.23,0.08828786015510559
da7584e9-4a92-4676-b9ed-19236192666e,0.15000000000000002,0.03,0.060196653008461
da7584e9-4a92-4676-b9ed-19236192666e,0.15000000000000002,0.08,0.06915713846683502
da7584e9-4a92-4676-b9ed-19236192666e,0.15000000000000002,0.13,0.07061441987752914
da7584e9-4a92-4676-b9ed-19236192666e,0.15000000000000002,0.18000000000000002,0.06986241042613983
da7584e9-4a92-4676-b9ed-19236192666e,0.15000000000000002,0.23,0.06907691806554794
da7584e9-4a92-4676-b9ed-19236192666e,0.2,0.03,0.053392402827739716
da7584e9-4a92-4676-b9ed-19236192666e,0.2,0.08,0.06066037341952324
da7584e9-4a92-4676-b9ed-19236192666e,0.2,0.13,0.06215721741318703
da7584e9-4a92-4676-b9ed-19236192666e,0.2,0.18000000000000002,0.06913044303655624
da7584e9-4a92-4676-b9ed-19236192666e,0.2,0.23,0.07125719636678696
da7584e9-4a92-4676-b9ed-19236192666e,0.25,0.03,0.05048951134085655
da7584e9-4a92-4676-b9ed-19236192666e,0.25,0.08,0.057650040835142136
da7584e9-4a92-4676-b9ed-19236192666e,0.25,0.13,0.06612416356801987
da7584e9-4a92-4676-b9ed-19236192666e,0.25,0.18000000000000002,0.06933782249689102
da7584e9-4a92-4676-b9ed-19236192666e,0.25,0.23,0.07639490067958832
da7584e9-4a92-4676-b9ed-19236192666e,0.30000000000000004,0.03,0.0530061200261116
da7584e9-4a92-4676-b9ed-19236192666e,0.30000000000000004,0.08,0.0688568726181984
da7584e9-4a92-4676-b9ed-19236192666e,0.30000000000000004,0.13,0.06999273598194122
da7584e9-4a92-4676-b9ed-19236192666e,0.30000000000000004,0.18000000000000002,0.07558436691761017
da7584e9-4a92-4676-b9ed-19236192666e,0.30000000000000004,0.23,0.07744277268648148
dc52644a-4b67-4da2-801d-94406fd08395,0.0,0.03,0.050230756402015686
dc52644a-4b67-4da2-801d-94406fd08395,0.0,0.08,0.06899678707122803
dc52644a-4b67-4da2-801d-94406fd08395,0.0,0.13,0.07024446129798889
dc52644a-4b67-4da2-801d-94406fd08395,0.0,0.18000000000000002,0.06641426682472229
dc52644a-4b67-4da2-801d-94406fd08395,0.0,0.23,0.06182445213198662
dc52644a-4b67-4da2-801d-94406fd08395,0.01,0.03,0.05131140351295471
dc52644a-4b67-4da2-801d-94406fd08395,0.01,0.08,0.06250393390655518
dc52644a-4b67-4da2-801d-94406fd08395,0.01,0.13,0.06335193663835526
dc52644a-4b67-4da2-801d-94406fd08395,0.01,0.18000000000000002,0.06592122465372086
dc52644a-4b67-4da2-801d-94406fd08395,0.01,0.23,0.06556866317987442
dc52644a-4b67-4da2-801d-94406fd08395,0.02,0.03,0.047519389539957047
dc52644a-4b67-4da2-801d-94406fd08395,0.02,0.08,0.061523836106061935
dc52644a-4b67-4da2-801d-94406fd08395,0.02,0.13,0.061876364052295685
dc52644a-4b67-4da2-801d-94406fd08395,0.02,0.18000000000000002,0.067140132188797
dc52644a-4b67-4da2-801d-94406fd08395,0.02,0.23,0.06403831392526627
dc52644a-4b67-4da2-801d-94406fd08395,0.03,0.03,0.045414574444293976
dc52644a-4b67-4da2-801d-94406fd08395,0.03,0.08,0.05893877148628235
dc52644a-4b67-4da2-801d-94406fd08395,0.03,0.13,0.06374005973339081
dc52644a-4b67-4da2-801d-94406fd08395,0.03,0.18000000000000002,0.06866122782230377
dc52644a-4b67-4da2-801d-94406fd08395,0.03,0.23,0.06348294764757156
dc52644a-4b67-4da2-801d-94406fd08395,0.04,0.03,0.05105423554778099
dc52644a-4b67-4da2-801d-94406fd08395,0.04,0.08,0.05713234469294548
dc52644a-4b67-4da2-801d-94406fd08395,0.05,0.03,0.05736956745386124
dc52644a-4b67-4da2-801d-94406fd08395,0.05,0.08,0.05819513648748398
dc52644a-4b67-4da2-801d-94406fd08395,0.05,0.13,0.06358872354030609
dc52644a-4b67-4da2-801d-94406fd08395,0.05,0.18000000000000002,0.062592051923275
dc52644a-4b67-4da2-801d-94406fd08395,0.05,0.23,0.059282585978507996
dc52644a-4b67-4da2-801d-94406fd08395,0.1,0.03,0.05208078399300575
dc52644a-4b67-4da2-801d-94406fd08395,0.1,0.08,0.06021013483405113
dc52644a-4b67-4da2-801d-94406fd08395,0.1,0.13,0.05947308614850044
dc52644a-4b67-4da2-801d-94406fd08395,0.1,0.18000000000000002,0.058939337730407715
dc52644a-4b67-4da2-801d-94406fd08395,0.1,0.23,0.05703650042414665
dc52644a-4b67-4da2-801d-94406fd08395,0.15000000000000002,0.03,0.046165745705366135
dc52644a-4b67-4da2-801d-94406fd08395,0.15000000000000002,0.08,0.054349154233932495
dc52644a-4b67-4da2-801d-94406fd08395,0.15000000000000002,0.13,0.05742699280381203
dc52644a-4b67-4da2-801d-94406fd08395,0.15000000000000002,0.18000000000000002,0.05921560525894165
dc52644a-4b67-4da2-801d-94406fd08395,0.15000000000000002,0.23,0.06200164929032326
dc52644a-4b67-4da2-801d-94406fd08395,0.2,0.03,0.05142120644450188
dc52644a-4b67-4da2-801d-94406fd08395,0.2,0.08,0.06422741711139679
dc52644a-4b67-4da2-801d-94406fd08395,0.2,0.13,0.0582866407930851
dc52644a-4b67-4da2-801d-94406fd08395,0.2,0.18000000000000002,0.05862287059426308
dc52644a-4b67-4da2-801d-94406fd08395,0.2,0.23,0.05985406041145325
dc52644a-4b67-4da2-801d-94406fd08395,0.25,0.03,0.04582596197724342
dc52644a-4b67-4da2-801d-94406fd08395,0.25,0.08,0.05332208424806595
dc52644a-4b67-4da2-801d-94406fd08395,0.25,0.13,0.06022761017084122
dc52644a-4b67-4da2-801d-94406fd08395,0.25,0.18000000000000002,0.06168132275342941
dc52644a-4b67-4da2-801d-94406fd08395,0.25,0.23,0.06441296637058258
dc52644a-4b67-4da2-801d-94406fd08395,0.30000000000000004,0.03,0.043574653565883636
dc52644a-4b67-4da2-801d-94406fd08395,0.30000000000000004,0.08,0.056254301220178604
dc52644a-4b67-4da2-801d-94406fd08395,0.30000000000000004,0.13,0.061299070715904236
dc52644a-4b67-4da2-801d-94406fd08395,0.30000000000000004,0.18000000000000002,0.06208532303571701
dc52644a-4b67-4da2-801d-94406fd08395,0.30000000000000004,0.23,0.06131763756275177
dc92a3ac-0cf3-493e-b606-c005d02cb9f6,0.0,0.03,0.052751727402210236
dc92a3ac-0cf3-493e-b606-c005d02cb9f6,0.0,0.08,0.05530979111790657
dc92a3ac-0cf3-493e-b606-c005d02cb9f6,0.0,0.13,0.07273855060338974
dc92a3ac-0cf3-493e-b606-c005d02cb9f6,0.0,0.18000000000000002,0.07177885621786118
dc92a3ac-0cf3-493e-b606-c005d02cb9f6,0.0,0.23,0.06504562497138977
dc92a3ac-0cf3-493e-b606-c005d02cb9f6,0.01,0.03,0.049509964883327484
dc92a3ac-0cf3-493e-b606-c005d02cb9f6,0.01,0.08,0.06627151370048523
dc92a3ac-0cf3-493e-b606-c005d02cb9f6,0.01,0.13,0.0754130631685257
dc92a3ac-0cf3-493e-b606-c005d02cb9f6,0.01,0.18000000000000002,0.07189956307411194
dc92a3ac-0cf3-493e-b606-c005d02cb9f6,0.01,0.23,0.07011120766401291
dc92a3ac-0cf3-493e-b606-c005d02cb9f6,0.02,0.03,0.0490945503115654
dc92a3ac-0cf3-493e-b606-c005d02cb9f6,0.02,0.08,0.06202957034111023
dc92a3ac-0cf3-493e-b606-c005d02cb9f6,0.02,0.13,0.07075650244951248
dc92a3ac-0cf3-493e-b606-c005d02cb9f6,0.02,0.18000000000000002,0.0688256174325943
dc92a3ac-0cf3-493e-b606-c005d02cb9f6,0.02,0.23,0.07045885175466537
dc92a3ac-0cf3-493e-b606-c005d02cb9f6,0.03,0.03,0.050670523196458817
dc92a3ac-0cf3-493e-b606-c005d02cb9f6,0.03,0.08,0.054712746292352676
dc92a3ac-0cf3-493e-b606-c005d02cb9f6,0.03,0.13,0.06662707030773163
dc92a3ac-0cf3-493e-b606-c005d02cb9f6,0.03,0.18000000000000002,0.06672578305006027
dc92a3ac-0cf3-493e-b606-c005d02cb9f6,0.03,0.23,0.06704537570476532
dc92a3ac-0cf3-493e-b606-c005d02cb9f6,0.04,0.03,0.047971148043870926
dc92a3ac-0cf3-493e-b606-c005d02cb9f6,0.04,0.08,0.0631754919886589
dc92a3ac-0cf3-493e-b606-c005d02cb9f6,0.05,0.03,0.04925557225942612
dc92a3ac-0cf3-493e-b606-c005d02cb9f6,0.05,0.08,0.0596567764878273
dc92a3ac-0cf3-493e-b606-c005d02cb9f6,0.05,0.13,0.06383823603391647
dc92a3ac-0cf3-493e-b606-c005d02cb9f6,0.05,0.18000000000000002,0.06801050901412964
dc92a3ac-0cf3-493e-b606-c005d02cb9f6,0.05,0.23,0.06739728897809982
dc92a3ac-0cf3-493e-b606-c005d02cb9f6,0.1,0.03,0.048784006386995316
dc92a3ac-0cf3-493e-b606-c005d02cb9f6,0.1,0.08,0.0558222159743309
dc92a3ac-0cf3-493e-b606-c005d02cb9f6,0.1,0.13,0.06058210879564285
dc92a3ac-0cf3-493e-b606-c005d02cb9f6,0.1,0.18000000000000002,0.06334567815065384
dc92a3ac-0cf3-493e-b606-c005d02cb9f6,0.1,0.23,0.06703800708055496
dc92a3ac-0cf3-493e-b606-c005d02cb9f6,0.15000000000000002,0.03,0.04381059482693672
dc92a3ac-0cf3-493e-b606-c005d02cb9f6,0.15000000000000002,0.08,0.05324326828122139
dc92a3ac-0cf3-493e-b606-c005d02cb9f6,0.15000000000000002,0.13,0.058333057910203934
dc92a3ac-0cf3-493e-b606-c005d02cb9f6,0.15000000000000002,0.18000000000000002,0.0669432207942009
dc92a3ac-0cf3-493e-b606-c005d02cb9f6,0.15000000000000002,0.23,0.07601989805698395
dc92a3ac-0cf3-493e-b606-c005d02cb9f6,0.2,0.03,0.04525846242904663
dc92a3ac-0cf3-493e-b606-c005d02cb9f6,0.2,0.08,0.05859941989183426
dc92a3ac-0cf3-493e-b606-c005d02cb9f6,0.2,0.13,0.07100746780633926
dc92a3ac-0cf3-493e-b606-c005d02cb9f6,0.2,0.18000000000000002,0.08014879375696182
dc92a3ac-0cf3-493e-b606-c005d02cb9f6,0.2,0.23,0.08092674612998962
dc92a3ac-0cf3-493e-b606-c005d02cb9f6,0.25,0.03,0.0545392669737339
dc92a3ac-0cf3-493e-b606-c005d02cb9f6,0.25,0.08,0.07211513072252274
dc92a3ac-0cf3-493e-b606-c005d02cb9f6,0.25,0.13,0.0698762834072113
dc92a3ac-0cf3-493e-b606-c005d02cb9f6,0.25,0.18000000000000002,0.0777568519115448
dc92a3ac-0cf3-493e-b606-c005d02cb9f6,0.25,0.23,0.08802495151758194
dc92a3ac-0cf3-493e-b606-c005d02cb9f6,0.30000000000000004,0.03,0.05002192035317421
dc92a3ac-0cf3-493e-b606-c005d02cb9f6,0.30000000000000004,0.08,0.07042206078767776
dc92a3ac-0cf3-493e-b606-c005d02cb9f6,0.30000000000000004,0.13,0.07478412985801697
dc92a3ac-0cf3-493e-b606-c005d02cb9f6,0.30000000000000004,0.18000000000000002,0.09053714573383331
dc92a3ac-0cf3-493e-b606-c005d02cb9f6,0.30000000000000004,0.23,0.08474399149417877
dd00dfcf-f1b6-42a9-9642-a61ead5348af,0.0,0.03,0.05167094245553017
dd00dfcf-f1b6-42a9-9642-a61ead5348af,0.0,0.08,0.06357411295175552
dd00dfcf-f1b6-42a9-9642-a61ead5348af,0.0,0.13,0.06842170655727386
dd00dfcf-f1b6-42a9-9642-a61ead5348af,0.0,0.18000000000000002,0.06387557834386826
dd00dfcf-f1b6-42a9-9642-a61ead5348af,0.0,0.23,0.06393851339817047
dd00dfcf-f1b6-42a9-9642-a61ead5348af,0.01,0.03,0.053301744163036346
dd00dfcf-f1b6-42a9-9642-a61ead5348af,0.01,0.08,0.0665058046579361
dd00dfcf-f1b6-42a9-9642-a61ead5348af,0.01,0.13,0.07250421494245529
dd00dfcf-f1b6-42a9-9642-a61ead5348af,0.01,0.18000000000000002,0.06649022549390793
dd00dfcf-f1b6-42a9-9642-a61ead5348af,0.01,0.23,0.06232282891869545
dd00dfcf-f1b6-42a9-9642-a61ead5348af,0.02,0.03,0.04861324653029442
dd00dfcf-f1b6-42a9-9642-a61ead5348af,0.02,0.08,0.06463517248630524
dd00dfcf-f1b6-42a9-9642-a61ead5348af,0.02,0.13,0.0700330138206482
dd00dfcf-f1b6-42a9-9642-a61ead5348af,0.02,0.18000000000000002,0.06464046984910965
dd00dfcf-f1b6-42a9-9642-a61ead5348af,0.02,0.23,0.06081719323992729
dd00dfcf-f1b6-42a9-9642-a61ead5348af,0.03,0.03,0.050660572946071625
dd00dfcf-f1b6-42a9-9642-a61ead5348af,0.03,0.08,0.07387697696685791
dd00dfcf-f1b6-42a9-9642-a61ead5348af,0.03,0.13,0.0709979236125946
dd00dfcf-f1b6-42a9-9642-a61ead5348af,0.03,0.18000000000000002,0.06794718652963638
dd00dfcf-f1b6-42a9-9642-a61ead5348af,0.03,0.23,0.0651451125741005
dd00dfcf-f1b6-42a9-9642-a61ead5348af,0.04,0.03,0.048041217029094696
dd00dfcf-f1b6-42a9-9642-a61ead5348af,0.04,0.08,0.06600219756364822
dd00dfcf-f1b6-42a9-9642-a61ead5348af,0.05,0.03,0.05088207125663757
dd00dfcf-f1b6-42a9-9642-a61ead5348af,0.05,0.08,0.06233860179781914
dd00dfcf-f1b6-42a9-9642-a61ead5348af,0.05,0.13,0.061950959265232086
dd00dfcf-f1b6-42a9-9642-a61ead5348af,0.05,0.18000000000000002,0.061111968010663986
dd00dfcf-f1b6-42a9-9642-a61ead5348af,0.05,0.23,0.05996740981936455
dd00dfcf-f1b6-42a9-9642-a61ead5348af,0.1,0.03,0.04782227426767349
dd00dfcf-f1b6-42a9-9642-a61ead5348af,0.1,0.08,0.05276744067668915
dd00dfcf-f1b6-42a9-9642-a61ead5348af,0.1,0.13,0.05872300639748573
dd00dfcf-f1b6-42a9-9642-a61ead5348af,0.1,0.18000000000000002,0.056451503187417984
dd00dfcf-f1b6-42a9-9642-a61ead5348af,0.1,0.23,0.059470366686582565
dd00dfcf-f1b6-42a9-9642-a61ead5348af,0.15000000000000002,0.03,0.047332827001810074
dd00dfcf-f1b6-42a9-9642-a61ead5348af,0.15000000000000002,0.08,0.0528813861310482
dd00dfcf-f1b6-42a9-9642-a61ead5348af,0.15000000000000002,0.13,0.05951521173119545
dd00dfcf-f1b6-42a9-9642-a61ead5348af,0.15000000000000002,0.18000000000000002,0.059199120849370956
dd00dfcf-f1b6-42a9-9642-a61ead5348af,0.15000000000000002,0.23,0.06009051576256752
dd00dfcf-f1b6-42a9-9642-a61ead5348af,0.2,0.03,0.05005009099841118
dd00dfcf-f1b6-42a9-9642-a61ead5348af,0.2,0.08,0.05599599704146385
dd00dfcf-f1b6-42a9-9642-a61ead5348af,0.2,0.13,0.057456981390714645
dd00dfcf-f1b6-42a9-9642-a61ead5348af,0.2,0.18000000000000002,0.055193942040205
dd00dfcf-f1b6-42a9-9642-a61ead5348af,0.2,0.23,0.06269275397062302
dd00dfcf-f1b6-42a9-9642-a61ead5348af,0.25,0.03,0.0476028136909008
dd00dfcf-f1b6-42a9-9642-a61ead5348af,0.25,0.08,0.05401289835572243
dd00dfcf-f1b6-42a9-9642-a61ead5348af,0.25,0.13,0.059099871665239334
dd00dfcf-f1b6-42a9-9642-a61ead5348af,0.25,0.18000000000000002,0.0633419007062912
dd00dfcf-f1b6-42a9-9642-a61ead5348af,0.25,0.23,0.0630025789141655
dd00dfcf-f1b6-42a9-9642-a61ead5348af,0.30000000000000004,0.03,0.05665729567408562
dd00dfcf-f1b6-42a9-9642-a61ead5348af,0.30000000000000004,0.08,0.06239105388522148
dd00dfcf-f1b6-42a9-9642-a61ead5348af,0.30000000000000004,0.13,0.06293438374996185
dd00dfcf-f1b6-42a9-9642-a61ead5348af,0.30000000000000004,0.18000000000000002,0.0612083300948143
dd00dfcf-f1b6-42a9-9642-a61ead5348af,0.30000000000000004,0.23,0.06376555562019348
dd7c6759-041f-4f23-87c6-465028b12d93,0.0,0.03,0.0
dd7c6759-041f-4f23-87c6-465028b12d93,0.0,0.08,0.0
dd7c6759-041f-4f23-87c6-465028b12d93,0.0,0.13,0.0
dd7c6759-041f-4f23-87c6-465028b12d93,0.0,0.18000000000000002,0.0
dd7c6759-041f-4f23-87c6-465028b12d93,0.0,0.23,0.0
dd7c6759-041f-4f23-87c6-465028b12d93,0.01,0.03,0.0
dd7c6759-041f-4f23-87c6-465028b12d93,0.01,0.08,0.0
dd7c6759-041f-4f23-87c6-465028b12d93,0.01,0.13,0.0
dd7c6759-041f-4f23-87c6-465028b12d93,0.01,0.18000000000000002,0.0
dd7c6759-041f-4f23-87c6-465028b12d93,0.01,0.23,0.0
dd7c6759-041f-4f23-87c6-465028b12d93,0.02,0.03,0.0
dd7c6759-041f-4f23-87c6-465028b12d93,0.02,0.08,0.0
dd7c6759-041f-4f23-87c6-465028b12d93,0.02,0.13,0.0
dd7c6759-041f-4f23-87c6-465028b12d93,0.02,0.18000000000000002,0.0
dd7c6759-041f-4f23-87c6-465028b12d93,0.02,0.23,0.0
dd7c6759-041f-4f23-87c6-465028b12d93,0.03,0.03,0.0
dd7c6759-041f-4f23-87c6-465028b12d93,0.03,0.08,0.0
dd7c6759-041f-4f23-87c6-465028b12d93,0.03,0.13,0.0
dd7c6759-041f-4f23-87c6-465028b12d93,0.03,0.18000000000000002,0.0
dd7c6759-041f-4f23-87c6-465028b12d93,0.03,0.23,0.0
dd7c6759-041f-4f23-87c6-465028b12d93,0.04,0.03,0.0
dd7c6759-041f-4f23-87c6-465028b12d93,0.04,0.08,0.0
dd7c6759-041f-4f23-87c6-465028b12d93,0.05,0.03,0.0
dd7c6759-041f-4f23-87c6-465028b12d93,0.05,0.08,0.0
dd7c6759-041f-4f23-87c6-465028b12d93,0.05,0.13,0.0
dd7c6759-041f-4f23-87c6-465028b12d93,0.05,0.18000000000000002,0.0
dd7c6759-041f-4f23-87c6-465028b12d93,0.05,0.23,0.0
dd7c6759-041f-4f23-87c6-465028b12d93,0.1,0.03,0.0
dd7c6759-041f-4f23-87c6-465028b12d93,0.1,0.08,0.0
dd7c6759-041f-4f23-87c6-465028b12d93,0.1,0.13,0.0
dd7c6759-041f-4f23-87c6-465028b12d93,0.1,0.18000000000000002,0.0
dd7c6759-041f-4f23-87c6-465028b12d93,0.1,0.23,0.0
dd7c6759-041f-4f23-87c6-465028b12d93,0.15000000000000002,0.03,0.0
dd7c6759-041f-4f23-87c6-465028b12d93,0.15000000000000002,0.08,0.0
dd7c6759-041f-4f23-87c6-465028b12d93,0.15000000000000002,0.13,0.0
dd7c6759-041f-4f23-87c6-465028b12d93,0.15000000000000002,0.18000000000000002,0.0
dd7c6759-041f-4f23-87c6-465028b12d93,0.15000000000000002,0.23,0.0
dd7c6759-041f-4f23-87c6-465028b12d93,0.2,0.03,0.0
dd7c6759-041f-4f23-87c6-465028b12d93,0.2,0.08,0.0
dd7c6759-041f-4f23-87c6-465028b12d93,0.2,0.13,0.0
dd7c6759-041f-4f23-87c6-465028b12d93,0.2,0.18000000000000002,0.0
dd7c6759-041f-4f23-87c6-465028b12d93,0.2,0.23,0.0
dd7c6759-041f-4f23-87c6-465028b12d93,0.25,0.03,0.0
dd7c6759-041f-4f23-87c6-465028b12d93,0.25,0.08,0.0
dd7c6759-041f-4f23-87c6-465028b12d93,0.25,0.13,0.0
dd7c6759-041f-4f23-87c6-465028b12d93,0.25,0.18000000000000002,0.0
dd7c6759-041f-4f23-87c6-465028b12d93,0.25,0.23,0.0
dd7c6759-041f-4f23-87c6-465028b12d93,0.30000000000000004,0.03,0.0
dd7c6759-041f-4f23-87c6-465028b12d93,0.30000000000000004,0.08,0.0
dd7c6759-041f-4f23-87c6-465028b12d93,0.30000000000000004,0.13,0.0
dd7c6759-041f-4f23-87c6-465028b12d93,0.30000000000000004,0.18000000000000002,0.0
dd7c6759-041f-4f23-87c6-465028b12d93,0.30000000000000004,0.23,0.0
ddbb9ef0-54ef-41e3-a17f-fdef53e39bd0,0.0,0.03,0.054047390818595886
ddbb9ef0-54ef-41e3-a17f-fdef53e39bd0,0.0,0.08,0.06504863500595093
ddbb9ef0-54ef-41e3-a17f-fdef53e39bd0,0.0,0.13,0.08055095374584198
ddbb9ef0-54ef-41e3-a17f-fdef53e39bd0,0.0,0.18000000000000002,0.08548656105995178
ddbb9ef0-54ef-41e3-a17f-fdef53e39bd0,0.0,0.23,0.08786927908658981
ddbb9ef0-54ef-41e3-a17f-fdef53e39bd0,0.01,0.03,0.0495293065905571
ddbb9ef0-54ef-41e3-a17f-fdef53e39bd0,0.01,0.08,0.06732119619846344
ddbb9ef0-54ef-41e3-a17f-fdef53e39bd0,0.01,0.13,0.08058800548315048
ddbb9ef0-54ef-41e3-a17f-fdef53e39bd0,0.01,0.18000000000000002,0.08360791206359863
ddbb9ef0-54ef-41e3-a17f-fdef53e39bd0,0.01,0.23,0.08473920077085495
ddbb9ef0-54ef-41e3-a17f-fdef53e39bd0,0.02,0.03,0.05169499292969704
ddbb9ef0-54ef-41e3-a17f-fdef53e39bd0,0.02,0.08,0.07141999900341034
ddbb9ef0-54ef-41e3-a17f-fdef53e39bd0,0.02,0.13,0.08197487145662308
ddbb9ef0-54ef-41e3-a17f-fdef53e39bd0,0.02,0.18000000000000002,0.08575332909822464
ddbb9ef0-54ef-41e3-a17f-fdef53e39bd0,0.02,0.23,0.08480857312679291
ddbb9ef0-54ef-41e3-a17f-fdef53e39bd0,0.03,0.03,0.04654860123991966
ddbb9ef0-54ef-41e3-a17f-fdef53e39bd0,0.03,0.08,0.07306588441133499
ddbb9ef0-54ef-41e3-a17f-fdef53e39bd0,0.03,0.13,0.07980472594499588
ddbb9ef0-54ef-41e3-a17f-fdef53e39bd0,0.03,0.18000000000000002,0.08336366713047028
ddbb9ef0-54ef-41e3-a17f-fdef53e39bd0,0.03,0.23,0.08160624653100967
ddbb9ef0-54ef-41e3-a17f-fdef53e39bd0,0.04,0.03,0.05471765622496605
ddbb9ef0-54ef-41e3-a17f-fdef53e39bd0,0.04,0.08,0.07006252557039261
ddbb9ef0-54ef-41e3-a17f-fdef53e39bd0,0.05,0.03,0.057616934180259705
ddbb9ef0-54ef-41e3-a17f-fdef53e39bd0,0.05,0.08,0.08159715682268143
ddbb9ef0-54ef-41e3-a17f-fdef53e39bd0,0.05,0.13,0.08703641593456268
ddbb9ef0-54ef-41e3-a17f-fdef53e39bd0,0.05,0.18000000000000002,0.08858070522546768
ddbb9ef0-54ef-41e3-a17f-fdef53e39bd0,0.05,0.23,0.08538010716438293
ddbb9ef0-54ef-41e3-a17f-fdef53e39bd0,0.1,0.03,0.05914933979511261
ddbb9ef0-54ef-41e3-a17f-fdef53e39bd0,0.1,0.08,0.07428742200136185
ddbb9ef0-54ef-41e3-a17f-fdef53e39bd0,0.1,0.13,0.07841663807630539
ddbb9ef0-54ef-41e3-a17f-fdef53e39bd0,0.1,0.18000000000000002,0.07557548582553864
ddbb9ef0-54ef-41e3-a17f-fdef53e39bd0,0.1,0.23,0.0759226605296135
ddbb9ef0-54ef-41e3-a17f-fdef53e39bd0,0.15000000000000002,0.03,0.053619008511304855
ddbb9ef0-54ef-41e3-a17f-fdef53e39bd0,0.15000000000000002,0.08,0.06956548988819122
ddbb9ef0-54ef-41e3-a17f-fdef53e39bd0,0.15000000000000002,0.13,0.07032951712608337
ddbb9ef0-54ef-41e3-a17f-fdef53e39bd0,0.15000000000000002,0.18000000000000002,0.07079523056745529
ddbb9ef0-54ef-41e3-a17f-fdef53e39bd0,0.15000000000000002,0.23,0.0724572241306305
ddbb9ef0-54ef-41e3-a17f-fdef53e39bd0,0.2,0.03,0.05202999711036682
ddbb9ef0-54ef-41e3-a17f-fdef53e39bd0,0.2,0.08,0.06047220900654793
ddbb9ef0-54ef-41e3-a17f-fdef53e39bd0,0.2,0.13,0.06116408482193947
ddbb9ef0-54ef-41e3-a17f-fdef53e39bd0,0.2,0.18000000000000002,0.06987141817808151
ddbb9ef0-54ef-41e3-a17f-fdef53e39bd0,0.2,0.23,0.07680505514144897
ddbb9ef0-54ef-41e3-a17f-fdef53e39bd0,0.25,0.03,0.051029954105615616
ddbb9ef0-54ef-41e3-a17f-fdef53e39bd0,0.25,0.08,0.06143629923462868
ddbb9ef0-54ef-41e3-a17f-fdef53e39bd0,0.25,0.13,0.0759158656001091
ddbb9ef0-54ef-41e3-a17f-fdef53e39bd0,0.25,0.18000000000000002,0.0813279002904892
ddbb9ef0-54ef-41e3-a17f-fdef53e39bd0,0.25,0.23,0.08465380221605301
ddbb9ef0-54ef-41e3-a17f-fdef53e39bd0,0.30000000000000004,0.03,0.054637327790260315
ddbb9ef0-54ef-41e3-a17f-fdef53e39bd0,0.30000000000000004,0.08,0.0775032714009285
ddbb9ef0-54ef-41e3-a17f-fdef53e39bd0,0.30000000000000004,0.13,0.08113376796245575
ddbb9ef0-54ef-41e3-a17f-fdef53e39bd0,0.30000000000000004,0.18000000000000002,0.08391840755939484
ddbb9ef0-54ef-41e3-a17f-fdef53e39bd0,0.30000000000000004,0.23,0.07611525058746338
ddf69fdd-0912-4b1a-9a83-77561159e059,0.0,0.03,0.04814276471734047
ddf69fdd-0912-4b1a-9a83-77561159e059,0.0,0.08,0.06015799939632416
ddf69fdd-0912-4b1a-9a83-77561159e059,0.0,0.13,0.06987357139587402
ddf69fdd-0912-4b1a-9a83-77561159e059,0.0,0.18000000000000002,0.07096537947654724
ddf69fdd-0912-4b1a-9a83-77561159e059,0.0,0.23,0.07429634034633636
ddf69fdd-0912-4b1a-9a83-77561159e059,0.01,0.03,0.049431025981903076
ddf69fdd-0912-4b1a-9a83-77561159e059,0.01,0.08,0.0671268031001091
ddf69fdd-0912-4b1a-9a83-77561159e059,0.01,0.13,0.07702866941690445
ddf69fdd-0912-4b1a-9a83-77561159e059,0.01,0.18000000000000002,0.06969020515680313
ddf69fdd-0912-4b1a-9a83-77561159e059,0.01,0.23,0.07079561054706573
ddf69fdd-0912-4b1a-9a83-77561159e059,0.02,0.03,0.044670265167951584
ddf69fdd-0912-4b1a-9a83-77561159e059,0.02,0.08,0.06273048371076584
ddf69fdd-0912-4b1a-9a83-77561159e059,0.02,0.13,0.07231586426496506
ddf69fdd-0912-4b1a-9a83-77561159e059,0.02,0.18000000000000002,0.06739481538534164
ddf69fdd-0912-4b1a-9a83-77561159e059,0.02,0.23,0.06847488880157471
ddf69fdd-0912-4b1a-9a83-77561159e059,0.03,0.03,0.04928617924451828
ddf69fdd-0912-4b1a-9a83-77561159e059,0.03,0.08,0.06747020035982132
ddf69fdd-0912-4b1a-9a83-77561159e059,0.03,0.13,0.0703241229057312
ddf69fdd-0912-4b1a-9a83-77561159e059,0.03,0.18000000000000002,0.06708776205778122
ddf69fdd-0912-4b1a-9a83-77561159e059,0.03,0.23,0.06832490861415863
ddf69fdd-0912-4b1a-9a83-77561159e059,0.04,0.03,0.04345999285578728
ddf69fdd-0912-4b1a-9a83-77561159e059,0.04,0.08,0.061995137482881546
ddf69fdd-0912-4b1a-9a83-77561159e059,0.05,0.03,0.04334983229637146
ddf69fdd-0912-4b1a-9a83-77561159e059,0.05,0.08,0.05997687205672264
ddf69fdd-0912-4b1a-9a83-77561159e059,0.05,0.13,0.06318970769643784
ddf69fdd-0912-4b1a-9a83-77561159e059,0.05,0.18000000000000002,0.06711079925298691
ddf69fdd-0912-4b1a-9a83-77561159e059,0.05,0.23,0.06625838577747345
ddf69fdd-0912-4b1a-9a83-77561159e059,0.1,0.03,0.053363170474767685
ddf69fdd-0912-4b1a-9a83-77561159e059,0.1,0.08,0.05931068956851959
ddf69fdd-0912-4b1a-9a83-77561159e059,0.1,0.13,0.06526345014572144
ddf69fdd-0912-4b1a-9a83-77561159e059,0.1,0.18000000000000002,0.06013316288590431
ddf69fdd-0912-4b1a-9a83-77561159e059,0.1,0.23,0.06074586510658264
ddf69fdd-0912-4b1a-9a83-77561159e059,0.15000000000000002,0.03,0.047498669475317
ddf69fdd-0912-4b1a-9a83-77561159e059,0.15000000000000002,0.08,0.06148405373096466
ddf69fdd-0912-4b1a-9a83-77561159e059,0.15000000000000002,0.13,0.06442928314208984
ddf69fdd-0912-4b1a-9a83-77561159e059,0.15000000000000002,0.18000000000000002,0.05655796080827713
ddf69fdd-0912-4b1a-9a83-77561159e059,0.15000000000000002,0.23,0.06116034463047981
ddf69fdd-0912-4b1a-9a83-77561159e059,0.2,0.03,0.048510655760765076
ddf69fdd-0912-4b1a-9a83-77561159e059,0.2,0.08,0.05268285423517227
ddf69fdd-0912-4b1a-9a83-77561159e059,0.2,0.13,0.05837569013237953
ddf69fdd-0912-4b1a-9a83-77561159e059,0.2,0.18000000000000002,0.05863289162516594
ddf69fdd-0912-4b1a-9a83-77561159e059,0.2,0.23,0.06533263623714447
ddf69fdd-0912-4b1a-9a83-77561159e059,0.25,0.03,0.05089974030852318
ddf69fdd-0912-4b1a-9a83-77561159e059,0.25,0.08,0.052264370024204254
ddf69fdd-0912-4b1a-9a83-77561159e059,0.25,0.13,0.056939154863357544
ddf69fdd-0912-4b1a-9a83-77561159e059,0.25,0.18000000000000002,0.06481050699949265
ddf69fdd-0912-4b1a-9a83-77561159e059,0.25,0.23,0.06476414948701859
ddf69fdd-0912-4b1a-9a83-77561159e059,0.30000000000000004,0.03,0.047429248690605164
ddf69fdd-0912-4b1a-9a83-77561159e059,0.30000000000000004,0.08,0.05736803635954857
ddf69fdd-0912-4b1a-9a83-77561159e059,0.30000000000000004,0.13,0.06388480961322784
ddf69fdd-0912-4b1a-9a83-77561159e059,0.30000000000000004,0.18000000000000002,0.06548746675252914
ddf69fdd-0912-4b1a-9a83-77561159e059,0.30000000000000004,0.23,0.06431631743907928
de598c20-4aaf-4479-8cac-98816e3a41cd,0.0,0.03,0.04988288879394531
de598c20-4aaf-4479-8cac-98816e3a41cd,0.0,0.08,0.0508323572576046
de598c20-4aaf-4479-8cac-98816e3a41cd,0.0,0.13,0.06452824920415878
de598c20-4aaf-4479-8cac-98816e3a41cd,0.0,0.18000000000000002,0.05951404571533203
de598c20-4aaf-4479-8cac-98816e3a41cd,0.0,0.23,0.057386286556720734
de598c20-4aaf-4479-8cac-98816e3a41cd,0.01,0.03,0.051313940435647964
de598c20-4aaf-4479-8cac-98816e3a41cd,0.01,0.08,0.05459623783826828
de598c20-4aaf-4479-8cac-98816e3a41cd,0.01,0.13,0.05789310485124588
de598c20-4aaf-4479-8cac-98816e3a41cd,0.01,0.18000000000000002,0.058624815195798874
de598c20-4aaf-4479-8cac-98816e3a41cd,0.01,0.23,0.06009190157055855
de598c20-4aaf-4479-8cac-98816e3a41cd,0.02,0.03,0.04453768581151962
de598c20-4aaf-4479-8cac-98816e3a41cd,0.02,0.08,0.058561060577631
de598c20-4aaf-4479-8cac-98816e3a41cd,0.02,0.13,0.05719305947422981
de598c20-4aaf-4479-8cac-98816e3a41cd,0.02,0.18000000000000002,0.05627327039837837
de598c20-4aaf-4479-8cac-98816e3a41cd,0.02,0.23,0.057397834956645966
de598c20-4aaf-4479-8cac-98816e3a41cd,0.03,0.03,0.04604538157582283
de598c20-4aaf-4479-8cac-98816e3a41cd,0.03,0.08,0.05687658116221428
de598c20-4aaf-4479-8cac-98816e3a41cd,0.03,0.13,0.05791564658284187
de598c20-4aaf-4479-8cac-98816e3a41cd,0.03,0.18000000000000002,0.05763525888323784
de598c20-4aaf-4479-8cac-98816e3a41cd,0.03,0.23,0.05879180505871773
de598c20-4aaf-4479-8cac-98816e3a41cd,0.04,0.03,0.052410345524549484
de598c20-4aaf-4479-8cac-98816e3a41cd,0.04,0.08,0.05805765837430954
de598c20-4aaf-4479-8cac-98816e3a41cd,0.05,0.03,0.04967263713479042
de598c20-4aaf-4479-8cac-98816e3a41cd,0.05,0.08,0.060128603130578995
de598c20-4aaf-4479-8cac-98816e3a41cd,0.05,0.13,0.05911310762166977
de598c20-4aaf-4479-8cac-98816e3a41cd,0.05,0.18000000000000002,0.060285765677690506
de598c20-4aaf-4479-8cac-98816e3a41cd,0.05,0.23,0.05878877267241478
de598c20-4aaf-4479-8cac-98816e3a41cd,0.1,0.03,0.04611828550696373
de598c20-4aaf-4479-8cac-98816e3a41cd,0.1,0.08,0.05830620601773262
de598c20-4aaf-4479-8cac-98816e3a41cd,0.1,0.13,0.06097821891307831
de598c20-4aaf-4479-8cac-98816e3a41cd,0.1,0.18000000000000002,0.06314589828252792
de598c20-4aaf-4479-8cac-98816e3a41cd,0.1,0.23,0.06042243540287018
de598c20-4aaf-4479-8cac-98816e3a41cd,0.15000000000000002,0.03,0.05019146576523781
de598c20-4aaf-4479-8cac-98816e3a41cd,0.15000000000000002,0.08,0.055555954575538635
de598c20-4aaf-4479-8cac-98816e3a41cd,0.15000000000000002,0.13,0.06699734926223755
de598c20-4aaf-4479-8cac-98816e3a41cd,0.15000000000000002,0.18000000000000002,0.06925025582313538
de598c20-4aaf-4479-8cac-98816e3a41cd,0.15000000000000002,0.23,0.06003361567854881
de598c20-4aaf-4479-8cac-98816e3a41cd,0.2,0.03,0.04953036457300186
de598c20-4aaf-4479-8cac-98816e3a41cd,0.2,0.08,0.05187419429421425
de598c20-4aaf-4479-8cac-98816e3a41cd,0.2,0.13,0.06380263715982437
de598c20-4aaf-4479-8cac-98816e3a41cd,0.2,0.18000000000000002,0.05649564787745476
de598c20-4aaf-4479-8cac-98816e3a41cd,0.2,0.23,0.05829991027712822
de598c20-4aaf-4479-8cac-98816e3a41cd,0.25,0.03,0.048131998628377914
de598c20-4aaf-4479-8cac-98816e3a41cd,0.25,0.08,0.06535010039806366
de598c20-4aaf-4479-8cac-98816e3a41cd,0.25,0.13,0.06201185658574104
de598c20-4aaf-4479-8cac-98816e3a41cd,0.25,0.18000000000000002,0.06526627391576767
de598c20-4aaf-4479-8cac-98816e3a41cd,0.25,0.23,0.06615085154771805
de598c20-4aaf-4479-8cac-98816e3a41cd,0.30000000000000004,0.03,0.04904472455382347
de598c20-4aaf-4479-8cac-98816e3a41cd,0.30000000000000004,0.08,0.05719403177499771
de598c20-4aaf-4479-8cac-98816e3a41cd,0.30000000000000004,0.13,0.06435421109199524
de598c20-4aaf-4479-8cac-98816e3a41cd,0.30000000000000004,0.18000000000000002,0.06474602222442627
de598c20-4aaf-4479-8cac-98816e3a41cd,0.30000000000000004,0.23,0.0617242231965065
de915f96-f931-4fa9-b360-46176d87d33a,0.0,0.03,0.0
de915f96-f931-4fa9-b360-46176d87d33a,0.0,0.08,0.0
de915f96-f931-4fa9-b360-46176d87d33a,0.0,0.13,0.0
de915f96-f931-4fa9-b360-46176d87d33a,0.0,0.18000000000000002,0.0
de915f96-f931-4fa9-b360-46176d87d33a,0.0,0.23,0.0
de915f96-f931-4fa9-b360-46176d87d33a,0.01,0.03,0.0
de915f96-f931-4fa9-b360-46176d87d33a,0.01,0.08,0.0
de915f96-f931-4fa9-b360-46176d87d33a,0.01,0.13,0.0
de915f96-f931-4fa9-b360-46176d87d33a,0.01,0.18000000000000002,0.0
de915f96-f931-4fa9-b360-46176d87d33a,0.01,0.23,0.0
de915f96-f931-4fa9-b360-46176d87d33a,0.02,0.03,0.0
de915f96-f931-4fa9-b360-46176d87d33a,0.02,0.08,0.0
de915f96-f931-4fa9-b360-46176d87d33a,0.02,0.13,0.0
de915f96-f931-4fa9-b360-46176d87d33a,0.02,0.18000000000000002,0.0
de915f96-f931-4fa9-b360-46176d87d33a,0.02,0.23,0.0
de915f96-f931-4fa9-b360-46176d87d33a,0.03,0.03,0.0
de915f96-f931-4fa9-b360-46176d87d33a,0.03,0.08,0.0
de915f96-f931-4fa9-b360-46176d87d33a,0.03,0.13,0.0
de915f96-f931-4fa9-b360-46176d87d33a,0.03,0.18000000000000002,0.0
de915f96-f931-4fa9-b360-46176d87d33a,0.03,0.23,0.0
de915f96-f931-4fa9-b360-46176d87d33a,0.04,0.03,0.0
de915f96-f931-4fa9-b360-46176d87d33a,0.04,0.08,0.0
de915f96-f931-4fa9-b360-46176d87d33a,0.05,0.03,0.0
de915f96-f931-4fa9-b360-46176d87d33a,0.05,0.08,0.0
de915f96-f931-4fa9-b360-46176d87d33a,0.05,0.13,0.0
de915f96-f931-4fa9-b360-46176d87d33a,0.05,0.18000000000000002,0.0
de915f96-f931-4fa9-b360-46176d87d33a,0.05,0.23,0.0
de915f96-f931-4fa9-b360-46176d87d33a,0.1,0.03,0.0
de915f96-f931-4fa9-b360-46176d87d33a,0.1,0.08,0.0
de915f96-f931-4fa9-b360-46176d87d33a,0.1,0.13,0.0
de915f96-f931-4fa9-b360-46176d87d33a,0.1,0.18000000000000002,0.0
de915f96-f931-4fa9-b360-46176d87d33a,0.1,0.23,0.0
de915f96-f931-4fa9-b360-46176d87d33a,0.15000000000000002,0.03,0.0
de915f96-f931-4fa9-b360-46176d87d33a,0.15000000000000002,0.08,0.0
de915f96-f931-4fa9-b360-46176d87d33a,0.15000000000000002,0.13,0.0
de915f96-f931-4fa9-b360-46176d87d33a,0.15000000000000002,0.18000000000000002,0.0
de915f96-f931-4fa9-b360-46176d87d33a,0.15000000000000002,0.23,0.0
de915f96-f931-4fa9-b360-46176d87d33a,0.2,0.03,0.0
de915f96-f931-4fa9-b360-46176d87d33a,0.2,0.08,0.0
de915f96-f931-4fa9-b360-46176d87d33a,0.2,0.13,0.0
de915f96-f931-4fa9-b360-46176d87d33a,0.2,0.18000000000000002,0.0
de915f96-f931-4fa9-b360-46176d87d33a,0.2,0.23,0.0
de915f96-f931-4fa9-b360-46176d87d33a,0.25,0.03,0.0
de915f96-f931-4fa9-b360-46176d87d33a,0.25,0.08,0.0
de915f96-f931-4fa9-b360-46176d87d33a,0.25,0.13,0.0
de915f96-f931-4fa9-b360-46176d87d33a,0.25,0.18000000000000002,0.0
de915f96-f931-4fa9-b360-46176d87d33a,0.25,0.23,0.0
de915f96-f931-4fa9-b360-46176d87d33a,0.30000000000000004,0.03,0.0
de915f96-f931-4fa9-b360-46176d87d33a,0.30000000000000004,0.08,0.0
de915f96-f931-4fa9-b360-46176d87d33a,0.30000000000000004,0.13,0.0
de915f96-f931-4fa9-b360-46176d87d33a,0.30000000000000004,0.18000000000000002,0.0
de915f96-f931-4fa9-b360-46176d87d33a,0.30000000000000004,0.23,0.0
de9f685f-2f4b-485c-a847-7ed4facbd16d,0.0,0.03,0.047332365065813065
de9f685f-2f4b-485c-a847-7ed4facbd16d,0.0,0.08,0.058796487748622894
de9f685f-2f4b-485c-a847-7ed4facbd16d,0.0,0.13,0.06610451638698578
de9f685f-2f4b-485c-a847-7ed4facbd16d,0.0,0.18000000000000002,0.0716458261013031
de9f685f-2f4b-485c-a847-7ed4facbd16d,0.0,0.23,0.07557284086942673
de9f685f-2f4b-485c-a847-7ed4facbd16d,0.01,0.03,0.04991218075156212
de9f685f-2f4b-485c-a847-7ed4facbd16d,0.01,0.08,0.06397713720798492
de9f685f-2f4b-485c-a847-7ed4facbd16d,0.01,0.13,0.06841951608657837
de9f685f-2f4b-485c-a847-7ed4facbd16d,0.01,0.18000000000000002,0.06724361330270767
de9f685f-2f4b-485c-a847-7ed4facbd16d,0.01,0.23,0.06869586557149887
de9f685f-2f4b-485c-a847-7ed4facbd16d,0.02,0.03,0.044967710971832275
de9f685f-2f4b-485c-a847-7ed4facbd16d,0.02,0.08,0.06851048767566681
de9f685f-2f4b-485c-a847-7ed4facbd16d,0.02,0.13,0.0691174790263176
de9f685f-2f4b-485c-a847-7ed4facbd16d,0.02,0.18000000000000002,0.06334051489830017
de9f685f-2f4b-485c-a847-7ed4facbd16d,0.02,0.23,0.06477507948875427
de9f685f-2f4b-485c-a847-7ed4facbd16d,0.03,0.03,0.04756244644522667
de9f685f-2f4b-485c-a847-7ed4facbd16d,0.03,0.08,0.06066546589136124
de9f685f-2f4b-485c-a847-7ed4facbd16d,0.03,0.13,0.06541842222213745
de9f685f-2f4b-485c-a847-7ed4facbd16d,0.03,0.18000000000000002,0.0604582242667675
de9f685f-2f4b-485c-a847-7ed4facbd16d,0.03,0.23,0.06319307535886765
de9f685f-2f4b-485c-a847-7ed4facbd16d,0.04,0.03,0.05248057842254639
de9f685f-2f4b-485c-a847-7ed4facbd16d,0.04,0.08,0.060680460184812546
de9f685f-2f4b-485c-a847-7ed4facbd16d,0.05,0.03,0.04763239249587059
de9f685f-2f4b-485c-a847-7ed4facbd16d,0.05,0.08,0.06115959584712982
de9f685f-2f4b-485c-a847-7ed4facbd16d,0.05,0.13,0.06008056551218033
de9f685f-2f4b-485c-a847-7ed4facbd16d,0.05,0.18000000000000002,0.07048830389976501
de9f685f-2f4b-485c-a847-7ed4facbd16d,0.05,0.23,0.06807082146406174
de9f685f-2f4b-485c-a847-7ed4facbd16d,0.1,0.03,0.04690445959568024
de9f685f-2f4b-485c-a847-7ed4facbd16d,0.1,0.08,0.057252246886491776
de9f685f-2f4b-485c-a847-7ed4facbd16d,0.1,0.13,0.06805551052093506
de9f685f-2f4b-485c-a847-7ed4facbd16d,0.1,0.18000000000000002,0.06041865795850754
de9f685f-2f4b-485c-a847-7ed4facbd16d,0.1,0.23,0.060118865221738815
de9f685f-2f4b-485c-a847-7ed4facbd16d,0.15000000000000002,0.03,0.046007249504327774
de9f685f-2f4b-485c-a847-7ed4facbd16d,0.15000000000000002,0.08,0.06099605932831764
de9f685f-2f4b-485c-a847-7ed4facbd16d,0.15000000000000002,0.13,0.052491553127765656
de9f685f-2f4b-485c-a847-7ed4facbd16d,0.15000000000000002,0.18000000000000002,0.05586636811494827
de9f685f-2f4b-485c-a847-7ed4facbd16d,0.15000000000000002,0.23,0.062357209622859955
de9f685f-2f4b-485c-a847-7ed4facbd16d,0.2,0.03,0.04949904605746269
de9f685f-2f4b-485c-a847-7ed4facbd16d,0.2,0.08,0.05335158109664917
de9f685f-2f4b-485c-a847-7ed4facbd16d,0.2,0.13,0.053608935326337814
de9f685f-2f4b-485c-a847-7ed4facbd16d,0.2,0.18000000000000002,0.057570818811655045
de9f685f-2f4b-485c-a847-7ed4facbd16d,0.2,0.23,0.061366498470306396
de9f685f-2f4b-485c-a847-7ed4facbd16d,0.25,0.03,0.049590785056352615
de9f685f-2f4b-485c-a847-7ed4facbd16d,0.25,0.08,0.048772335052490234
de9f685f-2f4b-485c-a847-7ed4facbd16d,0.25,0.13,0.05461520329117775
de9f685f-2f4b-485c-a847-7ed4facbd16d,0.25,0.18000000000000002,0.06091830134391785
de9f685f-2f4b-485c-a847-7ed4facbd16d,0.25,0.23,0.06597813218832016
de9f685f-2f4b-485c-a847-7ed4facbd16d,0.30000000000000004,0.03,0.043666254729032516
de9f685f-2f4b-485c-a847-7ed4facbd16d,0.30000000000000004,0.08,0.058265674859285355
de9f685f-2f4b-485c-a847-7ed4facbd16d,0.30000000000000004,0.13,0.06597855687141418
de9f685f-2f4b-485c-a847-7ed4facbd16d,0.30000000000000004,0.18000000000000002,0.06908051669597626
de9f685f-2f4b-485c-a847-7ed4facbd16d,0.30000000000000004,0.23,0.07301213592290878
df57d803-ee37-472f-8cbf-cb268ffb3017,0.0,0.03,0.0
df57d803-ee37-472f-8cbf-cb268ffb3017,0.0,0.08,0.0
df57d803-ee37-472f-8cbf-cb268ffb3017,0.0,0.13,0.0
df57d803-ee37-472f-8cbf-cb268ffb3017,0.0,0.18000000000000002,0.0
df57d803-ee37-472f-8cbf-cb268ffb3017,0.0,0.23,0.0
df57d803-ee37-472f-8cbf-cb268ffb3017,0.01,0.03,0.0
df57d803-ee37-472f-8cbf-cb268ffb3017,0.01,0.08,0.0
df57d803-ee37-472f-8cbf-cb268ffb3017,0.01,0.13,0.0
df57d803-ee37-472f-8cbf-cb268ffb3017,0.01,0.18000000000000002,0.0
df57d803-ee37-472f-8cbf-cb268ffb3017,0.01,0.23,0.0
df57d803-ee37-472f-8cbf-cb268ffb3017,0.02,0.03,0.0
df57d803-ee37-472f-8cbf-cb268ffb3017,0.02,0.08,0.0
df57d803-ee37-472f-8cbf-cb268ffb3017,0.02,0.13,0.0
df57d803-ee37-472f-8cbf-cb268ffb3017,0.02,0.18000000000000002,0.0
df57d803-ee37-472f-8cbf-cb268ffb3017,0.02,0.23,0.0
df57d803-ee37-472f-8cbf-cb268ffb3017,0.03,0.03,0.0
df57d803-ee37-472f-8cbf-cb268ffb3017,0.03,0.08,0.0
df57d803-ee37-472f-8cbf-cb268ffb3017,0.03,0.13,0.0
df57d803-ee37-472f-8cbf-cb268ffb3017,0.03,0.18000000000000002,0.0
df57d803-ee37-472f-8cbf-cb268ffb3017,0.03,0.23,0.0
df57d803-ee37-472f-8cbf-cb268ffb3017,0.04,0.03,0.0
df57d803-ee37-472f-8cbf-cb268ffb3017,0.04,0.08,0.0
df57d803-ee37-472f-8cbf-cb268ffb3017,0.05,0.03,0.0
df57d803-ee37-472f-8cbf-cb268ffb3017,0.05,0.08,0.0
df57d803-ee37-472f-8cbf-cb268ffb3017,0.05,0.13,0.0
df57d803-ee37-472f-8cbf-cb268ffb3017,0.05,0.18000000000000002,0.0
df57d803-ee37-472f-8cbf-cb268ffb3017,0.05,0.23,0.0
df57d803-ee37-472f-8cbf-cb268ffb3017,0.1,0.03,0.0
df57d803-ee37-472f-8cbf-cb268ffb3017,0.1,0.08,0.0
df57d803-ee37-472f-8cbf-cb268ffb3017,0.1,0.13,0.0
df57d803-ee37-472f-8cbf-cb268ffb3017,0.1,0.18000000000000002,0.0
df57d803-ee37-472f-8cbf-cb268ffb3017,0.1,0.23,0.0
df57d803-ee37-472f-8cbf-cb268ffb3017,0.15000000000000002,0.03,0.0
df57d803-ee37-472f-8cbf-cb268ffb3017,0.15000000000000002,0.08,0.0
df57d803-ee37-472f-8cbf-cb268ffb3017,0.15000000000000002,0.13,0.0
df57d803-ee37-472f-8cbf-cb268ffb3017,0.15000000000000002,0.18000000000000002,0.0
df57d803-ee37-472f-8cbf-cb268ffb3017,0.15000000000000002,0.23,0.0
df57d803-ee37-472f-8cbf-cb268ffb3017,0.2,0.03,0.0
df57d803-ee37-472f-8cbf-cb268ffb3017,0.2,0.08,0.0
df57d803-ee37-472f-8cbf-cb268ffb3017,0.2,0.13,0.0
df57d803-ee37-472f-8cbf-cb268ffb3017,0.2,0.18000000000000002,0.0
df57d803-ee37-472f-8cbf-cb268ffb3017,0.2,0.23,0.0
df57d803-ee37-472f-8cbf-cb268ffb3017,0.25,0.03,0.0
df57d803-ee37-472f-8cbf-cb268ffb3017,0.25,0.08,0.0
df57d803-ee37-472f-8cbf-cb268ffb3017,0.25,0.13,0.0
df57d803-ee37-472f-8cbf-cb268ffb3017,0.25,0.18000000000000002,0.0
df57d803-ee37-472f-8cbf-cb268ffb3017,0.25,0.23,0.0
df57d803-ee37-472f-8cbf-cb268ffb3017,0.30000000000000004,0.03,0.0
df57d803-ee37-472f-8cbf-cb268ffb3017,0.30000000000000004,0.08,0.0
df57d803-ee37-472f-8cbf-cb268ffb3017,0.30000000000000004,0.13,0.0
df57d803-ee37-472f-8cbf-cb268ffb3017,0.30000000000000004,0.18000000000000002,0.0
df57d803-ee37-472f-8cbf-cb268ffb3017,0.30000000000000004,0.23,0.0
e20a1d5e-276a-4c0a-a1b8-ac6cd575982a,0.0,0.03,0.05249319225549698
e20a1d5e-276a-4c0a-a1b8-ac6cd575982a,0.0,0.08,0.05230024829506874
e20a1d5e-276a-4c0a-a1b8-ac6cd575982a,0.0,0.13,0.06561978906393051
e20a1d5e-276a-4c0a-a1b8-ac6cd575982a,0.0,0.18000000000000002,0.06378670036792755
e20a1d5e-276a-4c0a-a1b8-ac6cd575982a,0.0,0.23,0.06644784659147263
e20a1d5e-276a-4c0a-a1b8-ac6cd575982a,0.01,0.03,0.04471934214234352
e20a1d5e-276a-4c0a-a1b8-ac6cd575982a,0.01,0.08,0.05892733857035637
e20a1d5e-276a-4c0a-a1b8-ac6cd575982a,0.01,0.13,0.0645720437169075
e20a1d5e-276a-4c0a-a1b8-ac6cd575982a,0.01,0.18000000000000002,0.06927963346242905
e20a1d5e-276a-4c0a-a1b8-ac6cd575982a,0.01,0.23,0.06736999750137329
e20a1d5e-276a-4c0a-a1b8-ac6cd575982a,0.02,0.03,0.04485320672392845
e20a1d5e-276a-4c0a-a1b8-ac6cd575982a,0.02,0.08,0.05777332931756973
e20a1d5e-276a-4c0a-a1b8-ac6cd575982a,0.02,0.13,0.06076439097523689
e20a1d5e-276a-4c0a-a1b8-ac6cd575982a,0.02,0.18000000000000002,0.06836563348770142
e20a1d5e-276a-4c0a-a1b8-ac6cd575982a,0.02,0.23,0.0705210268497467
e20a1d5e-276a-4c0a-a1b8-ac6cd575982a,0.03,0.03,0.04589730501174927
e20a1d5e-276a-4c0a-a1b8-ac6cd575982a,0.03,0.08,0.06029467657208443
e20a1d5e-276a-4c0a-a1b8-ac6cd575982a,0.03,0.13,0.06433247029781342
e20a1d5e-276a-4c0a-a1b8-ac6cd575982a,0.03,0.18000000000000002,0.0693296566605568
e20a1d5e-276a-4c0a-a1b8-ac6cd575982a,0.03,0.23,0.06750461459159851
e20a1d5e-276a-4c0a-a1b8-ac6cd575982a,0.04,0.03,0.05808296799659729
e20a1d5e-276a-4c0a-a1b8-ac6cd575982a,0.04,0.08,0.06322132796049118
e20a1d5e-276a-4c0a-a1b8-ac6cd575982a,0.05,0.03,0.049193598330020905
e20a1d5e-276a-4c0a-a1b8-ac6cd575982a,0.05,0.08,0.05900811776518822
e20a1d5e-276a-4c0a-a1b8-ac6cd575982a,0.05,0.13,0.06741361320018768
e20a1d5e-276a-4c0a-a1b8-ac6cd575982a,0.05,0.18000000000000002,0.07050572335720062
e20a1d5e-276a-4c0a-a1b8-ac6cd575982a,0.05,0.23,0.0651995912194252
e20a1d5e-276a-4c0a-a1b8-ac6cd575982a,0.1,0.03,0.044705115258693695
e20a1d5e-276a-4c0a-a1b8-ac6cd575982a,0.1,0.08,0.057233911007642746
e20a1d5e-276a-4c0a-a1b8-ac6cd575982a,0.1,0.13,0.06556938588619232
e20a1d5e-276a-4c0a-a1b8-ac6cd575982a,0.1,0.18000000000000002,0.06307820975780487
e20a1d5e-276a-4c0a-a1b8-ac6cd575982a,0.1,0.23,0.06171787902712822
e20a1d5e-276a-4c0a-a1b8-ac6cd575982a,0.15000000000000002,0.03,0.052154816687107086
e20a1d5e-276a-4c0a-a1b8-ac6cd575982a,0.15000000000000002,0.08,0.05922605097293854
e20a1d5e-276a-4c0a-a1b8-ac6cd575982a,0.15000000000000002,0.13,0.06476110219955444
e20a1d5e-276a-4c0a-a1b8-ac6cd575982a,0.15000000000000002,0.18000000000000002,0.05954204127192497
e20a1d5e-276a-4c0a-a1b8-ac6cd575982a,0.15000000000000002,0.23,0.06281251460313797
e20a1d5e-276a-4c0a-a1b8-ac6cd575982a,0.2,0.03,0.059665143489837646
e20a1d5e-276a-4c0a-a1b8-ac6cd575982a,0.2,0.08,0.06076917052268982
e20a1d5e-276a-4c0a-a1b8-ac6cd575982a,0.2,0.13,0.05823306739330292
e20a1d5e-276a-4c0a-a1b8-ac6cd575982a,0.2,0.18000000000000002,0.058600764721632004
e20a1d5e-276a-4c0a-a1b8-ac6cd575982a,0.2,0.23,0.06664442270994186
e20a1d5e-276a-4c0a-a1b8-ac6cd575982a,0.25,0.03,0.04738730192184448
e20a1d5e-276a-4c0a-a1b8-ac6cd575982a,0.25,0.08,0.047916658222675323
e20a1d5e-276a-4c0a-a1b8-ac6cd575982a,0.25,0.13,0.060304880142211914
e20a1d5e-276a-4c0a-a1b8-ac6cd575982a,0.25,0.18000000000000002,0.0681929737329483
e20a1d5e-276a-4c0a-a1b8-ac6cd575982a,0.25,0.23,0.06756951659917831
e20a1d5e-276a-4c0a-a1b8-ac6cd575982a,0.30000000000000004,0.03,0.04721038043498993
e20a1d5e-276a-4c0a-a1b8-ac6cd575982a,0.30000000000000004,0.08,0.06549346446990967
e20a1d5e-276a-4c0a-a1b8-ac6cd575982a,0.30000000000000004,0.13,0.07098756730556488
e20a1d5e-276a-4c0a-a1b8-ac6cd575982a,0.30000000000000004,0.18000000000000002,0.06975482404232025
e20a1d5e-276a-4c0a-a1b8-ac6cd575982a,0.30000000000000004,0.23,0.06657809764146805
e2283d08-31fd-4ef8-a337-44e34caf3e6f,0.0,0.03,0.06021634116768837
e2283d08-31fd-4ef8-a337-44e34caf3e6f,0.0,0.08,0.08750160038471222
e2283d08-31fd-4ef8-a337-44e34caf3e6f,0.0,0.13,0.08300725370645523
e2283d08-31fd-4ef8-a337-44e34caf3e6f,0.0,0.18000000000000002,0.07121468335390091
e2283d08-31fd-4ef8-a337-44e34caf3e6f,0.0,0.23,0.07033566385507584
e2283d08-31fd-4ef8-a337-44e34caf3e6f,0.01,0.03,0.055378206074237823
e2283d08-31fd-4ef8-a337-44e34caf3e6f,0.01,0.08,0.08780021965503693
e2283d08-31fd-4ef8-a337-44e34caf3e6f,0.01,0.13,0.0740513801574707
e2283d08-31fd-4ef8-a337-44e34caf3e6f,0.01,0.18000000000000002,0.07105232775211334
e2283d08-31fd-4ef8-a337-44e34caf3e6f,0.01,0.23,0.07165708392858505
e2283d08-31fd-4ef8-a337-44e34caf3e6f,0.02,0.03,0.07071515172719955
e2283d08-31fd-4ef8-a337-44e34caf3e6f,0.02,0.08,0.09274280071258545
e2283d08-31fd-4ef8-a337-44e34caf3e6f,0.02,0.13,0.07139777392148972
e2283d08-31fd-4ef8-a337-44e34caf3e6f,0.02,0.18000000000000002,0.06896346807479858
e2283d08-31fd-4ef8-a337-44e34caf3e6f,0.02,0.23,0.06774866580963135
e2283d08-31fd-4ef8-a337-44e34caf3e6f,0.03,0.03,0.06993518024682999
e2283d08-31fd-4ef8-a337-44e34caf3e6f,0.03,0.08,0.08100945502519608
e2283d08-31fd-4ef8-a337-44e34caf3e6f,0.03,0.13,0.06639893352985382
e2283d08-31fd-4ef8-a337-44e34caf3e6f,0.03,0.18000000000000002,0.06753458827733994
e2283d08-31fd-4ef8-a337-44e34caf3e6f,0.03,0.23,0.06453252583742142
e2283d08-31fd-4ef8-a337-44e34caf3e6f,0.04,0.03,0.07253506034612656
e2283d08-31fd-4ef8-a337-44e34caf3e6f,0.04,0.08,0.07262331247329712
e2283d08-31fd-4ef8-a337-44e34caf3e6f,0.05,0.03,0.06582660228013992
e2283d08-31fd-4ef8-a337-44e34caf3e6f,0.05,0.08,0.06907794624567032
e2283d08-31fd-4ef8-a337-44e34caf3e6f,0.05,0.13,0.0655919760465622
e2283d08-31fd-4ef8-a337-44e34caf3e6f,0.05,0.18000000000000002,0.06377596408128738
e2283d08-31fd-4ef8-a337-44e34caf3e6f,0.05,0.23,0.06807823479175568
e2283d08-31fd-4ef8-a337-44e34caf3e6f,0.1,0.03,0.049596305936574936
e2283d08-31fd-4ef8-a337-44e34caf3e6f,0.1,0.08,0.06858834624290466
e2283d08-31fd-4ef8-a337-44e34caf3e6f,0.1,0.13,0.061282750219106674
e2283d08-31fd-4ef8-a337-44e34caf3e6f,0.1,0.18000000000000002,0.06468451023101807
e2283d08-31fd-4ef8-a337-44e34caf3e6f,0.1,0.23,0.07069081813097
e2283d08-31fd-4ef8-a337-44e34caf3e6f,0.15000000000000002,0.03,0.052712321281433105
e2283d08-31fd-4ef8-a337-44e34caf3e6f,0.15000000000000002,0.08,0.06328835338354111
e2283d08-31fd-4ef8-a337-44e34caf3e6f,0.15000000000000002,0.13,0.06891518831253052
e2283d08-31fd-4ef8-a337-44e34caf3e6f,0.15000000000000002,0.18000000000000002,0.07014816999435425
e2283d08-31fd-4ef8-a337-44e34caf3e6f,0.15000000000000002,0.23,0.07012506574392319
e2283d08-31fd-4ef8-a337-44e34caf3e6f,0.2,0.03,0.048186056315898895
e2283d08-31fd-4ef8-a337-44e34caf3e6f,0.2,0.08,0.06182233244180679
e2283d08-31fd-4ef8-a337-44e34caf3e6f,0.2,0.13,0.07304259389638901
e2283d08-31fd-4ef8-a337-44e34caf3e6f,0.2,0.18000000000000002,0.07147431373596191
e2283d08-31fd-4ef8-a337-44e34caf3e6f,0.2,0.23,0.06480371206998825
e2283d08-31fd-4ef8-a337-44e34caf3e6f,0.25,0.03,0.05268612131476402
e2283d08-31fd-4ef8-a337-44e34caf3e6f,0.25,0.08,0.060822464525699615
e2283d08-31fd-4ef8-a337-44e34caf3e6f,0.25,0.13,0.06232491135597229
e2283d08-31fd-4ef8-a337-44e34caf3e6f,0.25,0.18000000000000002,0.0641535297036171
e2283d08-31fd-4ef8-a337-44e34caf3e6f,0.25,0.23,0.06131807342171669
e2283d08-31fd-4ef8-a337-44e34caf3e6f,0.30000000000000004,0.03,0.05393699184060097
e2283d08-31fd-4ef8-a337-44e34caf3e6f,0.30000000000000004,0.08,0.05642247945070267
e2283d08-31fd-4ef8-a337-44e34caf3e6f,0.30000000000000004,0.13,0.060703616589307785
e2283d08-31fd-4ef8-a337-44e34caf3e6f,0.30000000000000004,0.18000000000000002,0.06194896623492241
e2283d08-31fd-4ef8-a337-44e34caf3e6f,0.30000000000000004,0.23,0.06351003050804138
e285a320-cf95-44ac-8782-c5c972eacf90,0.0,0.03,0.05159071087837219
e285a320-cf95-44ac-8782-c5c972eacf90,0.0,0.08,0.057169947773218155
e285a320-cf95-44ac-8782-c5c972eacf90,0.0,0.13,0.06155495345592499
e285a320-cf95-44ac-8782-c5c972eacf90,0.0,0.18000000000000002,0.06603437662124634
e285a320-cf95-44ac-8782-c5c972eacf90,0.0,0.23,0.06765346974134445
e285a320-cf95-44ac-8782-c5c972eacf90,0.01,0.03,0.050422459840774536
e285a320-cf95-44ac-8782-c5c972eacf90,0.01,0.08,0.05800684168934822
e285a320-cf95-44ac-8782-c5c972eacf90,0.01,0.13,0.06365454941987991
e285a320-cf95-44ac-8782-c5c972eacf90,0.01,0.18000000000000002,0.06591684371232986
e285a320-cf95-44ac-8782-c5c972eacf90,0.01,0.23,0.06881959736347198
e285a320-cf95-44ac-8782-c5c972eacf90,0.02,0.03,0.051010891795158386
e285a320-cf95-44ac-8782-c5c972eacf90,0.02,0.08,0.059834059327840805
e285a320-cf95-44ac-8782-c5c972eacf90,0.02,0.13,0.06430680304765701
e285a320-cf95-44ac-8782-c5c972eacf90,0.02,0.18000000000000002,0.0700034648180008
e285a320-cf95-44ac-8782-c5c972eacf90,0.02,0.23,0.06731067597866058
e285a320-cf95-44ac-8782-c5c972eacf90,0.03,0.03,0.047583211213350296
e285a320-cf95-44ac-8782-c5c972eacf90,0.03,0.08,0.0607709102332592
e285a320-cf95-44ac-8782-c5c972eacf90,0.03,0.13,0.06489066779613495
e285a320-cf95-44ac-8782-c5c972eacf90,0.03,0.18000000000000002,0.06662318855524063
e285a320-cf95-44ac-8782-c5c972eacf90,0.03,0.23,0.06692858785390854
e285a320-cf95-44ac-8782-c5c972eacf90,0.04,0.03,0.047906018793582916
e285a320-cf95-44ac-8782-c5c972eacf90,0.04,0.08,0.05853715538978577
e285a320-cf95-44ac-8782-c5c972eacf90,0.05,0.03,0.04728640988469124
e285a320-cf95-44ac-8782-c5c972eacf90,0.05,0.08,0.06300047039985657
e285a320-cf95-44ac-8782-c5c972eacf90,0.05,0.13,0.0635896548628807
e285a320-cf95-44ac-8782-c5c972eacf90,0.05,0.18000000000000002,0.06700527667999268
e285a320-cf95-44ac-8782-c5c972eacf90,0.05,0.23,0.06834719330072403
e285a320-cf95-44ac-8782-c5c972eacf90,0.1,0.03,0.04934977740049362
e285a320-cf95-44ac-8782-c5c972eacf90,0.1,0.08,0.060498129576444626
e285a320-cf95-44ac-8782-c5c972eacf90,0.1,0.13,0.06269463151693344
e285a320-cf95-44ac-8782-c5c972eacf90,0.1,0.18000000000000002,0.06664149463176727
e285a320-cf95-44ac-8782-c5c972eacf90,0.1,0.23,0.06695834547281265
e285a320-cf95-44ac-8782-c5c972eacf90,0.15000000000000002,0.03,0.049804676324129105
e285a320-cf95-44ac-8782-c5c972eacf90,0.15000000000000002,0.08,0.05897587910294533
e285a320-cf95-44ac-8782-c5c972eacf90,0.15000000000000002,0.13,0.06576548516750336
e285a320-cf95-44ac-8782-c5c972eacf90,0.15000000000000002,0.18000000000000002,0.0673288106918335
e285a320-cf95-44ac-8782-c5c972eacf90,0.15000000000000002,0.23,0.0685407966375351
e285a320-cf95-44ac-8782-c5c972eacf90,0.2,0.03,0.0469224639236927
e285a320-cf95-44ac-8782-c5c972eacf90,0.2,0.08,0.0587490051984787
e285a320-cf95-44ac-8782-c5c972eacf90,0.2,0.13,0.06367865949869156
e285a320-cf95-44ac-8782-c5c972eacf90,0.2,0.18000000000000002,0.06499887257814407
e285a320-cf95-44ac-8782-c5c972eacf90,0.2,0.23,0.06262335181236267
e285a320-cf95-44ac-8782-c5c972eacf90,0.25,0.03,0.04847044125199318
e285a320-cf95-44ac-8782-c5c972eacf90,0.25,0.08,0.06503661721944809
e285a320-cf95-44ac-8782-c5c972eacf90,0.25,0.13,0.06449728459119797
e285a320-cf95-44ac-8782-c5c972eacf90,0.25,0.18000000000000002,0.060850512236356735
e285a320-cf95-44ac-8782-c5c972eacf90,0.25,0.23,0.06675362586975098
e285a320-cf95-44ac-8782-c5c972eacf90,0.30000000000000004,0.03,0.04970623552799225
e285a320-cf95-44ac-8782-c5c972eacf90,0.30000000000000004,0.08,0.057598650455474854
e285a320-cf95-44ac-8782-c5c972eacf90,0.30000000000000004,0.13,0.0645090639591217
e285a320-cf95-44ac-8782-c5c972eacf90,0.30000000000000004,0.18000000000000002,0.061527542769908905
e285a320-cf95-44ac-8782-c5c972eacf90,0.30000000000000004,0.23,0.0605122372508049
e305d74d-4aa3-4099-828e-78695220cb62,0.0,0.03,0.046790771186351776
e305d74d-4aa3-4099-828e-78695220cb62,0.0,0.08,0.06253059208393097
e305d74d-4aa3-4099-828e-78695220cb62,0.0,0.13,0.07119125127792358
e305d74d-4aa3-4099-828e-78695220cb62,0.0,0.18000000000000002,0.07454484701156616
e305d74d-4aa3-4099-828e-78695220cb62,0.0,0.23,0.07812976092100143
e305d74d-4aa3-4099-828e-78695220cb62,0.01,0.03,0.05389862880110741
e305d74d-4aa3-4099-828e-78695220cb62,0.01,0.08,0.07087008655071259
e305d74d-4aa3-4099-828e-78695220cb62,0.01,0.13,0.07537298649549484
e305d74d-4aa3-4099-828e-78695220cb62,0.01,0.18000000000000002,0.08005183935165405
e305d74d-4aa3-4099-828e-78695220cb62,0.01,0.23,0.08044993132352829
e305d74d-4aa3-4099-828e-78695220cb62,0.02,0.03,0.052531566470861435
e305d74d-4aa3-4099-828e-78695220cb62,0.02,0.08,0.06776351481676102
e305d74d-4aa3-4099-828e-78695220cb62,0.02,0.13,0.07275267690420151
e305d74d-4aa3-4099-828e-78695220cb62,0.02,0.18000000000000002,0.07442556321620941
e305d74d-4aa3-4099-828e-78695220cb62,0.02,0.23,0.08148308843374252
e305d74d-4aa3-4099-828e-78695220cb62,0.03,0.03,0.05117832496762276
e305d74d-4aa3-4099-828e-78695220cb62,0.03,0.08,0.06473928689956665
e305d74d-4aa3-4099-828e-78695220cb62,0.03,0.13,0.06804543733596802
e305d74d-4aa3-4099-828e-78695220cb62,0.03,0.18000000000000002,0.07382925599813461
e305d74d-4aa3-4099-828e-78695220cb62,0.03,0.23,0.07808732241392136
e305d74d-4aa3-4099-828e-78695220cb62,0.04,0.03,0.04958854243159294
e305d74d-4aa3-4099-828e-78695220cb62,0.04,0.08,0.07064679265022278
e305d74d-4aa3-4099-828e-78695220cb62,0.05,0.03,0.04589470848441124
e305d74d-4aa3-4099-828e-78695220cb62,0.05,0.08,0.05788959935307503
e305d74d-4aa3-4099-828e-78695220cb62,0.05,0.13,0.06403404474258423
e305d74d-4aa3-4099-828e-78695220cb62,0.05,0.18000000000000002,0.07065107673406601
e305d74d-4aa3-4099-828e-78695220cb62,0.05,0.23,0.08058010786771774
e305d74d-4aa3-4099-828e-78695220cb62,0.1,0.03,0.053124915808439255
e305d74d-4aa3-4099-828e-78695220cb62,0.1,0.08,0.06369111686944962
e305d74d-4aa3-4099-828e-78695220cb62,0.1,0.13,0.06451063603162766
e305d74d-4aa3-4099-828e-78695220cb62,0.1,0.18000000000000002,0.07181001454591751
e305d74d-4aa3-4099-828e-78695220cb62,0.1,0.23,0.07489782571792603
e305d74d-4aa3-4099-828e-78695220cb62,0.15000000000000002,0.03,0.04593518003821373
e305d74d-4aa3-4099-828e-78695220cb62,0.15000000000000002,0.08,0.05688723921775818
e305d74d-4aa3-4099-828e-78695220cb62,0.15000000000000002,0.13,0.06468942761421204
e305d74d-4aa3-4099-828e-78695220cb62,0.15000000000000002,0.18000000000000002,0.07065412402153015
e305d74d-4aa3-4099-828e-78695220cb62,0.15000000000000002,0.23,0.07823259383440018
e305d74d-4aa3-4099-828e-78695220cb62,0.2,0.03,0.04794454947113991
e305d74d-4aa3-4099-828e-78695220cb62,0.2,0.08,0.05882339924573898
e305d74d-4aa3-4099-828e-78695220cb62,0.2,0.13,0.06752984970808029
e305d74d-4aa3-4099-828e-78695220cb62,0.2,0.18000000000000002,0.08082300424575806
e305d74d-4aa3-4099-828e-78695220cb62,0.2,0.23,0.0911184698343277
e305d74d-4aa3-4099-828e-78695220cb62,0.25,0.03,0.0498201921582222
e305d74d-4aa3-4099-828e-78695220cb62,0.25,0.08,0.06100797653198242
e305d74d-4aa3-4099-828e-78695220cb62,0.25,0.13,0.07187940180301666
e305d74d-4aa3-4099-828e-78695220cb62,0.25,0.18000000000000002,0.08624333143234253
e305d74d-4aa3-4099-828e-78695220cb62,0.25,0.23,0.09147471189498901
e305d74d-4aa3-4099-828e-78695220cb62,0.30000000000000004,0.03,0.047192104160785675
e305d74d-4aa3-4099-828e-78695220cb62,0.30000000000000004,0.08,0.07043200731277466
e305d74d-4aa3-4099-828e-78695220cb62,0.30000000000000004,0.13,0.08564390242099762
e305d74d-4aa3-4099-828e-78695220cb62,0.30000000000000004,0.18000000000000002,0.09194467216730118
e305d74d-4aa3-4099-828e-78695220cb62,0.30000000000000004,0.23,0.09718361496925354
e40fb2d8-69fa-4fd6-a0a1-bed73410aa15,0.0,0.03,0.06885862350463867
e40fb2d8-69fa-4fd6-a0a1-bed73410aa15,0.0,0.08,0.08809337764978409
e40fb2d8-69fa-4fd6-a0a1-bed73410aa15,0.0,0.13,0.09603960067033768
e40fb2d8-69fa-4fd6-a0a1-bed73410aa15,0.0,0.18000000000000002,0.09239877015352249
e40fb2d8-69fa-4fd6-a0a1-bed73410aa15,0.0,0.23,0.0885552316904068
e40fb2d8-69fa-4fd6-a0a1-bed73410aa15,0.01,0.03,0.05340562015771866
e40fb2d8-69fa-4fd6-a0a1-bed73410aa15,0.01,0.08,0.07191412895917892
e40fb2d8-69fa-4fd6-a0a1-bed73410aa15,0.01,0.13,0.08818111568689346
e40fb2d8-69fa-4fd6-a0a1-bed73410aa15,0.01,0.18000000000000002,0.08172846585512161
e40fb2d8-69fa-4fd6-a0a1-bed73410aa15,0.01,0.23,0.08104826509952545
e40fb2d8-69fa-4fd6-a0a1-bed73410aa15,0.02,0.03,0.05390549451112747
e40fb2d8-69fa-4fd6-a0a1-bed73410aa15,0.02,0.08,0.06830151379108429
e40fb2d8-69fa-4fd6-a0a1-bed73410aa15,0.02,0.13,0.08228259533643723
e40fb2d8-69fa-4fd6-a0a1-bed73410aa15,0.02,0.18000000000000002,0.07715865969657898
e40fb2d8-69fa-4fd6-a0a1-bed73410aa15,0.02,0.23,0.07974059134721756
e40fb2d8-69fa-4fd6-a0a1-bed73410aa15,0.03,0.03,0.05941304937005043
e40fb2d8-69fa-4fd6-a0a1-bed73410aa15,0.03,0.08,0.07656683027744293
e40fb2d8-69fa-4fd6-a0a1-bed73410aa15,0.03,0.13,0.0827559307217598
e40fb2d8-69fa-4fd6-a0a1-bed73410aa15,0.03,0.18000000000000002,0.07875954359769821
e40fb2d8-69fa-4fd6-a0a1-bed73410aa15,0.03,0.23,0.08008497208356857
e40fb2d8-69fa-4fd6-a0a1-bed73410aa15,0.04,0.03,0.05846887826919556
e40fb2d8-69fa-4fd6-a0a1-bed73410aa15,0.04,0.08,0.0751631110906601
e40fb2d8-69fa-4fd6-a0a1-bed73410aa15,0.05,0.03,0.053647156804800034
e40fb2d8-69fa-4fd6-a0a1-bed73410aa15,0.05,0.08,0.06790187209844589
e40fb2d8-69fa-4fd6-a0a1-bed73410aa15,0.05,0.13,0.07054337859153748
e40fb2d8-69fa-4fd6-a0a1-bed73410aa15,0.05,0.18000000000000002,0.07193130254745483
e40fb2d8-69fa-4fd6-a0a1-bed73410aa15,0.05,0.23,0.07055280357599258
e40fb2d8-69fa-4fd6-a0a1-bed73410aa15,0.1,0.03,0.047089140862226486
e40fb2d8-69fa-4fd6-a0a1-bed73410aa15,0.1,0.08,0.059716686606407166
e40fb2d8-69fa-4fd6-a0a1-bed73410aa15,0.1,0.13,0.06521748751401901
e40fb2d8-69fa-4fd6-a0a1-bed73410aa15,0.1,0.18000000000000002,0.06259343028068542
e40fb2d8-69fa-4fd6-a0a1-bed73410aa15,0.1,0.23,0.07296398282051086
e40fb2d8-69fa-4fd6-a0a1-bed73410aa15,0.15000000000000002,0.03,0.05271148309111595
e40fb2d8-69fa-4fd6-a0a1-bed73410aa15,0.15000000000000002,0.08,0.05421317741274834
e40fb2d8-69fa-4fd6-a0a1-bed73410aa15,0.15000000000000002,0.13,0.05879902094602585
e40fb2d8-69fa-4fd6-a0a1-bed73410aa15,0.15000000000000002,0.18000000000000002,0.07121425867080688
e40fb2d8-69fa-4fd6-a0a1-bed73410aa15,0.15000000000000002,0.23,0.07909473031759262
e40fb2d8-69fa-4fd6-a0a1-bed73410aa15,0.2,0.03,0.045397911220788956
e40fb2d8-69fa-4fd6-a0a1-bed73410aa15,0.2,0.08,0.053239814937114716
e40fb2d8-69fa-4fd6-a0a1-bed73410aa15,0.2,0.13,0.06474486738443375
e40fb2d8-69fa-4fd6-a0a1-bed73410aa15,0.2,0.18000000000000002,0.07380589097738266
e40fb2d8-69fa-4fd6-a0a1-bed73410aa15,0.2,0.23,0.07531438022851944
e40fb2d8-69fa-4fd6-a0a1-bed73410aa15,0.25,0.03,0.044849514961242676
e40fb2d8-69fa-4fd6-a0a1-bed73410aa15,0.25,0.08,0.05531265214085579
e40fb2d8-69fa-4fd6-a0a1-bed73410aa15,0.25,0.13,0.06435231119394302
e40fb2d8-69fa-4fd6-a0a1-bed73410aa15,0.25,0.18000000000000002,0.06675855815410614
e40fb2d8-69fa-4fd6-a0a1-bed73410aa15,0.25,0.23,0.07588236033916473
e40fb2d8-69fa-4fd6-a0a1-bed73410aa15,0.30000000000000004,0.03,0.05899735167622566
e40fb2d8-69fa-4fd6-a0a1-bed73410aa15,0.30000000000000004,0.08,0.06351859122514725
e40fb2d8-69fa-4fd6-a0a1-bed73410aa15,0.30000000000000004,0.13,0.06736527383327484
e40fb2d8-69fa-4fd6-a0a1-bed73410aa15,0.30000000000000004,0.18000000000000002,0.07282877713441849
e40fb2d8-69fa-4fd6-a0a1-bed73410aa15,0.30000000000000004,0.23,0.07859288156032562
e52faa2c-96aa-42c4-beca-3783f330035a,0.0,0.03,0.04912838712334633
e52faa2c-96aa-42c4-beca-3783f330035a,0.0,0.08,0.08063371479511261
e52faa2c-96aa-42c4-beca-3783f330035a,0.0,0.13,0.09396909922361374
e52faa2c-96aa-42c4-beca-3783f330035a,0.0,0.18000000000000002,0.10898594558238983
e52faa2c-96aa-42c4-beca-3783f330035a,0.0,0.23,0.11268506199121475
e52faa2c-96aa-42c4-beca-3783f330035a,0.01,0.03,0.05496629327535629
e52faa2c-96aa-42c4-beca-3783f330035a,0.01,0.08,0.07277389615774155
e52faa2c-96aa-42c4-beca-3783f330035a,0.01,0.13,0.10608349740505219
e52faa2c-96aa-42c4-beca-3783f330035a,0.01,0.18000000000000002,0.10281752794981003
e52faa2c-96aa-42c4-beca-3783f330035a,0.01,0.23,0.11053387820720673
e52faa2c-96aa-42c4-beca-3783f330035a,0.02,0.03,0.05449588969349861
e52faa2c-96aa-42c4-beca-3783f330035a,0.02,0.08,0.09242633730173111
e52faa2c-96aa-42c4-beca-3783f330035a,0.02,0.13,0.1094018891453743
e52faa2c-96aa-42c4-beca-3783f330035a,0.02,0.18000000000000002,0.11173109710216522
e52faa2c-96aa-42c4-beca-3783f330035a,0.02,0.23,0.10950728505849838
e52faa2c-96aa-42c4-beca-3783f330035a,0.03,0.03,0.05617306008934975
e52faa2c-96aa-42c4-beca-3783f330035a,0.03,0.08,0.10907601565122604
e52faa2c-96aa-42c4-beca-3783f330035a,0.03,0.13,0.11068006604909897
e52faa2c-96aa-42c4-beca-3783f330035a,0.03,0.18000000000000002,0.11434739083051682
e52faa2c-96aa-42c4-beca-3783f330035a,0.03,0.23,0.10786878317594528
e52faa2c-96aa-42c4-beca-3783f330035a,0.04,0.03,0.052555691450834274
e52faa2c-96aa-42c4-beca-3783f330035a,0.04,0.08,0.08082180470228195
e52faa2c-96aa-42c4-beca-3783f330035a,0.05,0.03,0.06761305034160614
e52faa2c-96aa-42c4-beca-3783f330035a,0.05,0.08,0.09119750559329987
e52faa2c-96aa-42c4-beca-3783f330035a,0.05,0.13,0.10624386370182037
e52faa2c-96aa-42c4-beca-3783f330035a,0.05,0.18000000000000002,0.10912520438432693
e52faa2c-96aa-42c4-beca-3783f330035a,0.05,0.23,0.10354956984519958
e52faa2c-96aa-42c4-beca-3783f330035a,0.1,0.03,0.051338326185941696
e52faa2c-96aa-42c4-beca-3783f330035a,0.1,0.08,0.08497051894664764
e52faa2c-96aa-42c4-beca-3783f330035a,0.1,0.13,0.08874400705099106
e52faa2c-96aa-42c4-beca-3783f330035a,0.1,0.18000000000000002,0.08454404771327972
e52faa2c-96aa-42c4-beca-3783f330035a,0.1,0.23,0.07702993601560593
e52faa2c-96aa-42c4-beca-3783f330035a,0.15000000000000002,0.03,0.05055323988199234
e52faa2c-96aa-42c4-beca-3783f330035a,0.15000000000000002,0.08,0.06325137615203857
e52faa2c-96aa-42c4-beca-3783f330035a,0.15000000000000002,0.13,0.07541431486606598
e52faa2c-96aa-42c4-beca-3783f330035a,0.15000000000000002,0.18000000000000002,0.07157684117555618
e52faa2c-96aa-42c4-beca-3783f330035a,0.15000000000000002,0.23,0.0778873860836029
e52faa2c-96aa-42c4-beca-3783f330035a,0.2,0.03,0.05083787813782692
e52faa2c-96aa-42c4-beca-3783f330035a,0.2,0.08,0.06930747628211975
e52faa2c-96aa-42c4-beca-3783f330035a,0.2,0.13,0.06583674997091293
e52faa2c-96aa-42c4-beca-3783f330035a,0.2,0.18000000000000002,0.07920093089342117
e52faa2c-96aa-42c4-beca-3783f330035a,0.2,0.23,0.0731574147939682
e52faa2c-96aa-42c4-beca-3783f330035a,0.25,0.03,0.05272139236330986
e52faa2c-96aa-42c4-beca-3783f330035a,0.25,0.08,0.06229299306869507
e52faa2c-96aa-42c4-beca-3783f330035a,0.25,0.13,0.07556083798408508
e52faa2c-96aa-42c4-beca-3783f330035a,0.25,0.18000000000000002,0.06842466443777084
e52faa2c-96aa-42c4-beca-3783f330035a,0.25,0.23,0.07244247198104858
e52faa2c-96aa-42c4-beca-3783f330035a,0.30000000000000004,0.03,0.05278554558753967
e52faa2c-96aa-42c4-beca-3783f330035a,0.30000000000000004,0.08,0.06566090881824493
e52faa2c-96aa-42c4-beca-3783f330035a,0.30000000000000004,0.13,0.06714311987161636
e52faa2c-96aa-42c4-beca-3783f330035a,0.30000000000000004,0.18000000000000002,0.07278316468000412
e52faa2c-96aa-42c4-beca-3783f330035a,0.30000000000000004,0.23,0.06935255229473114
e54ebae7-1917-49b0-ac05-97b05dc98352,0.0,0.03,0.04840802401304245
e54ebae7-1917-49b0-ac05-97b05dc98352,0.0,0.08,0.061969321221113205
e54ebae7-1917-49b0-ac05-97b05dc98352,0.0,0.13,0.06741293519735336
e54ebae7-1917-49b0-ac05-97b05dc98352,0.0,0.18000000000000002,0.06427110731601715
e54ebae7-1917-49b0-ac05-97b05dc98352,0.0,0.23,0.07580391317605972
e54ebae7-1917-49b0-ac05-97b05dc98352,0.01,0.03,0.05965300649404526
e54ebae7-1917-49b0-ac05-97b05dc98352,0.01,0.08,0.06944682449102402
e54ebae7-1917-49b0-ac05-97b05dc98352,0.01,0.13,0.06995532661676407
e54ebae7-1917-49b0-ac05-97b05dc98352,0.01,0.18000000000000002,0.06725166738033295
e54ebae7-1917-49b0-ac05-97b05dc98352,0.01,0.23,0.07622044533491135
e54ebae7-1917-49b0-ac05-97b05dc98352,0.02,0.03,0.04923330992460251
e54ebae7-1917-49b0-ac05-97b05dc98352,0.02,0.08,0.06320224702358246
e54ebae7-1917-49b0-ac05-97b05dc98352,0.02,0.13,0.0659584328532219
e54ebae7-1917-49b0-ac05-97b05dc98352,0.02,0.18000000000000002,0.06954565644264221
e54ebae7-1917-49b0-ac05-97b05dc98352,0.02,0.23,0.07570166140794754
e54ebae7-1917-49b0-ac05-97b05dc98352,0.03,0.03,0.04756901413202286
e54ebae7-1917-49b0-ac05-97b05dc98352,0.03,0.08,0.05783868581056595
e54ebae7-1917-49b0-ac05-97b05dc98352,0.03,0.13,0.06160011142492294
e54ebae7-1917-49b0-ac05-97b05dc98352,0.03,0.18000000000000002,0.07168196141719818
e54ebae7-1917-49b0-ac05-97b05dc98352,0.03,0.23,0.08157295733690262
e54ebae7-1917-49b0-ac05-97b05dc98352,0.04,0.03,0.046841297298669815
e54ebae7-1917-49b0-ac05-97b05dc98352,0.04,0.08,0.05880538746714592
e54ebae7-1917-49b0-ac05-97b05dc98352,0.05,0.03,0.051103588193655014
e54ebae7-1917-49b0-ac05-97b05dc98352,0.05,0.08,0.05447240173816681
e54ebae7-1917-49b0-ac05-97b05dc98352,0.05,0.13,0.06708396971225739
e54ebae7-1917-49b0-ac05-97b05dc98352,0.05,0.18000000000000002,0.07846736907958984
e54ebae7-1917-49b0-ac05-97b05dc98352,0.05,0.23,0.08093546330928802
e54ebae7-1917-49b0-ac05-97b05dc98352,0.1,0.03,0.05031021684408188
e54ebae7-1917-49b0-ac05-97b05dc98352,0.1,0.08,0.0625026747584343
e54ebae7-1917-49b0-ac05-97b05dc98352,0.1,0.13,0.08061596751213074
e54ebae7-1917-49b0-ac05-97b05dc98352,0.1,0.18000000000000002,0.08166330307722092
e54ebae7-1917-49b0-ac05-97b05dc98352,0.1,0.23,0.08130505681037903
e54ebae7-1917-49b0-ac05-97b05dc98352,0.15000000000000002,0.03,0.053738828748464584
e54ebae7-1917-49b0-ac05-97b05dc98352,0.15000000000000002,0.08,0.07760170102119446
e54ebae7-1917-49b0-ac05-97b05dc98352,0.15000000000000002,0.13,0.07634137570858002
e54ebae7-1917-49b0-ac05-97b05dc98352,0.15000000000000002,0.18000000000000002,0.0726211816072464
e54ebae7-1917-49b0-ac05-97b05dc98352,0.15000000000000002,0.23,0.06531757861375809
e54ebae7-1917-49b0-ac05-97b05dc98352,0.2,0.03,0.04893038049340248
e54ebae7-1917-49b0-ac05-97b05dc98352,0.2,0.08,0.05827892944216728
e54ebae7-1917-49b0-ac05-97b05dc98352,0.2,0.13,0.0665440633893013
e54ebae7-1917-49b0-ac05-97b05dc98352,0.2,0.18000000000000002,0.06299819052219391
e54ebae7-1917-49b0-ac05-97b05dc98352,0.2,0.23,0.070334792137146
e54ebae7-1917-49b0-ac05-97b05dc98352,0.25,0.03,0.05322396382689476
e54ebae7-1917-49b0-ac05-97b05dc98352,0.25,0.08,0.05931233614683151
e54ebae7-1917-49b0-ac05-97b05dc98352,0.25,0.13,0.06979696452617645
e54ebae7-1917-49b0-ac05-97b05dc98352,0.25,0.18000000000000002,0.06906260550022125
e54ebae7-1917-49b0-ac05-97b05dc98352,0.25,0.23,0.06989668309688568
e54ebae7-1917-49b0-ac05-97b05dc98352,0.30000000000000004,0.03,0.04728787764906883
e54ebae7-1917-49b0-ac05-97b05dc98352,0.30000000000000004,0.08,0.06409452110528946
e54ebae7-1917-49b0-ac05-97b05dc98352,0.30000000000000004,0.13,0.06881797313690186
e54ebae7-1917-49b0-ac05-97b05dc98352,0.30000000000000004,0.18000000000000002,0.06720523536205292
e54ebae7-1917-49b0-ac05-97b05dc98352,0.30000000000000004,0.23,0.06434381753206253
e57e882e-ab0b-4212-b205-0a360752649a,0.0,0.03,0.05374826490879059
e57e882e-ab0b-4212-b205-0a360752649a,0.0,0.08,0.06277268379926682
e57e882e-ab0b-4212-b205-0a360752649a,0.0,0.13,0.06765114516019821
e57e882e-ab0b-4212-b205-0a360752649a,0.0,0.18000000000000002,0.07382988929748535
e57e882e-ab0b-4212-b205-0a360752649a,0.0,0.23,0.066655732691288
e57e882e-ab0b-4212-b205-0a360752649a,0.01,0.03,0.04562604799866676
e57e882e-ab0b-4212-b205-0a360752649a,0.01,0.08,0.06325408816337585
e57e882e-ab0b-4212-b205-0a360752649a,0.01,0.13,0.06640027463436127
e57e882e-ab0b-4212-b205-0a360752649a,0.01,0.18000000000000002,0.0733715295791626
e57e882e-ab0b-4212-b205-0a360752649a,0.01,0.23,0.07051756978034973
e57e882e-ab0b-4212-b205-0a360752649a,0.02,0.03,0.046155452728271484
e57e882e-ab0b-4212-b205-0a360752649a,0.02,0.08,0.0626530796289444
e57e882e-ab0b-4212-b205-0a360752649a,0.02,0.13,0.06914257258176804
e57e882e-ab0b-4212-b205-0a360752649a,0.02,0.18000000000000002,0.07287151366472244
e57e882e-ab0b-4212-b205-0a360752649a,0.02,0.23,0.07061353325843811
e57e882e-ab0b-4212-b205-0a360752649a,0.03,0.03,0.05244092270731926
e57e882e-ab0b-4212-b205-0a360752649a,0.03,0.08,0.05913672596216202
e57e882e-ab0b-4212-b205-0a360752649a,0.03,0.13,0.06906057149171829
e57e882e-ab0b-4212-b205-0a360752649a,0.03,0.18000000000000002,0.06764443963766098
e57e882e-ab0b-4212-b205-0a360752649a,0.03,0.23,0.06462807208299637
e57e882e-ab0b-4212-b205-0a360752649a,0.04,0.03,0.04898011311888695
e57e882e-ab0b-4212-b205-0a360752649a,0.04,0.08,0.062406864017248154
e57e882e-ab0b-4212-b205-0a360752649a,0.05,0.03,0.0495716854929924
e57e882e-ab0b-4212-b205-0a360752649a,0.05,0.08,0.06538095325231552
e57e882e-ab0b-4212-b205-0a360752649a,0.05,0.13,0.06709480285644531
e57e882e-ab0b-4212-b205-0a360752649a,0.05,0.18000000000000002,0.06119226664304733
e57e882e-ab0b-4212-b205-0a360752649a,0.05,0.23,0.0689854696393013
e57e882e-ab0b-4212-b205-0a360752649a,0.1,0.03,0.04948299005627632
e57e882e-ab0b-4212-b205-0a360752649a,0.1,0.08,0.05858025327324867
e57e882e-ab0b-4212-b205-0a360752649a,0.1,0.13,0.062307991087436676
e57e882e-ab0b-4212-b205-0a360752649a,0.1,0.18000000000000002,0.07420073449611664
e57e882e-ab0b-4212-b205-0a360752649a,0.1,0.23,0.08895417302846909
e57e882e-ab0b-4212-b205-0a360752649a,0.15000000000000002,0.03,0.054753851145505905
e57e882e-ab0b-4212-b205-0a360752649a,0.15000000000000002,0.08,0.058290764689445496
e57e882e-ab0b-4212-b205-0a360752649a,0.15000000000000002,0.13,0.06833644956350327
e57e882e-ab0b-4212-b205-0a360752649a,0.15000000000000002,0.18000000000000002,0.0840778648853302
e57e882e-ab0b-4212-b205-0a360752649a,0.15000000000000002,0.23,0.0839904248714447
e57e882e-ab0b-4212-b205-0a360752649a,0.2,0.03,0.04880315437912941
e57e882e-ab0b-4212-b205-0a360752649a,0.2,0.08,0.052736084908246994
e57e882e-ab0b-4212-b205-0a360752649a,0.2,0.13,0.07165270298719406
e57e882e-ab0b-4212-b205-0a360752649a,0.2,0.18000000000000002,0.07183786481618881
e57e882e-ab0b-4212-b205-0a360752649a,0.2,0.23,0.06637707352638245
e57e882e-ab0b-4212-b205-0a360752649a,0.25,0.03,0.04560611769556999
e57e882e-ab0b-4212-b205-0a360752649a,0.25,0.08,0.06036491319537163
e57e882e-ab0b-4212-b205-0a360752649a,0.25,0.13,0.061101824045181274
e57e882e-ab0b-4212-b205-0a360752649a,0.25,0.18000000000000002,0.0641578957438469
e57e882e-ab0b-4212-b205-0a360752649a,0.25,0.23,0.0634763240814209
e57e882e-ab0b-4212-b205-0a360752649a,0.30000000000000004,0.03,0.04943519085645676
e57e882e-ab0b-4212-b205-0a360752649a,0.30000000000000004,0.08,0.055567990988492966
e57e882e-ab0b-4212-b205-0a360752649a,0.30000000000000004,0.13,0.06604033708572388
e57e882e-ab0b-4212-b205-0a360752649a,0.30000000000000004,0.18000000000000002,0.0671079084277153
e57e882e-ab0b-4212-b205-0a360752649a,0.30000000000000004,0.23,0.0673358365893364
e5e8d5b1-7c51-4750-914e-3f0161f1ef46,0.0,0.03,0.06099759787321091
e5e8d5b1-7c51-4750-914e-3f0161f1ef46,0.0,0.08,0.09828437864780426
e5e8d5b1-7c51-4750-914e-3f0161f1ef46,0.0,0.13,0.09677797555923462
e5e8d5b1-7c51-4750-914e-3f0161f1ef46,0.0,0.18000000000000002,0.09119585901498795
e5e8d5b1-7c51-4750-914e-3f0161f1ef46,0.0,0.23,0.08566734194755554
e5e8d5b1-7c51-4750-914e-3f0161f1ef46,0.01,0.03,0.06919974088668823
e5e8d5b1-7c51-4750-914e-3f0161f1ef46,0.01,0.08,0.10077746957540512
e5e8d5b1-7c51-4750-914e-3f0161f1ef46,0.01,0.13,0.10054174065589905
e5e8d5b1-7c51-4750-914e-3f0161f1ef46,0.01,0.18000000000000002,0.08953673392534256
e5e8d5b1-7c51-4750-914e-3f0161f1ef46,0.01,0.23,0.0866888016462326
e5e8d5b1-7c51-4750-914e-3f0161f1ef46,0.02,0.03,0.07358849793672562
e5e8d5b1-7c51-4750-914e-3f0161f1ef46,0.02,0.08,0.09459803998470306
e5e8d5b1-7c51-4750-914e-3f0161f1ef46,0.02,0.13,0.09088555723428726
e5e8d5b1-7c51-4750-914e-3f0161f1ef46,0.02,0.18000000000000002,0.08524575084447861
e5e8d5b1-7c51-4750-914e-3f0161f1ef46,0.02,0.23,0.08335386216640472
e5e8d5b1-7c51-4750-914e-3f0161f1ef46,0.03,0.03,0.07183441519737244
e5e8d5b1-7c51-4750-914e-3f0161f1ef46,0.03,0.08,0.09584895521402359
e5e8d5b1-7c51-4750-914e-3f0161f1ef46,0.03,0.13,0.08938981592655182
e5e8d5b1-7c51-4750-914e-3f0161f1ef46,0.03,0.18000000000000002,0.08517947047948837
e5e8d5b1-7c51-4750-914e-3f0161f1ef46,0.03,0.23,0.0833519771695137
e5e8d5b1-7c51-4750-914e-3f0161f1ef46,0.04,0.03,0.07120399177074432
e5e8d5b1-7c51-4750-914e-3f0161f1ef46,0.04,0.08,0.08860870450735092
e5e8d5b1-7c51-4750-914e-3f0161f1ef46,0.05,0.03,0.06940244138240814
e5e8d5b1-7c51-4750-914e-3f0161f1ef46,0.05,0.08,0.0909336656332016
e5e8d5b1-7c51-4750-914e-3f0161f1ef46,0.05,0.13,0.08422262221574783
e5e8d5b1-7c51-4750-914e-3f0161f1ef46,0.05,0.18000000000000002,0.07854757457971573
e5e8d5b1-7c51-4750-914e-3f0161f1ef46,0.05,0.23,0.0818399041891098
e5e8d5b1-7c51-4750-914e-3f0161f1ef46,0.1,0.03,0.05356573313474655
e5e8d5b1-7c51-4750-914e-3f0161f1ef46,0.1,0.08,0.06709225475788116
e5e8d5b1-7c51-4750-914e-3f0161f1ef46,0.1,0.13,0.06891558319330215
e5e8d5b1-7c51-4750-914e-3f0161f1ef46,0.1,0.18000000000000002,0.07456300407648087
e5e8d5b1-7c51-4750-914e-3f0161f1ef46,0.1,0.23,0.07932014763355255
e5e8d5b1-7c51-4750-914e-3f0161f1ef46,0.15000000000000002,0.03,0.04795154184103012
e5e8d5b1-7c51-4750-914e-3f0161f1ef46,0.15000000000000002,0.08,0.058896567672491074
e5e8d5b1-7c51-4750-914e-3f0161f1ef46,0.15000000000000002,0.13,0.07062734663486481
e5e8d5b1-7c51-4750-914e-3f0161f1ef46,0.15000000000000002,0.18000000000000002,0.07620477676391602
e5e8d5b1-7c51-4750-914e-3f0161f1ef46,0.15000000000000002,0.23,0.07459443062543869
e5e8d5b1-7c51-4750-914e-3f0161f1ef46,0.2,0.03,0.049789778888225555
e5e8d5b1-7c51-4750-914e-3f0161f1ef46,0.2,0.08,0.07274163514375687
e5e8d5b1-7c51-4750-914e-3f0161f1ef46,0.2,0.13,0.08026361465454102
e5e8d5b1-7c51-4750-914e-3f0161f1ef46,0.2,0.18000000000000002,0.08009563386440277
e5e8d5b1-7c51-4750-914e-3f0161f1ef46,0.2,0.23,0.08154994249343872
e5e8d5b1-7c51-4750-914e-3f0161f1ef46,0.25,0.03,0.05763937160372734
e5e8d5b1-7c51-4750-914e-3f0161f1ef46,0.25,0.08,0.07226172834634781
e5e8d5b1-7c51-4750-914e-3f0161f1ef46,0.25,0.13,0.07275059074163437
e5e8d5b1-7c51-4750-914e-3f0161f1ef46,0.25,0.18000000000000002,0.07740439474582672
e5e8d5b1-7c51-4750-914e-3f0161f1ef46,0.25,0.23,0.0757550448179245
e5e8d5b1-7c51-4750-914e-3f0161f1ef46,0.30000000000000004,0.03,0.05033978819847107
e5e8d5b1-7c51-4750-914e-3f0161f1ef46,0.30000000000000004,0.08,0.06525084376335144
e5e8d5b1-7c51-4750-914e-3f0161f1ef46,0.30000000000000004,0.13,0.0731707438826561
e5e8d5b1-7c51-4750-914e-3f0161f1ef46,0.30000000000000004,0.18000000000000002,0.0719069167971611
e5e8d5b1-7c51-4750-914e-3f0161f1ef46,0.30000000000000004,0.23,0.07691812515258789
e63d495f-5b21-4d4b-bdc5-b934140b3e0d,0.0,0.03,0.05220598727464676
e63d495f-5b21-4d4b-bdc5-b934140b3e0d,0.0,0.08,0.07360466569662094
e63d495f-5b21-4d4b-bdc5-b934140b3e0d,0.0,0.13,0.08725014328956604
e63d495f-5b21-4d4b-bdc5-b934140b3e0d,0.0,0.18000000000000002,0.09742496907711029
e63d495f-5b21-4d4b-bdc5-b934140b3e0d,0.0,0.23,0.09284383803606033
e63d495f-5b21-4d4b-bdc5-b934140b3e0d,0.01,0.03,0.04979662969708443
e63d495f-5b21-4d4b-bdc5-b934140b3e0d,0.01,0.08,0.06135563179850578
e63d495f-5b21-4d4b-bdc5-b934140b3e0d,0.01,0.13,0.08328184485435486
e63d495f-5b21-4d4b-bdc5-b934140b3e0d,0.01,0.18000000000000002,0.08533665537834167
e63d495f-5b21-4d4b-bdc5-b934140b3e0d,0.01,0.23,0.08277104049921036
e63d495f-5b21-4d4b-bdc5-b934140b3e0d,0.02,0.03,0.04908248037099838
e63d495f-5b21-4d4b-bdc5-b934140b3e0d,0.02,0.08,0.07351852208375931
e63d495f-5b21-4d4b-bdc5-b934140b3e0d,0.02,0.13,0.09026401489973068
e63d495f-5b21-4d4b-bdc5-b934140b3e0d,0.02,0.18000000000000002,0.08999831229448318
e63d495f-5b21-4d4b-bdc5-b934140b3e0d,0.02,0.23,0.0928492397069931
e63d495f-5b21-4d4b-bdc5-b934140b3e0d,0.03,0.03,0.05307627096772194
e63d495f-5b21-4d4b-bdc5-b934140b3e0d,0.03,0.08,0.07422631233930588
e63d495f-5b21-4d4b-bdc5-b934140b3e0d,0.03,0.13,0.08731307834386826
e63d495f-5b21-4d4b-bdc5-b934140b3e0d,0.03,0.18000000000000002,0.08931215107440948
e63d495f-5b21-4d4b-bdc5-b934140b3e0d,0.03,0.23,0.09323371201753616
e63d495f-5b21-4d4b-bdc5-b934140b3e0d,0.04,0.03,0.056387607008218765
e63d495f-5b21-4d4b-bdc5-b934140b3e0d,0.04,0.08,0.07030516117811203
e63d495f-5b21-4d4b-bdc5-b934140b3e0d,0.05,0.03,0.0583404116332531
e63d495f-5b21-4d4b-bdc5-b934140b3e0d,0.05,0.08,0.08533097058534622
e63d495f-5b21-4d4b-bdc5-b934140b3e0d,0.05,0.13,0.0945863276720047
e63d495f-5b21-4d4b-bdc5-b934140b3e0d,0.05,0.18000000000000002,0.09534601122140884
e63d495f-5b21-4d4b-bdc5-b934140b3e0d,0.05,0.23,0.09472279250621796
e63d495f-5b21-4d4b-bdc5-b934140b3e0d,0.1,0.03,0.0608050674200058
e63d495f-5b21-4d4b-bdc5-b934140b3e0d,0.1,0.08,0.07870247215032578
e63d495f-5b21-4d4b-bdc5-b934140b3e0d,0.1,0.13,0.082295261323452
e63d495f-5b21-4d4b-bdc5-b934140b3e0d,0.1,0.18000000000000002,0.08073246479034424
e63d495f-5b21-4d4b-bdc5-b934140b3e0d,0.1,0.23,0.07872334122657776
e63d495f-5b21-4d4b-bdc5-b934140b3e0d,0.15000000000000002,0.03,0.051936063915491104
e63d495f-5b21-4d4b-bdc5-b934140b3e0d,0.15000000000000002,0.08,0.06067584827542305
e63d495f-5b21-4d4b-bdc5-b934140b3e0d,0.15000000000000002,0.13,0.06632927060127258
e63d495f-5b21-4d4b-bdc5-b934140b3e0d,0.15000000000000002,0.18000000000000002,0.07192885875701904
e63d495f-5b21-4d4b-bdc5-b934140b3e0d,0.15000000000000002,0.23,0.07615485042333603
e63d495f-5b21-4d4b-bdc5-b934140b3e0d,0.2,0.03,0.0494421124458313
e63d495f-5b21-4d4b-bdc5-b934140b3e0d,0.2,0.08,0.05716708302497864
e63d495f-5b21-4d4b-bdc5-b934140b3e0d,0.2,0.13,0.07012145966291428
e63d495f-5b21-4d4b-bdc5-b934140b3e0d,0.2,0.18000000000000002,0.07603722810745239
e63d495f-5b21-4d4b-bdc5-b934140b3e0d,0.2,0.23,0.080659881234169
e63d495f-5b21-4d4b-bdc5-b934140b3e0d,0.25,0.03,0.0462118498980999
e63d495f-5b21-4d4b-bdc5-b934140b3e0d,0.25,0.08,0.0664578527212143
e63d495f-5b21-4d4b-bdc5-b934140b3e0d,0.25,0.13,0.07847477495670319
e63d495f-5b21-4d4b-bdc5-b934140b3e0d,0.25,0.18000000000000002,0.08241556584835052
e63d495f-5b21-4d4b-bdc5-b934140b3e0d,0.25,0.23,0.08982005715370178
e63d495f-5b21-4d4b-bdc5-b934140b3e0d,0.30000000000000004,0.03,0.04678407311439514
e63d495f-5b21-4d4b-bdc5-b934140b3e0d,0.30000000000000004,0.08,0.06643662601709366
e63d495f-5b21-4d4b-bdc5-b934140b3e0d,0.30000000000000004,0.13,0.07147601246833801
e63d495f-5b21-4d4b-bdc5-b934140b3e0d,0.30000000000000004,0.18000000000000002,0.08107373863458633
e63d495f-5b21-4d4b-bdc5-b934140b3e0d,0.30000000000000004,0.23,0.08131606131792068
e6422312-62ed-49ba-a494-b592cd4b5ba4,0.0,0.03,0.07305485755205154
e6422312-62ed-49ba-a494-b592cd4b5ba4,0.0,0.08,0.09512936323881149
e6422312-62ed-49ba-a494-b592cd4b5ba4,0.0,0.13,0.09379535168409348
e6422312-62ed-49ba-a494-b592cd4b5ba4,0.0,0.18000000000000002,0.10752932727336884
e6422312-62ed-49ba-a494-b592cd4b5ba4,0.0,0.23,0.10433187335729599
e6422312-62ed-49ba-a494-b592cd4b5ba4,0.01,0.03,0.07346466928720474
e6422312-62ed-49ba-a494-b592cd4b5ba4,0.01,0.08,0.0846429169178009
e6422312-62ed-49ba-a494-b592cd4b5ba4,0.01,0.13,0.09684114903211594
e6422312-62ed-49ba-a494-b592cd4b5ba4,0.01,0.18000000000000002,0.10579632967710495
e6422312-62ed-49ba-a494-b592cd4b5ba4,0.01,0.23,0.10763043910264969
e6422312-62ed-49ba-a494-b592cd4b5ba4,0.02,0.03,0.073099784553051
e6422312-62ed-49ba-a494-b592cd4b5ba4,0.02,0.08,0.09902612864971161
e6422312-62ed-49ba-a494-b592cd4b5ba4,0.02,0.13,0.10085202008485794
e6422312-62ed-49ba-a494-b592cd4b5ba4,0.02,0.18000000000000002,0.11312637478113174
e6422312-62ed-49ba-a494-b592cd4b5ba4,0.02,0.23,0.10847011208534241
e6422312-62ed-49ba-a494-b592cd4b5ba4,0.03,0.03,0.07128704339265823
e6422312-62ed-49ba-a494-b592cd4b5ba4,0.03,0.08,0.08885229378938675
e6422312-62ed-49ba-a494-b592cd4b5ba4,0.03,0.13,0.10296681523323059
e6422312-62ed-49ba-a494-b592cd4b5ba4,0.03,0.18000000000000002,0.11318418383598328
e6422312-62ed-49ba-a494-b592cd4b5ba4,0.03,0.23,0.10619636625051498
e6422312-62ed-49ba-a494-b592cd4b5ba4,0.04,0.03,0.054774485528469086
e6422312-62ed-49ba-a494-b592cd4b5ba4,0.04,0.08,0.07851853966712952
e6422312-62ed-49ba-a494-b592cd4b5ba4,0.05,0.03,0.07997416704893112
e6422312-62ed-49ba-a494-b592cd4b5ba4,0.05,0.08,0.08112408965826035
e6422312-62ed-49ba-a494-b592cd4b5ba4,0.05,0.13,0.10366886109113693
e6422312-62ed-49ba-a494-b592cd4b5ba4,0.05,0.18000000000000002,0.10323666781187057
e6422312-62ed-49ba-a494-b592cd4b5ba4,0.05,0.23,0.10367130488157272
e6422312-62ed-49ba-a494-b592cd4b5ba4,0.1,0.03,0.05613506957888603
e6422312-62ed-49ba-a494-b592cd4b5ba4,0.1,0.08,0.09835362434387207
e6422312-62ed-49ba-a494-b592cd4b5ba4,0.1,0.13,0.1031649261713028
e6422312-62ed-49ba-a494-b592cd4b5ba4,0.1,0.18000000000000002,0.09866475313901901
e6422312-62ed-49ba-a494-b592cd4b5ba4,0.1,0.23,0.09393246471881866
e6422312-62ed-49ba-a494-b592cd4b5ba4,0.15000000000000002,0.03,0.07156693935394287
e6422312-62ed-49ba-a494-b592cd4b5ba4,0.15000000000000002,0.08,0.08026635646820068
e6422312-62ed-49ba-a494-b592cd4b5ba4,0.15000000000000002,0.13,0.0880131721496582
e6422312-62ed-49ba-a494-b592cd4b5ba4,0.15000000000000002,0.18000000000000002,0.09617947787046432
e6422312-62ed-49ba-a494-b592cd4b5ba4,0.15000000000000002,0.23,0.10666637122631073
e6422312-62ed-49ba-a494-b592cd4b5ba4,0.2,0.03,0.05575200915336609
e6422312-62ed-49ba-a494-b592cd4b5ba4,0.2,0.08,0.09032414853572845
e6422312-62ed-49ba-a494-b592cd4b5ba4,0.2,0.13,0.09891368448734283
e6422312-62ed-49ba-a494-b592cd4b5ba4,0.2,0.18000000000000002,0.11345552653074265
e6422312-62ed-49ba-a494-b592cd4b5ba4,0.2,0.23,0.11548084020614624
e6422312-62ed-49ba-a494-b592cd4b5ba4,0.25,0.03,0.0680568739771843
e6422312-62ed-49ba-a494-b592cd4b5ba4,0.25,0.08,0.07859498262405396
e6422312-62ed-49ba-a494-b592cd4b5ba4,0.25,0.13,0.10203414410352707
e6422312-62ed-49ba-a494-b592cd4b5ba4,0.25,0.18000000000000002,0.10428276658058167
e6422312-62ed-49ba-a494-b592cd4b5ba4,0.25,0.23,0.1080719530582428
e6422312-62ed-49ba-a494-b592cd4b5ba4,0.30000000000000004,0.03,0.05067424476146698
e6422312-62ed-49ba-a494-b592cd4b5ba4,0.30000000000000004,0.08,0.09029236435890198
e6422312-62ed-49ba-a494-b592cd4b5ba4,0.30000000000000004,0.13,0.10050331056118011
e6422312-62ed-49ba-a494-b592cd4b5ba4,0.30000000000000004,0.18000000000000002,0.10587397962808609
e6422312-62ed-49ba-a494-b592cd4b5ba4,0.30000000000000004,0.23,0.10584421455860138
e66932de-56a9-43f8-9ec9-44dd2dd93415,0.0,0.03,0.04541174694895744
e66932de-56a9-43f8-9ec9-44dd2dd93415,0.0,0.08,0.06694590300321579
e66932de-56a9-43f8-9ec9-44dd2dd93415,0.0,0.13,0.07983387261629105
e66932de-56a9-43f8-9ec9-44dd2dd93415,0.0,0.18000000000000002,0.08109387755393982
e66932de-56a9-43f8-9ec9-44dd2dd93415,0.0,0.23,0.08083492517471313
e66932de-56a9-43f8-9ec9-44dd2dd93415,0.01,0.03,0.05452237278223038
e66932de-56a9-43f8-9ec9-44dd2dd93415,0.01,0.08,0.07545839995145798
e66932de-56a9-43f8-9ec9-44dd2dd93415,0.01,0.13,0.08270074427127838
e66932de-56a9-43f8-9ec9-44dd2dd93415,0.01,0.18000000000000002,0.07999981194734573
e66932de-56a9-43f8-9ec9-44dd2dd93415,0.01,0.23,0.07917196303606033
e66932de-56a9-43f8-9ec9-44dd2dd93415,0.02,0.03,0.05524546653032303
e66932de-56a9-43f8-9ec9-44dd2dd93415,0.02,0.08,0.07325053215026855
e66932de-56a9-43f8-9ec9-44dd2dd93415,0.02,0.13,0.07842273265123367
e66932de-56a9-43f8-9ec9-44dd2dd93415,0.02,0.18000000000000002,0.07969791442155838
e66932de-56a9-43f8-9ec9-44dd2dd93415,0.02,0.23,0.07854799926280975
e66932de-56a9-43f8-9ec9-44dd2dd93415,0.03,0.03,0.04671618714928627
e66932de-56a9-43f8-9ec9-44dd2dd93415,0.03,0.08,0.075945183634758
e66932de-56a9-43f8-9ec9-44dd2dd93415,0.03,0.13,0.07820015400648117
e66932de-56a9-43f8-9ec9-44dd2dd93415,0.03,0.18000000000000002,0.07586831599473953
e66932de-56a9-43f8-9ec9-44dd2dd93415,0.03,0.23,0.07196686416864395
e66932de-56a9-43f8-9ec9-44dd2dd93415,0.04,0.03,0.051957253366708755
e66932de-56a9-43f8-9ec9-44dd2dd93415,0.04,0.08,0.07280838489532471
e66932de-56a9-43f8-9ec9-44dd2dd93415,0.05,0.03,0.051490433514118195
e66932de-56a9-43f8-9ec9-44dd2dd93415,0.05,0.08,0.06908891350030899
e66932de-56a9-43f8-9ec9-44dd2dd93415,0.05,0.13,0.07281219214200974
e66932de-56a9-43f8-9ec9-44dd2dd93415,0.05,0.18000000000000002,0.07829443365335464
e66932de-56a9-43f8-9ec9-44dd2dd93415,0.05,0.23,0.0692574605345726
e66932de-56a9-43f8-9ec9-44dd2dd93415,0.1,0.03,0.04936368390917778
e66932de-56a9-43f8-9ec9-44dd2dd93415,0.1,0.08,0.06261064112186432
e66932de-56a9-43f8-9ec9-44dd2dd93415,0.1,0.13,0.06484463810920715
e66932de-56a9-43f8-9ec9-44dd2dd93415,0.1,0.18000000000000002,0.05966883525252342
e66932de-56a9-43f8-9ec9-44dd2dd93415,0.1,0.23,0.05709807574748993
e66932de-56a9-43f8-9ec9-44dd2dd93415,0.15000000000000002,0.03,0.042471982538700104
e66932de-56a9-43f8-9ec9-44dd2dd93415,0.15000000000000002,0.08,0.05402379110455513
e66932de-56a9-43f8-9ec9-44dd2dd93415,0.15000000000000002,0.13,0.055437225848436356
e66932de-56a9-43f8-9ec9-44dd2dd93415,0.15000000000000002,0.18000000000000002,0.057373952120542526
e66932de-56a9-43f8-9ec9-44dd2dd93415,0.15000000000000002,0.23,0.05869503691792488
e66932de-56a9-43f8-9ec9-44dd2dd93415,0.2,0.03,0.046224672347307205
e66932de-56a9-43f8-9ec9-44dd2dd93415,0.2,0.08,0.05511555075645447
e66932de-56a9-43f8-9ec9-44dd2dd93415,0.2,0.13,0.052792809903621674
e66932de-56a9-43f8-9ec9-44dd2dd93415,0.2,0.18000000000000002,0.06034376844763756
e66932de-56a9-43f8-9ec9-44dd2dd93415,0.2,0.23,0.058379072695970535
e66932de-56a9-43f8-9ec9-44dd2dd93415,0.25,0.03,0.050335343927145004
e66932de-56a9-43f8-9ec9-44dd2dd93415,0.25,0.08,0.057010963559150696
e66932de-56a9-43f8-9ec9-44dd2dd93415,0.25,0.13,0.06157831475138664
e66932de-56a9-43f8-9ec9-44dd2dd93415,0.25,0.18000000000000002,0.05888286605477333
e66932de-56a9-43f8-9ec9-44dd2dd93415,0.25,0.23,0.06090923398733139
e66932de-56a9-43f8-9ec9-44dd2dd93415,0.30000000000000004,0.03,0.05314668267965317
e66932de-56a9-43f8-9ec9-44dd2dd93415,0.30000000000000004,0.08,0.0553588792681694
e66932de-56a9-43f8-9ec9-44dd2dd93415,0.30000000000000004,0.13,0.05564078316092491
e66932de-56a9-43f8-9ec9-44dd2dd93415,0.30000000000000004,0.18000000000000002,0.06344763934612274
e66932de-56a9-43f8-9ec9-44dd2dd93415,0.30000000000000004,0.23,0.06801959127187729
e76e1bd8-1664-465c-968e-5d6a0478bd62,0.0,0.03,0.05274781212210655
e76e1bd8-1664-465c-968e-5d6a0478bd62,0.0,0.08,0.06500113010406494
e76e1bd8-1664-465c-968e-5d6a0478bd62,0.0,0.13,0.08530847728252411
e76e1bd8-1664-465c-968e-5d6a0478bd62,0.0,0.18000000000000002,0.0957086905837059
e76e1bd8-1664-465c-968e-5d6a0478bd62,0.0,0.23,0.10879607498645782
e76e1bd8-1664-465c-968e-5d6a0478bd62,0.01,0.03,0.04851214960217476
e76e1bd8-1664-465c-968e-5d6a0478bd62,0.01,0.08,0.07262760400772095
e76e1bd8-1664-465c-968e-5d6a0478bd62,0.01,0.13,0.09041737765073776
e76e1bd8-1664-465c-968e-5d6a0478bd62,0.01,0.18000000000000002,0.0990774855017662
e76e1bd8-1664-465c-968e-5d6a0478bd62,0.01,0.23,0.10826268792152405
e76e1bd8-1664-465c-968e-5d6a0478bd62,0.02,0.03,0.05453403666615486
e76e1bd8-1664-465c-968e-5d6a0478bd62,0.02,0.08,0.08163419365882874
e76e1bd8-1664-465c-968e-5d6a0478bd62,0.02,0.13,0.09031444787979126
e76e1bd8-1664-465c-968e-5d6a0478bd62,0.02,0.18000000000000002,0.10258755087852478
e76e1bd8-1664-465c-968e-5d6a0478bd62,0.02,0.23,0.10520613938570023
e76e1bd8-1664-465c-968e-5d6a0478bd62,0.03,0.03,0.04972335323691368
e76e1bd8-1664-465c-968e-5d6a0478bd62,0.03,0.08,0.07641342282295227
e76e1bd8-1664-465c-968e-5d6a0478bd62,0.03,0.13,0.09226835519075394
e76e1bd8-1664-465c-968e-5d6a0478bd62,0.03,0.18000000000000002,0.10201218724250793
e76e1bd8-1664-465c-968e-5d6a0478bd62,0.03,0.23,0.11013559997081757
e76e1bd8-1664-465c-968e-5d6a0478bd62,0.04,0.03,0.05900638550519943
e76e1bd8-1664-465c-968e-5d6a0478bd62,0.04,0.08,0.08353108912706375
e76e1bd8-1664-465c-968e-5d6a0478bd62,0.05,0.03,0.05833610147237778
e76e1bd8-1664-465c-968e-5d6a0478bd62,0.05,0.08,0.08867323398590088
e76e1bd8-1664-465c-968e-5d6a0478bd62,0.05,0.13,0.10094676911830902
e76e1bd8-1664-465c-968e-5d6a0478bd62,0.05,0.18000000000000002,0.11430836468935013
e76e1bd8-1664-465c-968e-5d6a0478bd62,0.05,0.23,0.1098422259092331
e76e1bd8-1664-465c-968e-5d6a0478bd62,0.1,0.03,0.07214353233575821
e76e1bd8-1664-465c-968e-5d6a0478bd62,0.1,0.08,0.0945291817188263
e76e1bd8-1664-465c-968e-5d6a0478bd62,0.1,0.13,0.11267568916082382
e76e1bd8-1664-465c-968e-5d6a0478bd62,0.1,0.18000000000000002,0.1061897799372673
e76e1bd8-1664-465c-968e-5d6a0478bd62,0.1,0.23,0.11316564679145813
e76e1bd8-1664-465c-968e-5d6a0478bd62,0.15000000000000002,0.03,0.0823700800538063
e76e1bd8-1664-465c-968e-5d6a0478bd62,0.15000000000000002,0.08,0.11570882052183151
e76e1bd8-1664-465c-968e-5d6a0478bd62,0.15000000000000002,0.13,0.10470329225063324
e76e1bd8-1664-465c-968e-5d6a0478bd62,0.15000000000000002,0.18000000000000002,0.11162381619215012
e76e1bd8-1664-465c-968e-5d6a0478bd62,0.15000000000000002,0.23,0.10648909956216812
e76e1bd8-1664-465c-968e-5d6a0478bd62,0.2,0.03,0.07967416197061539
e76e1bd8-1664-465c-968e-5d6a0478bd62,0.2,0.08,0.09364426881074905
e76e1bd8-1664-465c-968e-5d6a0478bd62,0.2,0.13,0.09182962775230408
e76e1bd8-1664-465c-968e-5d6a0478bd62,0.2,0.18000000000000002,0.08804208785295486
e76e1bd8-1664-465c-968e-5d6a0478bd62,0.2,0.23,0.08891205489635468
e76e1bd8-1664-465c-968e-5d6a0478bd62,0.25,0.03,0.06852781027555466
e76e1bd8-1664-465c-968e-5d6a0478bd62,0.25,0.08,0.09430178254842758
e76e1bd8-1664-465c-968e-5d6a0478bd62,0.25,0.13,0.08888237923383713
e76e1bd8-1664-465c-968e-5d6a0478bd62,0.25,0.18000000000000002,0.09300272911787033
e76e1bd8-1664-465c-968e-5d6a0478bd62,0.25,0.23,0.08896294981241226
e76e1bd8-1664-465c-968e-5d6a0478bd62,0.30000000000000004,0.03,0.06505529582500458
e76e1bd8-1664-465c-968e-5d6a0478bd62,0.30000000000000004,0.08,0.07825464755296707
e76e1bd8-1664-465c-968e-5d6a0478bd62,0.30000000000000004,0.13,0.08777788281440735
e76e1bd8-1664-465c-968e-5d6a0478bd62,0.30000000000000004,0.18000000000000002,0.09081756323575974
e76e1bd8-1664-465c-968e-5d6a0478bd62,0.30000000000000004,0.23,0.08848533034324646
e79cb422-a92f-4c18-b60f-4a96f6a26f84,0.0,0.03,0.04457154870033264
e79cb422-a92f-4c18-b60f-4a96f6a26f84,0.0,0.08,0.05996795743703842
e79cb422-a92f-4c18-b60f-4a96f6a26f84,0.0,0.13,0.06697029620409012
e79cb422-a92f-4c18-b60f-4a96f6a26f84,0.0,0.18000000000000002,0.07245466113090515
e79cb422-a92f-4c18-b60f-4a96f6a26f84,0.0,0.23,0.07535520195960999
e79cb422-a92f-4c18-b60f-4a96f6a26f84,0.01,0.03,0.045249439775943756
e79cb422-a92f-4c18-b60f-4a96f6a26f84,0.01,0.08,0.05414528772234917
e79cb422-a92f-4c18-b60f-4a96f6a26f84,0.01,0.13,0.07574629783630371
e79cb422-a92f-4c18-b60f-4a96f6a26f84,0.01,0.18000000000000002,0.07055573165416718
e79cb422-a92f-4c18-b60f-4a96f6a26f84,0.01,0.23,0.07106390595436096
e79cb422-a92f-4c18-b60f-4a96f6a26f84,0.02,0.03,0.04828481003642082
e79cb422-a92f-4c18-b60f-4a96f6a26f84,0.02,0.08,0.05924021080136299
e79cb422-a92f-4c18-b60f-4a96f6a26f84,0.02,0.13,0.07289000600576401
e79cb422-a92f-4c18-b60f-4a96f6a26f84,0.02,0.18000000000000002,0.07107182592153549
e79cb422-a92f-4c18-b60f-4a96f6a26f84,0.02,0.23,0.07011163979768753
e79cb422-a92f-4c18-b60f-4a96f6a26f84,0.03,0.03,0.046995826065540314
e79cb422-a92f-4c18-b60f-4a96f6a26f84,0.03,0.08,0.06397149711847305
e79cb422-a92f-4c18-b60f-4a96f6a26f84,0.03,0.13,0.06897519528865814
e79cb422-a92f-4c18-b60f-4a96f6a26f84,0.03,0.18000000000000002,0.0750306025147438
e79cb422-a92f-4c18-b60f-4a96f6a26f84,0.03,0.23,0.0677594393491745
e79cb422-a92f-4c18-b60f-4a96f6a26f84,0.04,0.03,0.04598793014883995
e79cb422-a92f-4c18-b60f-4a96f6a26f84,0.04,0.08,0.06551291048526764
e79cb422-a92f-4c18-b60f-4a96f6a26f84,0.05,0.03,0.050132960081100464
e79cb422-a92f-4c18-b60f-4a96f6a26f84,0.05,0.08,0.06463531404733658
e79cb422-a92f-4c18-b60f-4a96f6a26f84,0.05,0.13,0.0710974708199501
e79cb422-a92f-4c18-b60f-4a96f6a26f84,0.05,0.18000000000000002,0.06753354519605637
e79cb422-a92f-4c18-b60f-4a96f6a26f84,0.05,0.23,0.07400760054588318
e79cb422-a92f-4c18-b60f-4a96f6a26f84,0.1,0.03,0.044969137758016586
e79cb422-a92f-4c18-b60f-4a96f6a26f84,0.1,0.08,0.060501839965581894
e79cb422-a92f-4c18-b60f-4a96f6a26f84,0.1,0.13,0.06174863874912262
e79cb422-a92f-4c18-b60f-4a96f6a26f84,0.1,0.18000000000000002,0.06629088521003723
e79cb422-a92f-4c18-b60f-4a96f6a26f84,0.1,0.23,0.06869533658027649
e79cb422-a92f-4c18-b60f-4a96f6a26f84,0.15000000000000002,0.03,0.04767119139432907
e79cb422-a92f-4c18-b60f-4a96f6a26f84,0.15000000000000002,0.08,0.06185450032353401
e79cb422-a92f-4c18-b60f-4a96f6a26f84,0.15000000000000002,0.13,0.06394831091165543
e79cb422-a92f-4c18-b60f-4a96f6a26f84,0.15000000000000002,0.18000000000000002,0.06599567830562592
e79cb422-a92f-4c18-b60f-4a96f6a26f84,0.15000000000000002,0.23,0.06750623881816864
e79cb422-a92f-4c18-b60f-4a96f6a26f84,0.2,0.03,0.05423746630549431
e79cb422-a92f-4c18-b60f-4a96f6a26f84,0.2,0.08,0.059653930366039276
e79cb422-a92f-4c18-b60f-4a96f6a26f84,0.2,0.13,0.06658516824245453
e79cb422-a92f-4c18-b60f-4a96f6a26f84,0.2,0.18000000000000002,0.06581978499889374
e79cb422-a92f-4c18-b60f-4a96f6a26f84,0.2,0.23,0.06152613088488579
e79cb422-a92f-4c18-b60f-4a96f6a26f84,0.25,0.03,0.0448075570166111
e79cb422-a92f-4c18-b60f-4a96f6a26f84,0.25,0.08,0.06034742668271065
e79cb422-a92f-4c18-b60f-4a96f6a26f84,0.25,0.13,0.06191788241267204
e79cb422-a92f-4c18-b60f-4a96f6a26f84,0.25,0.18000000000000002,0.05917641147971153
e79cb422-a92f-4c18-b60f-4a96f6a26f84,0.25,0.23,0.059064190834760666
e79cb422-a92f-4c18-b60f-4a96f6a26f84,0.30000000000000004,0.03,0.046228304505348206
e79cb422-a92f-4c18-b60f-4a96f6a26f84,0.30000000000000004,0.08,0.0585283488035202
e79cb422-a92f-4c18-b60f-4a96f6a26f84,0.30000000000000004,0.13,0.05765632539987564
e79cb422-a92f-4c18-b60f-4a96f6a26f84,0.30000000000000004,0.18000000000000002,0.05562693625688553
e79cb422-a92f-4c18-b60f-4a96f6a26f84,0.30000000000000004,0.23,0.05943012237548828
e7a5def5-84f2-4ebd-a4a7-3cbf0881521d,0.0,0.03,0.05309301242232323
e7a5def5-84f2-4ebd-a4a7-3cbf0881521d,0.0,0.08,0.07878043502569199
e7a5def5-84f2-4ebd-a4a7-3cbf0881521d,0.0,0.13,0.08580861240625381
e7a5def5-84f2-4ebd-a4a7-3cbf0881521d,0.0,0.18000000000000002,0.08390115201473236
e7a5def5-84f2-4ebd-a4a7-3cbf0881521d,0.0,0.23,0.07734804600477219
e7a5def5-84f2-4ebd-a4a7-3cbf0881521d,0.01,0.03,0.0562751367688179
e7a5def5-84f2-4ebd-a4a7-3cbf0881521d,0.01,0.08,0.0838293507695198
e7a5def5-84f2-4ebd-a4a7-3cbf0881521d,0.01,0.13,0.08426856249570847
e7a5def5-84f2-4ebd-a4a7-3cbf0881521d,0.01,0.18000000000000002,0.07577507942914963
e7a5def5-84f2-4ebd-a4a7-3cbf0881521d,0.01,0.23,0.07526436448097229
e7a5def5-84f2-4ebd-a4a7-3cbf0881521d,0.02,0.03,0.05247236043214798
e7a5def5-84f2-4ebd-a4a7-3cbf0881521d,0.02,0.08,0.07742057740688324
e7a5def5-84f2-4ebd-a4a7-3cbf0881521d,0.02,0.13,0.07601563632488251
e7a5def5-84f2-4ebd-a4a7-3cbf0881521d,0.02,0.18000000000000002,0.07209326326847076
e7a5def5-84f2-4ebd-a4a7-3cbf0881521d,0.02,0.23,0.07412035018205643
e7a5def5-84f2-4ebd-a4a7-3cbf0881521d,0.03,0.03,0.05552564933896065
e7a5def5-84f2-4ebd-a4a7-3cbf0881521d,0.03,0.08,0.08176933974027634
e7a5def5-84f2-4ebd-a4a7-3cbf0881521d,0.03,0.13,0.07743234187364578
e7a5def5-84f2-4ebd-a4a7-3cbf0881521d,0.03,0.18000000000000002,0.07128282636404037
e7a5def5-84f2-4ebd-a4a7-3cbf0881521d,0.03,0.23,0.07674994319677353
e7a5def5-84f2-4ebd-a4a7-3cbf0881521d,0.04,0.03,0.05395086854696274
e7a5def5-84f2-4ebd-a4a7-3cbf0881521d,0.04,0.08,0.0705534964799881
e7a5def5-84f2-4ebd-a4a7-3cbf0881521d,0.05,0.03,0.055974334478378296
e7a5def5-84f2-4ebd-a4a7-3cbf0881521d,0.05,0.08,0.07011687755584717
e7a5def5-84f2-4ebd-a4a7-3cbf0881521d,0.05,0.13,0.06971828639507294
e7a5def5-84f2-4ebd-a4a7-3cbf0881521d,0.05,0.18000000000000002,0.07519400119781494
e7a5def5-84f2-4ebd-a4a7-3cbf0881521d,0.05,0.23,0.07429490238428116
e7a5def5-84f2-4ebd-a4a7-3cbf0881521d,0.1,0.03,0.0468558743596077
e7a5def5-84f2-4ebd-a4a7-3cbf0881521d,0.1,0.08,0.054392337799072266
e7a5def5-84f2-4ebd-a4a7-3cbf0881521d,0.1,0.13,0.06094389408826828
e7a5def5-84f2-4ebd-a4a7-3cbf0881521d,0.1,0.18000000000000002,0.06874930113554001
e7a5def5-84f2-4ebd-a4a7-3cbf0881521d,0.1,0.23,0.0730956643819809
e7a5def5-84f2-4ebd-a4a7-3cbf0881521d,0.15000000000000002,0.03,0.049115799367427826
e7a5def5-84f2-4ebd-a4a7-3cbf0881521d,0.15000000000000002,0.08,0.05474278703331947
e7a5def5-84f2-4ebd-a4a7-3cbf0881521d,0.15000000000000002,0.13,0.065081387758255
e7a5def5-84f2-4ebd-a4a7-3cbf0881521d,0.15000000000000002,0.18000000000000002,0.06995228677988052
e7a5def5-84f2-4ebd-a4a7-3cbf0881521d,0.15000000000000002,0.23,0.0675310418009758
e7a5def5-84f2-4ebd-a4a7-3cbf0881521d,0.2,0.03,0.046471696346998215
e7a5def5-84f2-4ebd-a4a7-3cbf0881521d,0.2,0.08,0.06779936701059341
e7a5def5-84f2-4ebd-a4a7-3cbf0881521d,0.2,0.13,0.0709761455655098
e7a5def5-84f2-4ebd-a4a7-3cbf0881521d,0.2,0.18000000000000002,0.06383007764816284
e7a5def5-84f2-4ebd-a4a7-3cbf0881521d,0.2,0.23,0.06386003643274307
e7a5def5-84f2-4ebd-a4a7-3cbf0881521d,0.25,0.03,0.04813274368643761
e7a5def5-84f2-4ebd-a4a7-3cbf0881521d,0.25,0.08,0.053789619356393814
e7a5def5-84f2-4ebd-a4a7-3cbf0881521d,0.25,0.13,0.06386245787143707
e7a5def5-84f2-4ebd-a4a7-3cbf0881521d,0.25,0.18000000000000002,0.06486187875270844
e7a5def5-84f2-4ebd-a4a7-3cbf0881521d,0.25,0.23,0.06470487266778946
e7a5def5-84f2-4ebd-a4a7-3cbf0881521d,0.30000000000000004,0.03,0.05349264666438103
e7a5def5-84f2-4ebd-a4a7-3cbf0881521d,0.30000000000000004,0.08,0.06678000092506409
e7a5def5-84f2-4ebd-a4a7-3cbf0881521d,0.30000000000000004,0.13,0.0665738508105278
e7a5def5-84f2-4ebd-a4a7-3cbf0881521d,0.30000000000000004,0.18000000000000002,0.06955656409263611
e7a5def5-84f2-4ebd-a4a7-3cbf0881521d,0.30000000000000004,0.23,0.07424814999103546
e7ba768b-eb16-4543-a12f-f8abf76fa136,0.0,0.03,0.33910098671913147
e7ba768b-eb16-4543-a12f-f8abf76fa136,0.0,0.08,0.4225667119026184
e7ba768b-eb16-4543-a12f-f8abf76fa136,0.0,0.13,0.3665996193885803
e7ba768b-eb16-4543-a12f-f8abf76fa136,0.0,0.18000000000000002,0.3350812494754791
e7ba768b-eb16-4543-a12f-f8abf76fa136,0.0,0.23,0.30048489570617676
e7ba768b-eb16-4543-a12f-f8abf76fa136,0.01,0.03,0.30323225259780884
e7ba768b-eb16-4543-a12f-f8abf76fa136,0.01,0.08,0.32765811681747437
e7ba768b-eb16-4543-a12f-f8abf76fa136,0.01,0.13,0.27717429399490356
e7ba768b-eb16-4543-a12f-f8abf76fa136,0.01,0.18000000000000002,0.2508188486099243
e7ba768b-eb16-4543-a12f-f8abf76fa136,0.01,0.23,0.23086728155612946
e7ba768b-eb16-4543-a12f-f8abf76fa136,0.02,0.03,0.3140392303466797
e7ba768b-eb16-4543-a12f-f8abf76fa136,0.02,0.08,0.29724177718162537
e7ba768b-eb16-4543-a12f-f8abf76fa136,0.02,0.13,0.2682519555091858
e7ba768b-eb16-4543-a12f-f8abf76fa136,0.02,0.18000000000000002,0.23717541992664337
e7ba768b-eb16-4543-a12f-f8abf76fa136,0.02,0.23,0.2205135077238083
e7ba768b-eb16-4543-a12f-f8abf76fa136,0.03,0.03,0.2989455759525299
e7ba768b-eb16-4543-a12f-f8abf76fa136,0.03,0.08,0.2642088830471039
e7ba768b-eb16-4543-a12f-f8abf76fa136,0.03,0.13,0.23740129172801971
e7ba768b-eb16-4543-a12f-f8abf76fa136,0.03,0.18000000000000002,0.220595121383667
e7ba768b-eb16-4543-a12f-f8abf76fa136,0.03,0.23,0.1977968066930771
e7ba768b-eb16-4543-a12f-f8abf76fa136,0.04,0.03,0.23591645061969757
e7ba768b-eb16-4543-a12f-f8abf76fa136,0.04,0.08,0.23389267921447754
e7ba768b-eb16-4543-a12f-f8abf76fa136,0.05,0.03,0.26993754506111145
e7ba768b-eb16-4543-a12f-f8abf76fa136,0.05,0.08,0.23815375566482544
e7ba768b-eb16-4543-a12f-f8abf76fa136,0.05,0.13,0.22928160429000854
e7ba768b-eb16-4543-a12f-f8abf76fa136,0.05,0.18000000000000002,0.20591937005519867
e7ba768b-eb16-4543-a12f-f8abf76fa136,0.05,0.23,0.19573506712913513
e7ba768b-eb16-4543-a12f-f8abf76fa136,0.1,0.03,0.14063964784145355
e7ba768b-eb16-4543-a12f-f8abf76fa136,0.1,0.08,0.15942636132240295
e7ba768b-eb16-4543-a12f-f8abf76fa136,0.1,0.13,0.14529509842395782
e7ba768b-eb16-4543-a12f-f8abf76fa136,0.1,0.18000000000000002,0.13990464806556702
e7ba768b-eb16-4543-a12f-f8abf76fa136,0.1,0.23,0.12432203441858292
e7ba768b-eb16-4543-a12f-f8abf76fa136,0.15000000000000002,0.03,0.1141195073723793
e7ba768b-eb16-4543-a12f-f8abf76fa136,0.15000000000000002,0.08,0.10692382603883743
e7ba768b-eb16-4543-a12f-f8abf76fa136,0.15000000000000002,0.13,0.10920114070177078
e7ba768b-eb16-4543-a12f-f8abf76fa136,0.15000000000000002,0.18000000000000002,0.09870826452970505
e7ba768b-eb16-4543-a12f-f8abf76fa136,0.15000000000000002,0.23,0.09279575943946838
e7ba768b-eb16-4543-a12f-f8abf76fa136,0.2,0.03,0.06969080865383148
e7ba768b-eb16-4543-a12f-f8abf76fa136,0.2,0.08,0.08821206539869308
e7ba768b-eb16-4543-a12f-f8abf76fa136,0.2,0.13,0.07930418848991394
e7ba768b-eb16-4543-a12f-f8abf76fa136,0.2,0.18000000000000002,0.0784819945693016
e7ba768b-eb16-4543-a12f-f8abf76fa136,0.2,0.23,0.07709014415740967
e7ba768b-eb16-4543-a12f-f8abf76fa136,0.25,0.03,0.06033071130514145
e7ba768b-eb16-4543-a12f-f8abf76fa136,0.25,0.08,0.06604357808828354
e7ba768b-eb16-4543-a12f-f8abf76fa136,0.25,0.13,0.06770458072423935
e7ba768b-eb16-4543-a12f-f8abf76fa136,0.25,0.18000000000000002,0.06873298436403275
e7ba768b-eb16-4543-a12f-f8abf76fa136,0.25,0.23,0.06532394886016846
e7ba768b-eb16-4543-a12f-f8abf76fa136,0.30000000000000004,0.03,0.051935989409685135
e7ba768b-eb16-4543-a12f-f8abf76fa136,0.30000000000000004,0.08,0.05889090895652771
e7ba768b-eb16-4543-a12f-f8abf76fa136,0.30000000000000004,0.13,0.06333985179662704
e7ba768b-eb16-4543-a12f-f8abf76fa136,0.30000000000000004,0.18000000000000002,0.06525754928588867
e7ba768b-eb16-4543-a12f-f8abf76fa136,0.30000000000000004,0.23,0.057371944189071655
e83606f9-f66b-4978-88cb-e5bdb421448e,0.0,0.03,0.04854510352015495
e83606f9-f66b-4978-88cb-e5bdb421448e,0.0,0.08,0.0633779987692833
e83606f9-f66b-4978-88cb-e5bdb421448e,0.0,0.13,0.06790105253458023
e83606f9-f66b-4978-88cb-e5bdb421448e,0.0,0.18000000000000002,0.06994551420211792
e83606f9-f66b-4978-88cb-e5bdb421448e,0.0,0.23,0.06302715092897415
e83606f9-f66b-4978-88cb-e5bdb421448e,0.01,0.03,0.04932497441768646
e83606f9-f66b-4978-88cb-e5bdb421448e,0.01,0.08,0.06538081169128418
e83606f9-f66b-4978-88cb-e5bdb421448e,0.01,0.13,0.07134835422039032
e83606f9-f66b-4978-88cb-e5bdb421448e,0.01,0.18000000000000002,0.06756589561700821
e83606f9-f66b-4978-88cb-e5bdb421448e,0.01,0.23,0.06002189591526985
e83606f9-f66b-4978-88cb-e5bdb421448e,0.02,0.03,0.05310884863138199
e83606f9-f66b-4978-88cb-e5bdb421448e,0.02,0.08,0.06411246210336685
e83606f9-f66b-4978-88cb-e5bdb421448e,0.02,0.13,0.07274871319532394
e83606f9-f66b-4978-88cb-e5bdb421448e,0.02,0.18000000000000002,0.0645548477768898
e83606f9-f66b-4978-88cb-e5bdb421448e,0.02,0.23,0.056356679648160934
e83606f9-f66b-4978-88cb-e5bdb421448e,0.03,0.03,0.05338158831000328
e83606f9-f66b-4978-88cb-e5bdb421448e,0.03,0.08,0.061982009559869766
e83606f9-f66b-4978-88cb-e5bdb421448e,0.03,0.13,0.06782600283622742
e83606f9-f66b-4978-88cb-e5bdb421448e,0.03,0.18000000000000002,0.06264311075210571
e83606f9-f66b-4978-88cb-e5bdb421448e,0.03,0.23,0.058484360575675964
e83606f9-f66b-4978-88cb-e5bdb421448e,0.04,0.03,0.04843377694487572
e83606f9-f66b-4978-88cb-e5bdb421448e,0.04,0.08,0.06416215002536774
e83606f9-f66b-4978-88cb-e5bdb421448e,0.05,0.03,0.04882041737437248
e83606f9-f66b-4978-88cb-e5bdb421448e,0.05,0.08,0.06186078488826752
e83606f9-f66b-4978-88cb-e5bdb421448e,0.05,0.13,0.06423848867416382
e83606f9-f66b-4978-88cb-e5bdb421448e,0.05,0.18000000000000002,0.05972004309296608
e83606f9-f66b-4978-88cb-e5bdb421448e,0.05,0.23,0.06235969439148903
e83606f9-f66b-4978-88cb-e5bdb421448e,0.1,0.03,0.05115450173616409
e83606f9-f66b-4978-88cb-e5bdb421448e,0.1,0.08,0.05442329868674278
e83606f9-f66b-4978-88cb-e5bdb421448e,0.1,0.13,0.062181852757930756
e83606f9-f66b-4978-88cb-e5bdb421448e,0.1,0.18000000000000002,0.0651150569319725
e83606f9-f66b-4978-88cb-e5bdb421448e,0.1,0.23,0.07130074501037598
e83606f9-f66b-4978-88cb-e5bdb421448e,0.15000000000000002,0.03,0.042731303721666336
e83606f9-f66b-4978-88cb-e5bdb421448e,0.15000000000000002,0.08,0.05776602029800415
e83606f9-f66b-4978-88cb-e5bdb421448e,0.15000000000000002,0.13,0.06803716719150543
e83606f9-f66b-4978-88cb-e5bdb421448e,0.15000000000000002,0.18000000000000002,0.07433230429887772
e83606f9-f66b-4978-88cb-e5bdb421448e,0.15000000000000002,0.23,0.08020549267530441
e83606f9-f66b-4978-88cb-e5bdb421448e,0.2,0.03,0.04869436100125313
e83606f9-f66b-4978-88cb-e5bdb421448e,0.2,0.08,0.06669434159994125
e83606f9-f66b-4978-88cb-e5bdb421448e,0.2,0.13,0.07677723467350006
e83606f9-f66b-4978-88cb-e5bdb421448e,0.2,0.18000000000000002,0.08173078298568726
e83606f9-f66b-4978-88cb-e5bdb421448e,0.2,0.23,0.08822397142648697
e83606f9-f66b-4978-88cb-e5bdb421448e,0.25,0.03,0.0499129556119442
e83606f9-f66b-4978-88cb-e5bdb421448e,0.25,0.08,0.06582190841436386
e83606f9-f66b-4978-88cb-e5bdb421448e,0.25,0.13,0.07405351102352142
e83606f9-f66b-4978-88cb-e5bdb421448e,0.25,0.18000000000000002,0.08416233956813812
e83606f9-f66b-4978-88cb-e5bdb421448e,0.25,0.23,0.09084992855787277
e83606f9-f66b-4978-88cb-e5bdb421448e,0.30000000000000004,0.03,0.05173106864094734
e83606f9-f66b-4978-88cb-e5bdb421448e,0.30000000000000004,0.08,0.07245222479104996
e83606f9-f66b-4978-88cb-e5bdb421448e,0.30000000000000004,0.13,0.08171885460615158
e83606f9-f66b-4978-88cb-e5bdb421448e,0.30000000000000004,0.18000000000000002,0.09007113426923752
e83606f9-f66b-4978-88cb-e5bdb421448e,0.30000000000000004,0.23,0.09306538105010986
e8377ab6-23e1-41e9-a153-3b556115d042,0.0,0.03,0.41619032621383667
e8377ab6-23e1-41e9-a153-3b556115d042,0.0,0.08,0.5278857946395874
e8377ab6-23e1-41e9-a153-3b556115d042,0.0,0.13,0.4881956875324249
e8377ab6-23e1-41e9-a153-3b556115d042,0.0,0.18000000000000002,0.4160144627094269
e8377ab6-23e1-41e9-a153-3b556115d042,0.0,0.23,0.3553954064846039
e8377ab6-23e1-41e9-a153-3b556115d042,0.01,0.03,0.3403295874595642
e8377ab6-23e1-41e9-a153-3b556115d042,0.01,0.08,0.39602580666542053
e8377ab6-23e1-41e9-a153-3b556115d042,0.01,0.13,0.35072481632232666
e8377ab6-23e1-41e9-a153-3b556115d042,0.01,0.18000000000000002,0.2967832386493683
e8377ab6-23e1-41e9-a153-3b556115d042,0.01,0.23,0.2564122676849365
e8377ab6-23e1-41e9-a153-3b556115d042,0.02,0.03,0.36160534620285034
e8377ab6-23e1-41e9-a153-3b556115d042,0.02,0.08,0.39207324385643005
e8377ab6-23e1-41e9-a153-3b556115d042,0.02,0.13,0.3362318277359009
e8377ab6-23e1-41e9-a153-3b556115d042,0.02,0.18000000000000002,0.2761172950267792
e8377ab6-23e1-41e9-a153-3b556115d042,0.02,0.23,0.23990654945373535
e8377ab6-23e1-41e9-a153-3b556115d042,0.03,0.03,0.37197935581207275
e8377ab6-23e1-41e9-a153-3b556115d042,0.03,0.08,0.36576852202415466
e8377ab6-23e1-41e9-a153-3b556115d042,0.03,0.13,0.30856478214263916
e8377ab6-23e1-41e9-a153-3b556115d042,0.03,0.18000000000000002,0.2548747658729553
e8377ab6-23e1-41e9-a153-3b556115d042,0.03,0.23,0.218872532248497
e8377ab6-23e1-41e9-a153-3b556115d042,0.04,0.03,0.35702967643737793
e8377ab6-23e1-41e9-a153-3b556115d042,0.04,0.08,0.33876389265060425
e8377ab6-23e1-41e9-a153-3b556115d042,0.05,0.03,0.4272390902042389
e8377ab6-23e1-41e9-a153-3b556115d042,0.05,0.08,0.3944390118122101
e8377ab6-23e1-41e9-a153-3b556115d042,0.05,0.13,0.3127492666244507
e8377ab6-23e1-41e9-a153-3b556115d042,0.05,0.18000000000000002,0.25322073698043823
e8377ab6-23e1-41e9-a153-3b556115d042,0.05,0.23,0.223642498254776
e8377ab6-23e1-41e9-a153-3b556115d042,0.1,0.03,0.21684426069259644
e8377ab6-23e1-41e9-a153-3b556115d042,0.1,0.08,0.16584953665733337
e8377ab6-23e1-41e9-a153-3b556115d042,0.1,0.13,0.12758927047252655
e8377ab6-23e1-41e9-a153-3b556115d042,0.1,0.18000000000000002,0.11540719866752625
e8377ab6-23e1-41e9-a153-3b556115d042,0.1,0.23,0.10674963146448135
e8377ab6-23e1-41e9-a153-3b556115d042,0.15000000000000002,0.03,0.09106649458408356
e8377ab6-23e1-41e9-a153-3b556115d042,0.15000000000000002,0.08,0.08146057277917862
e8377ab6-23e1-41e9-a153-3b556115d042,0.15000000000000002,0.13,0.07819557189941406
e8377ab6-23e1-41e9-a153-3b556115d042,0.15000000000000002,0.18000000000000002,0.07959115505218506
e8377ab6-23e1-41e9-a153-3b556115d042,0.15000000000000002,0.23,0.07835609465837479
e8377ab6-23e1-41e9-a153-3b556115d042,0.2,0.03,0.06677818298339844
e8377ab6-23e1-41e9-a153-3b556115d042,0.2,0.08,0.0696936696767807
e8377ab6-23e1-41e9-a153-3b556115d042,0.2,0.13,0.07354124635457993
e8377ab6-23e1-41e9-a153-3b556115d042,0.2,0.18000000000000002,0.07156221568584442
e8377ab6-23e1-41e9-a153-3b556115d042,0.2,0.23,0.0656386986374855
e8377ab6-23e1-41e9-a153-3b556115d042,0.25,0.03,0.061158426105976105
e8377ab6-23e1-41e9-a153-3b556115d042,0.25,0.08,0.0670325756072998
e8377ab6-23e1-41e9-a153-3b556115d042,0.25,0.13,0.07315663993358612
e8377ab6-23e1-41e9-a153-3b556115d042,0.25,0.18000000000000002,0.07066551595926285
e8377ab6-23e1-41e9-a153-3b556115d042,0.25,0.23,0.06924588978290558
e8377ab6-23e1-41e9-a153-3b556115d042,0.30000000000000004,0.03,0.06194629147648811
e8377ab6-23e1-41e9-a153-3b556115d042,0.30000000000000004,0.08,0.0688057467341423
e8377ab6-23e1-41e9-a153-3b556115d042,0.30000000000000004,0.13,0.06685107946395874
e8377ab6-23e1-41e9-a153-3b556115d042,0.30000000000000004,0.18000000000000002,0.06699541211128235
e8377ab6-23e1-41e9-a153-3b556115d042,0.30000000000000004,0.23,0.0670655369758606
e83dd652-c877-44a1-a0ec-a3a1c7fb2b6e,0.0,0.03,0.061925873160362244
e83dd652-c877-44a1-a0ec-a3a1c7fb2b6e,0.0,0.08,0.10042359679937363
e83dd652-c877-44a1-a0ec-a3a1c7fb2b6e,0.0,0.13,0.10546740889549255
e83dd652-c877-44a1-a0ec-a3a1c7fb2b6e,0.0,0.18000000000000002,0.09612215310335159
e83dd652-c877-44a1-a0ec-a3a1c7fb2b6e,0.0,0.23,0.08798420429229736
e83dd652-c877-44a1-a0ec-a3a1c7fb2b6e,0.01,0.03,0.06115057319402695
e83dd652-c877-44a1-a0ec-a3a1c7fb2b6e,0.01,0.08,0.09387092292308807
e83dd652-c877-44a1-a0ec-a3a1c7fb2b6e,0.01,0.13,0.09562782943248749
e83dd652-c877-44a1-a0ec-a3a1c7fb2b6e,0.01,0.18000000000000002,0.08560331165790558
e83dd652-c877-44a1-a0ec-a3a1c7fb2b6e,0.01,0.23,0.07707168906927109
e83dd652-c877-44a1-a0ec-a3a1c7fb2b6e,0.02,0.03,0.0673864334821701
e83dd652-c877-44a1-a0ec-a3a1c7fb2b6e,0.02,0.08,0.10136567056179047
e83dd652-c877-44a1-a0ec-a3a1c7fb2b6e,0.02,0.13,0.09503694623708725
e83dd652-c877-44a1-a0ec-a3a1c7fb2b6e,0.02,0.18000000000000002,0.08715471625328064
e83dd652-c877-44a1-a0ec-a3a1c7fb2b6e,0.02,0.23,0.0729530081152916
e83dd652-c877-44a1-a0ec-a3a1c7fb2b6e,0.03,0.03,0.06603376567363739
e83dd652-c877-44a1-a0ec-a3a1c7fb2b6e,0.03,0.08,0.10367319732904434
e83dd652-c877-44a1-a0ec-a3a1c7fb2b6e,0.03,0.13,0.09376542270183563
e83dd652-c877-44a1-a0ec-a3a1c7fb2b6e,0.03,0.18000000000000002,0.08107464015483856
e83dd652-c877-44a1-a0ec-a3a1c7fb2b6e,0.03,0.23,0.07226457446813583
e83dd652-c877-44a1-a0ec-a3a1c7fb2b6e,0.04,0.03,0.07256699353456497
e83dd652-c877-44a1-a0ec-a3a1c7fb2b6e,0.04,0.08,0.09659606218338013
e83dd652-c877-44a1-a0ec-a3a1c7fb2b6e,0.05,0.03,0.0793774202466011
e83dd652-c877-44a1-a0ec-a3a1c7fb2b6e,0.05,0.08,0.09276659041643143
e83dd652-c877-44a1-a0ec-a3a1c7fb2b6e,0.05,0.13,0.08477457612752914
e83dd652-c877-44a1-a0ec-a3a1c7fb2b6e,0.05,0.18000000000000002,0.07631349563598633
e83dd652-c877-44a1-a0ec-a3a1c7fb2b6e,0.05,0.23,0.06983643025159836
e83dd652-c877-44a1-a0ec-a3a1c7fb2b6e,0.1,0.03,0.046022914350032806
e83dd652-c877-44a1-a0ec-a3a1c7fb2b6e,0.1,0.08,0.06370547413825989
e83dd652-c877-44a1-a0ec-a3a1c7fb2b6e,0.1,0.13,0.0701674222946167
e83dd652-c877-44a1-a0ec-a3a1c7fb2b6e,0.1,0.18000000000000002,0.06832554936408997
e83dd652-c877-44a1-a0ec-a3a1c7fb2b6e,0.1,0.23,0.06596625596284866
e83dd652-c877-44a1-a0ec-a3a1c7fb2b6e,0.15000000000000002,0.03,0.049387648701667786
e83dd652-c877-44a1-a0ec-a3a1c7fb2b6e,0.15000000000000002,0.08,0.0618777871131897
e83dd652-c877-44a1-a0ec-a3a1c7fb2b6e,0.15000000000000002,0.13,0.06073569133877754
e83dd652-c877-44a1-a0ec-a3a1c7fb2b6e,0.15000000000000002,0.18000000000000002,0.06802711635828018
e83dd652-c877-44a1-a0ec-a3a1c7fb2b6e,0.15000000000000002,0.23,0.06717823445796967
e83dd652-c877-44a1-a0ec-a3a1c7fb2b6e,0.2,0.03,0.05028565973043442
e83dd652-c877-44a1-a0ec-a3a1c7fb2b6e,0.2,0.08,0.055809322744607925
e83dd652-c877-44a1-a0ec-a3a1c7fb2b6e,0.2,0.13,0.06511961668729782
e83dd652-c877-44a1-a0ec-a3a1c7fb2b6e,0.2,0.18000000000000002,0.06462525576353073
e83dd652-c877-44a1-a0ec-a3a1c7fb2b6e,0.2,0.23,0.06064695119857788
e83dd652-c877-44a1-a0ec-a3a1c7fb2b6e,0.25,0.03,0.04915683716535568
e83dd652-c877-44a1-a0ec-a3a1c7fb2b6e,0.25,0.08,0.0605909563601017
e83dd652-c877-44a1-a0ec-a3a1c7fb2b6e,0.25,0.13,0.06535860896110535
e83dd652-c877-44a1-a0ec-a3a1c7fb2b6e,0.25,0.18000000000000002,0.0647786408662796
e83dd652-c877-44a1-a0ec-a3a1c7fb2b6e,0.25,0.23,0.06150009110569954
e83dd652-c877-44a1-a0ec-a3a1c7fb2b6e,0.30000000000000004,0.03,0.0519498735666275
e83dd652-c877-44a1-a0ec-a3a1c7fb2b6e,0.30000000000000004,0.08,0.061112046241760254
e83dd652-c877-44a1-a0ec-a3a1c7fb2b6e,0.30000000000000004,0.13,0.068031445145607
e83dd652-c877-44a1-a0ec-a3a1c7fb2b6e,0.30000000000000004,0.18000000000000002,0.06307490170001984
e83dd652-c877-44a1-a0ec-a3a1c7fb2b6e,0.30000000000000004,0.23,0.07086805254220963
e863208a-0664-40f6-8ef2-909b8d2e331c,0.0,0.03,0.049022331833839417
e863208a-0664-40f6-8ef2-909b8d2e331c,0.0,0.08,0.07893965393304825
e863208a-0664-40f6-8ef2-909b8d2e331c,0.0,0.13,0.08312084525823593
e863208a-0664-40f6-8ef2-909b8d2e331c,0.0,0.18000000000000002,0.08633989095687866
e863208a-0664-40f6-8ef2-909b8d2e331c,0.0,0.23,0.08528149127960205
e863208a-0664-40f6-8ef2-909b8d2e331c,0.01,0.03,0.048594363033771515
e863208a-0664-40f6-8ef2-909b8d2e331c,0.01,0.08,0.08423788845539093
e863208a-0664-40f6-8ef2-909b8d2e331c,0.01,0.13,0.0851002037525177
e863208a-0664-40f6-8ef2-909b8d2e331c,0.01,0.18000000000000002,0.0877700224518776
e863208a-0664-40f6-8ef2-909b8d2e331c,0.01,0.23,0.08482087403535843
e863208a-0664-40f6-8ef2-909b8d2e331c,0.02,0.03,0.05685098096728325
e863208a-0664-40f6-8ef2-909b8d2e331c,0.02,0.08,0.07565497606992722
e863208a-0664-40f6-8ef2-909b8d2e331c,0.02,0.13,0.07717545330524445
e863208a-0664-40f6-8ef2-909b8d2e331c,0.02,0.18000000000000002,0.08468115329742432
e863208a-0664-40f6-8ef2-909b8d2e331c,0.02,0.23,0.08108658343553543
e863208a-0664-40f6-8ef2-909b8d2e331c,0.03,0.03,0.05693872272968292
e863208a-0664-40f6-8ef2-909b8d2e331c,0.03,0.08,0.07665669918060303
e863208a-0664-40f6-8ef2-909b8d2e331c,0.03,0.13,0.08170180022716522
e863208a-0664-40f6-8ef2-909b8d2e331c,0.03,0.18000000000000002,0.0823887437582016
e863208a-0664-40f6-8ef2-909b8d2e331c,0.03,0.23,0.08380374312400818
e863208a-0664-40f6-8ef2-909b8d2e331c,0.04,0.03,0.06702820956707001
e863208a-0664-40f6-8ef2-909b8d2e331c,0.04,0.08,0.0788833275437355
e863208a-0664-40f6-8ef2-909b8d2e331c,0.05,0.03,0.06974376738071442
e863208a-0664-40f6-8ef2-909b8d2e331c,0.05,0.08,0.07271313667297363
e863208a-0664-40f6-8ef2-909b8d2e331c,0.05,0.13,0.07673638314008713
e863208a-0664-40f6-8ef2-909b8d2e331c,0.05,0.18000000000000002,0.08030873537063599
e863208a-0664-40f6-8ef2-909b8d2e331c,0.05,0.23,0.08136328309774399
e863208a-0664-40f6-8ef2-909b8d2e331c,0.1,0.03,0.052712272852659225
e863208a-0664-40f6-8ef2-909b8d2e331c,0.1,0.08,0.0756445974111557
e863208a-0664-40f6-8ef2-909b8d2e331c,0.1,0.13,0.0852382630109787
e863208a-0664-40f6-8ef2-909b8d2e331c,0.1,0.18000000000000002,0.08531824499368668
e863208a-0664-40f6-8ef2-909b8d2e331c,0.1,0.23,0.08512160181999207
e863208a-0664-40f6-8ef2-909b8d2e331c,0.15000000000000002,0.03,0.061613552272319794
e863208a-0664-40f6-8ef2-909b8d2e331c,0.15000000000000002,0.08,0.0705978274345398
e863208a-0664-40f6-8ef2-909b8d2e331c,0.15000000000000002,0.13,0.07155235856771469
e863208a-0664-40f6-8ef2-909b8d2e331c,0.15000000000000002,0.18000000000000002,0.07187755405902863
e863208a-0664-40f6-8ef2-909b8d2e331c,0.15000000000000002,0.23,0.07111264020204544
e863208a-0664-40f6-8ef2-909b8d2e331c,0.2,0.03,0.04503262788057327
e863208a-0664-40f6-8ef2-909b8d2e331c,0.2,0.08,0.059112608432769775
e863208a-0664-40f6-8ef2-909b8d2e331c,0.2,0.13,0.06859900802373886
e863208a-0664-40f6-8ef2-909b8d2e331c,0.2,0.18000000000000002,0.06749998778104782
e863208a-0664-40f6-8ef2-909b8d2e331c,0.2,0.23,0.06843829154968262
e863208a-0664-40f6-8ef2-909b8d2e331c,0.25,0.03,0.04818129539489746
e863208a-0664-40f6-8ef2-909b8d2e331c,0.25,0.08,0.05953818932175636
e863208a-0664-40f6-8ef2-909b8d2e331c,0.25,0.13,0.06098667159676552
e863208a-0664-40f6-8ef2-909b8d2e331c,0.25,0.18000000000000002,0.0660163089632988
e863208a-0664-40f6-8ef2-909b8d2e331c,0.25,0.23,0.06436806917190552
e863208a-0664-40f6-8ef2-909b8d2e331c,0.30000000000000004,0.03,0.04688781127333641
e863208a-0664-40f6-8ef2-909b8d2e331c,0.30000000000000004,0.08,0.05791964381933212
e863208a-0664-40f6-8ef2-909b8d2e331c,0.30000000000000004,0.13,0.06360570341348648
e863208a-0664-40f6-8ef2-909b8d2e331c,0.30000000000000004,0.18000000000000002,0.06299508363008499
e863208a-0664-40f6-8ef2-909b8d2e331c,0.30000000000000004,0.23,0.06020833179354668
e9162fb6-cf9f-4de4-86b5-a28a2932b36b,0.0,0.03,0.274039089679718
e9162fb6-cf9f-4de4-86b5-a28a2932b36b,0.0,0.08,0.3764849305152893
e9162fb6-cf9f-4de4-86b5-a28a2932b36b,0.0,0.13,0.3075883090496063
e9162fb6-cf9f-4de4-86b5-a28a2932b36b,0.0,0.18000000000000002,0.2236931174993515
e9162fb6-cf9f-4de4-86b5-a28a2932b36b,0.0,0.23,0.18420809507369995
e9162fb6-cf9f-4de4-86b5-a28a2932b36b,0.01,0.03,0.24066008627414703
e9162fb6-cf9f-4de4-86b5-a28a2932b36b,0.01,0.08,0.2931433916091919
e9162fb6-cf9f-4de4-86b5-a28a2932b36b,0.01,0.13,0.22906067967414856
e9162fb6-cf9f-4de4-86b5-a28a2932b36b,0.01,0.18000000000000002,0.17654553055763245
e9162fb6-cf9f-4de4-86b5-a28a2932b36b,0.01,0.23,0.1513967514038086
e9162fb6-cf9f-4de4-86b5-a28a2932b36b,0.02,0.03,0.24897828698158264
e9162fb6-cf9f-4de4-86b5-a28a2932b36b,0.02,0.08,0.2835380733013153
e9162fb6-cf9f-4de4-86b5-a28a2932b36b,0.02,0.13,0.20222516357898712
e9162fb6-cf9f-4de4-86b5-a28a2932b36b,0.02,0.18000000000000002,0.16046063601970673
e9162fb6-cf9f-4de4-86b5-a28a2932b36b,0.02,0.23,0.1343134343624115
e9162fb6-cf9f-4de4-86b5-a28a2932b36b,0.03,0.03,0.25780344009399414
e9162fb6-cf9f-4de4-86b5-a28a2932b36b,0.03,0.08,0.23822860419750214
e9162fb6-cf9f-4de4-86b5-a28a2932b36b,0.03,0.13,0.17782467603683472
e9162fb6-cf9f-4de4-86b5-a28a2932b36b,0.03,0.18000000000000002,0.1386200338602066
e9162fb6-cf9f-4de4-86b5-a28a2932b36b,0.03,0.23,0.1177467554807663
e9162fb6-cf9f-4de4-86b5-a28a2932b36b,0.04,0.03,0.22194038331508636
e9162fb6-cf9f-4de4-86b5-a28a2932b36b,0.04,0.08,0.1912311613559723
e9162fb6-cf9f-4de4-86b5-a28a2932b36b,0.05,0.03,0.20103226602077484
e9162fb6-cf9f-4de4-86b5-a28a2932b36b,0.05,0.08,0.15724940598011017
e9162fb6-cf9f-4de4-86b5-a28a2932b36b,0.05,0.13,0.09994722157716751
e9162fb6-cf9f-4de4-86b5-a28a2932b36b,0.05,0.18000000000000002,0.08229278773069382
e9162fb6-cf9f-4de4-86b5-a28a2932b36b,0.05,0.23,0.07412457466125488
e9162fb6-cf9f-4de4-86b5-a28a2932b36b,0.1,0.03,0.05305800214409828
e9162fb6-cf9f-4de4-86b5-a28a2932b36b,0.1,0.08,0.08886267244815826
e9162fb6-cf9f-4de4-86b5-a28a2932b36b,0.1,0.13,0.09432648122310638
e9162fb6-cf9f-4de4-86b5-a28a2932b36b,0.1,0.18000000000000002,0.08268098533153534
e9162fb6-cf9f-4de4-86b5-a28a2932b36b,0.1,0.23,0.07777239382266998
e9162fb6-cf9f-4de4-86b5-a28a2932b36b,0.15000000000000002,0.03,0.06205984577536583
e9162fb6-cf9f-4de4-86b5-a28a2932b36b,0.15000000000000002,0.08,0.07836057990789413
e9162fb6-cf9f-4de4-86b5-a28a2932b36b,0.15000000000000002,0.13,0.06718363612890244
e9162fb6-cf9f-4de4-86b5-a28a2932b36b,0.15000000000000002,0.18000000000000002,0.06586771458387375
e9162fb6-cf9f-4de4-86b5-a28a2932b36b,0.15000000000000002,0.23,0.06066257879137993
e9162fb6-cf9f-4de4-86b5-a28a2932b36b,0.2,0.03,0.05084087699651718
e9162fb6-cf9f-4de4-86b5-a28a2932b36b,0.2,0.08,0.05715647339820862
e9162fb6-cf9f-4de4-86b5-a28a2932b36b,0.2,0.13,0.06197338551282883
e9162fb6-cf9f-4de4-86b5-a28a2932b36b,0.2,0.18000000000000002,0.06006378307938576
e9162fb6-cf9f-4de4-86b5-a28a2932b36b,0.2,0.23,0.05571325123310089
e9162fb6-cf9f-4de4-86b5-a28a2932b36b,0.25,0.03,0.04731805995106697
e9162fb6-cf9f-4de4-86b5-a28a2932b36b,0.25,0.08,0.05732959881424904
e9162fb6-cf9f-4de4-86b5-a28a2932b36b,0.25,0.13,0.057181864976882935
e9162fb6-cf9f-4de4-86b5-a28a2932b36b,0.25,0.18000000000000002,0.06071664020419121
e9162fb6-cf9f-4de4-86b5-a28a2932b36b,0.25,0.23,0.06644535809755325
e9162fb6-cf9f-4de4-86b5-a28a2932b36b,0.30000000000000004,0.03,0.04978149011731148
e9162fb6-cf9f-4de4-86b5-a28a2932b36b,0.30000000000000004,0.08,0.05410141870379448
e9162fb6-cf9f-4de4-86b5-a28a2932b36b,0.30000000000000004,0.13,0.057727985084056854
e9162fb6-cf9f-4de4-86b5-a28a2932b36b,0.30000000000000004,0.18000000000000002,0.06813427060842514
e9162fb6-cf9f-4de4-86b5-a28a2932b36b,0.30000000000000004,0.23,0.06938650459051132
e9251eda-c908-4897-b0db-0d9ee00c51e9,0.0,0.03,0.15218862891197205
e9251eda-c908-4897-b0db-0d9ee00c51e9,0.0,0.08,0.2237396091222763
e9251eda-c908-4897-b0db-0d9ee00c51e9,0.0,0.13,0.2147296965122223
e9251eda-c908-4897-b0db-0d9ee00c51e9,0.0,0.18000000000000002,0.180988609790802
e9251eda-c908-4897-b0db-0d9ee00c51e9,0.0,0.23,0.15714587271213531
e9251eda-c908-4897-b0db-0d9ee00c51e9,0.01,0.03,0.17666202783584595
e9251eda-c908-4897-b0db-0d9ee00c51e9,0.01,0.08,0.2359781116247177
e9251eda-c908-4897-b0db-0d9ee00c51e9,0.01,0.13,0.20893780887126923
e9251eda-c908-4897-b0db-0d9ee00c51e9,0.01,0.18000000000000002,0.16958540678024292
e9251eda-c908-4897-b0db-0d9ee00c51e9,0.01,0.23,0.1468384861946106
e9251eda-c908-4897-b0db-0d9ee00c51e9,0.02,0.03,0.1895352452993393
e9251eda-c908-4897-b0db-0d9ee00c51e9,0.02,0.08,0.22801290452480316
e9251eda-c908-4897-b0db-0d9ee00c51e9,0.02,0.13,0.19053293764591217
e9251eda-c908-4897-b0db-0d9ee00c51e9,0.02,0.18000000000000002,0.16260069608688354
e9251eda-c908-4897-b0db-0d9ee00c51e9,0.02,0.23,0.14424464106559753
e9251eda-c908-4897-b0db-0d9ee00c51e9,0.03,0.03,0.1867271363735199
e9251eda-c908-4897-b0db-0d9ee00c51e9,0.03,0.08,0.21137546002864838
e9251eda-c908-4897-b0db-0d9ee00c51e9,0.03,0.13,0.17869289219379425
e9251eda-c908-4897-b0db-0d9ee00c51e9,0.03,0.18000000000000002,0.15026426315307617
e9251eda-c908-4897-b0db-0d9ee00c51e9,0.03,0.23,0.1387540102005005
e9251eda-c908-4897-b0db-0d9ee00c51e9,0.04,0.03,0.1772201955318451
e9251eda-c908-4897-b0db-0d9ee00c51e9,0.04,0.08,0.19238875806331635
e9251eda-c908-4897-b0db-0d9ee00c51e9,0.05,0.03,0.16405491530895233
e9251eda-c908-4897-b0db-0d9ee00c51e9,0.05,0.08,0.18063592910766602
e9251eda-c908-4897-b0db-0d9ee00c51e9,0.05,0.13,0.15068230032920837
e9251eda-c908-4897-b0db-0d9ee00c51e9,0.05,0.18000000000000002,0.12854351103305817
e9251eda-c908-4897-b0db-0d9ee00c51e9,0.05,0.23,0.12040985375642776
e9251eda-c908-4897-b0db-0d9ee00c51e9,0.1,0.03,0.100161612033844
e9251eda-c908-4897-b0db-0d9ee00c51e9,0.1,0.08,0.09196516126394272
e9251eda-c908-4897-b0db-0d9ee00c51e9,0.1,0.13,0.08598446100950241
e9251eda-c908-4897-b0db-0d9ee00c51e9,0.1,0.18000000000000002,0.08383791893720627
e9251eda-c908-4897-b0db-0d9ee00c51e9,0.1,0.23,0.0856921449303627
e9251eda-c908-4897-b0db-0d9ee00c51e9,0.15000000000000002,0.03,0.06240652874112129
e9251eda-c908-4897-b0db-0d9ee00c51e9,0.15000000000000002,0.08,0.06400579959154129
e9251eda-c908-4897-b0db-0d9ee00c51e9,0.15000000000000002,0.13,0.07522494345903397
e9251eda-c908-4897-b0db-0d9ee00c51e9,0.15000000000000002,0.18000000000000002,0.07999969273805618
e9251eda-c908-4897-b0db-0d9ee00c51e9,0.15000000000000002,0.23,0.07897541671991348
e9251eda-c908-4897-b0db-0d9ee00c51e9,0.2,0.03,0.055474985390901566
e9251eda-c908-4897-b0db-0d9ee00c51e9,0.2,0.08,0.06766899675130844
e9251eda-c908-4897-b0db-0d9ee00c51e9,0.2,0.13,0.07473719120025635
e9251eda-c908-4897-b0db-0d9ee00c51e9,0.2,0.18000000000000002,0.07358188182115555
e9251eda-c908-4897-b0db-0d9ee00c51e9,0.2,0.23,0.0707889273762703
e9251eda-c908-4897-b0db-0d9ee00c51e9,0.25,0.03,0.048131462186574936
e9251eda-c908-4897-b0db-0d9ee00c51e9,0.25,0.08,0.06469027698040009
e9251eda-c908-4897-b0db-0d9ee00c51e9,0.25,0.13,0.06532760709524155
e9251eda-c908-4897-b0db-0d9ee00c51e9,0.25,0.18000000000000002,0.06937678158283234
e9251eda-c908-4897-b0db-0d9ee00c51e9,0.25,0.23,0.07036419212818146
e9251eda-c908-4897-b0db-0d9ee00c51e9,0.30000000000000004,0.03,0.05852756276726723
e9251eda-c908-4897-b0db-0d9ee00c51e9,0.30000000000000004,0.08,0.06556841731071472
e9251eda-c908-4897-b0db-0d9ee00c51e9,0.30000000000000004,0.13,0.07152373343706131
e9251eda-c908-4897-b0db-0d9ee00c51e9,0.30000000000000004,0.18000000000000002,0.0768861323595047
e9251eda-c908-4897-b0db-0d9ee00c51e9,0.30000000000000004,0.23,0.0810750275850296
e92be063-5568-48fb-a24a-76d8612c9ee4,0.0,0.03,0.06682070344686508
e92be063-5568-48fb-a24a-76d8612c9ee4,0.0,0.08,0.1047540009021759
e92be063-5568-48fb-a24a-76d8612c9ee4,0.0,0.13,0.12463825196027756
e92be063-5568-48fb-a24a-76d8612c9ee4,0.0,0.18000000000000002,0.11853375285863876
e92be063-5568-48fb-a24a-76d8612c9ee4,0.0,0.23,0.10232728719711304
e92be063-5568-48fb-a24a-76d8612c9ee4,0.01,0.03,0.06879888474941254
e92be063-5568-48fb-a24a-76d8612c9ee4,0.01,0.08,0.10747592151165009
e92be063-5568-48fb-a24a-76d8612c9ee4,0.01,0.13,0.11339449137449265
e92be063-5568-48fb-a24a-76d8612c9ee4,0.01,0.18000000000000002,0.10408320277929306
e92be063-5568-48fb-a24a-76d8612c9ee4,0.01,0.23,0.09186642616987228
e92be063-5568-48fb-a24a-76d8612c9ee4,0.02,0.03,0.07198244333267212
e92be063-5568-48fb-a24a-76d8612c9ee4,0.02,0.08,0.11163679510354996
e92be063-5568-48fb-a24a-76d8612c9ee4,0.02,0.13,0.1110963448882103
e92be063-5568-48fb-a24a-76d8612c9ee4,0.02,0.18000000000000002,0.10031856596469879
e92be063-5568-48fb-a24a-76d8612c9ee4,0.02,0.23,0.09108304977416992
e92be063-5568-48fb-a24a-76d8612c9ee4,0.03,0.03,0.08395854383707047
e92be063-5568-48fb-a24a-76d8612c9ee4,0.03,0.08,0.11546318233013153
e92be063-5568-48fb-a24a-76d8612c9ee4,0.03,0.13,0.1111290454864502
e92be063-5568-48fb-a24a-76d8612c9ee4,0.03,0.18000000000000002,0.09784959256649017
e92be063-5568-48fb-a24a-76d8612c9ee4,0.03,0.23,0.08851061016321182
e92be063-5568-48fb-a24a-76d8612c9ee4,0.04,0.03,0.08923207223415375
e92be063-5568-48fb-a24a-76d8612c9ee4,0.04,0.08,0.11833333969116211
e92be063-5568-48fb-a24a-76d8612c9ee4,0.05,0.03,0.09894260764122009
e92be063-5568-48fb-a24a-76d8612c9ee4,0.05,0.08,0.12637485563755035
e92be063-5568-48fb-a24a-76d8612c9ee4,0.05,0.13,0.1205628290772438
e92be063-5568-48fb-a24a-76d8612c9ee4,0.05,0.18000000000000002,0.10245569795370102
e92be063-5568-48fb-a24a-76d8612c9ee4,0.05,0.23,0.09353304654359818
e92be063-5568-48fb-a24a-76d8612c9ee4,0.1,0.03,0.09123411029577255
e92be063-5568-48fb-a24a-76d8612c9ee4,0.1,0.08,0.09313462674617767
e92be063-5568-48fb-a24a-76d8612c9ee4,0.1,0.13,0.07792950421571732
e92be063-5568-48fb-a24a-76d8612c9ee4,0.1,0.18000000000000002,0.07644598186016083
e92be063-5568-48fb-a24a-76d8612c9ee4,0.1,0.23,0.0805191621184349
e92be063-5568-48fb-a24a-76d8612c9ee4,0.15000000000000002,0.03,0.05782027542591095
e92be063-5568-48fb-a24a-76d8612c9ee4,0.15000000000000002,0.08,0.06695161014795303
e92be063-5568-48fb-a24a-76d8612c9ee4,0.15000000000000002,0.13,0.0734509751200676
e92be063-5568-48fb-a24a-76d8612c9ee4,0.15000000000000002,0.18000000000000002,0.0756111741065979
e92be063-5568-48fb-a24a-76d8612c9ee4,0.15000000000000002,0.23,0.073066346347332
e92be063-5568-48fb-a24a-76d8612c9ee4,0.2,0.03,0.060659851878881454
e92be063-5568-48fb-a24a-76d8612c9ee4,0.2,0.08,0.07091936469078064
e92be063-5568-48fb-a24a-76d8612c9ee4,0.2,0.13,0.06973552703857422
e92be063-5568-48fb-a24a-76d8612c9ee4,0.2,0.18000000000000002,0.06690540909767151
e92be063-5568-48fb-a24a-76d8612c9ee4,0.2,0.23,0.06675833463668823
e92be063-5568-48fb-a24a-76d8612c9ee4,0.25,0.03,0.06264941394329071
e92be063-5568-48fb-a24a-76d8612c9ee4,0.25,0.08,0.06381044536828995
e92be063-5568-48fb-a24a-76d8612c9ee4,0.25,0.13,0.06647833436727524
e92be063-5568-48fb-a24a-76d8612c9ee4,0.25,0.18000000000000002,0.06679586321115494
e92be063-5568-48fb-a24a-76d8612c9ee4,0.25,0.23,0.06619809567928314
e92be063-5568-48fb-a24a-76d8612c9ee4,0.30000000000000004,0.03,0.05098851025104523
e92be063-5568-48fb-a24a-76d8612c9ee4,0.30000000000000004,0.08,0.06016172841191292
e92be063-5568-48fb-a24a-76d8612c9ee4,0.30000000000000004,0.13,0.06275402009487152
e92be063-5568-48fb-a24a-76d8612c9ee4,0.30000000000000004,0.18000000000000002,0.06056695431470871
e92be063-5568-48fb-a24a-76d8612c9ee4,0.30000000000000004,0.23,0.06584905833005905
e9576a8e-8c1f-4a4a-ae90-d208c0f3a7fe,0.0,0.03,0.04925708845257759
e9576a8e-8c1f-4a4a-ae90-d208c0f3a7fe,0.0,0.08,0.06632275134325027
e9576a8e-8c1f-4a4a-ae90-d208c0f3a7fe,0.0,0.13,0.07251542061567307
e9576a8e-8c1f-4a4a-ae90-d208c0f3a7fe,0.0,0.18000000000000002,0.08017756044864655
e9576a8e-8c1f-4a4a-ae90-d208c0f3a7fe,0.0,0.23,0.09012142568826675
e9576a8e-8c1f-4a4a-ae90-d208c0f3a7fe,0.01,0.03,0.05374268814921379
e9576a8e-8c1f-4a4a-ae90-d208c0f3a7fe,0.01,0.08,0.06672392040491104
e9576a8e-8c1f-4a4a-ae90-d208c0f3a7fe,0.01,0.13,0.06988649070262909
e9576a8e-8c1f-4a4a-ae90-d208c0f3a7fe,0.01,0.18000000000000002,0.07551128417253494
e9576a8e-8c1f-4a4a-ae90-d208c0f3a7fe,0.01,0.23,0.08691617101430893
e9576a8e-8c1f-4a4a-ae90-d208c0f3a7fe,0.02,0.03,0.05144345387816429
e9576a8e-8c1f-4a4a-ae90-d208c0f3a7fe,0.02,0.08,0.06269505620002747
e9576a8e-8c1f-4a4a-ae90-d208c0f3a7fe,0.02,0.13,0.0644468441605568
e9576a8e-8c1f-4a4a-ae90-d208c0f3a7fe,0.02,0.18000000000000002,0.08132253587245941
e9576a8e-8c1f-4a4a-ae90-d208c0f3a7fe,0.02,0.23,0.0911007970571518
e9576a8e-8c1f-4a4a-ae90-d208c0f3a7fe,0.03,0.03,0.04954300448298454
e9576a8e-8c1f-4a4a-ae90-d208c0f3a7fe,0.03,0.08,0.05646044760942459
e9576a8e-8c1f-4a4a-ae90-d208c0f3a7fe,0.03,0.13,0.06600237637758255
e9576a8e-8c1f-4a4a-ae90-d208c0f3a7fe,0.03,0.18000000000000002,0.08567767590284348
e9576a8e-8c1f-4a4a-ae90-d208c0f3a7fe,0.03,0.23,0.0925649031996727
e9576a8e-8c1f-4a4a-ae90-d208c0f3a7fe,0.04,0.03,0.05967247113585472
e9576a8e-8c1f-4a4a-ae90-d208c0f3a7fe,0.04,0.08,0.06390128284692764
e9576a8e-8c1f-4a4a-ae90-d208c0f3a7fe,0.05,0.03,0.05525605380535126
e9576a8e-8c1f-4a4a-ae90-d208c0f3a7fe,0.05,0.08,0.05930771306157112
e9576a8e-8c1f-4a4a-ae90-d208c0f3a7fe,0.05,0.13,0.07508179545402527
e9576a8e-8c1f-4a4a-ae90-d208c0f3a7fe,0.05,0.18000000000000002,0.0850653424859047
e9576a8e-8c1f-4a4a-ae90-d208c0f3a7fe,0.05,0.23,0.10471930354833603
e9576a8e-8c1f-4a4a-ae90-d208c0f3a7fe,0.1,0.03,0.04704107344150543
e9576a8e-8c1f-4a4a-ae90-d208c0f3a7fe,0.1,0.08,0.07631195336580276
e9576a8e-8c1f-4a4a-ae90-d208c0f3a7fe,0.1,0.13,0.08698837459087372
e9576a8e-8c1f-4a4a-ae90-d208c0f3a7fe,0.1,0.18000000000000002,0.10834554582834244
e9576a8e-8c1f-4a4a-ae90-d208c0f3a7fe,0.1,0.23,0.11934971064329147
e9576a8e-8c1f-4a4a-ae90-d208c0f3a7fe,0.15000000000000002,0.03,0.05818166583776474
e9576a8e-8c1f-4a4a-ae90-d208c0f3a7fe,0.15000000000000002,0.08,0.06993156671524048
e9576a8e-8c1f-4a4a-ae90-d208c0f3a7fe,0.15000000000000002,0.13,0.09634187817573547
e9576a8e-8c1f-4a4a-ae90-d208c0f3a7fe,0.15000000000000002,0.18000000000000002,0.10862591862678528
e9576a8e-8c1f-4a4a-ae90-d208c0f3a7fe,0.15000000000000002,0.23,0.12835687398910522
e9576a8e-8c1f-4a4a-ae90-d208c0f3a7fe,0.2,0.03,0.04916226491332054
e9576a8e-8c1f-4a4a-ae90-d208c0f3a7fe,0.2,0.08,0.07509230077266693
e9576a8e-8c1f-4a4a-ae90-d208c0f3a7fe,0.2,0.13,0.10157112032175064
e9576a8e-8c1f-4a4a-ae90-d208c0f3a7fe,0.2,0.18000000000000002,0.1237214058637619
e9576a8e-8c1f-4a4a-ae90-d208c0f3a7fe,0.2,0.23,0.13972018659114838
e9576a8e-8c1f-4a4a-ae90-d208c0f3a7fe,0.25,0.03,0.06271450966596603
e9576a8e-8c1f-4a4a-ae90-d208c0f3a7fe,0.25,0.08,0.09282779693603516
e9576a8e-8c1f-4a4a-ae90-d208c0f3a7fe,0.25,0.13,0.1184624657034874
e9576a8e-8c1f-4a4a-ae90-d208c0f3a7fe,0.25,0.18000000000000002,0.13520629703998566
e9576a8e-8c1f-4a4a-ae90-d208c0f3a7fe,0.25,0.23,0.1404162496328354
e9576a8e-8c1f-4a4a-ae90-d208c0f3a7fe,0.30000000000000004,0.03,0.0708126649260521
e9576a8e-8c1f-4a4a-ae90-d208c0f3a7fe,0.30000000000000004,0.08,0.1012190580368042
e9576a8e-8c1f-4a4a-ae90-d208c0f3a7fe,0.30000000000000004,0.13,0.11996562033891678
e9576a8e-8c1f-4a4a-ae90-d208c0f3a7fe,0.30000000000000004,0.18000000000000002,0.12552480399608612
e9576a8e-8c1f-4a4a-ae90-d208c0f3a7fe,0.30000000000000004,0.23,0.13480578362941742
e9d762ce-d80e-4968-9e5d-bde19ce7e79d,0.0,0.03,0.13939552009105682
e9d762ce-d80e-4968-9e5d-bde19ce7e79d,0.0,0.08,0.2114177793264389
e9d762ce-d80e-4968-9e5d-bde19ce7e79d,0.0,0.13,0.17072910070419312
e9d762ce-d80e-4968-9e5d-bde19ce7e79d,0.0,0.18000000000000002,0.12497078627347946
e9d762ce-d80e-4968-9e5d-bde19ce7e79d,0.0,0.23,0.10071835666894913
e9d762ce-d80e-4968-9e5d-bde19ce7e79d,0.01,0.03,0.138032466173172
e9d762ce-d80e-4968-9e5d-bde19ce7e79d,0.01,0.08,0.18253888189792633
e9d762ce-d80e-4968-9e5d-bde19ce7e79d,0.01,0.13,0.1347835510969162
e9d762ce-d80e-4968-9e5d-bde19ce7e79d,0.01,0.18000000000000002,0.09797262400388718
e9d762ce-d80e-4968-9e5d-bde19ce7e79d,0.01,0.23,0.07974826544523239
e9d762ce-d80e-4968-9e5d-bde19ce7e79d,0.02,0.03,0.14464092254638672
e9d762ce-d80e-4968-9e5d-bde19ce7e79d,0.02,0.08,0.16942919790744781
e9d762ce-d80e-4968-9e5d-bde19ce7e79d,0.02,0.13,0.11268090456724167
e9d762ce-d80e-4968-9e5d-bde19ce7e79d,0.02,0.18000000000000002,0.08273091912269592
e9d762ce-d80e-4968-9e5d-bde19ce7e79d,0.02,0.23,0.07064687460660934
e9d762ce-d80e-4968-9e5d-bde19ce7e79d,0.03,0.03,0.15012100338935852
e9d762ce-d80e-4968-9e5d-bde19ce7e79d,0.03,0.08,0.13552308082580566
e9d762ce-d80e-4968-9e5d-bde19ce7e79d,0.03,0.13,0.09254032373428345
e9d762ce-d80e-4968-9e5d-bde19ce7e79d,0.03,0.18000000000000002,0.07183760404586792
e9d762ce-d80e-4968-9e5d-bde19ce7e79d,0.03,0.23,0.06973139941692352
e9d762ce-d80e-4968-9e5d-bde19ce7e79d,0.04,0.03,0.12370449304580688
e9d762ce-d80e-4968-9e5d-bde19ce7e79d,0.04,0.08,0.10519478470087051
e9d762ce-d80e-4968-9e5d-bde19ce7e79d,0.05,0.03,0.10043647885322571
e9d762ce-d80e-4968-9e5d-bde19ce7e79d,0.05,0.08,0.07536962628364563
e9d762ce-d80e-4968-9e5d-bde19ce7e79d,0.05,0.13,0.06756504625082016
e9d762ce-d80e-4968-9e5d-bde19ce7e79d,0.05,0.18000000000000002,0.0718904510140419
e9d762ce-d80e-4968-9e5d-bde19ce7e79d,0.05,0.23,0.06432859599590302
e9d762ce-d80e-4968-9e5d-bde19ce7e79d,0.1,0.03,0.056291136890649796
e9d762ce-d80e-4968-9e5d-bde19ce7e79d,0.1,0.08,0.07676395028829575
e9d762ce-d80e-4968-9e5d-bde19ce7e79d,0.1,0.13,0.07234794646501541
e9d762ce-d80e-4968-9e5d-bde19ce7e79d,0.1,0.18000000000000002,0.07030009478330612
e9d762ce-d80e-4968-9e5d-bde19ce7e79d,0.1,0.23,0.0683605819940567
e9d762ce-d80e-4968-9e5d-bde19ce7e79d,0.15000000000000002,0.03,0.051667459309101105
e9d762ce-d80e-4968-9e5d-bde19ce7e79d,0.15000000000000002,0.08,0.06483189761638641
e9d762ce-d80e-4968-9e5d-bde19ce7e79d,0.15000000000000002,0.13,0.0565606914460659
e9d762ce-d80e-4968-9e5d-bde19ce7e79d,0.15000000000000002,0.18000000000000002,0.05727798491716385
e9d762ce-d80e-4968-9e5d-bde19ce7e79d,0.15000000000000002,0.23,0.06070912629365921
e9d762ce-d80e-4968-9e5d-bde19ce7e79d,0.2,0.03,0.055283356457948685
e9d762ce-d80e-4968-9e5d-bde19ce7e79d,0.2,0.08,0.06293828785419464
e9d762ce-d80e-4968-9e5d-bde19ce7e79d,0.2,0.13,0.06114956736564636
e9d762ce-d80e-4968-9e5d-bde19ce7e79d,0.2,0.18000000000000002,0.06422223895788193
e9d762ce-d80e-4968-9e5d-bde19ce7e79d,0.2,0.23,0.0656391829252243
e9d762ce-d80e-4968-9e5d-bde19ce7e79d,0.25,0.03,0.052829716354608536
e9d762ce-d80e-4968-9e5d-bde19ce7e79d,0.25,0.08,0.05830841511487961
e9d762ce-d80e-4968-9e5d-bde19ce7e79d,0.25,0.13,0.06260748207569122
e9d762ce-d80e-4968-9e5d-bde19ce7e79d,0.25,0.18000000000000002,0.0727478414773941
e9d762ce-d80e-4968-9e5d-bde19ce7e79d,0.25,0.23,0.0741068497300148
e9d762ce-d80e-4968-9e5d-bde19ce7e79d,0.30000000000000004,0.03,0.04458445683121681
e9d762ce-d80e-4968-9e5d-bde19ce7e79d,0.30000000000000004,0.08,0.061782900243997574
e9d762ce-d80e-4968-9e5d-bde19ce7e79d,0.30000000000000004,0.13,0.07167967408895493
e9d762ce-d80e-4968-9e5d-bde19ce7e79d,0.30000000000000004,0.18000000000000002,0.06624157726764679
e9d762ce-d80e-4968-9e5d-bde19ce7e79d,0.30000000000000004,0.23,0.06469318270683289
ea614955-84af-483b-aee3-0677009ad912,0.0,0.03,0.09791988134384155
ea614955-84af-483b-aee3-0677009ad912,0.0,0.08,0.16889725625514984
ea614955-84af-483b-aee3-0677009ad912,0.0,0.13,0.11893881857395172
ea614955-84af-483b-aee3-0677009ad912,0.0,0.18000000000000002,0.08611522614955902
ea614955-84af-483b-aee3-0677009ad912,0.0,0.23,0.08382388949394226
ea614955-84af-483b-aee3-0677009ad912,0.01,0.03,0.09933032840490341
ea614955-84af-483b-aee3-0677009ad912,0.01,0.08,0.14441078901290894
ea614955-84af-483b-aee3-0677009ad912,0.01,0.13,0.10572093725204468
ea614955-84af-483b-aee3-0677009ad912,0.01,0.18000000000000002,0.08309369534254074
ea614955-84af-483b-aee3-0677009ad912,0.01,0.23,0.07957720756530762
ea614955-84af-483b-aee3-0677009ad912,0.02,0.03,0.09927692264318466
ea614955-84af-483b-aee3-0677009ad912,0.02,0.08,0.1356482207775116
ea614955-84af-483b-aee3-0677009ad912,0.02,0.13,0.08789671957492828
ea614955-84af-483b-aee3-0677009ad912,0.02,0.18000000000000002,0.07975070923566818
ea614955-84af-483b-aee3-0677009ad912,0.02,0.23,0.07739291340112686
ea614955-84af-483b-aee3-0677009ad912,0.03,0.03,0.10647206753492355
ea614955-84af-483b-aee3-0677009ad912,0.03,0.08,0.12030830979347229
ea614955-84af-483b-aee3-0677009ad912,0.03,0.13,0.08062977343797684
ea614955-84af-483b-aee3-0677009ad912,0.03,0.18000000000000002,0.08049528300762177
ea614955-84af-483b-aee3-0677009ad912,0.03,0.23,0.07344241440296173
ea614955-84af-483b-aee3-0677009ad912,0.04,0.03,0.10373637080192566
ea614955-84af-483b-aee3-0677009ad912,0.04,0.08,0.10058937966823578
ea614955-84af-483b-aee3-0677009ad912,0.05,0.03,0.10081907361745834
ea614955-84af-483b-aee3-0677009ad912,0.05,0.08,0.09460194408893585
ea614955-84af-483b-aee3-0677009ad912,0.05,0.13,0.079941526055336
ea614955-84af-483b-aee3-0677009ad912,0.05,0.18000000000000002,0.07517987489700317
ea614955-84af-483b-aee3-0677009ad912,0.05,0.23,0.07393453270196915
ea614955-84af-483b-aee3-0677009ad912,0.1,0.03,0.05945274606347084
ea614955-84af-483b-aee3-0677009ad912,0.1,0.08,0.08940999209880829
ea614955-84af-483b-aee3-0677009ad912,0.1,0.13,0.09264872223138809
ea614955-84af-483b-aee3-0677009ad912,0.1,0.18000000000000002,0.08996212482452393
ea614955-84af-483b-aee3-0677009ad912,0.1,0.23,0.08316340297460556
ea614955-84af-483b-aee3-0677009ad912,0.15000000000000002,0.03,0.05276975780725479
ea614955-84af-483b-aee3-0677009ad912,0.15000000000000002,0.08,0.06173746660351753
ea614955-84af-483b-aee3-0677009ad912,0.15000000000000002,0.13,0.06692526489496231
ea614955-84af-483b-aee3-0677009ad912,0.15000000000000002,0.18000000000000002,0.06960246711969376
ea614955-84af-483b-aee3-0677009ad912,0.15000000000000002,0.23,0.06701614707708359
ea614955-84af-483b-aee3-0677009ad912,0.2,0.03,0.04430169612169266
ea614955-84af-483b-aee3-0677009ad912,0.2,0.08,0.05551503598690033
ea614955-84af-483b-aee3-0677009ad912,0.2,0.13,0.06214747205376625
ea614955-84af-483b-aee3-0677009ad912,0.2,0.18000000000000002,0.06372163444757462
ea614955-84af-483b-aee3-0677009ad912,0.2,0.23,0.06910265982151031
ea614955-84af-483b-aee3-0677009ad912,0.25,0.03,0.049868177622556686
ea614955-84af-483b-aee3-0677009ad912,0.25,0.08,0.05709949880838394
ea614955-84af-483b-aee3-0677009ad912,0.25,0.13,0.07119589298963547
ea614955-84af-483b-aee3-0677009ad912,0.25,0.18000000000000002,0.0785134956240654
ea614955-84af-483b-aee3-0677009ad912,0.25,0.23,0.07231098413467407
ea614955-84af-483b-aee3-0677009ad912,0.30000000000000004,0.03,0.04640750214457512
ea614955-84af-483b-aee3-0677009ad912,0.30000000000000004,0.08,0.06622687727212906
ea614955-84af-483b-aee3-0677009ad912,0.30000000000000004,0.13,0.07406022399663925
ea614955-84af-483b-aee3-0677009ad912,0.30000000000000004,0.18000000000000002,0.07000719010829926
ea614955-84af-483b-aee3-0677009ad912,0.30000000000000004,0.23,0.07392176985740662
ea8cefb5-e7d2-4299-be4b-cc893f017bb8,0.0,0.03,0.05396575853228569
ea8cefb5-e7d2-4299-be4b-cc893f017bb8,0.0,0.08,0.07500695437192917
ea8cefb5-e7d2-4299-be4b-cc893f017bb8,0.0,0.13,0.06990282237529755
ea8cefb5-e7d2-4299-be4b-cc893f017bb8,0.0,0.18000000000000002,0.0706121027469635
ea8cefb5-e7d2-4299-be4b-cc893f017bb8,0.0,0.23,0.06875196844339371
ea8cefb5-e7d2-4299-be4b-cc893f017bb8,0.01,0.03,0.05658217892050743
ea8cefb5-e7d2-4299-be4b-cc893f017bb8,0.01,0.08,0.08027207106351852
ea8cefb5-e7d2-4299-be4b-cc893f017bb8,0.01,0.13,0.08289415389299393
ea8cefb5-e7d2-4299-be4b-cc893f017bb8,0.01,0.18000000000000002,0.07090061902999878
ea8cefb5-e7d2-4299-be4b-cc893f017bb8,0.01,0.23,0.06886109709739685
ea8cefb5-e7d2-4299-be4b-cc893f017bb8,0.02,0.03,0.059335410594940186
ea8cefb5-e7d2-4299-be4b-cc893f017bb8,0.02,0.08,0.08298006653785706
ea8cefb5-e7d2-4299-be4b-cc893f017bb8,0.02,0.13,0.07266856729984283
ea8cefb5-e7d2-4299-be4b-cc893f017bb8,0.02,0.18000000000000002,0.06979475915431976
ea8cefb5-e7d2-4299-be4b-cc893f017bb8,0.02,0.23,0.06633310765028
ea8cefb5-e7d2-4299-be4b-cc893f017bb8,0.03,0.03,0.051945462822914124
ea8cefb5-e7d2-4299-be4b-cc893f017bb8,0.03,0.08,0.07250276207923889
ea8cefb5-e7d2-4299-be4b-cc893f017bb8,0.03,0.13,0.06598124653100967
ea8cefb5-e7d2-4299-be4b-cc893f017bb8,0.03,0.18000000000000002,0.06820870190858841
ea8cefb5-e7d2-4299-be4b-cc893f017bb8,0.03,0.23,0.06794489175081253
ea8cefb5-e7d2-4299-be4b-cc893f017bb8,0.04,0.03,0.053115446120500565
ea8cefb5-e7d2-4299-be4b-cc893f017bb8,0.04,0.08,0.06365060061216354
ea8cefb5-e7d2-4299-be4b-cc893f017bb8,0.05,0.03,0.05052008479833603
ea8cefb5-e7d2-4299-be4b-cc893f017bb8,0.05,0.08,0.06388457119464874
ea8cefb5-e7d2-4299-be4b-cc893f017bb8,0.05,0.13,0.06339635699987411
ea8cefb5-e7d2-4299-be4b-cc893f017bb8,0.05,0.18000000000000002,0.06646203994750977
ea8cefb5-e7d2-4299-be4b-cc893f017bb8,0.05,0.23,0.0648847296833992
ea8cefb5-e7d2-4299-be4b-cc893f017bb8,0.1,0.03,0.05078357458114624
ea8cefb5-e7d2-4299-be4b-cc893f017bb8,0.1,0.08,0.060426004230976105
ea8cefb5-e7d2-4299-be4b-cc893f017bb8,0.1,0.13,0.06807046383619308
ea8cefb5-e7d2-4299-be4b-cc893f017bb8,0.1,0.18000000000000002,0.06589572876691818
ea8cefb5-e7d2-4299-be4b-cc893f017bb8,0.1,0.23,0.07278650999069214
ea8cefb5-e7d2-4299-be4b-cc893f017bb8,0.15000000000000002,0.03,0.04460678622126579
ea8cefb5-e7d2-4299-be4b-cc893f017bb8,0.15000000000000002,0.08,0.06541574746370316
ea8cefb5-e7d2-4299-be4b-cc893f017bb8,0.15000000000000002,0.13,0.06222980096936226
ea8cefb5-e7d2-4299-be4b-cc893f017bb8,0.15000000000000002,0.18000000000000002,0.06953971832990646
ea8cefb5-e7d2-4299-be4b-cc893f017bb8,0.15000000000000002,0.23,0.07005977630615234
ea8cefb5-e7d2-4299-be4b-cc893f017bb8,0.2,0.03,0.04371647164225578
ea8cefb5-e7d2-4299-be4b-cc893f017bb8,0.2,0.08,0.05244467779994011
ea8cefb5-e7d2-4299-be4b-cc893f017bb8,0.2,0.13,0.0658838078379631
ea8cefb5-e7d2-4299-be4b-cc893f017bb8,0.2,0.18000000000000002,0.07236536592245102
ea8cefb5-e7d2-4299-be4b-cc893f017bb8,0.2,0.23,0.07145867496728897
ea8cefb5-e7d2-4299-be4b-cc893f017bb8,0.25,0.03,0.047958679497241974
ea8cefb5-e7d2-4299-be4b-cc893f017bb8,0.25,0.08,0.06163785234093666
ea8cefb5-e7d2-4299-be4b-cc893f017bb8,0.25,0.13,0.06409331411123276
ea8cefb5-e7d2-4299-be4b-cc893f017bb8,0.25,0.18000000000000002,0.06661400198936462
ea8cefb5-e7d2-4299-be4b-cc893f017bb8,0.25,0.23,0.0682101622223854
ea8cefb5-e7d2-4299-be4b-cc893f017bb8,0.30000000000000004,0.03,0.04698213189840317
ea8cefb5-e7d2-4299-be4b-cc893f017bb8,0.30000000000000004,0.08,0.05929262936115265
ea8cefb5-e7d2-4299-be4b-cc893f017bb8,0.30000000000000004,0.13,0.06401219218969345
ea8cefb5-e7d2-4299-be4b-cc893f017bb8,0.30000000000000004,0.18000000000000002,0.06565915793180466
ea8cefb5-e7d2-4299-be4b-cc893f017bb8,0.30000000000000004,0.23,0.06400609016418457
eb16b8da-5502-4ed6-bd6e-c6737e706f7f,0.0,0.03,0.3666936457157135
eb16b8da-5502-4ed6-bd6e-c6737e706f7f,0.0,0.08,0.45769795775413513
eb16b8da-5502-4ed6-bd6e-c6737e706f7f,0.0,0.13,0.3830935060977936
eb16b8da-5502-4ed6-bd6e-c6737e706f7f,0.0,0.18000000000000002,0.3492051362991333
eb16b8da-5502-4ed6-bd6e-c6737e706f7f,0.0,0.23,0.319807231426239
eb16b8da-5502-4ed6-bd6e-c6737e706f7f,0.01,0.03,0.35302403569221497
eb16b8da-5502-4ed6-bd6e-c6737e706f7f,0.01,0.08,0.38667795062065125
eb16b8da-5502-4ed6-bd6e-c6737e706f7f,0.01,0.13,0.32087060809135437
eb16b8da-5502-4ed6-bd6e-c6737e706f7f,0.01,0.18000000000000002,0.284209668636322
eb16b8da-5502-4ed6-bd6e-c6737e706f7f,0.01,0.23,0.2662035822868347
eb16b8da-5502-4ed6-bd6e-c6737e706f7f,0.02,0.03,0.3709939122200012
eb16b8da-5502-4ed6-bd6e-c6737e706f7f,0.02,0.08,0.3408031761646271
eb16b8da-5502-4ed6-bd6e-c6737e706f7f,0.02,0.13,0.2947522699832916
eb16b8da-5502-4ed6-bd6e-c6737e706f7f,0.02,0.18000000000000002,0.26559126377105713
eb16b8da-5502-4ed6-bd6e-c6737e706f7f,0.02,0.23,0.24743503332138062
eb16b8da-5502-4ed6-bd6e-c6737e706f7f,0.03,0.03,0.34137335419654846
eb16b8da-5502-4ed6-bd6e-c6737e706f7f,0.03,0.08,0.3063332140445709
eb16b8da-5502-4ed6-bd6e-c6737e706f7f,0.03,0.13,0.25980621576309204
eb16b8da-5502-4ed6-bd6e-c6737e706f7f,0.03,0.18000000000000002,0.24128831923007965
eb16b8da-5502-4ed6-bd6e-c6737e706f7f,0.03,0.23,0.2224329560995102
eb16b8da-5502-4ed6-bd6e-c6737e706f7f,0.04,0.03,0.2843170166015625
eb16b8da-5502-4ed6-bd6e-c6737e706f7f,0.04,0.08,0.2666776776313782
eb16b8da-5502-4ed6-bd6e-c6737e706f7f,0.05,0.03,0.2889387011528015
eb16b8da-5502-4ed6-bd6e-c6737e706f7f,0.05,0.08,0.2462952435016632
eb16b8da-5502-4ed6-bd6e-c6737e706f7f,0.05,0.13,0.23710370063781738
eb16b8da-5502-4ed6-bd6e-c6737e706f7f,0.05,0.18000000000000002,0.21856506168842316
eb16b8da-5502-4ed6-bd6e-c6737e706f7f,0.05,0.23,0.20694133639335632
eb16b8da-5502-4ed6-bd6e-c6737e706f7f,0.1,0.03,0.14706555008888245
eb16b8da-5502-4ed6-bd6e-c6737e706f7f,0.1,0.08,0.16923606395721436
eb16b8da-5502-4ed6-bd6e-c6737e706f7f,0.1,0.13,0.1583375334739685
eb16b8da-5502-4ed6-bd6e-c6737e706f7f,0.1,0.18000000000000002,0.1525864154100418
eb16b8da-5502-4ed6-bd6e-c6737e706f7f,0.1,0.23,0.14327435195446014
eb16b8da-5502-4ed6-bd6e-c6737e706f7f,0.15000000000000002,0.03,0.1051480770111084
eb16b8da-5502-4ed6-bd6e-c6737e706f7f,0.15000000000000002,0.08,0.11228344589471817
eb16b8da-5502-4ed6-bd6e-c6737e706f7f,0.15000000000000002,0.13,0.11481069028377533
eb16b8da-5502-4ed6-bd6e-c6737e706f7f,0.15000000000000002,0.18000000000000002,0.11160172522068024
eb16b8da-5502-4ed6-bd6e-c6737e706f7f,0.15000000000000002,0.23,0.10422493517398834
eb16b8da-5502-4ed6-bd6e-c6737e706f7f,0.2,0.03,0.08462439477443695
eb16b8da-5502-4ed6-bd6e-c6737e706f7f,0.2,0.08,0.09312398731708527
eb16b8da-5502-4ed6-bd6e-c6737e706f7f,0.2,0.13,0.09246352314949036
eb16b8da-5502-4ed6-bd6e-c6737e706f7f,0.2,0.18000000000000002,0.08639412373304367
eb16b8da-5502-4ed6-bd6e-c6737e706f7f,0.2,0.23,0.08434440195560455
eb16b8da-5502-4ed6-bd6e-c6737e706f7f,0.25,0.03,0.05929255858063698
eb16b8da-5502-4ed6-bd6e-c6737e706f7f,0.25,0.08,0.07088055461645126
eb16b8da-5502-4ed6-bd6e-c6737e706f7f,0.25,0.13,0.07199084758758545
eb16b8da-5502-4ed6-bd6e-c6737e706f7f,0.25,0.18000000000000002,0.07843548059463501
eb16b8da-5502-4ed6-bd6e-c6737e706f7f,0.25,0.23,0.08292676508426666
eb16b8da-5502-4ed6-bd6e-c6737e706f7f,0.30000000000000004,0.03,0.060159195214509964
eb16b8da-5502-4ed6-bd6e-c6737e706f7f,0.30000000000000004,0.08,0.06702001392841339
eb16b8da-5502-4ed6-bd6e-c6737e706f7f,0.30000000000000004,0.13,0.07776421308517456
eb16b8da-5502-4ed6-bd6e-c6737e706f7f,0.30000000000000004,0.18000000000000002,0.07964379340410233
eb16b8da-5502-4ed6-bd6e-c6737e706f7f,0.30000000000000004,0.23,0.07655162364244461
eb5c717a-9d2d-4696-bd52-1dc4ed5ff679,0.0,0.03,0.0
eb5c717a-9d2d-4696-bd52-1dc4ed5ff679,0.0,0.08,0.0
eb5c717a-9d2d-4696-bd52-1dc4ed5ff679,0.0,0.13,0.0
eb5c717a-9d2d-4696-bd52-1dc4ed5ff679,0.0,0.18000000000000002,0.0
eb5c717a-9d2d-4696-bd52-1dc4ed5ff679,0.0,0.23,0.0
eb5c717a-9d2d-4696-bd52-1dc4ed5ff679,0.01,0.03,0.0
eb5c717a-9d2d-4696-bd52-1dc4ed5ff679,0.01,0.08,0.0
eb5c717a-9d2d-4696-bd52-1dc4ed5ff679,0.01,0.13,0.0
eb5c717a-9d2d-4696-bd52-1dc4ed5ff679,0.01,0.18000000000000002,0.0
eb5c717a-9d2d-4696-bd52-1dc4ed5ff679,0.01,0.23,0.0
eb5c717a-9d2d-4696-bd52-1dc4ed5ff679,0.02,0.03,0.0
eb5c717a-9d2d-4696-bd52-1dc4ed5ff679,0.02,0.08,0.0
eb5c717a-9d2d-4696-bd52-1dc4ed5ff679,0.02,0.13,0.0
eb5c717a-9d2d-4696-bd52-1dc4ed5ff679,0.02,0.18000000000000002,0.0
eb5c717a-9d2d-4696-bd52-1dc4ed5ff679,0.02,0.23,0.0
eb5c717a-9d2d-4696-bd52-1dc4ed5ff679,0.03,0.03,0.0
eb5c717a-9d2d-4696-bd52-1dc4ed5ff679,0.03,0.08,0.0
eb5c717a-9d2d-4696-bd52-1dc4ed5ff679,0.03,0.13,0.0
eb5c717a-9d2d-4696-bd52-1dc4ed5ff679,0.03,0.18000000000000002,0.0
eb5c717a-9d2d-4696-bd52-1dc4ed5ff679,0.03,0.23,0.0
eb5c717a-9d2d-4696-bd52-1dc4ed5ff679,0.04,0.03,0.0
eb5c717a-9d2d-4696-bd52-1dc4ed5ff679,0.04,0.08,0.0
eb5c717a-9d2d-4696-bd52-1dc4ed5ff679,0.05,0.03,0.0
eb5c717a-9d2d-4696-bd52-1dc4ed5ff679,0.05,0.08,0.0
eb5c717a-9d2d-4696-bd52-1dc4ed5ff679,0.05,0.13,0.0
eb5c717a-9d2d-4696-bd52-1dc4ed5ff679,0.05,0.18000000000000002,0.0
eb5c717a-9d2d-4696-bd52-1dc4ed5ff679,0.05,0.23,0.0
eb5c717a-9d2d-4696-bd52-1dc4ed5ff679,0.1,0.03,0.0
eb5c717a-9d2d-4696-bd52-1dc4ed5ff679,0.1,0.08,0.0
eb5c717a-9d2d-4696-bd52-1dc4ed5ff679,0.1,0.13,0.0
eb5c717a-9d2d-4696-bd52-1dc4ed5ff679,0.1,0.18000000000000002,0.0
eb5c717a-9d2d-4696-bd52-1dc4ed5ff679,0.1,0.23,0.0
eb5c717a-9d2d-4696-bd52-1dc4ed5ff679,0.15000000000000002,0.03,0.0
eb5c717a-9d2d-4696-bd52-1dc4ed5ff679,0.15000000000000002,0.08,0.0
eb5c717a-9d2d-4696-bd52-1dc4ed5ff679,0.15000000000000002,0.13,0.0
eb5c717a-9d2d-4696-bd52-1dc4ed5ff679,0.15000000000000002,0.18000000000000002,0.0
eb5c717a-9d2d-4696-bd52-1dc4ed5ff679,0.15000000000000002,0.23,0.0
eb5c717a-9d2d-4696-bd52-1dc4ed5ff679,0.2,0.03,0.0
eb5c717a-9d2d-4696-bd52-1dc4ed5ff679,0.2,0.08,0.0
eb5c717a-9d2d-4696-bd52-1dc4ed5ff679,0.2,0.13,0.0
eb5c717a-9d2d-4696-bd52-1dc4ed5ff679,0.2,0.18000000000000002,0.0
eb5c717a-9d2d-4696-bd52-1dc4ed5ff679,0.2,0.23,0.0
eb5c717a-9d2d-4696-bd52-1dc4ed5ff679,0.25,0.03,0.0
eb5c717a-9d2d-4696-bd52-1dc4ed5ff679,0.25,0.08,0.0
eb5c717a-9d2d-4696-bd52-1dc4ed5ff679,0.25,0.13,0.0
eb5c717a-9d2d-4696-bd52-1dc4ed5ff679,0.25,0.18000000000000002,0.0
eb5c717a-9d2d-4696-bd52-1dc4ed5ff679,0.25,0.23,0.0
eb5c717a-9d2d-4696-bd52-1dc4ed5ff679,0.30000000000000004,0.03,0.0
eb5c717a-9d2d-4696-bd52-1dc4ed5ff679,0.30000000000000004,0.08,0.0
eb5c717a-9d2d-4696-bd52-1dc4ed5ff679,0.30000000000000004,0.13,0.0
eb5c717a-9d2d-4696-bd52-1dc4ed5ff679,0.30000000000000004,0.18000000000000002,0.0
eb5c717a-9d2d-4696-bd52-1dc4ed5ff679,0.30000000000000004,0.23,0.0
ec804db5-d732-475e-ba9b-128ca1c101ed,0.0,0.03,0.050908640027046204
ec804db5-d732-475e-ba9b-128ca1c101ed,0.0,0.08,0.07463137805461884
ec804db5-d732-475e-ba9b-128ca1c101ed,0.0,0.13,0.0900406762957573
ec804db5-d732-475e-ba9b-128ca1c101ed,0.0,0.18000000000000002,0.08878830820322037
ec804db5-d732-475e-ba9b-128ca1c101ed,0.0,0.23,0.08587542921304703
ec804db5-d732-475e-ba9b-128ca1c101ed,0.01,0.03,0.055539824068546295
ec804db5-d732-475e-ba9b-128ca1c101ed,0.01,0.08,0.07667804509401321
ec804db5-d732-475e-ba9b-128ca1c101ed,0.01,0.13,0.09694841504096985
ec804db5-d732-475e-ba9b-128ca1c101ed,0.01,0.18000000000000002,0.09559577703475952
ec804db5-d732-475e-ba9b-128ca1c101ed,0.01,0.23,0.09169946610927582
ec804db5-d732-475e-ba9b-128ca1c101ed,0.02,0.03,0.05340637266635895
ec804db5-d732-475e-ba9b-128ca1c101ed,0.02,0.08,0.08927204459905624
ec804db5-d732-475e-ba9b-128ca1c101ed,0.02,0.13,0.09915829449892044
ec804db5-d732-475e-ba9b-128ca1c101ed,0.02,0.18000000000000002,0.0976659283041954
ec804db5-d732-475e-ba9b-128ca1c101ed,0.02,0.23,0.09255000203847885
ec804db5-d732-475e-ba9b-128ca1c101ed,0.03,0.03,0.0521991141140461
ec804db5-d732-475e-ba9b-128ca1c101ed,0.03,0.08,0.0868203192949295
ec804db5-d732-475e-ba9b-128ca1c101ed,0.03,0.13,0.09801401197910309
ec804db5-d732-475e-ba9b-128ca1c101ed,0.03,0.18000000000000002,0.09132802486419678
ec804db5-d732-475e-ba9b-128ca1c101ed,0.03,0.23,0.08799003064632416
ec804db5-d732-475e-ba9b-128ca1c101ed,0.04,0.03,0.054122697561979294
ec804db5-d732-475e-ba9b-128ca1c101ed,0.04,0.08,0.08519154042005539
ec804db5-d732-475e-ba9b-128ca1c101ed,0.05,0.03,0.0690198466181755
ec804db5-d732-475e-ba9b-128ca1c101ed,0.05,0.08,0.08700986951589584
ec804db5-d732-475e-ba9b-128ca1c101ed,0.05,0.13,0.08392911404371262
ec804db5-d732-475e-ba9b-128ca1c101ed,0.05,0.18000000000000002,0.0793265551328659
ec804db5-d732-475e-ba9b-128ca1c101ed,0.05,0.23,0.07305038720369339
ec804db5-d732-475e-ba9b-128ca1c101ed,0.1,0.03,0.04647788032889366
ec804db5-d732-475e-ba9b-128ca1c101ed,0.1,0.08,0.057776134461164474
ec804db5-d732-475e-ba9b-128ca1c101ed,0.1,0.13,0.06087475270032883
ec804db5-d732-475e-ba9b-128ca1c101ed,0.1,0.18000000000000002,0.06259392201900482
ec804db5-d732-475e-ba9b-128ca1c101ed,0.1,0.23,0.06451386958360672
ec804db5-d732-475e-ba9b-128ca1c101ed,0.15000000000000002,0.03,0.049180109053850174
ec804db5-d732-475e-ba9b-128ca1c101ed,0.15000000000000002,0.08,0.05972699820995331
ec804db5-d732-475e-ba9b-128ca1c101ed,0.15000000000000002,0.13,0.058840442448854446
ec804db5-d732-475e-ba9b-128ca1c101ed,0.15000000000000002,0.18000000000000002,0.0619276724755764
ec804db5-d732-475e-ba9b-128ca1c101ed,0.15000000000000002,0.23,0.06792078912258148
ec804db5-d732-475e-ba9b-128ca1c101ed,0.2,0.03,0.04757186025381088
ec804db5-d732-475e-ba9b-128ca1c101ed,0.2,0.08,0.05367042496800423
ec804db5-d732-475e-ba9b-128ca1c101ed,0.2,0.13,0.06457618623971939
ec804db5-d732-475e-ba9b-128ca1c101ed,0.2,0.18000000000000002,0.06279230862855911
ec804db5-d732-475e-ba9b-128ca1c101ed,0.2,0.23,0.06837194412946701
ec804db5-d732-475e-ba9b-128ca1c101ed,0.25,0.03,0.04933563247323036
ec804db5-d732-475e-ba9b-128ca1c101ed,0.25,0.08,0.05865180864930153
ec804db5-d732-475e-ba9b-128ca1c101ed,0.25,0.13,0.057040031999349594
ec804db5-d732-475e-ba9b-128ca1c101ed,0.25,0.18000000000000002,0.06618949770927429
ec804db5-d732-475e-ba9b-128ca1c101ed,0.25,0.23,0.07441291213035583
ec804db5-d732-475e-ba9b-128ca1c101ed,0.30000000000000004,0.03,0.04609973356127739
ec804db5-d732-475e-ba9b-128ca1c101ed,0.30000000000000004,0.08,0.05684555321931839
ec804db5-d732-475e-ba9b-128ca1c101ed,0.30000000000000004,0.13,0.06790933758020401
ec804db5-d732-475e-ba9b-128ca1c101ed,0.30000000000000004,0.18000000000000002,0.07595373690128326
ec804db5-d732-475e-ba9b-128ca1c101ed,0.30000000000000004,0.23,0.06718260049819946
ecda99df-4024-44c4-abbf-678b496d3941,0.0,0.03,0.17754866182804108
ecda99df-4024-44c4-abbf-678b496d3941,0.0,0.08,0.23828202486038208
ecda99df-4024-44c4-abbf-678b496d3941,0.0,0.13,0.17563529312610626
ecda99df-4024-44c4-abbf-678b496d3941,0.0,0.18000000000000002,0.11615607887506485
ecda99df-4024-44c4-abbf-678b496d3941,0.0,0.23,0.10440700501203537
ecda99df-4024-44c4-abbf-678b496d3941,0.01,0.03,0.1404762864112854
ecda99df-4024-44c4-abbf-678b496d3941,0.01,0.08,0.17682519555091858
ecda99df-4024-44c4-abbf-678b496d3941,0.01,0.13,0.13677404820919037
ecda99df-4024-44c4-abbf-678b496d3941,0.01,0.18000000000000002,0.10463283210992813
ecda99df-4024-44c4-abbf-678b496d3941,0.01,0.23,0.10227414220571518
ecda99df-4024-44c4-abbf-678b496d3941,0.02,0.03,0.15572795271873474
ecda99df-4024-44c4-abbf-678b496d3941,0.02,0.08,0.16330556571483612
ecda99df-4024-44c4-abbf-678b496d3941,0.02,0.13,0.12198945879936218
ecda99df-4024-44c4-abbf-678b496d3941,0.02,0.18000000000000002,0.10120879113674164
ecda99df-4024-44c4-abbf-678b496d3941,0.02,0.23,0.09973254054784775
ecda99df-4024-44c4-abbf-678b496d3941,0.03,0.03,0.14760476350784302
ecda99df-4024-44c4-abbf-678b496d3941,0.03,0.08,0.1434752196073532
ecda99df-4024-44c4-abbf-678b496d3941,0.03,0.13,0.10731816291809082
ecda99df-4024-44c4-abbf-678b496d3941,0.03,0.18000000000000002,0.10048402100801468
ecda99df-4024-44c4-abbf-678b496d3941,0.03,0.23,0.09711010009050369
ecda99df-4024-44c4-abbf-678b496d3941,0.04,0.03,0.12971648573875427
ecda99df-4024-44c4-abbf-678b496d3941,0.04,0.08,0.12968403100967407
ecda99df-4024-44c4-abbf-678b496d3941,0.05,0.03,0.11754954606294632
ecda99df-4024-44c4-abbf-678b496d3941,0.05,0.08,0.10557985305786133
ecda99df-4024-44c4-abbf-678b496d3941,0.05,0.13,0.1255684494972229
ecda99df-4024-44c4-abbf-678b496d3941,0.05,0.18000000000000002,0.12831823527812958
ecda99df-4024-44c4-abbf-678b496d3941,0.05,0.23,0.1224231943488121
ecda99df-4024-44c4-abbf-678b496d3941,0.1,0.03,0.10158003866672516
ecda99df-4024-44c4-abbf-678b496d3941,0.1,0.08,0.14210069179534912
ecda99df-4024-44c4-abbf-678b496d3941,0.1,0.13,0.13603447377681732
ecda99df-4024-44c4-abbf-678b496d3941,0.1,0.18000000000000002,0.12592728435993195
ecda99df-4024-44c4-abbf-678b496d3941,0.1,0.23,0.11134083569049835
ecda99df-4024-44c4-abbf-678b496d3941,0.15000000000000002,0.03,0.07987527549266815
ecda99df-4024-44c4-abbf-678b496d3941,0.15000000000000002,0.08,0.09207061678171158
ecda99df-4024-44c4-abbf-678b496d3941,0.15000000000000002,0.13,0.08690400421619415
ecda99df-4024-44c4-abbf-678b496d3941,0.15000000000000002,0.18000000000000002,0.07590658217668533
ecda99df-4024-44c4-abbf-678b496d3941,0.15000000000000002,0.23,0.07589858770370483
ecda99df-4024-44c4-abbf-678b496d3941,0.2,0.03,0.05304025486111641
ecda99df-4024-44c4-abbf-678b496d3941,0.2,0.08,0.0695548802614212
ecda99df-4024-44c4-abbf-678b496d3941,0.2,0.13,0.07562290132045746
ecda99df-4024-44c4-abbf-678b496d3941,0.2,0.18000000000000002,0.07095468789339066
ecda99df-4024-44c4-abbf-678b496d3941,0.2,0.23,0.07105851918458939
ecda99df-4024-44c4-abbf-678b496d3941,0.25,0.03,0.050697024911642075
ecda99df-4024-44c4-abbf-678b496d3941,0.25,0.08,0.0618782639503479
ecda99df-4024-44c4-abbf-678b496d3941,0.25,0.13,0.06527312099933624
ecda99df-4024-44c4-abbf-678b496d3941,0.25,0.18000000000000002,0.0630333349108696
ecda99df-4024-44c4-abbf-678b496d3941,0.25,0.23,0.06970660388469696
ecda99df-4024-44c4-abbf-678b496d3941,0.30000000000000004,0.03,0.045726850628852844
ecda99df-4024-44c4-abbf-678b496d3941,0.30000000000000004,0.08,0.06037342548370361
ecda99df-4024-44c4-abbf-678b496d3941,0.30000000000000004,0.13,0.05765385925769806
ecda99df-4024-44c4-abbf-678b496d3941,0.30000000000000004,0.18000000000000002,0.06348176300525665
ecda99df-4024-44c4-abbf-678b496d3941,0.30000000000000004,0.23,0.07257338613271713
ed0a54d6-3239-4eec-b3ac-757364def023,0.0,0.03,0.2883976995944977
ed0a54d6-3239-4eec-b3ac-757364def023,0.0,0.08,0.4152182936668396
ed0a54d6-3239-4eec-b3ac-757364def023,0.0,0.13,0.36645469069480896
ed0a54d6-3239-4eec-b3ac-757364def023,0.0,0.18000000000000002,0.3127908706665039
ed0a54d6-3239-4eec-b3ac-757364def023,0.0,0.23,0.2687373161315918
ed0a54d6-3239-4eec-b3ac-757364def023,0.01,0.03,0.2700306475162506
ed0a54d6-3239-4eec-b3ac-757364def023,0.01,0.08,0.3498746454715729
ed0a54d6-3239-4eec-b3ac-757364def023,0.01,0.13,0.29334545135498047
ed0a54d6-3239-4eec-b3ac-757364def023,0.01,0.18000000000000002,0.24828574061393738
ed0a54d6-3239-4eec-b3ac-757364def023,0.01,0.23,0.21644794940948486
ed0a54d6-3239-4eec-b3ac-757364def023,0.02,0.03,0.29804641008377075
ed0a54d6-3239-4eec-b3ac-757364def023,0.02,0.08,0.32582810521125793
ed0a54d6-3239-4eec-b3ac-757364def023,0.02,0.13,0.2782624065876007
ed0a54d6-3239-4eec-b3ac-757364def023,0.02,0.18000000000000002,0.23018814623355865
ed0a54d6-3239-4eec-b3ac-757364def023,0.02,0.23,0.19988389313220978
ed0a54d6-3239-4eec-b3ac-757364def023,0.03,0.03,0.3053433299064636
ed0a54d6-3239-4eec-b3ac-757364def023,0.03,0.08,0.3000459671020508
ed0a54d6-3239-4eec-b3ac-757364def023,0.03,0.13,0.2474445253610611
ed0a54d6-3239-4eec-b3ac-757364def023,0.03,0.18000000000000002,0.20916567742824554
ed0a54d6-3239-4eec-b3ac-757364def023,0.03,0.23,0.1781293749809265
ed0a54d6-3239-4eec-b3ac-757364def023,0.04,0.03,0.2662673890590668
ed0a54d6-3239-4eec-b3ac-757364def023,0.04,0.08,0.27321046590805054
ed0a54d6-3239-4eec-b3ac-757364def023,0.05,0.03,0.28301700949668884
ed0a54d6-3239-4eec-b3ac-757364def023,0.05,0.08,0.2530425488948822
ed0a54d6-3239-4eec-b3ac-757364def023,0.05,0.13,0.20784489810466766
ed0a54d6-3239-4eec-b3ac-757364def023,0.05,0.18000000000000002,0.17382150888442993
ed0a54d6-3239-4eec-b3ac-757364def023,0.05,0.23,0.15365445613861084
ed0a54d6-3239-4eec-b3ac-757364def023,0.1,0.03,0.10925789922475815
ed0a54d6-3239-4eec-b3ac-757364def023,0.1,0.08,0.09950259327888489
ed0a54d6-3239-4eec-b3ac-757364def023,0.1,0.13,0.08514130860567093
ed0a54d6-3239-4eec-b3ac-757364def023,0.1,0.18000000000000002,0.08157719671726227
ed0a54d6-3239-4eec-b3ac-757364def023,0.1,0.23,0.08320587873458862
ed0a54d6-3239-4eec-b3ac-757364def023,0.15000000000000002,0.03,0.06306957453489304
ed0a54d6-3239-4eec-b3ac-757364def023,0.15000000000000002,0.08,0.07473286241292953
ed0a54d6-3239-4eec-b3ac-757364def023,0.15000000000000002,0.13,0.0802440196275711
ed0a54d6-3239-4eec-b3ac-757364def023,0.15000000000000002,0.18000000000000002,0.08415175974369049
ed0a54d6-3239-4eec-b3ac-757364def023,0.15000000000000002,0.23,0.07899612188339233
ed0a54d6-3239-4eec-b3ac-757364def023,0.2,0.03,0.06263484060764313
ed0a54d6-3239-4eec-b3ac-757364def023,0.2,0.08,0.072596475481987
ed0a54d6-3239-4eec-b3ac-757364def023,0.2,0.13,0.07765530049800873
ed0a54d6-3239-4eec-b3ac-757364def023,0.2,0.18000000000000002,0.07458636164665222
ed0a54d6-3239-4eec-b3ac-757364def023,0.2,0.23,0.07334129512310028
ed0a54d6-3239-4eec-b3ac-757364def023,0.25,0.03,0.0545572005212307
ed0a54d6-3239-4eec-b3ac-757364def023,0.25,0.08,0.06766533106565475
ed0a54d6-3239-4eec-b3ac-757364def023,0.25,0.13,0.0717720091342926
ed0a54d6-3239-4eec-b3ac-757364def023,0.25,0.18000000000000002,0.06969774514436722
ed0a54d6-3239-4eec-b3ac-757364def023,0.25,0.23,0.06487508863210678
ed0a54d6-3239-4eec-b3ac-757364def023,0.30000000000000004,0.03,0.05525536835193634
ed0a54d6-3239-4eec-b3ac-757364def023,0.30000000000000004,0.08,0.06887809932231903
ed0a54d6-3239-4eec-b3ac-757364def023,0.30000000000000004,0.13,0.0643969252705574
ed0a54d6-3239-4eec-b3ac-757364def023,0.30000000000000004,0.18000000000000002,0.06862159073352814
ed0a54d6-3239-4eec-b3ac-757364def023,0.30000000000000004,0.23,0.06632022559642792
ed9f471c-2537-45f3-8733-92733e8ff97e,0.0,0.03,0.11933191865682602
ed9f471c-2537-45f3-8733-92733e8ff97e,0.0,0.08,0.17835737764835358
ed9f471c-2537-45f3-8733-92733e8ff97e,0.0,0.13,0.15124545991420746
ed9f471c-2537-45f3-8733-92733e8ff97e,0.0,0.18000000000000002,0.12155532836914062
ed9f471c-2537-45f3-8733-92733e8ff97e,0.0,0.23,0.09635649621486664
ed9f471c-2537-45f3-8733-92733e8ff97e,0.01,0.03,0.10355234891176224
ed9f471c-2537-45f3-8733-92733e8ff97e,0.01,0.08,0.16081953048706055
ed9f471c-2537-45f3-8733-92733e8ff97e,0.01,0.13,0.15043489634990692
ed9f471c-2537-45f3-8733-92733e8ff97e,0.01,0.18000000000000002,0.11409816890954971
ed9f471c-2537-45f3-8733-92733e8ff97e,0.01,0.23,0.08650272339582443
ed9f471c-2537-45f3-8733-92733e8ff97e,0.02,0.03,0.11608508974313736
ed9f471c-2537-45f3-8733-92733e8ff97e,0.02,0.08,0.15581172704696655
ed9f471c-2537-45f3-8733-92733e8ff97e,0.02,0.13,0.1391991525888443
ed9f471c-2537-45f3-8733-92733e8ff97e,0.02,0.18000000000000002,0.09819129854440689
ed9f471c-2537-45f3-8733-92733e8ff97e,0.02,0.23,0.08014796674251556
ed9f471c-2537-45f3-8733-92733e8ff97e,0.03,0.03,0.12246052175760269
ed9f471c-2537-45f3-8733-92733e8ff97e,0.03,0.08,0.1511012762784958
ed9f471c-2537-45f3-8733-92733e8ff97e,0.03,0.13,0.12536273896694183
ed9f471c-2537-45f3-8733-92733e8ff97e,0.03,0.18000000000000002,0.08452567458152771
ed9f471c-2537-45f3-8733-92733e8ff97e,0.03,0.23,0.07633857429027557
ed9f471c-2537-45f3-8733-92733e8ff97e,0.04,0.03,0.12447776645421982
ed9f471c-2537-45f3-8733-92733e8ff97e,0.04,0.08,0.13999715447425842
ed9f471c-2537-45f3-8733-92733e8ff97e,0.05,0.03,0.12388741225004196
ed9f471c-2537-45f3-8733-92733e8ff97e,0.05,0.08,0.11552783846855164
ed9f471c-2537-45f3-8733-92733e8ff97e,0.05,0.13,0.09109950810670853
ed9f471c-2537-45f3-8733-92733e8ff97e,0.05,0.18000000000000002,0.07058124989271164
ed9f471c-2537-45f3-8733-92733e8ff97e,0.05,0.23,0.07377753406763077
ed9f471c-2537-45f3-8733-92733e8ff97e,0.1,0.03,0.07311799377202988
ed9f471c-2537-45f3-8733-92733e8ff97e,0.1,0.08,0.075698621571064
ed9f471c-2537-45f3-8733-92733e8ff97e,0.1,0.13,0.07783792912960052
ed9f471c-2537-45f3-8733-92733e8ff97e,0.1,0.18000000000000002,0.08811765164136887
ed9f471c-2537-45f3-8733-92733e8ff97e,0.1,0.23,0.08932989090681076
ed9f471c-2537-45f3-8733-92733e8ff97e,0.15000000000000002,0.03,0.059201255440711975
ed9f471c-2537-45f3-8733-92733e8ff97e,0.15000000000000002,0.08,0.07850120961666107
ed9f471c-2537-45f3-8733-92733e8ff97e,0.15000000000000002,0.13,0.09076253324747086
ed9f471c-2537-45f3-8733-92733e8ff97e,0.15000000000000002,0.18000000000000002,0.08962679654359818
ed9f471c-2537-45f3-8733-92733e8ff97e,0.15000000000000002,0.23,0.08923369646072388
ed9f471c-2537-45f3-8733-92733e8ff97e,0.2,0.03,0.053670138120651245
ed9f471c-2537-45f3-8733-92733e8ff97e,0.2,0.08,0.0713294968008995
ed9f471c-2537-45f3-8733-92733e8ff97e,0.2,0.13,0.07250900566577911
ed9f471c-2537-45f3-8733-92733e8ff97e,0.2,0.18000000000000002,0.07099795341491699
ed9f471c-2537-45f3-8733-92733e8ff97e,0.2,0.23,0.06842399388551712
ed9f471c-2537-45f3-8733-92733e8ff97e,0.25,0.03,0.05468146502971649
ed9f471c-2537-45f3-8733-92733e8ff97e,0.25,0.08,0.0674014613032341
ed9f471c-2537-45f3-8733-92733e8ff97e,0.25,0.13,0.07398220151662827
ed9f471c-2537-45f3-8733-92733e8ff97e,0.25,0.18000000000000002,0.07686547189950943
ed9f471c-2537-45f3-8733-92733e8ff97e,0.25,0.23,0.07709528505802155
ed9f471c-2537-45f3-8733-92733e8ff97e,0.30000000000000004,0.03,0.058516982942819595
ed9f471c-2537-45f3-8733-92733e8ff97e,0.30000000000000004,0.08,0.0759512335062027
ed9f471c-2537-45f3-8733-92733e8ff97e,0.30000000000000004,0.13,0.07579799741506577
ed9f471c-2537-45f3-8733-92733e8ff97e,0.30000000000000004,0.18000000000000002,0.07460673898458481
ed9f471c-2537-45f3-8733-92733e8ff97e,0.30000000000000004,0.23,0.06767555326223373
ede8c4cd-7bf3-4b8d-bb8c-1f217cc406a6,0.0,0.03,0.04721805080771446
ede8c4cd-7bf3-4b8d-bb8c-1f217cc406a6,0.0,0.08,0.059476934373378754
ede8c4cd-7bf3-4b8d-bb8c-1f217cc406a6,0.0,0.13,0.06275992840528488
ede8c4cd-7bf3-4b8d-bb8c-1f217cc406a6,0.0,0.18000000000000002,0.06941673159599304
ede8c4cd-7bf3-4b8d-bb8c-1f217cc406a6,0.0,0.23,0.0682239830493927
ede8c4cd-7bf3-4b8d-bb8c-1f217cc406a6,0.01,0.03,0.049572207033634186
ede8c4cd-7bf3-4b8d-bb8c-1f217cc406a6,0.01,0.08,0.06460981070995331
ede8c4cd-7bf3-4b8d-bb8c-1f217cc406a6,0.01,0.13,0.058356184512376785
ede8c4cd-7bf3-4b8d-bb8c-1f217cc406a6,0.01,0.18000000000000002,0.06282924860715866
ede8c4cd-7bf3-4b8d-bb8c-1f217cc406a6,0.01,0.23,0.07273031026124954
ede8c4cd-7bf3-4b8d-bb8c-1f217cc406a6,0.02,0.03,0.05121580511331558
ede8c4cd-7bf3-4b8d-bb8c-1f217cc406a6,0.02,0.08,0.05896367132663727
ede8c4cd-7bf3-4b8d-bb8c-1f217cc406a6,0.02,0.13,0.06611379235982895
ede8c4cd-7bf3-4b8d-bb8c-1f217cc406a6,0.02,0.18000000000000002,0.06573031097650528
ede8c4cd-7bf3-4b8d-bb8c-1f217cc406a6,0.02,0.23,0.07812562584877014
ede8c4cd-7bf3-4b8d-bb8c-1f217cc406a6,0.03,0.03,0.04816755652427673
ede8c4cd-7bf3-4b8d-bb8c-1f217cc406a6,0.03,0.08,0.05559345334768295
ede8c4cd-7bf3-4b8d-bb8c-1f217cc406a6,0.03,0.13,0.06080712005496025
ede8c4cd-7bf3-4b8d-bb8c-1f217cc406a6,0.03,0.18000000000000002,0.06545258313417435
ede8c4cd-7bf3-4b8d-bb8c-1f217cc406a6,0.03,0.23,0.08194973319768906
ede8c4cd-7bf3-4b8d-bb8c-1f217cc406a6,0.04,0.03,0.05376989394426346
ede8c4cd-7bf3-4b8d-bb8c-1f217cc406a6,0.04,0.08,0.058373041450977325
ede8c4cd-7bf3-4b8d-bb8c-1f217cc406a6,0.05,0.03,0.05226757004857063
ede8c4cd-7bf3-4b8d-bb8c-1f217cc406a6,0.05,0.08,0.05855283513665199
ede8c4cd-7bf3-4b8d-bb8c-1f217cc406a6,0.05,0.13,0.06523387879133224
ede8c4cd-7bf3-4b8d-bb8c-1f217cc406a6,0.05,0.18000000000000002,0.0699770525097847
ede8c4cd-7bf3-4b8d-bb8c-1f217cc406a6,0.05,0.23,0.08218684047460556
ede8c4cd-7bf3-4b8d-bb8c-1f217cc406a6,0.1,0.03,0.05370193347334862
ede8c4cd-7bf3-4b8d-bb8c-1f217cc406a6,0.1,0.08,0.05557228997349739
ede8c4cd-7bf3-4b8d-bb8c-1f217cc406a6,0.1,0.13,0.06802018731832504
ede8c4cd-7bf3-4b8d-bb8c-1f217cc406a6,0.1,0.18000000000000002,0.08652103692293167
ede8c4cd-7bf3-4b8d-bb8c-1f217cc406a6,0.1,0.23,0.09410440921783447
ede8c4cd-7bf3-4b8d-bb8c-1f217cc406a6,0.15000000000000002,0.03,0.04813176020979881
ede8c4cd-7bf3-4b8d-bb8c-1f217cc406a6,0.15000000000000002,0.08,0.06834935396909714
ede8c4cd-7bf3-4b8d-bb8c-1f217cc406a6,0.15000000000000002,0.13,0.08889997005462646
ede8c4cd-7bf3-4b8d-bb8c-1f217cc406a6,0.15000000000000002,0.18000000000000002,0.09561722725629807
ede8c4cd-7bf3-4b8d-bb8c-1f217cc406a6,0.15000000000000002,0.23,0.09327898174524307
ede8c4cd-7bf3-4b8d-bb8c-1f217cc406a6,0.2,0.03,0.045278068631887436
ede8c4cd-7bf3-4b8d-bb8c-1f217cc406a6,0.2,0.08,0.07099466770887375
ede8c4cd-7bf3-4b8d-bb8c-1f217cc406a6,0.2,0.13,0.08029794692993164
ede8c4cd-7bf3-4b8d-bb8c-1f217cc406a6,0.2,0.18000000000000002,0.07798183709383011
ede8c4cd-7bf3-4b8d-bb8c-1f217cc406a6,0.2,0.23,0.07496003806591034
ede8c4cd-7bf3-4b8d-bb8c-1f217cc406a6,0.25,0.03,0.05304855480790138
ede8c4cd-7bf3-4b8d-bb8c-1f217cc406a6,0.25,0.08,0.06392096728086472
ede8c4cd-7bf3-4b8d-bb8c-1f217cc406a6,0.25,0.13,0.07694809883832932
ede8c4cd-7bf3-4b8d-bb8c-1f217cc406a6,0.25,0.18000000000000002,0.07277887314558029
ede8c4cd-7bf3-4b8d-bb8c-1f217cc406a6,0.25,0.23,0.07193797081708908
ede8c4cd-7bf3-4b8d-bb8c-1f217cc406a6,0.30000000000000004,0.03,0.048691198229789734
ede8c4cd-7bf3-4b8d-bb8c-1f217cc406a6,0.30000000000000004,0.08,0.06726517528295517
ede8c4cd-7bf3-4b8d-bb8c-1f217cc406a6,0.30000000000000004,0.13,0.06810983270406723
ede8c4cd-7bf3-4b8d-bb8c-1f217cc406a6,0.30000000000000004,0.18000000000000002,0.06908257305622101
ede8c4cd-7bf3-4b8d-bb8c-1f217cc406a6,0.30000000000000004,0.23,0.0712800845503807
ee66cc68-b7bb-4bf4-8324-14128b425b46,0.0,0.03,0.04794985055923462
ee66cc68-b7bb-4bf4-8324-14128b425b46,0.0,0.08,0.06718765199184418
ee66cc68-b7bb-4bf4-8324-14128b425b46,0.0,0.13,0.07486408948898315
ee66cc68-b7bb-4bf4-8324-14128b425b46,0.0,0.18000000000000002,0.07796711474657059
ee66cc68-b7bb-4bf4-8324-14128b425b46,0.0,0.23,0.08616422116756439
ee66cc68-b7bb-4bf4-8324-14128b425b46,0.01,0.03,0.05101453512907028
ee66cc68-b7bb-4bf4-8324-14128b425b46,0.01,0.08,0.06212589889764786
ee66cc68-b7bb-4bf4-8324-14128b425b46,0.01,0.13,0.06515570729970932
ee66cc68-b7bb-4bf4-8324-14128b425b46,0.01,0.18000000000000002,0.08136302977800369
ee66cc68-b7bb-4bf4-8324-14128b425b46,0.01,0.23,0.0899031013250351
ee66cc68-b7bb-4bf4-8324-14128b425b46,0.02,0.03,0.048052240163087845
ee66cc68-b7bb-4bf4-8324-14128b425b46,0.02,0.08,0.06258363276720047
ee66cc68-b7bb-4bf4-8324-14128b425b46,0.02,0.13,0.06271076202392578
ee66cc68-b7bb-4bf4-8324-14128b425b46,0.02,0.18000000000000002,0.08471425622701645
ee66cc68-b7bb-4bf4-8324-14128b425b46,0.02,0.23,0.0848432406783104
ee66cc68-b7bb-4bf4-8324-14128b425b46,0.03,0.03,0.04838298261165619
ee66cc68-b7bb-4bf4-8324-14128b425b46,0.03,0.08,0.05791734531521797
ee66cc68-b7bb-4bf4-8324-14128b425b46,0.03,0.13,0.06545575708150864
ee66cc68-b7bb-4bf4-8324-14128b425b46,0.03,0.18000000000000002,0.08673441410064697
ee66cc68-b7bb-4bf4-8324-14128b425b46,0.03,0.23,0.08818873018026352
ee66cc68-b7bb-4bf4-8324-14128b425b46,0.04,0.03,0.048657700419425964
ee66cc68-b7bb-4bf4-8324-14128b425b46,0.04,0.08,0.06393718719482422
ee66cc68-b7bb-4bf4-8324-14128b425b46,0.05,0.03,0.04658821225166321
ee66cc68-b7bb-4bf4-8324-14128b425b46,0.05,0.08,0.05843612179160118
ee66cc68-b7bb-4bf4-8324-14128b425b46,0.05,0.13,0.07600560039281845
ee66cc68-b7bb-4bf4-8324-14128b425b46,0.05,0.18000000000000002,0.08972914516925812
ee66cc68-b7bb-4bf4-8324-14128b425b46,0.05,0.23,0.07876865565776825
ee66cc68-b7bb-4bf4-8324-14128b425b46,0.1,0.03,0.04524527117609978
ee66cc68-b7bb-4bf4-8324-14128b425b46,0.1,0.08,0.07024107873439789
ee66cc68-b7bb-4bf4-8324-14128b425b46,0.1,0.13,0.08367349952459335
ee66cc68-b7bb-4bf4-8324-14128b425b46,0.1,0.18000000000000002,0.07360858470201492
ee66cc68-b7bb-4bf4-8324-14128b425b46,0.1,0.23,0.070108562707901
ee66cc68-b7bb-4bf4-8324-14128b425b46,0.15000000000000002,0.03,0.051841575652360916
ee66cc68-b7bb-4bf4-8324-14128b425b46,0.15000000000000002,0.08,0.06970664113759995
ee66cc68-b7bb-4bf4-8324-14128b425b46,0.15000000000000002,0.13,0.07053159922361374
ee66cc68-b7bb-4bf4-8324-14128b425b46,0.15000000000000002,0.18000000000000002,0.06757289171218872
ee66cc68-b7bb-4bf4-8324-14128b425b46,0.15000000000000002,0.23,0.06912261992692947
ee66cc68-b7bb-4bf4-8324-14128b425b46,0.2,0.03,0.04745902493596077
ee66cc68-b7bb-4bf4-8324-14128b425b46,0.2,0.08,0.06519357860088348
ee66cc68-b7bb-4bf4-8324-14128b425b46,0.2,0.13,0.06677757948637009
ee66cc68-b7bb-4bf4-8324-14128b425b46,0.2,0.18000000000000002,0.06492039561271667
ee66cc68-b7bb-4bf4-8324-14128b425b46,0.2,0.23,0.0650331974029541
ee66cc68-b7bb-4bf4-8324-14128b425b46,0.25,0.03,0.050186920911073685
ee66cc68-b7bb-4bf4-8324-14128b425b46,0.25,0.08,0.06214264780282974
ee66cc68-b7bb-4bf4-8324-14128b425b46,0.25,0.13,0.06760431081056595
ee66cc68-b7bb-4bf4-8324-14128b425b46,0.25,0.18000000000000002,0.0663294643163681
ee66cc68-b7bb-4bf4-8324-14128b425b46,0.25,0.23,0.072195865213871
ee66cc68-b7bb-4bf4-8324-14128b425b46,0.30000000000000004,0.03,0.05034518241882324
ee66cc68-b7bb-4bf4-8324-14128b425b46,0.30000000000000004,0.08,0.05216396600008011
ee66cc68-b7bb-4bf4-8324-14128b425b46,0.30000000000000004,0.13,0.06413249671459198
ee66cc68-b7bb-4bf4-8324-14128b425b46,0.30000000000000004,0.18000000000000002,0.06999547779560089
ee66cc68-b7bb-4bf4-8324-14128b425b46,0.30000000000000004,0.23,0.06690564751625061
ef3490da-f593-44cd-9a74-8b9363cc04f2,0.0,0.03,0.050768740475177765
ef3490da-f593-44cd-9a74-8b9363cc04f2,0.0,0.08,0.06583625823259354
ef3490da-f593-44cd-9a74-8b9363cc04f2,0.0,0.13,0.07509342581033707
ef3490da-f593-44cd-9a74-8b9363cc04f2,0.0,0.18000000000000002,0.0814274325966835
ef3490da-f593-44cd-9a74-8b9363cc04f2,0.0,0.23,0.07828997820615768
ef3490da-f593-44cd-9a74-8b9363cc04f2,0.01,0.03,0.05251655727624893
ef3490da-f593-44cd-9a74-8b9363cc04f2,0.01,0.08,0.06630829721689224
ef3490da-f593-44cd-9a74-8b9363cc04f2,0.01,0.13,0.08075177669525146
ef3490da-f593-44cd-9a74-8b9363cc04f2,0.01,0.18000000000000002,0.07867518067359924
ef3490da-f593-44cd-9a74-8b9363cc04f2,0.01,0.23,0.07823284715414047
ef3490da-f593-44cd-9a74-8b9363cc04f2,0.02,0.03,0.05663997679948807
ef3490da-f593-44cd-9a74-8b9363cc04f2,0.02,0.08,0.07024098932743073
ef3490da-f593-44cd-9a74-8b9363cc04f2,0.02,0.13,0.07884614914655685
ef3490da-f593-44cd-9a74-8b9363cc04f2,0.02,0.18000000000000002,0.08209162205457687
ef3490da-f593-44cd-9a74-8b9363cc04f2,0.02,0.23,0.07455620914697647
ef3490da-f593-44cd-9a74-8b9363cc04f2,0.03,0.03,0.050428517162799835
ef3490da-f593-44cd-9a74-8b9363cc04f2,0.03,0.08,0.07019936293363571
ef3490da-f593-44cd-9a74-8b9363cc04f2,0.03,0.13,0.07648908346891403
ef3490da-f593-44cd-9a74-8b9363cc04f2,0.03,0.18000000000000002,0.0784204751253128
ef3490da-f593-44cd-9a74-8b9363cc04f2,0.03,0.23,0.06875095516443253
ef3490da-f593-44cd-9a74-8b9363cc04f2,0.04,0.03,0.04900755733251572
ef3490da-f593-44cd-9a74-8b9363cc04f2,0.04,0.08,0.07509828358888626
ef3490da-f593-44cd-9a74-8b9363cc04f2,0.05,0.03,0.049258407205343246
ef3490da-f593-44cd-9a74-8b9363cc04f2,0.05,0.08,0.06808623671531677
ef3490da-f593-44cd-9a74-8b9363cc04f2,0.05,0.13,0.06899207085371017
ef3490da-f593-44cd-9a74-8b9363cc04f2,0.05,0.18000000000000002,0.06998781114816666
ef3490da-f593-44cd-9a74-8b9363cc04f2,0.05,0.23,0.06872021406888962
ef3490da-f593-44cd-9a74-8b9363cc04f2,0.1,0.03,0.04860367625951767
ef3490da-f593-44cd-9a74-8b9363cc04f2,0.1,0.08,0.05940127745270729
ef3490da-f593-44cd-9a74-8b9363cc04f2,0.1,0.13,0.06043483316898346
ef3490da-f593-44cd-9a74-8b9363cc04f2,0.1,0.18000000000000002,0.058586787432432175
ef3490da-f593-44cd-9a74-8b9363cc04f2,0.1,0.23,0.05820205807685852
ef3490da-f593-44cd-9a74-8b9363cc04f2,0.15000000000000002,0.03,0.05220666155219078
ef3490da-f593-44cd-9a74-8b9363cc04f2,0.15000000000000002,0.08,0.057103998959064484
ef3490da-f593-44cd-9a74-8b9363cc04f2,0.15000000000000002,0.13,0.062359198927879333
ef3490da-f593-44cd-9a74-8b9363cc04f2,0.15000000000000002,0.18000000000000002,0.06053414195775986
ef3490da-f593-44cd-9a74-8b9363cc04f2,0.15000000000000002,0.23,0.05652601271867752
ef3490da-f593-44cd-9a74-8b9363cc04f2,0.2,0.03,0.04897188022732735
ef3490da-f593-44cd-9a74-8b9363cc04f2,0.2,0.08,0.05365967005491257
ef3490da-f593-44cd-9a74-8b9363cc04f2,0.2,0.13,0.06273722648620605
ef3490da-f593-44cd-9a74-8b9363cc04f2,0.2,0.18000000000000002,0.058738041669130325
ef3490da-f593-44cd-9a74-8b9363cc04f2,0.2,0.23,0.06349530071020126
ef3490da-f593-44cd-9a74-8b9363cc04f2,0.25,0.03,0.04167686030268669
ef3490da-f593-44cd-9a74-8b9363cc04f2,0.25,0.08,0.055229973047971725
ef3490da-f593-44cd-9a74-8b9363cc04f2,0.25,0.13,0.05554906278848648
ef3490da-f593-44cd-9a74-8b9363cc04f2,0.25,0.18000000000000002,0.061697185039520264
ef3490da-f593-44cd-9a74-8b9363cc04f2,0.25,0.23,0.06135895848274231
ef3490da-f593-44cd-9a74-8b9363cc04f2,0.30000000000000004,0.03,0.049393121153116226
ef3490da-f593-44cd-9a74-8b9363cc04f2,0.30000000000000004,0.08,0.061019785702228546
ef3490da-f593-44cd-9a74-8b9363cc04f2,0.30000000000000004,0.13,0.0693729892373085
ef3490da-f593-44cd-9a74-8b9363cc04f2,0.30000000000000004,0.18000000000000002,0.060371868312358856
ef3490da-f593-44cd-9a74-8b9363cc04f2,0.30000000000000004,0.23,0.065068319439888
efae3ba6-6143-4be3-b4a1-643eda1d7205,0.0,0.03,0.04932548850774765
efae3ba6-6143-4be3-b4a1-643eda1d7205,0.0,0.08,0.05551138520240784
efae3ba6-6143-4be3-b4a1-643eda1d7205,0.0,0.13,0.058630529791116714
efae3ba6-6143-4be3-b4a1-643eda1d7205,0.0,0.18000000000000002,0.05915479734539986
efae3ba6-6143-4be3-b4a1-643eda1d7205,0.0,0.23,0.06528033316135406
efae3ba6-6143-4be3-b4a1-643eda1d7205,0.01,0.03,0.05404043570160866
efae3ba6-6143-4be3-b4a1-643eda1d7205,0.01,0.08,0.05268912389874458
efae3ba6-6143-4be3-b4a1-643eda1d7205,0.01,0.13,0.05848339572548866
efae3ba6-6143-4be3-b4a1-643eda1d7205,0.01,0.18000000000000002,0.064676932990551
efae3ba6-6143-4be3-b4a1-643eda1d7205,0.01,0.23,0.06505758315324783
efae3ba6-6143-4be3-b4a1-643eda1d7205,0.02,0.03,0.04624688997864723
efae3ba6-6143-4be3-b4a1-643eda1d7205,0.02,0.08,0.05318555235862732
efae3ba6-6143-4be3-b4a1-643eda1d7205,0.02,0.13,0.05722914636135101
efae3ba6-6143-4be3-b4a1-643eda1d7205,0.02,0.18000000000000002,0.0623864084482193
efae3ba6-6143-4be3-b4a1-643eda1d7205,0.02,0.23,0.06443919986486435
efae3ba6-6143-4be3-b4a1-643eda1d7205,0.03,0.03,0.04769483953714371
efae3ba6-6143-4be3-b4a1-643eda1d7205,0.03,0.08,0.057388726621866226
efae3ba6-6143-4be3-b4a1-643eda1d7205,0.03,0.13,0.05737058073282242
efae3ba6-6143-4be3-b4a1-643eda1d7205,0.03,0.18000000000000002,0.06601869314908981
efae3ba6-6143-4be3-b4a1-643eda1d7205,0.03,0.23,0.06558912992477417
efae3ba6-6143-4be3-b4a1-643eda1d7205,0.04,0.03,0.0443163737654686
efae3ba6-6143-4be3-b4a1-643eda1d7205,0.04,0.08,0.05483550205826759
efae3ba6-6143-4be3-b4a1-643eda1d7205,0.05,0.03,0.047498367726802826
efae3ba6-6143-4be3-b4a1-643eda1d7205,0.05,0.08,0.05312594771385193
efae3ba6-6143-4be3-b4a1-643eda1d7205,0.05,0.13,0.057686250656843185
efae3ba6-6143-4be3-b4a1-643eda1d7205,0.05,0.18000000000000002,0.06321237236261368
efae3ba6-6143-4be3-b4a1-643eda1d7205,0.05,0.23,0.060372065752744675
efae3ba6-6143-4be3-b4a1-643eda1d7205,0.1,0.03,0.04995839670300484
efae3ba6-6143-4be3-b4a1-643eda1d7205,0.1,0.08,0.05350446701049805
efae3ba6-6143-4be3-b4a1-643eda1d7205,0.1,0.13,0.061041560024023056
efae3ba6-6143-4be3-b4a1-643eda1d7205,0.1,0.18000000000000002,0.06232132390141487
efae3ba6-6143-4be3-b4a1-643eda1d7205,0.1,0.23,0.058031532913446426
efae3ba6-6143-4be3-b4a1-643eda1d7205,0.15000000000000002,0.03,0.04685167595744133
efae3ba6-6143-4be3-b4a1-643eda1d7205,0.15000000000000002,0.08,0.061756234616041183
efae3ba6-6143-4be3-b4a1-643eda1d7205,0.15000000000000002,0.13,0.06571824103593826
efae3ba6-6143-4be3-b4a1-643eda1d7205,0.15000000000000002,0.18000000000000002,0.05983876436948776
efae3ba6-6143-4be3-b4a1-643eda1d7205,0.15000000000000002,0.23,0.05964907258749008
efae3ba6-6143-4be3-b4a1-643eda1d7205,0.2,0.03,0.04650701954960823
efae3ba6-6143-4be3-b4a1-643eda1d7205,0.2,0.08,0.06287463754415512
efae3ba6-6143-4be3-b4a1-643eda1d7205,0.2,0.13,0.06026129052042961
efae3ba6-6143-4be3-b4a1-643eda1d7205,0.2,0.18000000000000002,0.057800885289907455
efae3ba6-6143-4be3-b4a1-643eda1d7205,0.2,0.23,0.06143653392791748
efae3ba6-6143-4be3-b4a1-643eda1d7205,0.25,0.03,0.047478049993515015
efae3ba6-6143-4be3-b4a1-643eda1d7205,0.25,0.08,0.05021120235323906
efae3ba6-6143-4be3-b4a1-643eda1d7205,0.25,0.13,0.05638834089040756
efae3ba6-6143-4be3-b4a1-643eda1d7205,0.25,0.18000000000000002,0.057816214859485626
efae3ba6-6143-4be3-b4a1-643eda1d7205,0.25,0.23,0.05957621708512306
efae3ba6-6143-4be3-b4a1-643eda1d7205,0.30000000000000004,0.03,0.04528842121362686
efae3ba6-6143-4be3-b4a1-643eda1d7205,0.30000000000000004,0.08,0.058823928236961365
efae3ba6-6143-4be3-b4a1-643eda1d7205,0.30000000000000004,0.13,0.05803750082850456
efae3ba6-6143-4be3-b4a1-643eda1d7205,0.30000000000000004,0.18000000000000002,0.05830923095345497
efae3ba6-6143-4be3-b4a1-643eda1d7205,0.30000000000000004,0.23,0.056547947227954865
f0405a10-c9d0-45e5-ab3b-f7cfeb22b5f2,0.0,0.03,0.13282199203968048
f0405a10-c9d0-45e5-ab3b-f7cfeb22b5f2,0.0,0.08,0.20952212810516357
f0405a10-c9d0-45e5-ab3b-f7cfeb22b5f2,0.0,0.13,0.21265217661857605
f0405a10-c9d0-45e5-ab3b-f7cfeb22b5f2,0.0,0.18000000000000002,0.19094353914260864
f0405a10-c9d0-45e5-ab3b-f7cfeb22b5f2,0.0,0.23,0.17692823708057404
f0405a10-c9d0-45e5-ab3b-f7cfeb22b5f2,0.01,0.03,0.1500539928674698
f0405a10-c9d0-45e5-ab3b-f7cfeb22b5f2,0.01,0.08,0.2032756358385086
f0405a10-c9d0-45e5-ab3b-f7cfeb22b5f2,0.01,0.13,0.18831582367420197
f0405a10-c9d0-45e5-ab3b-f7cfeb22b5f2,0.01,0.18000000000000002,0.17230284214019775
f0405a10-c9d0-45e5-ab3b-f7cfeb22b5f2,0.01,0.23,0.1671788990497589
f0405a10-c9d0-45e5-ab3b-f7cfeb22b5f2,0.02,0.03,0.14701369404792786
f0405a10-c9d0-45e5-ab3b-f7cfeb22b5f2,0.02,0.08,0.1874445527791977
f0405a10-c9d0-45e5-ab3b-f7cfeb22b5f2,0.02,0.13,0.18178725242614746
f0405a10-c9d0-45e5-ab3b-f7cfeb22b5f2,0.02,0.18000000000000002,0.1600223183631897
f0405a10-c9d0-45e5-ab3b-f7cfeb22b5f2,0.02,0.23,0.1586887240409851
f0405a10-c9d0-45e5-ab3b-f7cfeb22b5f2,0.03,0.03,0.14610521495342255
f0405a10-c9d0-45e5-ab3b-f7cfeb22b5f2,0.03,0.08,0.17194372415542603
f0405a10-c9d0-45e5-ab3b-f7cfeb22b5f2,0.03,0.13,0.16212888062000275
f0405a10-c9d0-45e5-ab3b-f7cfeb22b5f2,0.03,0.18000000000000002,0.14750553667545319
f0405a10-c9d0-45e5-ab3b-f7cfeb22b5f2,0.03,0.23,0.14645615220069885
f0405a10-c9d0-45e5-ab3b-f7cfeb22b5f2,0.04,0.03,0.12496311217546463
f0405a10-c9d0-45e5-ab3b-f7cfeb22b5f2,0.04,0.08,0.16244253516197205
f0405a10-c9d0-45e5-ab3b-f7cfeb22b5f2,0.05,0.03,0.13572664558887482
f0405a10-c9d0-45e5-ab3b-f7cfeb22b5f2,0.05,0.08,0.15462078154087067
f0405a10-c9d0-45e5-ab3b-f7cfeb22b5f2,0.05,0.13,0.13703814148902893
f0405a10-c9d0-45e5-ab3b-f7cfeb22b5f2,0.05,0.18000000000000002,0.12773975729942322
f0405a10-c9d0-45e5-ab3b-f7cfeb22b5f2,0.05,0.23,0.1253875195980072
f0405a10-c9d0-45e5-ab3b-f7cfeb22b5f2,0.1,0.03,0.07599221169948578
f0405a10-c9d0-45e5-ab3b-f7cfeb22b5f2,0.1,0.08,0.06960520893335342
f0405a10-c9d0-45e5-ab3b-f7cfeb22b5f2,0.1,0.13,0.07088681310415268
f0405a10-c9d0-45e5-ab3b-f7cfeb22b5f2,0.1,0.18000000000000002,0.07573479413986206
f0405a10-c9d0-45e5-ab3b-f7cfeb22b5f2,0.1,0.23,0.06866831332445145
f0405a10-c9d0-45e5-ab3b-f7cfeb22b5f2,0.15000000000000002,0.03,0.049762170761823654
f0405a10-c9d0-45e5-ab3b-f7cfeb22b5f2,0.15000000000000002,0.08,0.05899680778384209
f0405a10-c9d0-45e5-ab3b-f7cfeb22b5f2,0.15000000000000002,0.13,0.06757025420665741
f0405a10-c9d0-45e5-ab3b-f7cfeb22b5f2,0.15000000000000002,0.18000000000000002,0.07516276836395264
f0405a10-c9d0-45e5-ab3b-f7cfeb22b5f2,0.15000000000000002,0.23,0.07085223495960236
f0405a10-c9d0-45e5-ab3b-f7cfeb22b5f2,0.2,0.03,0.048929616808891296
f0405a10-c9d0-45e5-ab3b-f7cfeb22b5f2,0.2,0.08,0.06670664995908737
f0405a10-c9d0-45e5-ab3b-f7cfeb22b5f2,0.2,0.13,0.06892211735248566
f0405a10-c9d0-45e5-ab3b-f7cfeb22b5f2,0.2,0.18000000000000002,0.06419877707958221
f0405a10-c9d0-45e5-ab3b-f7cfeb22b5f2,0.2,0.23,0.06314361095428467
f0405a10-c9d0-45e5-ab3b-f7cfeb22b5f2,0.25,0.03,0.048359766602516174
f0405a10-c9d0-45e5-ab3b-f7cfeb22b5f2,0.25,0.08,0.05770747363567352
f0405a10-c9d0-45e5-ab3b-f7cfeb22b5f2,0.25,0.13,0.05993416905403137
f0405a10-c9d0-45e5-ab3b-f7cfeb22b5f2,0.25,0.18000000000000002,0.06495583802461624
f0405a10-c9d0-45e5-ab3b-f7cfeb22b5f2,0.25,0.23,0.0667647123336792
f0405a10-c9d0-45e5-ab3b-f7cfeb22b5f2,0.30000000000000004,0.03,0.04788995161652565
f0405a10-c9d0-45e5-ab3b-f7cfeb22b5f2,0.30000000000000004,0.08,0.05949172377586365
f0405a10-c9d0-45e5-ab3b-f7cfeb22b5f2,0.30000000000000004,0.13,0.06375034898519516
f0405a10-c9d0-45e5-ab3b-f7cfeb22b5f2,0.30000000000000004,0.18000000000000002,0.059754494577646255
f0405a10-c9d0-45e5-ab3b-f7cfeb22b5f2,0.30000000000000004,0.23,0.06425761431455612
f14fcb6e-8506-43f9-84c4-7e87afcae131,0.0,0.03,0.2472594827413559
f14fcb6e-8506-43f9-84c4-7e87afcae131,0.0,0.08,0.33954229950904846
f14fcb6e-8506-43f9-84c4-7e87afcae131,0.0,0.13,0.3224084675312042
f14fcb6e-8506-43f9-84c4-7e87afcae131,0.0,0.18000000000000002,0.3026569187641144
f14fcb6e-8506-43f9-84c4-7e87afcae131,0.0,0.23,0.2826809585094452
f14fcb6e-8506-43f9-84c4-7e87afcae131,0.01,0.03,0.2504507303237915
f14fcb6e-8506-43f9-84c4-7e87afcae131,0.01,0.08,0.2939884066581726
f14fcb6e-8506-43f9-84c4-7e87afcae131,0.01,0.13,0.2657863199710846
f14fcb6e-8506-43f9-84c4-7e87afcae131,0.01,0.18000000000000002,0.24191629886627197
f14fcb6e-8506-43f9-84c4-7e87afcae131,0.01,0.23,0.22724510729312897
f14fcb6e-8506-43f9-84c4-7e87afcae131,0.02,0.03,0.27174732089042664
f14fcb6e-8506-43f9-84c4-7e87afcae131,0.02,0.08,0.2837000787258148
f14fcb6e-8506-43f9-84c4-7e87afcae131,0.02,0.13,0.26027125120162964
f14fcb6e-8506-43f9-84c4-7e87afcae131,0.02,0.18000000000000002,0.23255233466625214
f14fcb6e-8506-43f9-84c4-7e87afcae131,0.02,0.23,0.21876676380634308
f14fcb6e-8506-43f9-84c4-7e87afcae131,0.03,0.03,0.2653583288192749
f14fcb6e-8506-43f9-84c4-7e87afcae131,0.03,0.08,0.2636886239051819
f14fcb6e-8506-43f9-84c4-7e87afcae131,0.03,0.13,0.24007359147071838
f14fcb6e-8506-43f9-84c4-7e87afcae131,0.03,0.18000000000000002,0.22081010043621063
f14fcb6e-8506-43f9-84c4-7e87afcae131,0.03,0.23,0.20296159386634827
f14fcb6e-8506-43f9-84c4-7e87afcae131,0.04,0.03,0.23898042738437653
f14fcb6e-8506-43f9-84c4-7e87afcae131,0.04,0.08,0.24317295849323273
f14fcb6e-8506-43f9-84c4-7e87afcae131,0.05,0.03,0.2697652578353882
f14fcb6e-8506-43f9-84c4-7e87afcae131,0.05,0.08,0.26020893454551697
f14fcb6e-8506-43f9-84c4-7e87afcae131,0.05,0.13,0.2469732016324997
f14fcb6e-8506-43f9-84c4-7e87afcae131,0.05,0.18000000000000002,0.23110371828079224
f14fcb6e-8506-43f9-84c4-7e87afcae131,0.05,0.23,0.21912159025669098
f14fcb6e-8506-43f9-84c4-7e87afcae131,0.1,0.03,0.18001480400562286
f14fcb6e-8506-43f9-84c4-7e87afcae131,0.1,0.08,0.18821127712726593
f14fcb6e-8506-43f9-84c4-7e87afcae131,0.1,0.13,0.1787162721157074
f14fcb6e-8506-43f9-84c4-7e87afcae131,0.1,0.18000000000000002,0.16936469078063965
f14fcb6e-8506-43f9-84c4-7e87afcae131,0.1,0.23,0.15015697479248047
f14fcb6e-8506-43f9-84c4-7e87afcae131,0.15000000000000002,0.03,0.1301048994064331
f14fcb6e-8506-43f9-84c4-7e87afcae131,0.15000000000000002,0.08,0.1354040652513504
f14fcb6e-8506-43f9-84c4-7e87afcae131,0.15000000000000002,0.13,0.13157960772514343
f14fcb6e-8506-43f9-84c4-7e87afcae131,0.15000000000000002,0.18000000000000002,0.11448509246110916
f14fcb6e-8506-43f9-84c4-7e87afcae131,0.15000000000000002,0.23,0.10057094693183899
f14fcb6e-8506-43f9-84c4-7e87afcae131,0.2,0.03,0.10213301330804825
f14fcb6e-8506-43f9-84c4-7e87afcae131,0.2,0.08,0.10988494008779526
f14fcb6e-8506-43f9-84c4-7e87afcae131,0.2,0.13,0.09258464723825455
f14fcb6e-8506-43f9-84c4-7e87afcae131,0.2,0.18000000000000002,0.0789836198091507
f14fcb6e-8506-43f9-84c4-7e87afcae131,0.2,0.23,0.07251223176717758
f14fcb6e-8506-43f9-84c4-7e87afcae131,0.25,0.03,0.07450190931558609
f14fcb6e-8506-43f9-84c4-7e87afcae131,0.25,0.08,0.06413073092699051
f14fcb6e-8506-43f9-84c4-7e87afcae131,0.25,0.13,0.06412655115127563
f14fcb6e-8506-43f9-84c4-7e87afcae131,0.25,0.18000000000000002,0.06813393533229828
f14fcb6e-8506-43f9-84c4-7e87afcae131,0.25,0.23,0.06794971227645874
f14fcb6e-8506-43f9-84c4-7e87afcae131,0.30000000000000004,0.03,0.062460757791996
f14fcb6e-8506-43f9-84c4-7e87afcae131,0.30000000000000004,0.08,0.0710301399230957
f14fcb6e-8506-43f9-84c4-7e87afcae131,0.30000000000000004,0.13,0.07235691696405411
f14fcb6e-8506-43f9-84c4-7e87afcae131,0.30000000000000004,0.18000000000000002,0.07042461633682251
f14fcb6e-8506-43f9-84c4-7e87afcae131,0.30000000000000004,0.23,0.07149530947208405
f1bb2bc5-41e9-4e70-a436-9aa1680e7ffe,0.0,0.03,0.05060509964823723
f1bb2bc5-41e9-4e70-a436-9aa1680e7ffe,0.0,0.08,0.05953504890203476
f1bb2bc5-41e9-4e70-a436-9aa1680e7ffe,0.0,0.13,0.07174249738454819
f1bb2bc5-41e9-4e70-a436-9aa1680e7ffe,0.0,0.18000000000000002,0.06735175102949142
f1bb2bc5-41e9-4e70-a436-9aa1680e7ffe,0.0,0.23,0.07121623307466507
f1bb2bc5-41e9-4e70-a436-9aa1680e7ffe,0.01,0.03,0.054318394511938095
f1bb2bc5-41e9-4e70-a436-9aa1680e7ffe,0.01,0.08,0.06299202144145966
f1bb2bc5-41e9-4e70-a436-9aa1680e7ffe,0.01,0.13,0.0668131560087204
f1bb2bc5-41e9-4e70-a436-9aa1680e7ffe,0.01,0.18000000000000002,0.06685363501310349
f1bb2bc5-41e9-4e70-a436-9aa1680e7ffe,0.01,0.23,0.06626316159963608
f1bb2bc5-41e9-4e70-a436-9aa1680e7ffe,0.02,0.03,0.04878469929099083
f1bb2bc5-41e9-4e70-a436-9aa1680e7ffe,0.02,0.08,0.06198180466890335
f1bb2bc5-41e9-4e70-a436-9aa1680e7ffe,0.02,0.13,0.06560994684696198
f1bb2bc5-41e9-4e70-a436-9aa1680e7ffe,0.02,0.18000000000000002,0.06618189811706543
f1bb2bc5-41e9-4e70-a436-9aa1680e7ffe,0.02,0.23,0.06353966146707535
f1bb2bc5-41e9-4e70-a436-9aa1680e7ffe,0.03,0.03,0.04967110604047775
f1bb2bc5-41e9-4e70-a436-9aa1680e7ffe,0.03,0.08,0.060019541531801224
f1bb2bc5-41e9-4e70-a436-9aa1680e7ffe,0.03,0.13,0.06539484113454819
f1bb2bc5-41e9-4e70-a436-9aa1680e7ffe,0.03,0.18000000000000002,0.06216127797961235
f1bb2bc5-41e9-4e70-a436-9aa1680e7ffe,0.03,0.23,0.06321317702531815
f1bb2bc5-41e9-4e70-a436-9aa1680e7ffe,0.04,0.03,0.04845971614122391
f1bb2bc5-41e9-4e70-a436-9aa1680e7ffe,0.04,0.08,0.05904735252261162
f1bb2bc5-41e9-4e70-a436-9aa1680e7ffe,0.05,0.03,0.04443484917283058
f1bb2bc5-41e9-4e70-a436-9aa1680e7ffe,0.05,0.08,0.05685606598854065
f1bb2bc5-41e9-4e70-a436-9aa1680e7ffe,0.05,0.13,0.06061244010925293
f1bb2bc5-41e9-4e70-a436-9aa1680e7ffe,0.05,0.18000000000000002,0.06329028308391571
f1bb2bc5-41e9-4e70-a436-9aa1680e7ffe,0.05,0.23,0.0665026530623436
f1bb2bc5-41e9-4e70-a436-9aa1680e7ffe,0.1,0.03,0.04847842454910278
f1bb2bc5-41e9-4e70-a436-9aa1680e7ffe,0.1,0.08,0.050427839159965515
f1bb2bc5-41e9-4e70-a436-9aa1680e7ffe,0.1,0.13,0.05764279142022133
f1bb2bc5-41e9-4e70-a436-9aa1680e7ffe,0.1,0.18000000000000002,0.059196408838033676
f1bb2bc5-41e9-4e70-a436-9aa1680e7ffe,0.1,0.23,0.061595458537340164
f1bb2bc5-41e9-4e70-a436-9aa1680e7ffe,0.15000000000000002,0.03,0.047885097563266754
f1bb2bc5-41e9-4e70-a436-9aa1680e7ffe,0.15000000000000002,0.08,0.05144144967198372
f1bb2bc5-41e9-4e70-a436-9aa1680e7ffe,0.15000000000000002,0.13,0.060408398509025574
f1bb2bc5-41e9-4e70-a436-9aa1680e7ffe,0.15000000000000002,0.18000000000000002,0.0594971589744091
f1bb2bc5-41e9-4e70-a436-9aa1680e7ffe,0.15000000000000002,0.23,0.06504134833812714
f1bb2bc5-41e9-4e70-a436-9aa1680e7ffe,0.2,0.03,0.043888140469789505
f1bb2bc5-41e9-4e70-a436-9aa1680e7ffe,0.2,0.08,0.05759217217564583
f1bb2bc5-41e9-4e70-a436-9aa1680e7ffe,0.2,0.13,0.05994300916790962
f1bb2bc5-41e9-4e70-a436-9aa1680e7ffe,0.2,0.18000000000000002,0.06641235947608948
f1bb2bc5-41e9-4e70-a436-9aa1680e7ffe,0.2,0.23,0.06465888023376465
f1bb2bc5-41e9-4e70-a436-9aa1680e7ffe,0.25,0.03,0.05070009455084801
f1bb2bc5-41e9-4e70-a436-9aa1680e7ffe,0.25,0.08,0.054048918187618256
f1bb2bc5-41e9-4e70-a436-9aa1680e7ffe,0.25,0.13,0.07400877773761749
f1bb2bc5-41e9-4e70-a436-9aa1680e7ffe,0.25,0.18000000000000002,0.06823427230119705
f1bb2bc5-41e9-4e70-a436-9aa1680e7ffe,0.25,0.23,0.0645611435174942
f1bb2bc5-41e9-4e70-a436-9aa1680e7ffe,0.30000000000000004,0.03,0.05191118270158768
f1bb2bc5-41e9-4e70-a436-9aa1680e7ffe,0.30000000000000004,0.08,0.07414605468511581
f1bb2bc5-41e9-4e70-a436-9aa1680e7ffe,0.30000000000000004,0.13,0.06628064066171646
f1bb2bc5-41e9-4e70-a436-9aa1680e7ffe,0.30000000000000004,0.18000000000000002,0.06383390724658966
f1bb2bc5-41e9-4e70-a436-9aa1680e7ffe,0.30000000000000004,0.23,0.06814218312501907
f1c433f9-4143-44cb-83c9-16fe1352fab6,0.0,0.03,0.05019192770123482
f1c433f9-4143-44cb-83c9-16fe1352fab6,0.0,0.08,0.07086743414402008
f1c433f9-4143-44cb-83c9-16fe1352fab6,0.0,0.13,0.08617781847715378
f1c433f9-4143-44cb-83c9-16fe1352fab6,0.0,0.18000000000000002,0.09217885136604309
f1c433f9-4143-44cb-83c9-16fe1352fab6,0.0,0.23,0.09181676059961319
f1c433f9-4143-44cb-83c9-16fe1352fab6,0.01,0.03,0.04798026755452156
f1c433f9-4143-44cb-83c9-16fe1352fab6,0.01,0.08,0.07125348597764969
f1c433f9-4143-44cb-83c9-16fe1352fab6,0.01,0.13,0.08554159104824066
f1c433f9-4143-44cb-83c9-16fe1352fab6,0.01,0.18000000000000002,0.09090401232242584
f1c433f9-4143-44cb-83c9-16fe1352fab6,0.01,0.23,0.08684027194976807
f1c433f9-4143-44cb-83c9-16fe1352fab6,0.02,0.03,0.047308143228292465
f1c433f9-4143-44cb-83c9-16fe1352fab6,0.02,0.08,0.07076403498649597
f1c433f9-4143-44cb-83c9-16fe1352fab6,0.02,0.13,0.08189722150564194
f1c433f9-4143-44cb-83c9-16fe1352fab6,0.02,0.18000000000000002,0.08412200957536697
f1c433f9-4143-44cb-83c9-16fe1352fab6,0.02,0.23,0.08272269368171692
f1c433f9-4143-44cb-83c9-16fe1352fab6,0.03,0.03,0.05922376364469528
f1c433f9-4143-44cb-83c9-16fe1352fab6,0.03,0.08,0.06332913041114807
f1c433f9-4143-44cb-83c9-16fe1352fab6,0.03,0.13,0.07700017839670181
f1c433f9-4143-44cb-83c9-16fe1352fab6,0.03,0.18000000000000002,0.07855579257011414
f1c433f9-4143-44cb-83c9-16fe1352fab6,0.03,0.23,0.07618188858032227
f1c433f9-4143-44cb-83c9-16fe1352fab6,0.04,0.03,0.051888808608055115
f1c433f9-4143-44cb-83c9-16fe1352fab6,0.04,0.08,0.0704355537891388
f1c433f9-4143-44cb-83c9-16fe1352fab6,0.05,0.03,0.05310581997036934
f1c433f9-4143-44cb-83c9-16fe1352fab6,0.05,0.08,0.0702361986041069
f1c433f9-4143-44cb-83c9-16fe1352fab6,0.05,0.13,0.07815055549144745
f1c433f9-4143-44cb-83c9-16fe1352fab6,0.05,0.18000000000000002,0.07743190973997116
f1c433f9-4143-44cb-83c9-16fe1352fab6,0.05,0.23,0.07589353621006012
f1c433f9-4143-44cb-83c9-16fe1352fab6,0.1,0.03,0.05284714326262474
f1c433f9-4143-44cb-83c9-16fe1352fab6,0.1,0.08,0.05964650586247444
f1c433f9-4143-44cb-83c9-16fe1352fab6,0.1,0.13,0.0657004788517952
f1c433f9-4143-44cb-83c9-16fe1352fab6,0.1,0.18000000000000002,0.07677148282527924
f1c433f9-4143-44cb-83c9-16fe1352fab6,0.1,0.23,0.07194039225578308
f1c433f9-4143-44cb-83c9-16fe1352fab6,0.15000000000000002,0.03,0.046357471495866776
f1c433f9-4143-44cb-83c9-16fe1352fab6,0.15000000000000002,0.08,0.05535873770713806
f1c433f9-4143-44cb-83c9-16fe1352fab6,0.15000000000000002,0.13,0.06498712301254272
f1c433f9-4143-44cb-83c9-16fe1352fab6,0.15000000000000002,0.18000000000000002,0.06155470013618469
f1c433f9-4143-44cb-83c9-16fe1352fab6,0.15000000000000002,0.23,0.06288096308708191
f1c433f9-4143-44cb-83c9-16fe1352fab6,0.2,0.03,0.047948211431503296
f1c433f9-4143-44cb-83c9-16fe1352fab6,0.2,0.08,0.05265866592526436
f1c433f9-4143-44cb-83c9-16fe1352fab6,0.2,0.13,0.06101992353796959
f1c433f9-4143-44cb-83c9-16fe1352fab6,0.2,0.18000000000000002,0.06822597980499268
f1c433f9-4143-44cb-83c9-16fe1352fab6,0.2,0.23,0.06643807142972946
f1c433f9-4143-44cb-83c9-16fe1352fab6,0.25,0.03,0.046691928058862686
f1c433f9-4143-44cb-83c9-16fe1352fab6,0.25,0.08,0.05947268009185791
f1c433f9-4143-44cb-83c9-16fe1352fab6,0.25,0.13,0.06486724317073822
f1c433f9-4143-44cb-83c9-16fe1352fab6,0.25,0.18000000000000002,0.060835838317871094
f1c433f9-4143-44cb-83c9-16fe1352fab6,0.25,0.23,0.06180691346526146
f1c433f9-4143-44cb-83c9-16fe1352fab6,0.30000000000000004,0.03,0.04655111953616142
f1c433f9-4143-44cb-83c9-16fe1352fab6,0.30000000000000004,0.08,0.06354344636201859
f1c433f9-4143-44cb-83c9-16fe1352fab6,0.30000000000000004,0.13,0.05370975285768509
f1c433f9-4143-44cb-83c9-16fe1352fab6,0.30000000000000004,0.18000000000000002,0.05655495822429657
f1c433f9-4143-44cb-83c9-16fe1352fab6,0.30000000000000004,0.23,0.059620801359415054
f1e69cfc-bedd-4e6e-83f1-c734ca7f8b55,0.0,0.03,0.04933524504303932
f1e69cfc-bedd-4e6e-83f1-c734ca7f8b55,0.0,0.08,0.06433700770139694
f1e69cfc-bedd-4e6e-83f1-c734ca7f8b55,0.0,0.13,0.06638754159212112
f1e69cfc-bedd-4e6e-83f1-c734ca7f8b55,0.0,0.18000000000000002,0.07240021228790283
f1e69cfc-bedd-4e6e-83f1-c734ca7f8b55,0.0,0.23,0.07668052613735199
f1e69cfc-bedd-4e6e-83f1-c734ca7f8b55,0.01,0.03,0.053171563893556595
f1e69cfc-bedd-4e6e-83f1-c734ca7f8b55,0.01,0.08,0.06656024605035782
f1e69cfc-bedd-4e6e-83f1-c734ca7f8b55,0.01,0.13,0.06592949479818344
f1e69cfc-bedd-4e6e-83f1-c734ca7f8b55,0.01,0.18000000000000002,0.07362142950296402
f1e69cfc-bedd-4e6e-83f1-c734ca7f8b55,0.01,0.23,0.07842814177274704
f1e69cfc-bedd-4e6e-83f1-c734ca7f8b55,0.02,0.03,0.05079583823680878
f1e69cfc-bedd-4e6e-83f1-c734ca7f8b55,0.02,0.08,0.0661497637629509
f1e69cfc-bedd-4e6e-83f1-c734ca7f8b55,0.02,0.13,0.06782901287078857
f1e69cfc-bedd-4e6e-83f1-c734ca7f8b55,0.02,0.18000000000000002,0.07413632422685623
f1e69cfc-bedd-4e6e-83f1-c734ca7f8b55,0.02,0.23,0.07894991338253021
f1e69cfc-bedd-4e6e-83f1-c734ca7f8b55,0.03,0.03,0.04821227863430977
f1e69cfc-bedd-4e6e-83f1-c734ca7f8b55,0.03,0.08,0.06624259054660797
f1e69cfc-bedd-4e6e-83f1-c734ca7f8b55,0.03,0.13,0.0773635134100914
f1e69cfc-bedd-4e6e-83f1-c734ca7f8b55,0.03,0.18000000000000002,0.07390835136175156
f1e69cfc-bedd-4e6e-83f1-c734ca7f8b55,0.03,0.23,0.08004078269004822
f1e69cfc-bedd-4e6e-83f1-c734ca7f8b55,0.04,0.03,0.05385788902640343
f1e69cfc-bedd-4e6e-83f1-c734ca7f8b55,0.04,0.08,0.06568850576877594
f1e69cfc-bedd-4e6e-83f1-c734ca7f8b55,0.05,0.03,0.052068788558244705
f1e69cfc-bedd-4e6e-83f1-c734ca7f8b55,0.05,0.08,0.06376431882381439
f1e69cfc-bedd-4e6e-83f1-c734ca7f8b55,0.05,0.13,0.06674805283546448
f1e69cfc-bedd-4e6e-83f1-c734ca7f8b55,0.05,0.18000000000000002,0.07152310758829117
f1e69cfc-bedd-4e6e-83f1-c734ca7f8b55,0.05,0.23,0.07237556576728821
f1e69cfc-bedd-4e6e-83f1-c734ca7f8b55,0.1,0.03,0.05083388462662697
f1e69cfc-bedd-4e6e-83f1-c734ca7f8b55,0.1,0.08,0.061086468398571014
f1e69cfc-bedd-4e6e-83f1-c734ca7f8b55,0.1,0.13,0.07172476500272751
f1e69cfc-bedd-4e6e-83f1-c734ca7f8b55,0.1,0.18000000000000002,0.07388630509376526
f1e69cfc-bedd-4e6e-83f1-c734ca7f8b55,0.1,0.23,0.07543528079986572
f1e69cfc-bedd-4e6e-83f1-c734ca7f8b55,0.15000000000000002,0.03,0.05167848616838455
f1e69cfc-bedd-4e6e-83f1-c734ca7f8b55,0.15000000000000002,0.08,0.06310179829597473
f1e69cfc-bedd-4e6e-83f1-c734ca7f8b55,0.15000000000000002,0.13,0.0654376894235611
f1e69cfc-bedd-4e6e-83f1-c734ca7f8b55,0.15000000000000002,0.18000000000000002,0.06774783879518509
f1e69cfc-bedd-4e6e-83f1-c734ca7f8b55,0.15000000000000002,0.23,0.07244650274515152
f1e69cfc-bedd-4e6e-83f1-c734ca7f8b55,0.2,0.03,0.04968815669417381
f1e69cfc-bedd-4e6e-83f1-c734ca7f8b55,0.2,0.08,0.06292761862277985
f1e69cfc-bedd-4e6e-83f1-c734ca7f8b55,0.2,0.13,0.06654181331396103
f1e69cfc-bedd-4e6e-83f1-c734ca7f8b55,0.2,0.18000000000000002,0.07063884288072586
f1e69cfc-bedd-4e6e-83f1-c734ca7f8b55,0.2,0.23,0.07026562839746475
f1e69cfc-bedd-4e6e-83f1-c734ca7f8b55,0.25,0.03,0.04533781111240387
f1e69cfc-bedd-4e6e-83f1-c734ca7f8b55,0.25,0.08,0.062228646129369736
f1e69cfc-bedd-4e6e-83f1-c734ca7f8b55,0.25,0.13,0.06774377077817917
f1e69cfc-bedd-4e6e-83f1-c734ca7f8b55,0.25,0.18000000000000002,0.06363267451524734
f1e69cfc-bedd-4e6e-83f1-c734ca7f8b55,0.25,0.23,0.06709478050470352
f1e69cfc-bedd-4e6e-83f1-c734ca7f8b55,0.30000000000000004,0.03,0.05093304067850113
f1e69cfc-bedd-4e6e-83f1-c734ca7f8b55,0.30000000000000004,0.08,0.05956529080867767
f1e69cfc-bedd-4e6e-83f1-c734ca7f8b55,0.30000000000000004,0.13,0.06117861345410347
f1e69cfc-bedd-4e6e-83f1-c734ca7f8b55,0.30000000000000004,0.18000000000000002,0.06231539323925972
f1e69cfc-bedd-4e6e-83f1-c734ca7f8b55,0.30000000000000004,0.23,0.06614266335964203
f213e23d-c6cc-499d-80fc-53f527479c2e,0.0,0.03,0.052401360124349594
f213e23d-c6cc-499d-80fc-53f527479c2e,0.0,0.08,0.07429930567741394
f213e23d-c6cc-499d-80fc-53f527479c2e,0.0,0.13,0.07927197962999344
f213e23d-c6cc-499d-80fc-53f527479c2e,0.0,0.18000000000000002,0.06237625330686569
f213e23d-c6cc-499d-80fc-53f527479c2e,0.0,0.23,0.07434307038784027
f213e23d-c6cc-499d-80fc-53f527479c2e,0.01,0.03,0.052418362349271774
f213e23d-c6cc-499d-80fc-53f527479c2e,0.01,0.08,0.07492413371801376
f213e23d-c6cc-499d-80fc-53f527479c2e,0.01,0.13,0.07055877149105072
f213e23d-c6cc-499d-80fc-53f527479c2e,0.01,0.18000000000000002,0.06434996426105499
f213e23d-c6cc-499d-80fc-53f527479c2e,0.01,0.23,0.07805255055427551
f213e23d-c6cc-499d-80fc-53f527479c2e,0.02,0.03,0.05536433309316635
f213e23d-c6cc-499d-80fc-53f527479c2e,0.02,0.08,0.07734303176403046
f213e23d-c6cc-499d-80fc-53f527479c2e,0.02,0.13,0.06855456531047821
f213e23d-c6cc-499d-80fc-53f527479c2e,0.02,0.18000000000000002,0.0684242844581604
f213e23d-c6cc-499d-80fc-53f527479c2e,0.02,0.23,0.07821927964687347
f213e23d-c6cc-499d-80fc-53f527479c2e,0.03,0.03,0.055662985891103745
f213e23d-c6cc-499d-80fc-53f527479c2e,0.03,0.08,0.07672765105962753
f213e23d-c6cc-499d-80fc-53f527479c2e,0.03,0.13,0.06588444113731384
f213e23d-c6cc-499d-80fc-53f527479c2e,0.03,0.18000000000000002,0.06810685247182846
f213e23d-c6cc-499d-80fc-53f527479c2e,0.03,0.23,0.07686103135347366
f213e23d-c6cc-499d-80fc-53f527479c2e,0.04,0.03,0.06281440705060959
f213e23d-c6cc-499d-80fc-53f527479c2e,0.04,0.08,0.07747013866901398
f213e23d-c6cc-499d-80fc-53f527479c2e,0.05,0.03,0.05901787430047989
f213e23d-c6cc-499d-80fc-53f527479c2e,0.05,0.08,0.06749112159013748
f213e23d-c6cc-499d-80fc-53f527479c2e,0.05,0.13,0.06011511757969856
f213e23d-c6cc-499d-80fc-53f527479c2e,0.05,0.18000000000000002,0.07082664221525192
f213e23d-c6cc-499d-80fc-53f527479c2e,0.05,0.23,0.07067721337080002
f213e23d-c6cc-499d-80fc-53f527479c2e,0.1,0.03,0.048925820738077164
f213e23d-c6cc-499d-80fc-53f527479c2e,0.1,0.08,0.051466334611177444
f213e23d-c6cc-499d-80fc-53f527479c2e,0.1,0.13,0.0654989555478096
f213e23d-c6cc-499d-80fc-53f527479c2e,0.1,0.18000000000000002,0.06518936902284622
f213e23d-c6cc-499d-80fc-53f527479c2e,0.1,0.23,0.06369072943925858
f213e23d-c6cc-499d-80fc-53f527479c2e,0.15000000000000002,0.03,0.04712965711951256
f213e23d-c6cc-499d-80fc-53f527479c2e,0.15000000000000002,0.08,0.0706011950969696
f213e23d-c6cc-499d-80fc-53f527479c2e,0.15000000000000002,0.13,0.07074977457523346
f213e23d-c6cc-499d-80fc-53f527479c2e,0.15000000000000002,0.18000000000000002,0.06625896692276001
f213e23d-c6cc-499d-80fc-53f527479c2e,0.15000000000000002,0.23,0.07018215954303741
f213e23d-c6cc-499d-80fc-53f527479c2e,0.2,0.03,0.0598791129887104
f213e23d-c6cc-499d-80fc-53f527479c2e,0.2,0.08,0.05980474874377251
f213e23d-c6cc-499d-80fc-53f527479c2e,0.2,0.13,0.06059006229043007
f213e23d-c6cc-499d-80fc-53f527479c2e,0.2,0.18000000000000002,0.06779991835355759
f213e23d-c6cc-499d-80fc-53f527479c2e,0.2,0.23,0.0673673152923584
f213e23d-c6cc-499d-80fc-53f527479c2e,0.25,0.03,0.04854433238506317
f213e23d-c6cc-499d-80fc-53f527479c2e,0.25,0.08,0.06258377432823181
f213e23d-c6cc-499d-80fc-53f527479c2e,0.25,0.13,0.07239480316638947
f213e23d-c6cc-499d-80fc-53f527479c2e,0.25,0.18000000000000002,0.06719855219125748
f213e23d-c6cc-499d-80fc-53f527479c2e,0.25,0.23,0.06654465198516846
f213e23d-c6cc-499d-80fc-53f527479c2e,0.30000000000000004,0.03,0.055882297456264496
f213e23d-c6cc-499d-80fc-53f527479c2e,0.30000000000000004,0.08,0.06696769595146179
f213e23d-c6cc-499d-80fc-53f527479c2e,0.30000000000000004,0.13,0.06204104423522949
f213e23d-c6cc-499d-80fc-53f527479c2e,0.30000000000000004,0.18000000000000002,0.06290671229362488
f213e23d-c6cc-499d-80fc-53f527479c2e,0.30000000000000004,0.23,0.06878722459077835
f2195497-b9ab-4729-ba87-1d0c78fbaddb,0.0,0.03,0.06297334283590317
f2195497-b9ab-4729-ba87-1d0c78fbaddb,0.0,0.08,0.07415176182985306
f2195497-b9ab-4729-ba87-1d0c78fbaddb,0.0,0.13,0.0737118273973465
f2195497-b9ab-4729-ba87-1d0c78fbaddb,0.0,0.18000000000000002,0.06834385544061661
f2195497-b9ab-4729-ba87-1d0c78fbaddb,0.0,0.23,0.06544272601604462
f2195497-b9ab-4729-ba87-1d0c78fbaddb,0.01,0.03,0.060863394290208817
f2195497-b9ab-4729-ba87-1d0c78fbaddb,0.01,0.08,0.06963976472616196
f2195497-b9ab-4729-ba87-1d0c78fbaddb,0.01,0.13,0.06834341585636139
f2195497-b9ab-4729-ba87-1d0c78fbaddb,0.01,0.18000000000000002,0.06567920744419098
f2195497-b9ab-4729-ba87-1d0c78fbaddb,0.01,0.23,0.06915205717086792
f2195497-b9ab-4729-ba87-1d0c78fbaddb,0.02,0.03,0.05866505950689316
f2195497-b9ab-4729-ba87-1d0c78fbaddb,0.02,0.08,0.06885601580142975
f2195497-b9ab-4729-ba87-1d0c78fbaddb,0.02,0.13,0.06316763162612915
f2195497-b9ab-4729-ba87-1d0c78fbaddb,0.02,0.18000000000000002,0.06442239135503769
f2195497-b9ab-4729-ba87-1d0c78fbaddb,0.02,0.23,0.06700946390628815
f2195497-b9ab-4729-ba87-1d0c78fbaddb,0.03,0.03,0.053529269993305206
f2195497-b9ab-4729-ba87-1d0c78fbaddb,0.03,0.08,0.06673263013362885
f2195497-b9ab-4729-ba87-1d0c78fbaddb,0.03,0.13,0.06540410220623016
f2195497-b9ab-4729-ba87-1d0c78fbaddb,0.03,0.18000000000000002,0.06469134986400604
f2195497-b9ab-4729-ba87-1d0c78fbaddb,0.03,0.23,0.06683230400085449
f2195497-b9ab-4729-ba87-1d0c78fbaddb,0.04,0.03,0.058845099061727524
f2195497-b9ab-4729-ba87-1d0c78fbaddb,0.04,0.08,0.06429329514503479
f2195497-b9ab-4729-ba87-1d0c78fbaddb,0.05,0.03,0.056390441954135895
f2195497-b9ab-4729-ba87-1d0c78fbaddb,0.05,0.08,0.06140897795557976
f2195497-b9ab-4729-ba87-1d0c78fbaddb,0.05,0.13,0.06009519472718239
f2195497-b9ab-4729-ba87-1d0c78fbaddb,0.05,0.18000000000000002,0.0631609857082367
f2195497-b9ab-4729-ba87-1d0c78fbaddb,0.05,0.23,0.0668618306517601
f2195497-b9ab-4729-ba87-1d0c78fbaddb,0.1,0.03,0.054522331804037094
f2195497-b9ab-4729-ba87-1d0c78fbaddb,0.1,0.08,0.05835670232772827
f2195497-b9ab-4729-ba87-1d0c78fbaddb,0.1,0.13,0.06451375037431717
f2195497-b9ab-4729-ba87-1d0c78fbaddb,0.1,0.18000000000000002,0.07202322781085968
f2195497-b9ab-4729-ba87-1d0c78fbaddb,0.1,0.23,0.07592275738716125
f2195497-b9ab-4729-ba87-1d0c78fbaddb,0.15000000000000002,0.03,0.05335759371519089
f2195497-b9ab-4729-ba87-1d0c78fbaddb,0.15000000000000002,0.08,0.06691137701272964
f2195497-b9ab-4729-ba87-1d0c78fbaddb,0.15000000000000002,0.13,0.06919817626476288
f2195497-b9ab-4729-ba87-1d0c78fbaddb,0.15000000000000002,0.18000000000000002,0.0732530727982521
f2195497-b9ab-4729-ba87-1d0c78fbaddb,0.15000000000000002,0.23,0.07309220731258392
f2195497-b9ab-4729-ba87-1d0c78fbaddb,0.2,0.03,0.06082264333963394
f2195497-b9ab-4729-ba87-1d0c78fbaddb,0.2,0.08,0.06493421643972397
f2195497-b9ab-4729-ba87-1d0c78fbaddb,0.2,0.13,0.07133045792579651
f2195497-b9ab-4729-ba87-1d0c78fbaddb,0.2,0.18000000000000002,0.0673675388097763
f2195497-b9ab-4729-ba87-1d0c78fbaddb,0.2,0.23,0.0716853141784668
f2195497-b9ab-4729-ba87-1d0c78fbaddb,0.25,0.03,0.05300361290574074
f2195497-b9ab-4729-ba87-1d0c78fbaddb,0.25,0.08,0.07178820669651031
f2195497-b9ab-4729-ba87-1d0c78fbaddb,0.25,0.13,0.06274586170911789
f2195497-b9ab-4729-ba87-1d0c78fbaddb,0.25,0.18000000000000002,0.06747704744338989
f2195497-b9ab-4729-ba87-1d0c78fbaddb,0.25,0.23,0.06484144926071167
f2195497-b9ab-4729-ba87-1d0c78fbaddb,0.30000000000000004,0.03,0.053903207182884216
f2195497-b9ab-4729-ba87-1d0c78fbaddb,0.30000000000000004,0.08,0.06653563678264618
f2195497-b9ab-4729-ba87-1d0c78fbaddb,0.30000000000000004,0.13,0.0701892226934433
f2195497-b9ab-4729-ba87-1d0c78fbaddb,0.30000000000000004,0.18000000000000002,0.06538382917642593
f2195497-b9ab-4729-ba87-1d0c78fbaddb,0.30000000000000004,0.23,0.06508897989988327
f21a807a-e590-41ed-89da-947c6de9aaf2,0.0,0.03,0.04934246838092804
f21a807a-e590-41ed-89da-947c6de9aaf2,0.0,0.08,0.06259168684482574
f21a807a-e590-41ed-89da-947c6de9aaf2,0.0,0.13,0.06961610168218613
f21a807a-e590-41ed-89da-947c6de9aaf2,0.0,0.18000000000000002,0.06888732314109802
f21a807a-e590-41ed-89da-947c6de9aaf2,0.0,0.23,0.06855865567922592
f21a807a-e590-41ed-89da-947c6de9aaf2,0.01,0.03,0.051679935306310654
f21a807a-e590-41ed-89da-947c6de9aaf2,0.01,0.08,0.0583375059068203
f21a807a-e590-41ed-89da-947c6de9aaf2,0.01,0.13,0.06461812555789948
f21a807a-e590-41ed-89da-947c6de9aaf2,0.01,0.18000000000000002,0.06880997866392136
f21a807a-e590-41ed-89da-947c6de9aaf2,0.01,0.23,0.06851693987846375
f21a807a-e590-41ed-89da-947c6de9aaf2,0.02,0.03,0.045329149812459946
f21a807a-e590-41ed-89da-947c6de9aaf2,0.02,0.08,0.057211145758628845
f21a807a-e590-41ed-89da-947c6de9aaf2,0.02,0.13,0.06791864335536957
f21a807a-e590-41ed-89da-947c6de9aaf2,0.02,0.18000000000000002,0.0684722512960434
f21a807a-e590-41ed-89da-947c6de9aaf2,0.02,0.23,0.07307211309671402
f21a807a-e590-41ed-89da-947c6de9aaf2,0.03,0.03,0.045290637761354446
f21a807a-e590-41ed-89da-947c6de9aaf2,0.03,0.08,0.06211255490779877
f21a807a-e590-41ed-89da-947c6de9aaf2,0.03,0.13,0.07188573479652405
f21a807a-e590-41ed-89da-947c6de9aaf2,0.03,0.18000000000000002,0.0719018504023552
f21a807a-e590-41ed-89da-947c6de9aaf2,0.03,0.23,0.07448234409093857
f21a807a-e590-41ed-89da-947c6de9aaf2,0.04,0.03,0.04715250805020332
f21a807a-e590-41ed-89da-947c6de9aaf2,0.04,0.08,0.05758560448884964
f21a807a-e590-41ed-89da-947c6de9aaf2,0.05,0.03,0.045646924525499344
f21a807a-e590-41ed-89da-947c6de9aaf2,0.05,0.08,0.059133514761924744
f21a807a-e590-41ed-89da-947c6de9aaf2,0.05,0.13,0.06789388507604599
f21a807a-e590-41ed-89da-947c6de9aaf2,0.05,0.18000000000000002,0.06515001505613327
f21a807a-e590-41ed-89da-947c6de9aaf2,0.05,0.23,0.0745229423046112
f21a807a-e590-41ed-89da-947c6de9aaf2,0.1,0.03,0.051697369664907455
f21a807a-e590-41ed-89da-947c6de9aaf2,0.1,0.08,0.06312882155179977
f21a807a-e590-41ed-89da-947c6de9aaf2,0.1,0.13,0.0655452311038971
f21a807a-e590-41ed-89da-947c6de9aaf2,0.1,0.18000000000000002,0.07680018991231918
f21a807a-e590-41ed-89da-947c6de9aaf2,0.1,0.23,0.07365434616804123
f21a807a-e590-41ed-89da-947c6de9aaf2,0.15000000000000002,0.03,0.048670459538698196
f21a807a-e590-41ed-89da-947c6de9aaf2,0.15000000000000002,0.08,0.07669917494058609
f21a807a-e590-41ed-89da-947c6de9aaf2,0.15000000000000002,0.13,0.08625245839357376
f21a807a-e590-41ed-89da-947c6de9aaf2,0.15000000000000002,0.18000000000000002,0.07424455881118774
f21a807a-e590-41ed-89da-947c6de9aaf2,0.15000000000000002,0.23,0.059145670384168625
f21a807a-e590-41ed-89da-947c6de9aaf2,0.2,0.03,0.052244435995817184
f21a807a-e590-41ed-89da-947c6de9aaf2,0.2,0.08,0.0714121162891388
f21a807a-e590-41ed-89da-947c6de9aaf2,0.2,0.13,0.05792532116174698
f21a807a-e590-41ed-89da-947c6de9aaf2,0.2,0.18000000000000002,0.05663285031914711
f21a807a-e590-41ed-89da-947c6de9aaf2,0.2,0.23,0.058712251484394073
f21a807a-e590-41ed-89da-947c6de9aaf2,0.25,0.03,0.04656244069337845
f21a807a-e590-41ed-89da-947c6de9aaf2,0.25,0.08,0.05016913637518883
f21a807a-e590-41ed-89da-947c6de9aaf2,0.25,0.13,0.05239075794816017
f21a807a-e590-41ed-89da-947c6de9aaf2,0.25,0.18000000000000002,0.05608402192592621
f21a807a-e590-41ed-89da-947c6de9aaf2,0.25,0.23,0.062042031437158585
f21a807a-e590-41ed-89da-947c6de9aaf2,0.30000000000000004,0.03,0.043429404497146606
f21a807a-e590-41ed-89da-947c6de9aaf2,0.30000000000000004,0.08,0.05479924753308296
f21a807a-e590-41ed-89da-947c6de9aaf2,0.30000000000000004,0.13,0.057781144976615906
f21a807a-e590-41ed-89da-947c6de9aaf2,0.30000000000000004,0.18000000000000002,0.06790564954280853
f21a807a-e590-41ed-89da-947c6de9aaf2,0.30000000000000004,0.23,0.07396344095468521
f290dc22-80b2-49c8-ba6a-b455f4c7a8ab,0.0,0.03,0.049361713230609894
f290dc22-80b2-49c8-ba6a-b455f4c7a8ab,0.0,0.08,0.057476844638586044
f290dc22-80b2-49c8-ba6a-b455f4c7a8ab,0.0,0.13,0.058718275278806686
f290dc22-80b2-49c8-ba6a-b455f4c7a8ab,0.0,0.18000000000000002,0.06870727986097336
f290dc22-80b2-49c8-ba6a-b455f4c7a8ab,0.0,0.23,0.07267408818006516
f290dc22-80b2-49c8-ba6a-b455f4c7a8ab,0.01,0.03,0.05671841651201248
f290dc22-80b2-49c8-ba6a-b455f4c7a8ab,0.01,0.08,0.05856546759605408
f290dc22-80b2-49c8-ba6a-b455f4c7a8ab,0.01,0.13,0.06529770791530609
f290dc22-80b2-49c8-ba6a-b455f4c7a8ab,0.01,0.18000000000000002,0.06842580437660217
f290dc22-80b2-49c8-ba6a-b455f4c7a8ab,0.01,0.23,0.07149015367031097
f290dc22-80b2-49c8-ba6a-b455f4c7a8ab,0.02,0.03,0.04897957667708397
f290dc22-80b2-49c8-ba6a-b455f4c7a8ab,0.02,0.08,0.0582730770111084
f290dc22-80b2-49c8-ba6a-b455f4c7a8ab,0.02,0.13,0.0607568621635437
f290dc22-80b2-49c8-ba6a-b455f4c7a8ab,0.02,0.18000000000000002,0.06834310293197632
f290dc22-80b2-49c8-ba6a-b455f4c7a8ab,0.02,0.23,0.07632584124803543
f290dc22-80b2-49c8-ba6a-b455f4c7a8ab,0.03,0.03,0.05239695683121681
f290dc22-80b2-49c8-ba6a-b455f4c7a8ab,0.03,0.08,0.06142234802246094
f290dc22-80b2-49c8-ba6a-b455f4c7a8ab,0.03,0.13,0.06385208666324615
f290dc22-80b2-49c8-ba6a-b455f4c7a8ab,0.03,0.18000000000000002,0.06961186230182648
f290dc22-80b2-49c8-ba6a-b455f4c7a8ab,0.03,0.23,0.07503947615623474
f290dc22-80b2-49c8-ba6a-b455f4c7a8ab,0.04,0.03,0.05012717470526695
f290dc22-80b2-49c8-ba6a-b455f4c7a8ab,0.04,0.08,0.05825868993997574
f290dc22-80b2-49c8-ba6a-b455f4c7a8ab,0.05,0.03,0.0512533113360405
f290dc22-80b2-49c8-ba6a-b455f4c7a8ab,0.05,0.08,0.06215523183345795
f290dc22-80b2-49c8-ba6a-b455f4c7a8ab,0.05,0.13,0.07339885085821152
f290dc22-80b2-49c8-ba6a-b455f4c7a8ab,0.05,0.18000000000000002,0.07665108889341354
f290dc22-80b2-49c8-ba6a-b455f4c7a8ab,0.05,0.23,0.07731906324625015
f290dc22-80b2-49c8-ba6a-b455f4c7a8ab,0.1,0.03,0.04735092446208
f290dc22-80b2-49c8-ba6a-b455f4c7a8ab,0.1,0.08,0.06658542901277542
f290dc22-80b2-49c8-ba6a-b455f4c7a8ab,0.1,0.13,0.07410842180252075
f290dc22-80b2-49c8-ba6a-b455f4c7a8ab,0.1,0.18000000000000002,0.07515425980091095
f290dc22-80b2-49c8-ba6a-b455f4c7a8ab,0.1,0.23,0.08426149189472198
f290dc22-80b2-49c8-ba6a-b455f4c7a8ab,0.15000000000000002,0.03,0.05372779816389084
f290dc22-80b2-49c8-ba6a-b455f4c7a8ab,0.15000000000000002,0.08,0.06825025379657745
f290dc22-80b2-49c8-ba6a-b455f4c7a8ab,0.15000000000000002,0.13,0.07061948627233505
f290dc22-80b2-49c8-ba6a-b455f4c7a8ab,0.15000000000000002,0.18000000000000002,0.08168083429336548
f290dc22-80b2-49c8-ba6a-b455f4c7a8ab,0.15000000000000002,0.23,0.09416868537664413
f290dc22-80b2-49c8-ba6a-b455f4c7a8ab,0.2,0.03,0.05038543790578842
f290dc22-80b2-49c8-ba6a-b455f4c7a8ab,0.2,0.08,0.06740561872720718
f290dc22-80b2-49c8-ba6a-b455f4c7a8ab,0.2,0.13,0.0795385017991066
f290dc22-80b2-49c8-ba6a-b455f4c7a8ab,0.2,0.18000000000000002,0.08858758211135864
f290dc22-80b2-49c8-ba6a-b455f4c7a8ab,0.2,0.23,0.10071911662817001
f290dc22-80b2-49c8-ba6a-b455f4c7a8ab,0.25,0.03,0.05297279357910156
f290dc22-80b2-49c8-ba6a-b455f4c7a8ab,0.25,0.08,0.06644224375486374
f290dc22-80b2-49c8-ba6a-b455f4c7a8ab,0.25,0.13,0.08662668615579605
f290dc22-80b2-49c8-ba6a-b455f4c7a8ab,0.25,0.18000000000000002,0.09960107505321503
f290dc22-80b2-49c8-ba6a-b455f4c7a8ab,0.25,0.23,0.10683806985616684
f290dc22-80b2-49c8-ba6a-b455f4c7a8ab,0.30000000000000004,0.03,0.053235288709402084
f290dc22-80b2-49c8-ba6a-b455f4c7a8ab,0.30000000000000004,0.08,0.07540769129991531
f290dc22-80b2-49c8-ba6a-b455f4c7a8ab,0.30000000000000004,0.13,0.09207422286272049
f290dc22-80b2-49c8-ba6a-b455f4c7a8ab,0.30000000000000004,0.18000000000000002,0.10275217145681381
f290dc22-80b2-49c8-ba6a-b455f4c7a8ab,0.30000000000000004,0.23,0.1125374510884285
f2eabb48-33a1-458a-8b52-ee20f7b52f7b,0.0,0.03,0.07065858691930771
f2eabb48-33a1-458a-8b52-ee20f7b52f7b,0.0,0.08,0.1062629222869873
f2eabb48-33a1-458a-8b52-ee20f7b52f7b,0.0,0.13,0.11555404216051102
f2eabb48-33a1-458a-8b52-ee20f7b52f7b,0.0,0.18000000000000002,0.116659015417099
f2eabb48-33a1-458a-8b52-ee20f7b52f7b,0.0,0.23,0.11470793932676315
f2eabb48-33a1-458a-8b52-ee20f7b52f7b,0.01,0.03,0.065762959420681
f2eabb48-33a1-458a-8b52-ee20f7b52f7b,0.01,0.08,0.10796577483415604
f2eabb48-33a1-458a-8b52-ee20f7b52f7b,0.01,0.13,0.1151747927069664
f2eabb48-33a1-458a-8b52-ee20f7b52f7b,0.01,0.18000000000000002,0.11270002275705338
f2eabb48-33a1-458a-8b52-ee20f7b52f7b,0.01,0.23,0.11039325594902039
f2eabb48-33a1-458a-8b52-ee20f7b52f7b,0.02,0.03,0.07364825904369354
f2eabb48-33a1-458a-8b52-ee20f7b52f7b,0.02,0.08,0.1047528088092804
f2eabb48-33a1-458a-8b52-ee20f7b52f7b,0.02,0.13,0.10917120426893234
f2eabb48-33a1-458a-8b52-ee20f7b52f7b,0.02,0.18000000000000002,0.11095421016216278
f2eabb48-33a1-458a-8b52-ee20f7b52f7b,0.02,0.23,0.105909064412117
f2eabb48-33a1-458a-8b52-ee20f7b52f7b,0.03,0.03,0.08296643942594528
f2eabb48-33a1-458a-8b52-ee20f7b52f7b,0.03,0.08,0.10872671753168106
f2eabb48-33a1-458a-8b52-ee20f7b52f7b,0.03,0.13,0.10849640518426895
f2eabb48-33a1-458a-8b52-ee20f7b52f7b,0.03,0.18000000000000002,0.108610600233078
f2eabb48-33a1-458a-8b52-ee20f7b52f7b,0.03,0.23,0.10431863367557526
f2eabb48-33a1-458a-8b52-ee20f7b52f7b,0.04,0.03,0.08324795961380005
f2eabb48-33a1-458a-8b52-ee20f7b52f7b,0.04,0.08,0.10790377110242844
f2eabb48-33a1-458a-8b52-ee20f7b52f7b,0.05,0.03,0.07421736419200897
f2eabb48-33a1-458a-8b52-ee20f7b52f7b,0.05,0.08,0.09526089578866959
f2eabb48-33a1-458a-8b52-ee20f7b52f7b,0.05,0.13,0.10092378407716751
f2eabb48-33a1-458a-8b52-ee20f7b52f7b,0.05,0.18000000000000002,0.10039495676755905
f2eabb48-33a1-458a-8b52-ee20f7b52f7b,0.05,0.23,0.0991307869553566
f2eabb48-33a1-458a-8b52-ee20f7b52f7b,0.1,0.03,0.07213854789733887
f2eabb48-33a1-458a-8b52-ee20f7b52f7b,0.1,0.08,0.08608942478895187
f2eabb48-33a1-458a-8b52-ee20f7b52f7b,0.1,0.13,0.08996332436800003
f2eabb48-33a1-458a-8b52-ee20f7b52f7b,0.1,0.18000000000000002,0.09145060926675797
f2eabb48-33a1-458a-8b52-ee20f7b52f7b,0.1,0.23,0.09444823116064072
f2eabb48-33a1-458a-8b52-ee20f7b52f7b,0.15000000000000002,0.03,0.0661000907421112
f2eabb48-33a1-458a-8b52-ee20f7b52f7b,0.15000000000000002,0.08,0.07810132950544357
f2eabb48-33a1-458a-8b52-ee20f7b52f7b,0.15000000000000002,0.13,0.07949479669332504
f2eabb48-33a1-458a-8b52-ee20f7b52f7b,0.15000000000000002,0.18000000000000002,0.0848182812333107
f2eabb48-33a1-458a-8b52-ee20f7b52f7b,0.15000000000000002,0.23,0.08377337455749512
f2eabb48-33a1-458a-8b52-ee20f7b52f7b,0.2,0.03,0.0644373670220375
f2eabb48-33a1-458a-8b52-ee20f7b52f7b,0.2,0.08,0.06908337026834488
f2eabb48-33a1-458a-8b52-ee20f7b52f7b,0.2,0.13,0.07620371133089066
f2eabb48-33a1-458a-8b52-ee20f7b52f7b,0.2,0.18000000000000002,0.07532042264938354
f2eabb48-33a1-458a-8b52-ee20f7b52f7b,0.2,0.23,0.0809924453496933
f2eabb48-33a1-458a-8b52-ee20f7b52f7b,0.25,0.03,0.06235772371292114
f2eabb48-33a1-458a-8b52-ee20f7b52f7b,0.25,0.08,0.06958425045013428
f2eabb48-33a1-458a-8b52-ee20f7b52f7b,0.25,0.13,0.06839487701654434
f2eabb48-33a1-458a-8b52-ee20f7b52f7b,0.25,0.18000000000000002,0.07509305328130722
f2eabb48-33a1-458a-8b52-ee20f7b52f7b,0.25,0.23,0.082667276263237
f2eabb48-33a1-458a-8b52-ee20f7b52f7b,0.30000000000000004,0.03,0.05107937753200531
f2eabb48-33a1-458a-8b52-ee20f7b52f7b,0.30000000000000004,0.08,0.06011803075671196
f2eabb48-33a1-458a-8b52-ee20f7b52f7b,0.30000000000000004,0.13,0.06799410283565521
f2eabb48-33a1-458a-8b52-ee20f7b52f7b,0.30000000000000004,0.18000000000000002,0.0738844946026802
f2eabb48-33a1-458a-8b52-ee20f7b52f7b,0.30000000000000004,0.23,0.07435229420661926
f30a8289-1842-4e21-95cc-d9cc1314aa12,0.0,0.03,0.04545693099498749
f30a8289-1842-4e21-95cc-d9cc1314aa12,0.0,0.08,0.06364908814430237
f30a8289-1842-4e21-95cc-d9cc1314aa12,0.0,0.13,0.05908430740237236
f30a8289-1842-4e21-95cc-d9cc1314aa12,0.0,0.18000000000000002,0.060979727655649185
f30a8289-1842-4e21-95cc-d9cc1314aa12,0.0,0.23,0.07117684930562973
f30a8289-1842-4e21-95cc-d9cc1314aa12,0.01,0.03,0.05142240971326828
f30a8289-1842-4e21-95cc-d9cc1314aa12,0.01,0.08,0.06591758131980896
f30a8289-1842-4e21-95cc-d9cc1314aa12,0.01,0.13,0.056336548179388046
f30a8289-1842-4e21-95cc-d9cc1314aa12,0.01,0.18000000000000002,0.06510996073484421
f30a8289-1842-4e21-95cc-d9cc1314aa12,0.01,0.23,0.06736835092306137
f30a8289-1842-4e21-95cc-d9cc1314aa12,0.02,0.03,0.048399291932582855
f30a8289-1842-4e21-95cc-d9cc1314aa12,0.02,0.08,0.06569752097129822
f30a8289-1842-4e21-95cc-d9cc1314aa12,0.02,0.13,0.056582991033792496
f30a8289-1842-4e21-95cc-d9cc1314aa12,0.02,0.18000000000000002,0.06630461663007736
f30a8289-1842-4e21-95cc-d9cc1314aa12,0.02,0.23,0.06804173439741135
f30a8289-1842-4e21-95cc-d9cc1314aa12,0.03,0.03,0.053273335099220276
f30a8289-1842-4e21-95cc-d9cc1314aa12,0.03,0.08,0.060680314898490906
f30a8289-1842-4e21-95cc-d9cc1314aa12,0.03,0.13,0.05517216771841049
f30a8289-1842-4e21-95cc-d9cc1314aa12,0.03,0.18000000000000002,0.0675034448504448
f30a8289-1842-4e21-95cc-d9cc1314aa12,0.03,0.23,0.06813660264015198
f30a8289-1842-4e21-95cc-d9cc1314aa12,0.04,0.03,0.054524101316928864
f30a8289-1842-4e21-95cc-d9cc1314aa12,0.04,0.08,0.054201796650886536
f30a8289-1842-4e21-95cc-d9cc1314aa12,0.05,0.03,0.0522373728454113
f30a8289-1842-4e21-95cc-d9cc1314aa12,0.05,0.08,0.055202972143888474
f30a8289-1842-4e21-95cc-d9cc1314aa12,0.05,0.13,0.06392405927181244
f30a8289-1842-4e21-95cc-d9cc1314aa12,0.05,0.18000000000000002,0.07275383919477463
f30a8289-1842-4e21-95cc-d9cc1314aa12,0.05,0.23,0.06451959908008575
f30a8289-1842-4e21-95cc-d9cc1314aa12,0.1,0.03,0.047862470149993896
f30a8289-1842-4e21-95cc-d9cc1314aa12,0.1,0.08,0.05765247717499733
f30a8289-1842-4e21-95cc-d9cc1314aa12,0.1,0.13,0.06470758467912674
f30a8289-1842-4e21-95cc-d9cc1314aa12,0.1,0.18000000000000002,0.0639207661151886
f30a8289-1842-4e21-95cc-d9cc1314aa12,0.1,0.23,0.059773966670036316
f30a8289-1842-4e21-95cc-d9cc1314aa12,0.15000000000000002,0.03,0.04782828316092491
f30a8289-1842-4e21-95cc-d9cc1314aa12,0.15000000000000002,0.08,0.06028448045253754
f30a8289-1842-4e21-95cc-d9cc1314aa12,0.15000000000000002,0.13,0.05799339711666107
f30a8289-1842-4e21-95cc-d9cc1314aa12,0.15000000000000002,0.18000000000000002,0.062488168478012085
f30a8289-1842-4e21-95cc-d9cc1314aa12,0.15000000000000002,0.23,0.05955485627055168
f30a8289-1842-4e21-95cc-d9cc1314aa12,0.2,0.03,0.04504359886050224
f30a8289-1842-4e21-95cc-d9cc1314aa12,0.2,0.08,0.05117586627602577
f30a8289-1842-4e21-95cc-d9cc1314aa12,0.2,0.13,0.05959054082632065
f30a8289-1842-4e21-95cc-d9cc1314aa12,0.2,0.18000000000000002,0.05415071174502373
f30a8289-1842-4e21-95cc-d9cc1314aa12,0.2,0.23,0.05887656286358833
f30a8289-1842-4e21-95cc-d9cc1314aa12,0.25,0.03,0.051353730261325836
f30a8289-1842-4e21-95cc-d9cc1314aa12,0.25,0.08,0.057416316121816635
f30a8289-1842-4e21-95cc-d9cc1314aa12,0.25,0.13,0.05567297711968422
f30a8289-1842-4e21-95cc-d9cc1314aa12,0.25,0.18000000000000002,0.05993375554680824
f30a8289-1842-4e21-95cc-d9cc1314aa12,0.25,0.23,0.07237301021814346
f30a8289-1842-4e21-95cc-d9cc1314aa12,0.30000000000000004,0.03,0.046126607805490494
f30a8289-1842-4e21-95cc-d9cc1314aa12,0.30000000000000004,0.08,0.062345005571842194
f30a8289-1842-4e21-95cc-d9cc1314aa12,0.30000000000000004,0.13,0.06274478137493134
f30a8289-1842-4e21-95cc-d9cc1314aa12,0.30000000000000004,0.18000000000000002,0.0755600705742836
f30a8289-1842-4e21-95cc-d9cc1314aa12,0.30000000000000004,0.23,0.07689929753541946
f4e75445-767a-429e-ae19-c7d993efd1b4,0.0,0.03,0.46073463559150696
f4e75445-767a-429e-ae19-c7d993efd1b4,0.0,0.08,0.5540383458137512
f4e75445-767a-429e-ae19-c7d993efd1b4,0.0,0.13,0.4113999307155609
f4e75445-767a-429e-ae19-c7d993efd1b4,0.0,0.18000000000000002,0.265112042427063
f4e75445-767a-429e-ae19-c7d993efd1b4,0.0,0.23,0.20341040194034576
f4e75445-767a-429e-ae19-c7d993efd1b4,0.01,0.03,0.39807984232902527
f4e75445-767a-429e-ae19-c7d993efd1b4,0.01,0.08,0.41783952713012695
f4e75445-767a-429e-ae19-c7d993efd1b4,0.01,0.13,0.26782578229904175
f4e75445-767a-429e-ae19-c7d993efd1b4,0.01,0.18000000000000002,0.16770651936531067
f4e75445-767a-429e-ae19-c7d993efd1b4,0.01,0.23,0.13275188207626343
f4e75445-767a-429e-ae19-c7d993efd1b4,0.02,0.03,0.4024289548397064
f4e75445-767a-429e-ae19-c7d993efd1b4,0.02,0.08,0.375335156917572
f4e75445-767a-429e-ae19-c7d993efd1b4,0.02,0.13,0.2091939002275467
f4e75445-767a-429e-ae19-c7d993efd1b4,0.02,0.18000000000000002,0.13102561235427856
f4e75445-767a-429e-ae19-c7d993efd1b4,0.02,0.23,0.1067948117852211
f4e75445-767a-429e-ae19-c7d993efd1b4,0.03,0.03,0.39056456089019775
f4e75445-767a-429e-ae19-c7d993efd1b4,0.03,0.08,0.283565878868103
f4e75445-767a-429e-ae19-c7d993efd1b4,0.03,0.13,0.1504446417093277
f4e75445-767a-429e-ae19-c7d993efd1b4,0.03,0.18000000000000002,0.09757111221551895
f4e75445-767a-429e-ae19-c7d993efd1b4,0.03,0.23,0.07943182438611984
f4e75445-767a-429e-ae19-c7d993efd1b4,0.04,0.03,0.35623806715011597
f4e75445-767a-429e-ae19-c7d993efd1b4,0.04,0.08,0.2069239467382431
f4e75445-767a-429e-ae19-c7d993efd1b4,0.05,0.03,0.3327420651912689
f4e75445-767a-429e-ae19-c7d993efd1b4,0.05,0.08,0.17657941579818726
f4e75445-767a-429e-ae19-c7d993efd1b4,0.05,0.13,0.06918507069349289
f4e75445-767a-429e-ae19-c7d993efd1b4,0.05,0.18000000000000002,0.06388406455516815
f4e75445-767a-429e-ae19-c7d993efd1b4,0.05,0.23,0.06364639848470688
f4e75445-767a-429e-ae19-c7d993efd1b4,0.1,0.03,0.10307842493057251
f4e75445-767a-429e-ae19-c7d993efd1b4,0.1,0.08,0.1771216243505478
f4e75445-767a-429e-ae19-c7d993efd1b4,0.1,0.13,0.16715721786022186
f4e75445-767a-429e-ae19-c7d993efd1b4,0.1,0.18000000000000002,0.1525009572505951
f4e75445-767a-429e-ae19-c7d993efd1b4,0.1,0.23,0.1439468264579773
f4e75445-767a-429e-ae19-c7d993efd1b4,0.15000000000000002,0.03,0.12679710984230042
f4e75445-767a-429e-ae19-c7d993efd1b4,0.15000000000000002,0.08,0.11613338440656662
f4e75445-767a-429e-ae19-c7d993efd1b4,0.15000000000000002,0.13,0.10361418128013611
f4e75445-767a-429e-ae19-c7d993efd1b4,0.15000000000000002,0.18000000000000002,0.09914243221282959
f4e75445-767a-429e-ae19-c7d993efd1b4,0.15000000000000002,0.23,0.09783301502466202
f4e75445-767a-429e-ae19-c7d993efd1b4,0.2,0.03,0.05039430782198906
f4e75445-767a-429e-ae19-c7d993efd1b4,0.2,0.08,0.06357033550739288
f4e75445-767a-429e-ae19-c7d993efd1b4,0.2,0.13,0.06149449571967125
f4e75445-767a-429e-ae19-c7d993efd1b4,0.2,0.18000000000000002,0.06356437504291534
f4e75445-767a-429e-ae19-c7d993efd1b4,0.2,0.23,0.06468147039413452
f4e75445-767a-429e-ae19-c7d993efd1b4,0.25,0.03,0.051606565713882446
f4e75445-767a-429e-ae19-c7d993efd1b4,0.25,0.08,0.05988968163728714
f4e75445-767a-429e-ae19-c7d993efd1b4,0.25,0.13,0.06272014230489731
f4e75445-767a-429e-ae19-c7d993efd1b4,0.25,0.18000000000000002,0.06883974373340607
f4e75445-767a-429e-ae19-c7d993efd1b4,0.25,0.23,0.06881735473871231
f4e75445-767a-429e-ae19-c7d993efd1b4,0.30000000000000004,0.03,0.06215669959783554
f4e75445-767a-429e-ae19-c7d993efd1b4,0.30000000000000004,0.08,0.06395291537046432
f4e75445-767a-429e-ae19-c7d993efd1b4,0.30000000000000004,0.13,0.07006973028182983
f4e75445-767a-429e-ae19-c7d993efd1b4,0.30000000000000004,0.18000000000000002,0.07056688517332077
f4e75445-767a-429e-ae19-c7d993efd1b4,0.30000000000000004,0.23,0.06873051077127457
f50ba6dc-16b8-4830-8906-b75bd27e41e1,0.0,0.03,0.050046052783727646
f50ba6dc-16b8-4830-8906-b75bd27e41e1,0.0,0.08,0.061402175575494766
f50ba6dc-16b8-4830-8906-b75bd27e41e1,0.0,0.13,0.06077899411320686
f50ba6dc-16b8-4830-8906-b75bd27e41e1,0.0,0.18000000000000002,0.0634542927145958
f50ba6dc-16b8-4830-8906-b75bd27e41e1,0.0,0.23,0.07197514921426773
f50ba6dc-16b8-4830-8906-b75bd27e41e1,0.01,0.03,0.053723111748695374
f50ba6dc-16b8-4830-8906-b75bd27e41e1,0.01,0.08,0.05982459336519241
f50ba6dc-16b8-4830-8906-b75bd27e41e1,0.01,0.13,0.061841774731874466
f50ba6dc-16b8-4830-8906-b75bd27e41e1,0.01,0.18000000000000002,0.06516674160957336
f50ba6dc-16b8-4830-8906-b75bd27e41e1,0.01,0.23,0.07138825207948685
f50ba6dc-16b8-4830-8906-b75bd27e41e1,0.02,0.03,0.04703350365161896
f50ba6dc-16b8-4830-8906-b75bd27e41e1,0.02,0.08,0.05870749428868294
f50ba6dc-16b8-4830-8906-b75bd27e41e1,0.02,0.13,0.05622996762394905
f50ba6dc-16b8-4830-8906-b75bd27e41e1,0.02,0.18000000000000002,0.06518822908401489
f50ba6dc-16b8-4830-8906-b75bd27e41e1,0.02,0.23,0.06936939060688019
f50ba6dc-16b8-4830-8906-b75bd27e41e1,0.03,0.03,0.05120501667261124
f50ba6dc-16b8-4830-8906-b75bd27e41e1,0.03,0.08,0.051626916974782944
f50ba6dc-16b8-4830-8906-b75bd27e41e1,0.03,0.13,0.05276193842291832
f50ba6dc-16b8-4830-8906-b75bd27e41e1,0.03,0.18000000000000002,0.06916288286447525
f50ba6dc-16b8-4830-8906-b75bd27e41e1,0.03,0.23,0.06681337207555771
f50ba6dc-16b8-4830-8906-b75bd27e41e1,0.04,0.03,0.04544292390346527
f50ba6dc-16b8-4830-8906-b75bd27e41e1,0.04,0.08,0.05167357623577118
f50ba6dc-16b8-4830-8906-b75bd27e41e1,0.05,0.03,0.047713927924633026
f50ba6dc-16b8-4830-8906-b75bd27e41e1,0.05,0.08,0.05344558507204056
f50ba6dc-16b8-4830-8906-b75bd27e41e1,0.05,0.13,0.06162532418966293
f50ba6dc-16b8-4830-8906-b75bd27e41e1,0.05,0.18000000000000002,0.0688486397266388
f50ba6dc-16b8-4830-8906-b75bd27e41e1,0.05,0.23,0.06650236994028091
f50ba6dc-16b8-4830-8906-b75bd27e41e1,0.1,0.03,0.05222669616341591
f50ba6dc-16b8-4830-8906-b75bd27e41e1,0.1,0.08,0.062417276203632355
f50ba6dc-16b8-4830-8906-b75bd27e41e1,0.1,0.13,0.0729374885559082
f50ba6dc-16b8-4830-8906-b75bd27e41e1,0.1,0.18000000000000002,0.06673365831375122
f50ba6dc-16b8-4830-8906-b75bd27e41e1,0.1,0.23,0.06144722178578377
f50ba6dc-16b8-4830-8906-b75bd27e41e1,0.15000000000000002,0.03,0.04694890230894089
f50ba6dc-16b8-4830-8906-b75bd27e41e1,0.15000000000000002,0.08,0.06596653908491135
f50ba6dc-16b8-4830-8906-b75bd27e41e1,0.15000000000000002,0.13,0.06425285339355469
f50ba6dc-16b8-4830-8906-b75bd27e41e1,0.15000000000000002,0.18000000000000002,0.06295306235551834
f50ba6dc-16b8-4830-8906-b75bd27e41e1,0.15000000000000002,0.23,0.0666259378194809
f50ba6dc-16b8-4830-8906-b75bd27e41e1,0.2,0.03,0.04889998212456703
f50ba6dc-16b8-4830-8906-b75bd27e41e1,0.2,0.08,0.062192581593990326
f50ba6dc-16b8-4830-8906-b75bd27e41e1,0.2,0.13,0.06396012008190155
f50ba6dc-16b8-4830-8906-b75bd27e41e1,0.2,0.18000000000000002,0.06384436041116714
f50ba6dc-16b8-4830-8906-b75bd27e41e1,0.2,0.23,0.06561364233493805
f50ba6dc-16b8-4830-8906-b75bd27e41e1,0.25,0.03,0.047371916472911835
f50ba6dc-16b8-4830-8906-b75bd27e41e1,0.25,0.08,0.05293209105730057
f50ba6dc-16b8-4830-8906-b75bd27e41e1,0.25,0.13,0.06634052842855453
f50ba6dc-16b8-4830-8906-b75bd27e41e1,0.25,0.18000000000000002,0.0684245154261589
f50ba6dc-16b8-4830-8906-b75bd27e41e1,0.25,0.23,0.0686015710234642
f50ba6dc-16b8-4830-8906-b75bd27e41e1,0.30000000000000004,0.03,0.043961361050605774
f50ba6dc-16b8-4830-8906-b75bd27e41e1,0.30000000000000004,0.08,0.06343560665845871
f50ba6dc-16b8-4830-8906-b75bd27e41e1,0.30000000000000004,0.13,0.06301667541265488
f50ba6dc-16b8-4830-8906-b75bd27e41e1,0.30000000000000004,0.18000000000000002,0.06111885607242584
f50ba6dc-16b8-4830-8906-b75bd27e41e1,0.30000000000000004,0.23,0.06147342547774315
f5eff423-f4bd-471c-b886-4e4f5151a58e,0.0,0.03,0.04436257481575012
f5eff423-f4bd-471c-b886-4e4f5151a58e,0.0,0.08,0.05479449778795242
f5eff423-f4bd-471c-b886-4e4f5151a58e,0.0,0.13,0.058933474123477936
f5eff423-f4bd-471c-b886-4e4f5151a58e,0.0,0.18000000000000002,0.06169617921113968
f5eff423-f4bd-471c-b886-4e4f5151a58e,0.0,0.23,0.06332675367593765
f5eff423-f4bd-471c-b886-4e4f5151a58e,0.01,0.03,0.044270001351833344
f5eff423-f4bd-471c-b886-4e4f5151a58e,0.01,0.08,0.056008245795965195
f5eff423-f4bd-471c-b886-4e4f5151a58e,0.01,0.13,0.05823414772748947
f5eff423-f4bd-471c-b886-4e4f5151a58e,0.01,0.18000000000000002,0.06418981403112411
f5eff423-f4bd-471c-b886-4e4f5151a58e,0.01,0.23,0.06204906478524208
f5eff423-f4bd-471c-b886-4e4f5151a58e,0.02,0.03,0.04659039527177811
f5eff423-f4bd-471c-b886-4e4f5151a58e,0.02,0.08,0.062383804470300674
f5eff423-f4bd-471c-b886-4e4f5151a58e,0.02,0.13,0.061856709420681
f5eff423-f4bd-471c-b886-4e4f5151a58e,0.02,0.18000000000000002,0.06188945099711418
f5eff423-f4bd-471c-b886-4e4f5151a58e,0.02,0.23,0.06037433445453644
f5eff423-f4bd-471c-b886-4e4f5151a58e,0.03,0.03,0.044130247086286545
f5eff423-f4bd-471c-b886-4e4f5151a58e,0.03,0.08,0.05643536150455475
f5eff423-f4bd-471c-b886-4e4f5151a58e,0.03,0.13,0.06287340074777603
f5eff423-f4bd-471c-b886-4e4f5151a58e,0.03,0.18000000000000002,0.06551408767700195
f5eff423-f4bd-471c-b886-4e4f5151a58e,0.03,0.23,0.06266471743583679
f5eff423-f4bd-471c-b886-4e4f5151a58e,0.04,0.03,0.04777049273252487
f5eff423-f4bd-471c-b886-4e4f5151a58e,0.04,0.08,0.0556049719452858
f5eff423-f4bd-471c-b886-4e4f5151a58e,0.05,0.03,0.048020604997873306
f5eff423-f4bd-471c-b886-4e4f5151a58e,0.05,0.08,0.05518072098493576
f5eff423-f4bd-471c-b886-4e4f5151a58e,0.05,0.13,0.057139307260513306
f5eff423-f4bd-471c-b886-4e4f5151a58e,0.05,0.18000000000000002,0.06353557854890823
f5eff423-f4bd-471c-b886-4e4f5151a58e,0.05,0.23,0.06387396901845932
f5eff423-f4bd-471c-b886-4e4f5151a58e,0.1,0.03,0.04864749312400818
f5eff423-f4bd-471c-b886-4e4f5151a58e,0.1,0.08,0.055169060826301575
f5eff423-f4bd-471c-b886-4e4f5151a58e,0.1,0.13,0.06417104601860046
f5eff423-f4bd-471c-b886-4e4f5151a58e,0.1,0.18000000000000002,0.06760420650243759
f5eff423-f4bd-471c-b886-4e4f5151a58e,0.1,0.23,0.06490128487348557
f5eff423-f4bd-471c-b886-4e4f5151a58e,0.15000000000000002,0.03,0.04723406583070755
f5eff423-f4bd-471c-b886-4e4f5151a58e,0.15000000000000002,0.08,0.06120285764336586
f5eff423-f4bd-471c-b886-4e4f5151a58e,0.15000000000000002,0.13,0.06690420210361481
f5eff423-f4bd-471c-b886-4e4f5151a58e,0.15000000000000002,0.18000000000000002,0.06362318247556686
f5eff423-f4bd-471c-b886-4e4f5151a58e,0.15000000000000002,0.23,0.060635775327682495
f5eff423-f4bd-471c-b886-4e4f5151a58e,0.2,0.03,0.044374365359544754
f5eff423-f4bd-471c-b886-4e4f5151a58e,0.2,0.08,0.06577099114656448
f5eff423-f4bd-471c-b886-4e4f5151a58e,0.2,0.13,0.059544920921325684
f5eff423-f4bd-471c-b886-4e4f5151a58e,0.2,0.18000000000000002,0.056028030812740326
f5eff423-f4bd-471c-b886-4e4f5151a58e,0.2,0.23,0.05709565803408623
f5eff423-f4bd-471c-b886-4e4f5151a58e,0.25,0.03,0.04426860064268112
f5eff423-f4bd-471c-b886-4e4f5151a58e,0.25,0.08,0.058227259665727615
f5eff423-f4bd-471c-b886-4e4f5151a58e,0.25,0.13,0.06460139900445938
f5eff423-f4bd-471c-b886-4e4f5151a58e,0.25,0.18000000000000002,0.06945747882127762
f5eff423-f4bd-471c-b886-4e4f5151a58e,0.25,0.23,0.06545698642730713
f5eff423-f4bd-471c-b886-4e4f5151a58e,0.30000000000000004,0.03,0.04519417881965637
f5eff423-f4bd-471c-b886-4e4f5151a58e,0.30000000000000004,0.08,0.06374353915452957
f5eff423-f4bd-471c-b886-4e4f5151a58e,0.30000000000000004,0.13,0.0658039078116417
f5eff423-f4bd-471c-b886-4e4f5151a58e,0.30000000000000004,0.18000000000000002,0.061124037951231
f5eff423-f4bd-471c-b886-4e4f5151a58e,0.30000000000000004,0.23,0.06738269329071045
f6d85476-6bb8-4ab9-a840-0530052078fe,0.0,0.03,0.1836603432893753
f6d85476-6bb8-4ab9-a840-0530052078fe,0.0,0.08,0.28809940814971924
f6d85476-6bb8-4ab9-a840-0530052078fe,0.0,0.13,0.26919111609458923
f6d85476-6bb8-4ab9-a840-0530052078fe,0.0,0.18000000000000002,0.21353423595428467
f6d85476-6bb8-4ab9-a840-0530052078fe,0.0,0.23,0.1732977330684662
f6d85476-6bb8-4ab9-a840-0530052078fe,0.01,0.03,0.22557136416435242
f6d85476-6bb8-4ab9-a840-0530052078fe,0.01,0.08,0.30018994212150574
f6d85476-6bb8-4ab9-a840-0530052078fe,0.01,0.13,0.2630654275417328
f6d85476-6bb8-4ab9-a840-0530052078fe,0.01,0.18000000000000002,0.20508050918579102
f6d85476-6bb8-4ab9-a840-0530052078fe,0.01,0.23,0.15976864099502563
f6d85476-6bb8-4ab9-a840-0530052078fe,0.02,0.03,0.24060660600662231
f6d85476-6bb8-4ab9-a840-0530052078fe,0.02,0.08,0.2965430021286011
f6d85476-6bb8-4ab9-a840-0530052078fe,0.02,0.13,0.2427120804786682
f6d85476-6bb8-4ab9-a840-0530052078fe,0.02,0.18000000000000002,0.18526701629161835
f6d85476-6bb8-4ab9-a840-0530052078fe,0.02,0.23,0.14758586883544922
f6d85476-6bb8-4ab9-a840-0530052078fe,0.03,0.03,0.2420320063829422
f6d85476-6bb8-4ab9-a840-0530052078fe,0.03,0.08,0.28076890110969543
f6d85476-6bb8-4ab9-a840-0530052078fe,0.03,0.13,0.2210383266210556
f6d85476-6bb8-4ab9-a840-0530052078fe,0.03,0.18000000000000002,0.15905578434467316
f6d85476-6bb8-4ab9-a840-0530052078fe,0.03,0.23,0.13346515595912933
f6d85476-6bb8-4ab9-a840-0530052078fe,0.04,0.03,0.25337761640548706
f6d85476-6bb8-4ab9-a840-0530052078fe,0.04,0.08,0.25428223609924316
f6d85476-6bb8-4ab9-a840-0530052078fe,0.05,0.03,0.24464650452136993
f6d85476-6bb8-4ab9-a840-0530052078fe,0.05,0.08,0.21687155961990356
f6d85476-6bb8-4ab9-a840-0530052078fe,0.05,0.13,0.1521805375814438
f6d85476-6bb8-4ab9-a840-0530052078fe,0.05,0.18000000000000002,0.11741212755441666
f6d85476-6bb8-4ab9-a840-0530052078fe,0.05,0.23,0.1067650094628334
f6d85476-6bb8-4ab9-a840-0530052078fe,0.1,0.03,0.0944758802652359
f6d85476-6bb8-4ab9-a840-0530052078fe,0.1,0.08,0.06961329281330109
f6d85476-6bb8-4ab9-a840-0530052078fe,0.1,0.13,0.06293956190347672
f6d85476-6bb8-4ab9-a840-0530052078fe,0.1,0.18000000000000002,0.06532314419746399
f6d85476-6bb8-4ab9-a840-0530052078fe,0.1,0.23,0.06512532383203506
f6d85476-6bb8-4ab9-a840-0530052078fe,0.15000000000000002,0.03,0.05178381875157356
f6d85476-6bb8-4ab9-a840-0530052078fe,0.15000000000000002,0.08,0.07522650063037872
f6d85476-6bb8-4ab9-a840-0530052078fe,0.15000000000000002,0.13,0.08066754788160324
f6d85476-6bb8-4ab9-a840-0530052078fe,0.15000000000000002,0.18000000000000002,0.07447785139083862
f6d85476-6bb8-4ab9-a840-0530052078fe,0.15000000000000002,0.23,0.0734986811876297
f6d85476-6bb8-4ab9-a840-0530052078fe,0.2,0.03,0.06839307397603989
f6d85476-6bb8-4ab9-a840-0530052078fe,0.2,0.08,0.07610606402158737
f6d85476-6bb8-4ab9-a840-0530052078fe,0.2,0.13,0.06849758327007294
f6d85476-6bb8-4ab9-a840-0530052078fe,0.2,0.18000000000000002,0.06804013252258301
f6d85476-6bb8-4ab9-a840-0530052078fe,0.2,0.23,0.07265124469995499
f6d85476-6bb8-4ab9-a840-0530052078fe,0.25,0.03,0.04935535043478012
f6d85476-6bb8-4ab9-a840-0530052078fe,0.25,0.08,0.06375221163034439
f6d85476-6bb8-4ab9-a840-0530052078fe,0.25,0.13,0.06267788261175156
f6d85476-6bb8-4ab9-a840-0530052078fe,0.25,0.18000000000000002,0.05890912935137749
f6d85476-6bb8-4ab9-a840-0530052078fe,0.25,0.23,0.060238633304834366
f6d85476-6bb8-4ab9-a840-0530052078fe,0.30000000000000004,0.03,0.05795089155435562
f6d85476-6bb8-4ab9-a840-0530052078fe,0.30000000000000004,0.08,0.06314213573932648
f6d85476-6bb8-4ab9-a840-0530052078fe,0.30000000000000004,0.13,0.06156938895583153
f6d85476-6bb8-4ab9-a840-0530052078fe,0.30000000000000004,0.18000000000000002,0.06681874394416809
f6d85476-6bb8-4ab9-a840-0530052078fe,0.30000000000000004,0.23,0.06717276573181152
f6e7df33-b7da-4c96-83f3-6c34f1ff100a,0.0,0.03,0.0
f6e7df33-b7da-4c96-83f3-6c34f1ff100a,0.0,0.08,0.0
f6e7df33-b7da-4c96-83f3-6c34f1ff100a,0.0,0.13,0.0
f6e7df33-b7da-4c96-83f3-6c34f1ff100a,0.0,0.18000000000000002,0.0
f6e7df33-b7da-4c96-83f3-6c34f1ff100a,0.0,0.23,0.0
f6e7df33-b7da-4c96-83f3-6c34f1ff100a,0.01,0.03,0.0
f6e7df33-b7da-4c96-83f3-6c34f1ff100a,0.01,0.08,0.0
f6e7df33-b7da-4c96-83f3-6c34f1ff100a,0.01,0.13,0.0
f6e7df33-b7da-4c96-83f3-6c34f1ff100a,0.01,0.18000000000000002,0.0
f6e7df33-b7da-4c96-83f3-6c34f1ff100a,0.01,0.23,0.0
f6e7df33-b7da-4c96-83f3-6c34f1ff100a,0.02,0.03,0.0
f6e7df33-b7da-4c96-83f3-6c34f1ff100a,0.02,0.08,0.0
f6e7df33-b7da-4c96-83f3-6c34f1ff100a,0.02,0.13,0.0
f6e7df33-b7da-4c96-83f3-6c34f1ff100a,0.02,0.18000000000000002,0.0
f6e7df33-b7da-4c96-83f3-6c34f1ff100a,0.02,0.23,0.0
f6e7df33-b7da-4c96-83f3-6c34f1ff100a,0.03,0.03,0.0
f6e7df33-b7da-4c96-83f3-6c34f1ff100a,0.03,0.08,0.0
f6e7df33-b7da-4c96-83f3-6c34f1ff100a,0.03,0.13,0.0
f6e7df33-b7da-4c96-83f3-6c34f1ff100a,0.03,0.18000000000000002,0.0
f6e7df33-b7da-4c96-83f3-6c34f1ff100a,0.03,0.23,0.0
f6e7df33-b7da-4c96-83f3-6c34f1ff100a,0.04,0.03,0.0
f6e7df33-b7da-4c96-83f3-6c34f1ff100a,0.04,0.08,0.0
f6e7df33-b7da-4c96-83f3-6c34f1ff100a,0.05,0.03,0.0
f6e7df33-b7da-4c96-83f3-6c34f1ff100a,0.05,0.08,0.0
f6e7df33-b7da-4c96-83f3-6c34f1ff100a,0.05,0.13,0.0
f6e7df33-b7da-4c96-83f3-6c34f1ff100a,0.05,0.18000000000000002,0.0
f6e7df33-b7da-4c96-83f3-6c34f1ff100a,0.05,0.23,0.0
f6e7df33-b7da-4c96-83f3-6c34f1ff100a,0.1,0.03,0.0
f6e7df33-b7da-4c96-83f3-6c34f1ff100a,0.1,0.08,0.0
f6e7df33-b7da-4c96-83f3-6c34f1ff100a,0.1,0.13,0.0
f6e7df33-b7da-4c96-83f3-6c34f1ff100a,0.1,0.18000000000000002,0.0
f6e7df33-b7da-4c96-83f3-6c34f1ff100a,0.1,0.23,0.0
f6e7df33-b7da-4c96-83f3-6c34f1ff100a,0.15000000000000002,0.03,0.0
f6e7df33-b7da-4c96-83f3-6c34f1ff100a,0.15000000000000002,0.08,0.0
f6e7df33-b7da-4c96-83f3-6c34f1ff100a,0.15000000000000002,0.13,0.0
f6e7df33-b7da-4c96-83f3-6c34f1ff100a,0.15000000000000002,0.18000000000000002,0.0
f6e7df33-b7da-4c96-83f3-6c34f1ff100a,0.15000000000000002,0.23,0.0
f6e7df33-b7da-4c96-83f3-6c34f1ff100a,0.2,0.03,0.0
f6e7df33-b7da-4c96-83f3-6c34f1ff100a,0.2,0.08,0.0
f6e7df33-b7da-4c96-83f3-6c34f1ff100a,0.2,0.13,0.0
f6e7df33-b7da-4c96-83f3-6c34f1ff100a,0.2,0.18000000000000002,0.0
f6e7df33-b7da-4c96-83f3-6c34f1ff100a,0.2,0.23,0.0
f6e7df33-b7da-4c96-83f3-6c34f1ff100a,0.25,0.03,0.0
f6e7df33-b7da-4c96-83f3-6c34f1ff100a,0.25,0.08,0.0
f6e7df33-b7da-4c96-83f3-6c34f1ff100a,0.25,0.13,0.0
f6e7df33-b7da-4c96-83f3-6c34f1ff100a,0.25,0.18000000000000002,0.0
f6e7df33-b7da-4c96-83f3-6c34f1ff100a,0.25,0.23,0.0
f6e7df33-b7da-4c96-83f3-6c34f1ff100a,0.30000000000000004,0.03,0.0
f6e7df33-b7da-4c96-83f3-6c34f1ff100a,0.30000000000000004,0.08,0.0
f6e7df33-b7da-4c96-83f3-6c34f1ff100a,0.30000000000000004,0.13,0.0
f6e7df33-b7da-4c96-83f3-6c34f1ff100a,0.30000000000000004,0.18000000000000002,0.0
f6e7df33-b7da-4c96-83f3-6c34f1ff100a,0.30000000000000004,0.23,0.0
f6f8f092-8280-4c4f-b9bc-10512874108e,0.0,0.03,0.04485877603292465
f6f8f092-8280-4c4f-b9bc-10512874108e,0.0,0.08,0.05847012251615524
f6f8f092-8280-4c4f-b9bc-10512874108e,0.0,0.13,0.06944696605205536
f6f8f092-8280-4c4f-b9bc-10512874108e,0.0,0.18000000000000002,0.0685085579752922
f6f8f092-8280-4c4f-b9bc-10512874108e,0.0,0.23,0.07378298044204712
f6f8f092-8280-4c4f-b9bc-10512874108e,0.01,0.03,0.047835759818553925
f6f8f092-8280-4c4f-b9bc-10512874108e,0.01,0.08,0.06518292427062988
f6f8f092-8280-4c4f-b9bc-10512874108e,0.01,0.13,0.06860125809907913
f6f8f092-8280-4c4f-b9bc-10512874108e,0.01,0.18000000000000002,0.06669969111680984
f6f8f092-8280-4c4f-b9bc-10512874108e,0.01,0.23,0.07843902707099915
f6f8f092-8280-4c4f-b9bc-10512874108e,0.02,0.03,0.04910223186016083
f6f8f092-8280-4c4f-b9bc-10512874108e,0.02,0.08,0.06170646846294403
f6f8f092-8280-4c4f-b9bc-10512874108e,0.02,0.13,0.07445085793733597
f6f8f092-8280-4c4f-b9bc-10512874108e,0.02,0.18000000000000002,0.07258474826812744
f6f8f092-8280-4c4f-b9bc-10512874108e,0.02,0.23,0.07569243013858795
f6f8f092-8280-4c4f-b9bc-10512874108e,0.03,0.03,0.04902728646993637
f6f8f092-8280-4c4f-b9bc-10512874108e,0.03,0.08,0.0644911676645279
f6f8f092-8280-4c4f-b9bc-10512874108e,0.03,0.13,0.07869431376457214
f6f8f092-8280-4c4f-b9bc-10512874108e,0.03,0.18000000000000002,0.07106027007102966
f6f8f092-8280-4c4f-b9bc-10512874108e,0.03,0.23,0.07355552911758423
f6f8f092-8280-4c4f-b9bc-10512874108e,0.04,0.03,0.04814959317445755
f6f8f092-8280-4c4f-b9bc-10512874108e,0.04,0.08,0.07302185893058777
f6f8f092-8280-4c4f-b9bc-10512874108e,0.05,0.03,0.04583270847797394
f6f8f092-8280-4c4f-b9bc-10512874108e,0.05,0.08,0.07319628447294235
f6f8f092-8280-4c4f-b9bc-10512874108e,0.05,0.13,0.07327605038881302
f6f8f092-8280-4c4f-b9bc-10512874108e,0.05,0.18000000000000002,0.07157229632139206
f6f8f092-8280-4c4f-b9bc-10512874108e,0.05,0.23,0.07175502181053162
f6f8f092-8280-4c4f-b9bc-10512874108e,0.1,0.03,0.05063684284687042
f6f8f092-8280-4c4f-b9bc-10512874108e,0.1,0.08,0.06029663607478142
f6f8f092-8280-4c4f-b9bc-10512874108e,0.1,0.13,0.07737074047327042
f6f8f092-8280-4c4f-b9bc-10512874108e,0.1,0.18000000000000002,0.07260850071907043
f6f8f092-8280-4c4f-b9bc-10512874108e,0.1,0.23,0.07002586871385574
f6f8f092-8280-4c4f-b9bc-10512874108e,0.15000000000000002,0.03,0.052228499203920364
f6f8f092-8280-4c4f-b9bc-10512874108e,0.15000000000000002,0.08,0.06914696097373962
f6f8f092-8280-4c4f-b9bc-10512874108e,0.15000000000000002,0.13,0.06709172576665878
f6f8f092-8280-4c4f-b9bc-10512874108e,0.15000000000000002,0.18000000000000002,0.07016494870185852
f6f8f092-8280-4c4f-b9bc-10512874108e,0.15000000000000002,0.23,0.07022365927696228
f6f8f092-8280-4c4f-b9bc-10512874108e,0.2,0.03,0.04987876117229462
f6f8f092-8280-4c4f-b9bc-10512874108e,0.2,0.08,0.0640466958284378
f6f8f092-8280-4c4f-b9bc-10512874108e,0.2,0.13,0.07156746089458466
f6f8f092-8280-4c4f-b9bc-10512874108e,0.2,0.18000000000000002,0.07079082727432251
f6f8f092-8280-4c4f-b9bc-10512874108e,0.2,0.23,0.06737019866704941
f6f8f092-8280-4c4f-b9bc-10512874108e,0.25,0.03,0.050258196890354156
f6f8f092-8280-4c4f-b9bc-10512874108e,0.25,0.08,0.05643361061811447
f6f8f092-8280-4c4f-b9bc-10512874108e,0.25,0.13,0.06577077507972717
f6f8f092-8280-4c4f-b9bc-10512874108e,0.25,0.18000000000000002,0.06556440144777298
f6f8f092-8280-4c4f-b9bc-10512874108e,0.25,0.23,0.06455764919519424
f6f8f092-8280-4c4f-b9bc-10512874108e,0.30000000000000004,0.03,0.04523201286792755
f6f8f092-8280-4c4f-b9bc-10512874108e,0.30000000000000004,0.08,0.06325656175613403
f6f8f092-8280-4c4f-b9bc-10512874108e,0.30000000000000004,0.13,0.06205716356635094
f6f8f092-8280-4c4f-b9bc-10512874108e,0.30000000000000004,0.18000000000000002,0.06455845385789871
f6f8f092-8280-4c4f-b9bc-10512874108e,0.30000000000000004,0.23,0.05885092541575432
f70ddeed-7b67-4665-a93f-599a9e8188f9,0.0,0.03,0.04910597205162048
f70ddeed-7b67-4665-a93f-599a9e8188f9,0.0,0.08,0.06611966341733932
f70ddeed-7b67-4665-a93f-599a9e8188f9,0.0,0.13,0.06886976212263107
f70ddeed-7b67-4665-a93f-599a9e8188f9,0.0,0.18000000000000002,0.0726112425327301
f70ddeed-7b67-4665-a93f-599a9e8188f9,0.0,0.23,0.07479002326726913
f70ddeed-7b67-4665-a93f-599a9e8188f9,0.01,0.03,0.05782700702548027
f70ddeed-7b67-4665-a93f-599a9e8188f9,0.01,0.08,0.06417130678892136
f70ddeed-7b67-4665-a93f-599a9e8188f9,0.01,0.13,0.07057201862335205
f70ddeed-7b67-4665-a93f-599a9e8188f9,0.01,0.18000000000000002,0.07299520075321198
f70ddeed-7b67-4665-a93f-599a9e8188f9,0.01,0.23,0.07510263472795486
f70ddeed-7b67-4665-a93f-599a9e8188f9,0.02,0.03,0.05864781141281128
f70ddeed-7b67-4665-a93f-599a9e8188f9,0.02,0.08,0.06549539417028427
f70ddeed-7b67-4665-a93f-599a9e8188f9,0.02,0.13,0.06885026395320892
f70ddeed-7b67-4665-a93f-599a9e8188f9,0.02,0.18000000000000002,0.07151918113231659
f70ddeed-7b67-4665-a93f-599a9e8188f9,0.02,0.23,0.0736781656742096
f70ddeed-7b67-4665-a93f-599a9e8188f9,0.03,0.03,0.05215708911418915
f70ddeed-7b67-4665-a93f-599a9e8188f9,0.03,0.08,0.06369014829397202
f70ddeed-7b67-4665-a93f-599a9e8188f9,0.03,0.13,0.06762108951807022
f70ddeed-7b67-4665-a93f-599a9e8188f9,0.03,0.18000000000000002,0.07300189137458801
f70ddeed-7b67-4665-a93f-599a9e8188f9,0.03,0.23,0.07397884130477905
f70ddeed-7b67-4665-a93f-599a9e8188f9,0.04,0.03,0.04917042702436447
f70ddeed-7b67-4665-a93f-599a9e8188f9,0.04,0.08,0.061152637004852295
f70ddeed-7b67-4665-a93f-599a9e8188f9,0.05,0.03,0.05085533484816551
f70ddeed-7b67-4665-a93f-599a9e8188f9,0.05,0.08,0.0674496591091156
f70ddeed-7b67-4665-a93f-599a9e8188f9,0.05,0.13,0.07350939512252808
f70ddeed-7b67-4665-a93f-599a9e8188f9,0.05,0.18000000000000002,0.07477002590894699
f70ddeed-7b67-4665-a93f-599a9e8188f9,0.05,0.23,0.07490848749876022
f70ddeed-7b67-4665-a93f-599a9e8188f9,0.1,0.03,0.04799152538180351
f70ddeed-7b67-4665-a93f-599a9e8188f9,0.1,0.08,0.06497694551944733
f70ddeed-7b67-4665-a93f-599a9e8188f9,0.1,0.13,0.06608065962791443
f70ddeed-7b67-4665-a93f-599a9e8188f9,0.1,0.18000000000000002,0.06708293408155441
f70ddeed-7b67-4665-a93f-599a9e8188f9,0.1,0.23,0.06586682051420212
f70ddeed-7b67-4665-a93f-599a9e8188f9,0.15000000000000002,0.03,0.04909190535545349
f70ddeed-7b67-4665-a93f-599a9e8188f9,0.15000000000000002,0.08,0.06293410807847977
f70ddeed-7b67-4665-a93f-599a9e8188f9,0.15000000000000002,0.13,0.06335850059986115
f70ddeed-7b67-4665-a93f-599a9e8188f9,0.15000000000000002,0.18000000000000002,0.0604357048869133
f70ddeed-7b67-4665-a93f-599a9e8188f9,0.15000000000000002,0.23,0.06344835460186005
f70ddeed-7b67-4665-a93f-599a9e8188f9,0.2,0.03,0.04717906937003136
f70ddeed-7b67-4665-a93f-599a9e8188f9,0.2,0.08,0.057368114590644836
f70ddeed-7b67-4665-a93f-599a9e8188f9,0.2,0.13,0.057235635817050934
f70ddeed-7b67-4665-a93f-599a9e8188f9,0.2,0.18000000000000002,0.06284788250923157
f70ddeed-7b67-4665-a93f-599a9e8188f9,0.2,0.23,0.06631770730018616
f70ddeed-7b67-4665-a93f-599a9e8188f9,0.25,0.03,0.0474577397108078
f70ddeed-7b67-4665-a93f-599a9e8188f9,0.25,0.08,0.05657850578427315
f70ddeed-7b67-4665-a93f-599a9e8188f9,0.25,0.13,0.058879122138023376
f70ddeed-7b67-4665-a93f-599a9e8188f9,0.25,0.18000000000000002,0.06198619678616524
f70ddeed-7b67-4665-a93f-599a9e8188f9,0.25,0.23,0.06499955803155899
f70ddeed-7b67-4665-a93f-599a9e8188f9,0.30000000000000004,0.03,0.04726177081465721
f70ddeed-7b67-4665-a93f-599a9e8188f9,0.30000000000000004,0.08,0.053739968687295914
f70ddeed-7b67-4665-a93f-599a9e8188f9,0.30000000000000004,0.13,0.058156464248895645
f70ddeed-7b67-4665-a93f-599a9e8188f9,0.30000000000000004,0.18000000000000002,0.0675208568572998
f70ddeed-7b67-4665-a93f-599a9e8188f9,0.30000000000000004,0.23,0.07136227935552597
f7a2c7cc-f320-4a67-af2c-6d054c210ab8,0.0,0.03,0.056600894778966904
f7a2c7cc-f320-4a67-af2c-6d054c210ab8,0.0,0.08,0.07003714144229889
f7a2c7cc-f320-4a67-af2c-6d054c210ab8,0.0,0.13,0.06614405661821365
f7a2c7cc-f320-4a67-af2c-6d054c210ab8,0.0,0.18000000000000002,0.06818043440580368
f7a2c7cc-f320-4a67-af2c-6d054c210ab8,0.0,0.23,0.06456471234560013
f7a2c7cc-f320-4a67-af2c-6d054c210ab8,0.01,0.03,0.058630846440792084
f7a2c7cc-f320-4a67-af2c-6d054c210ab8,0.01,0.08,0.06317733973264694
f7a2c7cc-f320-4a67-af2c-6d054c210ab8,0.01,0.13,0.06591281294822693
f7a2c7cc-f320-4a67-af2c-6d054c210ab8,0.01,0.18000000000000002,0.06756192445755005
f7a2c7cc-f320-4a67-af2c-6d054c210ab8,0.01,0.23,0.06314096599817276
f7a2c7cc-f320-4a67-af2c-6d054c210ab8,0.02,0.03,0.056198231875896454
f7a2c7cc-f320-4a67-af2c-6d054c210ab8,0.02,0.08,0.05856149271130562
f7a2c7cc-f320-4a67-af2c-6d054c210ab8,0.02,0.13,0.06568221747875214
f7a2c7cc-f320-4a67-af2c-6d054c210ab8,0.02,0.18000000000000002,0.06649793684482574
f7a2c7cc-f320-4a67-af2c-6d054c210ab8,0.02,0.23,0.06346804648637772
f7a2c7cc-f320-4a67-af2c-6d054c210ab8,0.03,0.03,0.05264146998524666
f7a2c7cc-f320-4a67-af2c-6d054c210ab8,0.03,0.08,0.05763181298971176
f7a2c7cc-f320-4a67-af2c-6d054c210ab8,0.03,0.13,0.0652541071176529
f7a2c7cc-f320-4a67-af2c-6d054c210ab8,0.03,0.18000000000000002,0.06962360441684723
f7a2c7cc-f320-4a67-af2c-6d054c210ab8,0.03,0.23,0.06704023480415344
f7a2c7cc-f320-4a67-af2c-6d054c210ab8,0.04,0.03,0.050755131989717484
f7a2c7cc-f320-4a67-af2c-6d054c210ab8,0.04,0.08,0.0629119798541069
f7a2c7cc-f320-4a67-af2c-6d054c210ab8,0.05,0.03,0.04770372807979584
f7a2c7cc-f320-4a67-af2c-6d054c210ab8,0.05,0.08,0.058304812759160995
f7a2c7cc-f320-4a67-af2c-6d054c210ab8,0.05,0.13,0.061150360852479935
f7a2c7cc-f320-4a67-af2c-6d054c210ab8,0.05,0.18000000000000002,0.06450725346803665
f7a2c7cc-f320-4a67-af2c-6d054c210ab8,0.05,0.23,0.061722204089164734
f7a2c7cc-f320-4a67-af2c-6d054c210ab8,0.1,0.03,0.04802744835615158
f7a2c7cc-f320-4a67-af2c-6d054c210ab8,0.1,0.08,0.05521375685930252
f7a2c7cc-f320-4a67-af2c-6d054c210ab8,0.1,0.13,0.06206648051738739
f7a2c7cc-f320-4a67-af2c-6d054c210ab8,0.1,0.18000000000000002,0.06251499056816101
f7a2c7cc-f320-4a67-af2c-6d054c210ab8,0.1,0.23,0.0715193897485733
f7a2c7cc-f320-4a67-af2c-6d054c210ab8,0.15000000000000002,0.03,0.052381690591573715
f7a2c7cc-f320-4a67-af2c-6d054c210ab8,0.15000000000000002,0.08,0.05955751612782478
f7a2c7cc-f320-4a67-af2c-6d054c210ab8,0.15000000000000002,0.13,0.06112426146864891
f7a2c7cc-f320-4a67-af2c-6d054c210ab8,0.15000000000000002,0.18000000000000002,0.07343996316194534
f7a2c7cc-f320-4a67-af2c-6d054c210ab8,0.15000000000000002,0.23,0.07443730533123016
f7a2c7cc-f320-4a67-af2c-6d054c210ab8,0.2,0.03,0.051615163683891296
f7a2c7cc-f320-4a67-af2c-6d054c210ab8,0.2,0.08,0.06163124740123749
f7a2c7cc-f320-4a67-af2c-6d054c210ab8,0.2,0.13,0.07377290725708008
f7a2c7cc-f320-4a67-af2c-6d054c210ab8,0.2,0.18000000000000002,0.06787851452827454
f7a2c7cc-f320-4a67-af2c-6d054c210ab8,0.2,0.23,0.0791860967874527
f7a2c7cc-f320-4a67-af2c-6d054c210ab8,0.25,0.03,0.05548311769962311
f7a2c7cc-f320-4a67-af2c-6d054c210ab8,0.25,0.08,0.06621510535478592
f7a2c7cc-f320-4a67-af2c-6d054c210ab8,0.25,0.13,0.06531736254692078
f7a2c7cc-f320-4a67-af2c-6d054c210ab8,0.25,0.18000000000000002,0.08138252049684525
f7a2c7cc-f320-4a67-af2c-6d054c210ab8,0.25,0.23,0.08654919266700745
f7a2c7cc-f320-4a67-af2c-6d054c210ab8,0.30000000000000004,0.03,0.048354052007198334
f7a2c7cc-f320-4a67-af2c-6d054c210ab8,0.30000000000000004,0.08,0.06465768069028854
f7a2c7cc-f320-4a67-af2c-6d054c210ab8,0.30000000000000004,0.13,0.07920090109109879
f7a2c7cc-f320-4a67-af2c-6d054c210ab8,0.30000000000000004,0.18000000000000002,0.08397731184959412
f7a2c7cc-f320-4a67-af2c-6d054c210ab8,0.30000000000000004,0.23,0.0813324972987175
f7e802b8-8506-4866-b358-b7edc09f4b32,0.0,0.03,0.04761773720383644
f7e802b8-8506-4866-b358-b7edc09f4b32,0.0,0.08,0.06447071582078934
f7e802b8-8506-4866-b358-b7edc09f4b32,0.0,0.13,0.06171458587050438
f7e802b8-8506-4866-b358-b7edc09f4b32,0.0,0.18000000000000002,0.06411483883857727
f7e802b8-8506-4866-b358-b7edc09f4b32,0.0,0.23,0.06675081700086594
f7e802b8-8506-4866-b358-b7edc09f4b32,0.01,0.03,0.05031250789761543
f7e802b8-8506-4866-b358-b7edc09f4b32,0.01,0.08,0.060444366186857224
f7e802b8-8506-4866-b358-b7edc09f4b32,0.01,0.13,0.06648487597703934
f7e802b8-8506-4866-b358-b7edc09f4b32,0.01,0.18000000000000002,0.06721176207065582
f7e802b8-8506-4866-b358-b7edc09f4b32,0.01,0.23,0.07022415101528168
f7e802b8-8506-4866-b358-b7edc09f4b32,0.02,0.03,0.04938558116555214
f7e802b8-8506-4866-b358-b7edc09f4b32,0.02,0.08,0.0698273703455925
f7e802b8-8506-4866-b358-b7edc09f4b32,0.02,0.13,0.06517552584409714
f7e802b8-8506-4866-b358-b7edc09f4b32,0.02,0.18000000000000002,0.07009842991828918
f7e802b8-8506-4866-b358-b7edc09f4b32,0.02,0.23,0.06804582476615906
f7e802b8-8506-4866-b358-b7edc09f4b32,0.03,0.03,0.04555272310972214
f7e802b8-8506-4866-b358-b7edc09f4b32,0.03,0.08,0.05908847227692604
f7e802b8-8506-4866-b358-b7edc09f4b32,0.03,0.13,0.06486373394727707
f7e802b8-8506-4866-b358-b7edc09f4b32,0.03,0.18000000000000002,0.06494788080453873
f7e802b8-8506-4866-b358-b7edc09f4b32,0.03,0.23,0.0660342425107956
f7e802b8-8506-4866-b358-b7edc09f4b32,0.04,0.03,0.04828176274895668
f7e802b8-8506-4866-b358-b7edc09f4b32,0.04,0.08,0.061089951545000076
f7e802b8-8506-4866-b358-b7edc09f4b32,0.05,0.03,0.04747439920902252
f7e802b8-8506-4866-b358-b7edc09f4b32,0.05,0.08,0.05968695878982544
f7e802b8-8506-4866-b358-b7edc09f4b32,0.05,0.13,0.06051012873649597
f7e802b8-8506-4866-b358-b7edc09f4b32,0.05,0.18000000000000002,0.06307405978441238
f7e802b8-8506-4866-b358-b7edc09f4b32,0.05,0.23,0.07072776556015015
f7e802b8-8506-4866-b358-b7edc09f4b32,0.1,0.03,0.04322870820760727
f7e802b8-8506-4866-b358-b7edc09f4b32,0.1,0.08,0.05236954614520073
f7e802b8-8506-4866-b358-b7edc09f4b32,0.1,0.13,0.059018589556217194
f7e802b8-8506-4866-b358-b7edc09f4b32,0.1,0.18000000000000002,0.07005005329847336
f7e802b8-8506-4866-b358-b7edc09f4b32,0.1,0.23,0.07262793183326721
f7e802b8-8506-4866-b358-b7edc09f4b32,0.15000000000000002,0.03,0.047696273773908615
f7e802b8-8506-4866-b358-b7edc09f4b32,0.15000000000000002,0.08,0.0583941675722599
f7e802b8-8506-4866-b358-b7edc09f4b32,0.15000000000000002,0.13,0.06885213404893875
f7e802b8-8506-4866-b358-b7edc09f4b32,0.15000000000000002,0.18000000000000002,0.07162225991487503
f7e802b8-8506-4866-b358-b7edc09f4b32,0.15000000000000002,0.23,0.0687655583024025
f7e802b8-8506-4866-b358-b7edc09f4b32,0.2,0.03,0.05440602824091911
f7e802b8-8506-4866-b358-b7edc09f4b32,0.2,0.08,0.07017391920089722
f7e802b8-8506-4866-b358-b7edc09f4b32,0.2,0.13,0.0713188648223877
f7e802b8-8506-4866-b358-b7edc09f4b32,0.2,0.18000000000000002,0.0689307302236557
f7e802b8-8506-4866-b358-b7edc09f4b32,0.2,0.23,0.0672149658203125
f7e802b8-8506-4866-b358-b7edc09f4b32,0.25,0.03,0.04534348472952843
f7e802b8-8506-4866-b358-b7edc09f4b32,0.25,0.08,0.05504582077264786
f7e802b8-8506-4866-b358-b7edc09f4b32,0.25,0.13,0.05701236426830292
f7e802b8-8506-4866-b358-b7edc09f4b32,0.25,0.18000000000000002,0.06005524843931198
f7e802b8-8506-4866-b358-b7edc09f4b32,0.25,0.23,0.06168061122298241
f7e802b8-8506-4866-b358-b7edc09f4b32,0.30000000000000004,0.03,0.044467296451330185
f7e802b8-8506-4866-b358-b7edc09f4b32,0.30000000000000004,0.08,0.05957638844847679
f7e802b8-8506-4866-b358-b7edc09f4b32,0.30000000000000004,0.13,0.06419933587312698
f7e802b8-8506-4866-b358-b7edc09f4b32,0.30000000000000004,0.18000000000000002,0.06128770112991333
f7e802b8-8506-4866-b358-b7edc09f4b32,0.30000000000000004,0.23,0.060886889696121216
f7eae5cd-6453-44fe-b737-4a32320663fa,0.0,0.03,0.15367187559604645
f7eae5cd-6453-44fe-b737-4a32320663fa,0.0,0.08,0.21606087684631348
f7eae5cd-6453-44fe-b737-4a32320663fa,0.0,0.13,0.19698715209960938
f7eae5cd-6453-44fe-b737-4a32320663fa,0.0,0.18000000000000002,0.17724668979644775
f7eae5cd-6453-44fe-b737-4a32320663fa,0.0,0.23,0.1693693846464157
f7eae5cd-6453-44fe-b737-4a32320663fa,0.01,0.03,0.11862342804670334
f7eae5cd-6453-44fe-b737-4a32320663fa,0.01,0.08,0.16574108600616455
f7eae5cd-6453-44fe-b737-4a32320663fa,0.01,0.13,0.15426555275917053
f7eae5cd-6453-44fe-b737-4a32320663fa,0.01,0.18000000000000002,0.14532046020030975
f7eae5cd-6453-44fe-b737-4a32320663fa,0.01,0.23,0.13444246351718903
f7eae5cd-6453-44fe-b737-4a32320663fa,0.02,0.03,0.11821932345628738
f7eae5cd-6453-44fe-b737-4a32320663fa,0.02,0.08,0.15437112748622894
f7eae5cd-6453-44fe-b737-4a32320663fa,0.02,0.13,0.13909006118774414
f7eae5cd-6453-44fe-b737-4a32320663fa,0.02,0.18000000000000002,0.13571695983409882
f7eae5cd-6453-44fe-b737-4a32320663fa,0.02,0.23,0.12727254629135132
f7eae5cd-6453-44fe-b737-4a32320663fa,0.03,0.03,0.12503023445606232
f7eae5cd-6453-44fe-b737-4a32320663fa,0.03,0.08,0.12943735718727112
f7eae5cd-6453-44fe-b737-4a32320663fa,0.03,0.13,0.13024353981018066
f7eae5cd-6453-44fe-b737-4a32320663fa,0.03,0.18000000000000002,0.12486328929662704
f7eae5cd-6453-44fe-b737-4a32320663fa,0.03,0.23,0.1195257306098938
f7eae5cd-6453-44fe-b737-4a32320663fa,0.04,0.03,0.11454606801271439
f7eae5cd-6453-44fe-b737-4a32320663fa,0.04,0.08,0.11775028705596924
f7eae5cd-6453-44fe-b737-4a32320663fa,0.05,0.03,0.090920090675354
f7eae5cd-6453-44fe-b737-4a32320663fa,0.05,0.08,0.10163924098014832
f7eae5cd-6453-44fe-b737-4a32320663fa,0.05,0.13,0.10932143777608871
f7eae5cd-6453-44fe-b737-4a32320663fa,0.05,0.18000000000000002,0.10894221812486649
f7eae5cd-6453-44fe-b737-4a32320663fa,0.05,0.23,0.09773028641939163
f7eae5cd-6453-44fe-b737-4a32320663fa,0.1,0.03,0.054519567638635635
f7eae5cd-6453-44fe-b737-4a32320663fa,0.1,0.08,0.08110103011131287
f7eae5cd-6453-44fe-b737-4a32320663fa,0.1,0.13,0.0870867669582367
f7eae5cd-6453-44fe-b737-4a32320663fa,0.1,0.18000000000000002,0.08267166465520859
f7eae5cd-6453-44fe-b737-4a32320663fa,0.1,0.23,0.07493042945861816
f7eae5cd-6453-44fe-b737-4a32320663fa,0.15000000000000002,0.03,0.055291760712862015
f7eae5cd-6453-44fe-b737-4a32320663fa,0.15000000000000002,0.08,0.06440700590610504
f7eae5cd-6453-44fe-b737-4a32320663fa,0.15000000000000002,0.13,0.06292379647493362
f7eae5cd-6453-44fe-b737-4a32320663fa,0.15000000000000002,0.18000000000000002,0.06227751076221466
f7eae5cd-6453-44fe-b737-4a32320663fa,0.15000000000000002,0.23,0.06321650743484497
f7eae5cd-6453-44fe-b737-4a32320663fa,0.2,0.03,0.04943603277206421
f7eae5cd-6453-44fe-b737-4a32320663fa,0.2,0.08,0.061722878366708755
f7eae5cd-6453-44fe-b737-4a32320663fa,0.2,0.13,0.056674931198358536
f7eae5cd-6453-44fe-b737-4a32320663fa,0.2,0.18000000000000002,0.06147371605038643
f7eae5cd-6453-44fe-b737-4a32320663fa,0.2,0.23,0.0668458417057991
f7eae5cd-6453-44fe-b737-4a32320663fa,0.25,0.03,0.0463138073682785
f7eae5cd-6453-44fe-b737-4a32320663fa,0.25,0.08,0.05924704298377037
f7eae5cd-6453-44fe-b737-4a32320663fa,0.25,0.13,0.059568140655756
f7eae5cd-6453-44fe-b737-4a32320663fa,0.25,0.18000000000000002,0.05842212960124016
f7eae5cd-6453-44fe-b737-4a32320663fa,0.25,0.23,0.06581109017133713
f7eae5cd-6453-44fe-b737-4a32320663fa,0.30000000000000004,0.03,0.04572796821594238
f7eae5cd-6453-44fe-b737-4a32320663fa,0.30000000000000004,0.08,0.057583410292863846
f7eae5cd-6453-44fe-b737-4a32320663fa,0.30000000000000004,0.13,0.05765339732170105
f7eae5cd-6453-44fe-b737-4a32320663fa,0.30000000000000004,0.18000000000000002,0.0624617338180542
f7eae5cd-6453-44fe-b737-4a32320663fa,0.30000000000000004,0.23,0.06874062120914459
f8626715-2041-4ec2-a995-0b4feea571de,0.0,0.03,0.0
f8626715-2041-4ec2-a995-0b4feea571de,0.0,0.08,0.0
f8626715-2041-4ec2-a995-0b4feea571de,0.0,0.13,0.0
f8626715-2041-4ec2-a995-0b4feea571de,0.0,0.18000000000000002,0.0
f8626715-2041-4ec2-a995-0b4feea571de,0.0,0.23,0.0
f8626715-2041-4ec2-a995-0b4feea571de,0.01,0.03,0.0
f8626715-2041-4ec2-a995-0b4feea571de,0.01,0.08,0.0
f8626715-2041-4ec2-a995-0b4feea571de,0.01,0.13,0.0
f8626715-2041-4ec2-a995-0b4feea571de,0.01,0.18000000000000002,0.0
f8626715-2041-4ec2-a995-0b4feea571de,0.01,0.23,0.0
f8626715-2041-4ec2-a995-0b4feea571de,0.02,0.03,0.0
f8626715-2041-4ec2-a995-0b4feea571de,0.02,0.08,0.0
f8626715-2041-4ec2-a995-0b4feea571de,0.02,0.13,0.0
f8626715-2041-4ec2-a995-0b4feea571de,0.02,0.18000000000000002,0.0
f8626715-2041-4ec2-a995-0b4feea571de,0.02,0.23,0.0
f8626715-2041-4ec2-a995-0b4feea571de,0.03,0.03,0.0
f8626715-2041-4ec2-a995-0b4feea571de,0.03,0.08,0.0
f8626715-2041-4ec2-a995-0b4feea571de,0.03,0.13,0.0
f8626715-2041-4ec2-a995-0b4feea571de,0.03,0.18000000000000002,0.0
f8626715-2041-4ec2-a995-0b4feea571de,0.03,0.23,0.0
f8626715-2041-4ec2-a995-0b4feea571de,0.04,0.03,0.0
f8626715-2041-4ec2-a995-0b4feea571de,0.04,0.08,0.0
f8626715-2041-4ec2-a995-0b4feea571de,0.05,0.03,0.0
f8626715-2041-4ec2-a995-0b4feea571de,0.05,0.08,0.0
f8626715-2041-4ec2-a995-0b4feea571de,0.05,0.13,0.0
f8626715-2041-4ec2-a995-0b4feea571de,0.05,0.18000000000000002,0.0
f8626715-2041-4ec2-a995-0b4feea571de,0.05,0.23,0.0
f8626715-2041-4ec2-a995-0b4feea571de,0.1,0.03,0.0
f8626715-2041-4ec2-a995-0b4feea571de,0.1,0.08,0.0
f8626715-2041-4ec2-a995-0b4feea571de,0.1,0.13,0.0
f8626715-2041-4ec2-a995-0b4feea571de,0.1,0.18000000000000002,0.0
f8626715-2041-4ec2-a995-0b4feea571de,0.1,0.23,0.0
f8626715-2041-4ec2-a995-0b4feea571de,0.15000000000000002,0.03,0.0
f8626715-2041-4ec2-a995-0b4feea571de,0.15000000000000002,0.08,0.0
f8626715-2041-4ec2-a995-0b4feea571de,0.15000000000000002,0.13,0.0
f8626715-2041-4ec2-a995-0b4feea571de,0.15000000000000002,0.18000000000000002,0.0
f8626715-2041-4ec2-a995-0b4feea571de,0.15000000000000002,0.23,0.0
f8626715-2041-4ec2-a995-0b4feea571de,0.2,0.03,0.0
f8626715-2041-4ec2-a995-0b4feea571de,0.2,0.08,0.0
f8626715-2041-4ec2-a995-0b4feea571de,0.2,0.13,0.0
f8626715-2041-4ec2-a995-0b4feea571de,0.2,0.18000000000000002,0.0
f8626715-2041-4ec2-a995-0b4feea571de,0.2,0.23,0.0
f8626715-2041-4ec2-a995-0b4feea571de,0.25,0.03,0.0
f8626715-2041-4ec2-a995-0b4feea571de,0.25,0.08,0.0
f8626715-2041-4ec2-a995-0b4feea571de,0.25,0.13,0.0
f8626715-2041-4ec2-a995-0b4feea571de,0.25,0.18000000000000002,0.0
f8626715-2041-4ec2-a995-0b4feea571de,0.25,0.23,0.0
f8626715-2041-4ec2-a995-0b4feea571de,0.30000000000000004,0.03,0.0
f8626715-2041-4ec2-a995-0b4feea571de,0.30000000000000004,0.08,0.0
f8626715-2041-4ec2-a995-0b4feea571de,0.30000000000000004,0.13,0.0
f8626715-2041-4ec2-a995-0b4feea571de,0.30000000000000004,0.18000000000000002,0.0
f8626715-2041-4ec2-a995-0b4feea571de,0.30000000000000004,0.23,0.0
f8bea3bd-1d03-4202-a931-7a3134a4d81d,0.0,0.03,0.05579642578959465
f8bea3bd-1d03-4202-a931-7a3134a4d81d,0.0,0.08,0.08733333647251129
f8bea3bd-1d03-4202-a931-7a3134a4d81d,0.0,0.13,0.10478845238685608
f8bea3bd-1d03-4202-a931-7a3134a4d81d,0.0,0.18000000000000002,0.11272712051868439
f8bea3bd-1d03-4202-a931-7a3134a4d81d,0.0,0.23,0.10727179795503616
f8bea3bd-1d03-4202-a931-7a3134a4d81d,0.01,0.03,0.06292667984962463
f8bea3bd-1d03-4202-a931-7a3134a4d81d,0.01,0.08,0.09032221138477325
f8bea3bd-1d03-4202-a931-7a3134a4d81d,0.01,0.13,0.10269057005643845
f8bea3bd-1d03-4202-a931-7a3134a4d81d,0.01,0.18000000000000002,0.10487045347690582
f8bea3bd-1d03-4202-a931-7a3134a4d81d,0.01,0.23,0.10173280537128448
f8bea3bd-1d03-4202-a931-7a3134a4d81d,0.02,0.03,0.05660706013441086
f8bea3bd-1d03-4202-a931-7a3134a4d81d,0.02,0.08,0.09094677120447159
f8bea3bd-1d03-4202-a931-7a3134a4d81d,0.02,0.13,0.09910356253385544
f8bea3bd-1d03-4202-a931-7a3134a4d81d,0.02,0.18000000000000002,0.10239211469888687
f8bea3bd-1d03-4202-a931-7a3134a4d81d,0.02,0.23,0.09524919837713242
f8bea3bd-1d03-4202-a931-7a3134a4d81d,0.03,0.03,0.06085841730237007
f8bea3bd-1d03-4202-a931-7a3134a4d81d,0.03,0.08,0.09427136182785034
f8bea3bd-1d03-4202-a931-7a3134a4d81d,0.03,0.13,0.09864962846040726
f8bea3bd-1d03-4202-a931-7a3134a4d81d,0.03,0.18000000000000002,0.09941073507070541
f8bea3bd-1d03-4202-a931-7a3134a4d81d,0.03,0.23,0.09254772216081619
f8bea3bd-1d03-4202-a931-7a3134a4d81d,0.04,0.03,0.065776027739048
f8bea3bd-1d03-4202-a931-7a3134a4d81d,0.04,0.08,0.09711948782205582
f8bea3bd-1d03-4202-a931-7a3134a4d81d,0.05,0.03,0.07010139524936676
f8bea3bd-1d03-4202-a931-7a3134a4d81d,0.05,0.08,0.0944860503077507
f8bea3bd-1d03-4202-a931-7a3134a4d81d,0.05,0.13,0.10528317838907242
f8bea3bd-1d03-4202-a931-7a3134a4d81d,0.05,0.18000000000000002,0.09899963438510895
f8bea3bd-1d03-4202-a931-7a3134a4d81d,0.05,0.23,0.08675067126750946
f8bea3bd-1d03-4202-a931-7a3134a4d81d,0.1,0.03,0.06399863213300705
f8bea3bd-1d03-4202-a931-7a3134a4d81d,0.1,0.08,0.08453696221113205
f8bea3bd-1d03-4202-a931-7a3134a4d81d,0.1,0.13,0.08193844556808472
f8bea3bd-1d03-4202-a931-7a3134a4d81d,0.1,0.18000000000000002,0.07153637707233429
f8bea3bd-1d03-4202-a931-7a3134a4d81d,0.1,0.23,0.0671117901802063
f8bea3bd-1d03-4202-a931-7a3134a4d81d,0.15000000000000002,0.03,0.05786728113889694
f8bea3bd-1d03-4202-a931-7a3134a4d81d,0.15000000000000002,0.08,0.06257445365190506
f8bea3bd-1d03-4202-a931-7a3134a4d81d,0.15000000000000002,0.13,0.07337670028209686
f8bea3bd-1d03-4202-a931-7a3134a4d81d,0.15000000000000002,0.18000000000000002,0.06605058908462524
f8bea3bd-1d03-4202-a931-7a3134a4d81d,0.15000000000000002,0.23,0.06883823871612549
f8bea3bd-1d03-4202-a931-7a3134a4d81d,0.2,0.03,0.05200006812810898
f8bea3bd-1d03-4202-a931-7a3134a4d81d,0.2,0.08,0.06985810399055481
f8bea3bd-1d03-4202-a931-7a3134a4d81d,0.2,0.13,0.06336811929941177
f8bea3bd-1d03-4202-a931-7a3134a4d81d,0.2,0.18000000000000002,0.07038819044828415
f8bea3bd-1d03-4202-a931-7a3134a4d81d,0.2,0.23,0.0691164880990982
f8bea3bd-1d03-4202-a931-7a3134a4d81d,0.25,0.03,0.04293696582317352
f8bea3bd-1d03-4202-a931-7a3134a4d81d,0.25,0.08,0.05486301705241203
f8bea3bd-1d03-4202-a931-7a3134a4d81d,0.25,0.13,0.06436454504728317
f8bea3bd-1d03-4202-a931-7a3134a4d81d,0.25,0.18000000000000002,0.06321854144334793
f8bea3bd-1d03-4202-a931-7a3134a4d81d,0.25,0.23,0.06643247604370117
f8bea3bd-1d03-4202-a931-7a3134a4d81d,0.30000000000000004,0.03,0.053790464997291565
f8bea3bd-1d03-4202-a931-7a3134a4d81d,0.30000000000000004,0.08,0.05897228792309761
f8bea3bd-1d03-4202-a931-7a3134a4d81d,0.30000000000000004,0.13,0.06716980040073395
f8bea3bd-1d03-4202-a931-7a3134a4d81d,0.30000000000000004,0.18000000000000002,0.07325436174869537
f8bea3bd-1d03-4202-a931-7a3134a4d81d,0.30000000000000004,0.23,0.0672420859336853
f9059f14-29eb-4c4a-9a0d-6d6c6449f0c1,0.0,0.03,0.09933590888977051
f9059f14-29eb-4c4a-9a0d-6d6c6449f0c1,0.0,0.08,0.15638859570026398
f9059f14-29eb-4c4a-9a0d-6d6c6449f0c1,0.0,0.13,0.19818294048309326
f9059f14-29eb-4c4a-9a0d-6d6c6449f0c1,0.0,0.18000000000000002,0.21497765183448792
f9059f14-29eb-4c4a-9a0d-6d6c6449f0c1,0.0,0.23,0.22139468789100647
f9059f14-29eb-4c4a-9a0d-6d6c6449f0c1,0.01,0.03,0.11117629706859589
f9059f14-29eb-4c4a-9a0d-6d6c6449f0c1,0.01,0.08,0.16191689670085907
f9059f14-29eb-4c4a-9a0d-6d6c6449f0c1,0.01,0.13,0.18849249184131622
f9059f14-29eb-4c4a-9a0d-6d6c6449f0c1,0.01,0.18000000000000002,0.20033486187458038
f9059f14-29eb-4c4a-9a0d-6d6c6449f0c1,0.01,0.23,0.197017103433609
f9059f14-29eb-4c4a-9a0d-6d6c6449f0c1,0.02,0.03,0.11355007439851761
f9059f14-29eb-4c4a-9a0d-6d6c6449f0c1,0.02,0.08,0.1702020764350891
f9059f14-29eb-4c4a-9a0d-6d6c6449f0c1,0.02,0.13,0.19231829047203064
f9059f14-29eb-4c4a-9a0d-6d6c6449f0c1,0.02,0.18000000000000002,0.20143666863441467
f9059f14-29eb-4c4a-9a0d-6d6c6449f0c1,0.02,0.23,0.19301317632198334
f9059f14-29eb-4c4a-9a0d-6d6c6449f0c1,0.03,0.03,0.12922467291355133
f9059f14-29eb-4c4a-9a0d-6d6c6449f0c1,0.03,0.08,0.1682838499546051
f9059f14-29eb-4c4a-9a0d-6d6c6449f0c1,0.03,0.13,0.19457800686359406
f9059f14-29eb-4c4a-9a0d-6d6c6449f0c1,0.03,0.18000000000000002,0.1962730884552002
f9059f14-29eb-4c4a-9a0d-6d6c6449f0c1,0.03,0.23,0.18382462859153748
f9059f14-29eb-4c4a-9a0d-6d6c6449f0c1,0.04,0.03,0.12750688195228577
f9059f14-29eb-4c4a-9a0d-6d6c6449f0c1,0.04,0.08,0.17458921670913696
f9059f14-29eb-4c4a-9a0d-6d6c6449f0c1,0.05,0.03,0.13591933250427246
f9059f14-29eb-4c4a-9a0d-6d6c6449f0c1,0.05,0.08,0.19239024817943573
f9059f14-29eb-4c4a-9a0d-6d6c6449f0c1,0.05,0.13,0.20735640823841095
f9059f14-29eb-4c4a-9a0d-6d6c6449f0c1,0.05,0.18000000000000002,0.2115742564201355
f9059f14-29eb-4c4a-9a0d-6d6c6449f0c1,0.05,0.23,0.1951189488172531
f9059f14-29eb-4c4a-9a0d-6d6c6449f0c1,0.1,0.03,0.14295236766338348
f9059f14-29eb-4c4a-9a0d-6d6c6449f0c1,0.1,0.08,0.17155314981937408
f9059f14-29eb-4c4a-9a0d-6d6c6449f0c1,0.1,0.13,0.17706291377544403
f9059f14-29eb-4c4a-9a0d-6d6c6449f0c1,0.1,0.18000000000000002,0.1585996299982071
f9059f14-29eb-4c4a-9a0d-6d6c6449f0c1,0.1,0.23,0.13588425517082214
f9059f14-29eb-4c4a-9a0d-6d6c6449f0c1,0.15000000000000002,0.03,0.1163526251912117
f9059f14-29eb-4c4a-9a0d-6d6c6449f0c1,0.15000000000000002,0.08,0.1376418024301529
f9059f14-29eb-4c4a-9a0d-6d6c6449f0c1,0.15000000000000002,0.13,0.11994125694036484
f9059f14-29eb-4c4a-9a0d-6d6c6449f0c1,0.15000000000000002,0.18000000000000002,0.10102293640375137
f9059f14-29eb-4c4a-9a0d-6d6c6449f0c1,0.15000000000000002,0.23,0.08745106309652328
f9059f14-29eb-4c4a-9a0d-6d6c6449f0c1,0.2,0.03,0.08059170097112656
f9059f14-29eb-4c4a-9a0d-6d6c6449f0c1,0.2,0.08,0.0762571319937706
f9059f14-29eb-4c4a-9a0d-6d6c6449f0c1,0.2,0.13,0.06250717490911484
f9059f14-29eb-4c4a-9a0d-6d6c6449f0c1,0.2,0.18000000000000002,0.060660768300294876
f9059f14-29eb-4c4a-9a0d-6d6c6449f0c1,0.2,0.23,0.06312236189842224
f9059f14-29eb-4c4a-9a0d-6d6c6449f0c1,0.25,0.03,0.05378259718418121
f9059f14-29eb-4c4a-9a0d-6d6c6449f0c1,0.25,0.08,0.06632059812545776
f9059f14-29eb-4c4a-9a0d-6d6c6449f0c1,0.25,0.13,0.05936503782868385
f9059f14-29eb-4c4a-9a0d-6d6c6449f0c1,0.25,0.18000000000000002,0.06469646841287613
f9059f14-29eb-4c4a-9a0d-6d6c6449f0c1,0.25,0.23,0.0654146820306778
f9059f14-29eb-4c4a-9a0d-6d6c6449f0c1,0.30000000000000004,0.03,0.05041994899511337
f9059f14-29eb-4c4a-9a0d-6d6c6449f0c1,0.30000000000000004,0.08,0.05549340695142746
f9059f14-29eb-4c4a-9a0d-6d6c6449f0c1,0.30000000000000004,0.13,0.062413860112428665
f9059f14-29eb-4c4a-9a0d-6d6c6449f0c1,0.30000000000000004,0.18000000000000002,0.06649575382471085
f9059f14-29eb-4c4a-9a0d-6d6c6449f0c1,0.30000000000000004,0.23,0.06454028189182281
f914000f-8b87-4b4f-8123-3bb4e6e2a61e,0.0,0.03,0.08784323185682297
f914000f-8b87-4b4f-8123-3bb4e6e2a61e,0.0,0.08,0.1309964507818222
f914000f-8b87-4b4f-8123-3bb4e6e2a61e,0.0,0.13,0.12923869490623474
f914000f-8b87-4b4f-8123-3bb4e6e2a61e,0.0,0.18000000000000002,0.10618803650140762
f914000f-8b87-4b4f-8123-3bb4e6e2a61e,0.0,0.23,0.08782511204481125
f914000f-8b87-4b4f-8123-3bb4e6e2a61e,0.01,0.03,0.10019879043102264
f914000f-8b87-4b4f-8123-3bb4e6e2a61e,0.01,0.08,0.1502293050289154
f914000f-8b87-4b4f-8123-3bb4e6e2a61e,0.01,0.13,0.1333211362361908
f914000f-8b87-4b4f-8123-3bb4e6e2a61e,0.01,0.18000000000000002,0.10468000918626785
f914000f-8b87-4b4f-8123-3bb4e6e2a61e,0.01,0.23,0.08868492394685745
f914000f-8b87-4b4f-8123-3bb4e6e2a61e,0.02,0.03,0.11314447224140167
f914000f-8b87-4b4f-8123-3bb4e6e2a61e,0.02,0.08,0.15060599148273468
f914000f-8b87-4b4f-8123-3bb4e6e2a61e,0.02,0.13,0.12573175132274628
f914000f-8b87-4b4f-8123-3bb4e6e2a61e,0.02,0.18000000000000002,0.0974261611700058
f914000f-8b87-4b4f-8123-3bb4e6e2a61e,0.02,0.23,0.08687536418437958
f914000f-8b87-4b4f-8123-3bb4e6e2a61e,0.03,0.03,0.12586358189582825
f914000f-8b87-4b4f-8123-3bb4e6e2a61e,0.03,0.08,0.14149805903434753
f914000f-8b87-4b4f-8123-3bb4e6e2a61e,0.03,0.13,0.11584963649511337
f914000f-8b87-4b4f-8123-3bb4e6e2a61e,0.03,0.18000000000000002,0.0905526727437973
f914000f-8b87-4b4f-8123-3bb4e6e2a61e,0.03,0.23,0.08189389109611511
f914000f-8b87-4b4f-8123-3bb4e6e2a61e,0.04,0.03,0.13034042716026306
f914000f-8b87-4b4f-8123-3bb4e6e2a61e,0.04,0.08,0.13582013547420502
f914000f-8b87-4b4f-8123-3bb4e6e2a61e,0.05,0.03,0.1181911900639534
f914000f-8b87-4b4f-8123-3bb4e6e2a61e,0.05,0.08,0.12803997099399567
f914000f-8b87-4b4f-8123-3bb4e6e2a61e,0.05,0.13,0.09986448287963867
f914000f-8b87-4b4f-8123-3bb4e6e2a61e,0.05,0.18000000000000002,0.08477611839771271
f914000f-8b87-4b4f-8123-3bb4e6e2a61e,0.05,0.23,0.08477874100208282
f914000f-8b87-4b4f-8123-3bb4e6e2a61e,0.1,0.03,0.08134374767541885
f914000f-8b87-4b4f-8123-3bb4e6e2a61e,0.1,0.08,0.08568752557039261
f914000f-8b87-4b4f-8123-3bb4e6e2a61e,0.1,0.13,0.07150644063949585
f914000f-8b87-4b4f-8123-3bb4e6e2a61e,0.1,0.18000000000000002,0.07344583421945572
f914000f-8b87-4b4f-8123-3bb4e6e2a61e,0.1,0.23,0.07348663359880447
f914000f-8b87-4b4f-8123-3bb4e6e2a61e,0.15000000000000002,0.03,0.052049264311790466
f914000f-8b87-4b4f-8123-3bb4e6e2a61e,0.15000000000000002,0.08,0.05750111863017082
f914000f-8b87-4b4f-8123-3bb4e6e2a61e,0.15000000000000002,0.13,0.05903928726911545
f914000f-8b87-4b4f-8123-3bb4e6e2a61e,0.15000000000000002,0.18000000000000002,0.062133293598890305
f914000f-8b87-4b4f-8123-3bb4e6e2a61e,0.15000000000000002,0.23,0.06718046218156815
f914000f-8b87-4b4f-8123-3bb4e6e2a61e,0.2,0.03,0.047023165971040726
f914000f-8b87-4b4f-8123-3bb4e6e2a61e,0.2,0.08,0.06115441024303436
f914000f-8b87-4b4f-8123-3bb4e6e2a61e,0.2,0.13,0.061408162117004395
f914000f-8b87-4b4f-8123-3bb4e6e2a61e,0.2,0.18000000000000002,0.06683040410280228
f914000f-8b87-4b4f-8123-3bb4e6e2a61e,0.2,0.23,0.06767237931489944
f914000f-8b87-4b4f-8123-3bb4e6e2a61e,0.25,0.03,0.054637931287288666
f914000f-8b87-4b4f-8123-3bb4e6e2a61e,0.25,0.08,0.05990936979651451
f914000f-8b87-4b4f-8123-3bb4e6e2a61e,0.25,0.13,0.06399568170309067
f914000f-8b87-4b4f-8123-3bb4e6e2a61e,0.25,0.18000000000000002,0.06866691261529922
f914000f-8b87-4b4f-8123-3bb4e6e2a61e,0.25,0.23,0.07050011307001114
f914000f-8b87-4b4f-8123-3bb4e6e2a61e,0.30000000000000004,0.03,0.053285978734493256
f914000f-8b87-4b4f-8123-3bb4e6e2a61e,0.30000000000000004,0.08,0.06497084349393845
f914000f-8b87-4b4f-8123-3bb4e6e2a61e,0.30000000000000004,0.13,0.06883998215198517
f914000f-8b87-4b4f-8123-3bb4e6e2a61e,0.30000000000000004,0.18000000000000002,0.06979070603847504
f914000f-8b87-4b4f-8123-3bb4e6e2a61e,0.30000000000000004,0.23,0.07169432938098907
f9afef26-7dcb-4e1d-a5fb-e61deff30ccd,0.0,0.03,0.05716178938746452
f9afef26-7dcb-4e1d-a5fb-e61deff30ccd,0.0,0.08,0.07238513976335526
f9afef26-7dcb-4e1d-a5fb-e61deff30ccd,0.0,0.13,0.06978936493396759
f9afef26-7dcb-4e1d-a5fb-e61deff30ccd,0.0,0.18000000000000002,0.07616690546274185
f9afef26-7dcb-4e1d-a5fb-e61deff30ccd,0.0,0.23,0.07201515883207321
f9afef26-7dcb-4e1d-a5fb-e61deff30ccd,0.01,0.03,0.04971110075712204
f9afef26-7dcb-4e1d-a5fb-e61deff30ccd,0.01,0.08,0.0599931925535202
f9afef26-7dcb-4e1d-a5fb-e61deff30ccd,0.01,0.13,0.06953462213277817
f9afef26-7dcb-4e1d-a5fb-e61deff30ccd,0.01,0.18000000000000002,0.07663685083389282
f9afef26-7dcb-4e1d-a5fb-e61deff30ccd,0.01,0.23,0.07379554957151413
f9afef26-7dcb-4e1d-a5fb-e61deff30ccd,0.02,0.03,0.05586749687790871
f9afef26-7dcb-4e1d-a5fb-e61deff30ccd,0.02,0.08,0.059280700981616974
f9afef26-7dcb-4e1d-a5fb-e61deff30ccd,0.02,0.13,0.07652057707309723
f9afef26-7dcb-4e1d-a5fb-e61deff30ccd,0.02,0.18000000000000002,0.07652315497398376
f9afef26-7dcb-4e1d-a5fb-e61deff30ccd,0.02,0.23,0.08232955634593964
f9afef26-7dcb-4e1d-a5fb-e61deff30ccd,0.03,0.03,0.04982658103108406
f9afef26-7dcb-4e1d-a5fb-e61deff30ccd,0.03,0.08,0.062374312430620193
f9afef26-7dcb-4e1d-a5fb-e61deff30ccd,0.03,0.13,0.07619103044271469
f9afef26-7dcb-4e1d-a5fb-e61deff30ccd,0.03,0.18000000000000002,0.07676651328802109
f9afef26-7dcb-4e1d-a5fb-e61deff30ccd,0.03,0.23,0.07866911590099335
f9afef26-7dcb-4e1d-a5fb-e61deff30ccd,0.04,0.03,0.046466197818517685
f9afef26-7dcb-4e1d-a5fb-e61deff30ccd,0.04,0.08,0.06615926325321198
f9afef26-7dcb-4e1d-a5fb-e61deff30ccd,0.05,0.03,0.048427075147628784
f9afef26-7dcb-4e1d-a5fb-e61deff30ccd,0.05,0.08,0.062099263072013855
f9afef26-7dcb-4e1d-a5fb-e61deff30ccd,0.05,0.13,0.08108709752559662
f9afef26-7dcb-4e1d-a5fb-e61deff30ccd,0.05,0.18000000000000002,0.07594215869903564
f9afef26-7dcb-4e1d-a5fb-e61deff30ccd,0.05,0.23,0.08308477699756622
f9afef26-7dcb-4e1d-a5fb-e61deff30ccd,0.1,0.03,0.053341127932071686
f9afef26-7dcb-4e1d-a5fb-e61deff30ccd,0.1,0.08,0.08354867994785309
f9afef26-7dcb-4e1d-a5fb-e61deff30ccd,0.1,0.13,0.07444771379232407
f9afef26-7dcb-4e1d-a5fb-e61deff30ccd,0.1,0.18000000000000002,0.08004435896873474
f9afef26-7dcb-4e1d-a5fb-e61deff30ccd,0.1,0.23,0.07871617376804352
f9afef26-7dcb-4e1d-a5fb-e61deff30ccd,0.15000000000000002,0.03,0.04640994966030121
f9afef26-7dcb-4e1d-a5fb-e61deff30ccd,0.15000000000000002,0.08,0.056023918092250824
f9afef26-7dcb-4e1d-a5fb-e61deff30ccd,0.15000000000000002,0.13,0.06389673799276352
f9afef26-7dcb-4e1d-a5fb-e61deff30ccd,0.15000000000000002,0.18000000000000002,0.07269808650016785
f9afef26-7dcb-4e1d-a5fb-e61deff30ccd,0.15000000000000002,0.23,0.0755053386092186
f9afef26-7dcb-4e1d-a5fb-e61deff30ccd,0.2,0.03,0.04554475098848343
f9afef26-7dcb-4e1d-a5fb-e61deff30ccd,0.2,0.08,0.06256739795207977
f9afef26-7dcb-4e1d-a5fb-e61deff30ccd,0.2,0.13,0.07714944332838058
f9afef26-7dcb-4e1d-a5fb-e61deff30ccd,0.2,0.18000000000000002,0.08059609681367874
f9afef26-7dcb-4e1d-a5fb-e61deff30ccd,0.2,0.23,0.07768984138965607
f9afef26-7dcb-4e1d-a5fb-e61deff30ccd,0.25,0.03,0.0598449781537056
f9afef26-7dcb-4e1d-a5fb-e61deff30ccd,0.25,0.08,0.07714062929153442
f9afef26-7dcb-4e1d-a5fb-e61deff30ccd,0.25,0.13,0.07912635058164597
f9afef26-7dcb-4e1d-a5fb-e61deff30ccd,0.25,0.18000000000000002,0.07297740131616592
f9afef26-7dcb-4e1d-a5fb-e61deff30ccd,0.25,0.23,0.07464902102947235
f9afef26-7dcb-4e1d-a5fb-e61deff30ccd,0.30000000000000004,0.03,0.04756782203912735
f9afef26-7dcb-4e1d-a5fb-e61deff30ccd,0.30000000000000004,0.08,0.06298214942216873
f9afef26-7dcb-4e1d-a5fb-e61deff30ccd,0.30000000000000004,0.13,0.06446991115808487
f9afef26-7dcb-4e1d-a5fb-e61deff30ccd,0.30000000000000004,0.18000000000000002,0.06476859748363495
f9afef26-7dcb-4e1d-a5fb-e61deff30ccd,0.30000000000000004,0.23,0.06856535375118256
f9bfc775-a597-4eb7-92b9-b8363abff7aa,0.0,0.03,0.061352431774139404
f9bfc775-a597-4eb7-92b9-b8363abff7aa,0.0,0.08,0.06386221945285797
f9bfc775-a597-4eb7-92b9-b8363abff7aa,0.0,0.13,0.059179604053497314
f9bfc775-a597-4eb7-92b9-b8363abff7aa,0.0,0.18000000000000002,0.06981649249792099
f9bfc775-a597-4eb7-92b9-b8363abff7aa,0.0,0.23,0.07452153414487839
f9bfc775-a597-4eb7-92b9-b8363abff7aa,0.01,0.03,0.0468953438103199
f9bfc775-a597-4eb7-92b9-b8363abff7aa,0.01,0.08,0.06085716187953949
f9bfc775-a597-4eb7-92b9-b8363abff7aa,0.01,0.13,0.06320929527282715
f9bfc775-a597-4eb7-92b9-b8363abff7aa,0.01,0.18000000000000002,0.06772208958864212
f9bfc775-a597-4eb7-92b9-b8363abff7aa,0.01,0.23,0.06963267922401428
f9bfc775-a597-4eb7-92b9-b8363abff7aa,0.02,0.03,0.0479864776134491
f9bfc775-a597-4eb7-92b9-b8363abff7aa,0.02,0.08,0.05896931514143944
f9bfc775-a597-4eb7-92b9-b8363abff7aa,0.02,0.13,0.062097955495119095
f9bfc775-a597-4eb7-92b9-b8363abff7aa,0.02,0.18000000000000002,0.07322274893522263
f9bfc775-a597-4eb7-92b9-b8363abff7aa,0.02,0.23,0.06988202035427094
f9bfc775-a597-4eb7-92b9-b8363abff7aa,0.03,0.03,0.050789155066013336
f9bfc775-a597-4eb7-92b9-b8363abff7aa,0.03,0.08,0.057556550949811935
f9bfc775-a597-4eb7-92b9-b8363abff7aa,0.03,0.13,0.06937847286462784
f9bfc775-a597-4eb7-92b9-b8363abff7aa,0.03,0.18000000000000002,0.07136451452970505
f9bfc775-a597-4eb7-92b9-b8363abff7aa,0.03,0.23,0.06952477991580963
f9bfc775-a597-4eb7-92b9-b8363abff7aa,0.04,0.03,0.04833757132291794
f9bfc775-a597-4eb7-92b9-b8363abff7aa,0.04,0.08,0.05843878164887428
f9bfc775-a597-4eb7-92b9-b8363abff7aa,0.05,0.03,0.048930082470178604
f9bfc775-a597-4eb7-92b9-b8363abff7aa,0.05,0.08,0.06385120004415512
f9bfc775-a597-4eb7-92b9-b8363abff7aa,0.05,0.13,0.07424113154411316
f9bfc775-a597-4eb7-92b9-b8363abff7aa,0.05,0.18000000000000002,0.07167857885360718
f9bfc775-a597-4eb7-92b9-b8363abff7aa,0.05,0.23,0.07437915354967117
f9bfc775-a597-4eb7-92b9-b8363abff7aa,0.1,0.03,0.05531182512640953
f9bfc775-a597-4eb7-92b9-b8363abff7aa,0.1,0.08,0.06483975797891617
f9bfc775-a597-4eb7-92b9-b8363abff7aa,0.1,0.13,0.06308496743440628
f9bfc775-a597-4eb7-92b9-b8363abff7aa,0.1,0.18000000000000002,0.07289308309555054
f9bfc775-a597-4eb7-92b9-b8363abff7aa,0.1,0.23,0.07445473223924637
f9bfc775-a597-4eb7-92b9-b8363abff7aa,0.15000000000000002,0.03,0.06454060971736908
f9bfc775-a597-4eb7-92b9-b8363abff7aa,0.15000000000000002,0.08,0.05891377851366997
f9bfc775-a597-4eb7-92b9-b8363abff7aa,0.15000000000000002,0.13,0.07330376654863358
f9bfc775-a597-4eb7-92b9-b8363abff7aa,0.15000000000000002,0.18000000000000002,0.07210298627614975
f9bfc775-a597-4eb7-92b9-b8363abff7aa,0.15000000000000002,0.23,0.08052215725183487
f9bfc775-a597-4eb7-92b9-b8363abff7aa,0.2,0.03,0.05085758864879608
f9bfc775-a597-4eb7-92b9-b8363abff7aa,0.2,0.08,0.06928694993257523
f9bfc775-a597-4eb7-92b9-b8363abff7aa,0.2,0.13,0.06663921475410461
f9bfc775-a597-4eb7-92b9-b8363abff7aa,0.2,0.18000000000000002,0.07570821791887283
f9bfc775-a597-4eb7-92b9-b8363abff7aa,0.2,0.23,0.07728161662817001
f9bfc775-a597-4eb7-92b9-b8363abff7aa,0.25,0.03,0.052256789058446884
f9bfc775-a597-4eb7-92b9-b8363abff7aa,0.25,0.08,0.06782256066799164
f9bfc775-a597-4eb7-92b9-b8363abff7aa,0.25,0.13,0.07815226167440414
f9bfc775-a597-4eb7-92b9-b8363abff7aa,0.25,0.18000000000000002,0.08575715869665146
f9bfc775-a597-4eb7-92b9-b8363abff7aa,0.25,0.23,0.09214142709970474
f9bfc775-a597-4eb7-92b9-b8363abff7aa,0.30000000000000004,0.03,0.05929398536682129
f9bfc775-a597-4eb7-92b9-b8363abff7aa,0.30000000000000004,0.08,0.06577564030885696
f9bfc775-a597-4eb7-92b9-b8363abff7aa,0.30000000000000004,0.13,0.07784654200077057
f9bfc775-a597-4eb7-92b9-b8363abff7aa,0.30000000000000004,0.18000000000000002,0.08561346679925919
f9bfc775-a597-4eb7-92b9-b8363abff7aa,0.30000000000000004,0.23,0.08704843372106552
f9e8549a-6de2-4d6d-baa5-6e1172e47dc7,0.0,0.03,0.05413518846035004
f9e8549a-6de2-4d6d-baa5-6e1172e47dc7,0.0,0.08,0.06399141997098923
f9e8549a-6de2-4d6d-baa5-6e1172e47dc7,0.0,0.13,0.06962526589632034
f9e8549a-6de2-4d6d-baa5-6e1172e47dc7,0.0,0.18000000000000002,0.06676217913627625
f9e8549a-6de2-4d6d-baa5-6e1172e47dc7,0.0,0.23,0.06886870414018631
f9e8549a-6de2-4d6d-baa5-6e1172e47dc7,0.01,0.03,0.054731883108615875
f9e8549a-6de2-4d6d-baa5-6e1172e47dc7,0.01,0.08,0.05806881561875343
f9e8549a-6de2-4d6d-baa5-6e1172e47dc7,0.01,0.13,0.0679052472114563
f9e8549a-6de2-4d6d-baa5-6e1172e47dc7,0.01,0.18000000000000002,0.06851216405630112
f9e8549a-6de2-4d6d-baa5-6e1172e47dc7,0.01,0.23,0.0679561197757721
f9e8549a-6de2-4d6d-baa5-6e1172e47dc7,0.02,0.03,0.046452660113573074
f9e8549a-6de2-4d6d-baa5-6e1172e47dc7,0.02,0.08,0.062102291733026505
f9e8549a-6de2-4d6d-baa5-6e1172e47dc7,0.02,0.13,0.0641135573387146
f9e8549a-6de2-4d6d-baa5-6e1172e47dc7,0.02,0.18000000000000002,0.06811294704675674
f9e8549a-6de2-4d6d-baa5-6e1172e47dc7,0.02,0.23,0.06626521795988083
f9e8549a-6de2-4d6d-baa5-6e1172e47dc7,0.03,0.03,0.052788373082876205
f9e8549a-6de2-4d6d-baa5-6e1172e47dc7,0.03,0.08,0.05969637632369995
f9e8549a-6de2-4d6d-baa5-6e1172e47dc7,0.03,0.13,0.06119287759065628
f9e8549a-6de2-4d6d-baa5-6e1172e47dc7,0.03,0.18000000000000002,0.06519205868244171
f9e8549a-6de2-4d6d-baa5-6e1172e47dc7,0.03,0.23,0.06346235424280167
f9e8549a-6de2-4d6d-baa5-6e1172e47dc7,0.04,0.03,0.04588303714990616
f9e8549a-6de2-4d6d-baa5-6e1172e47dc7,0.04,0.08,0.058741338551044464
f9e8549a-6de2-4d6d-baa5-6e1172e47dc7,0.05,0.03,0.04694623872637749
f9e8549a-6de2-4d6d-baa5-6e1172e47dc7,0.05,0.08,0.05472015589475632
f9e8549a-6de2-4d6d-baa5-6e1172e47dc7,0.05,0.13,0.06165500730276108
f9e8549a-6de2-4d6d-baa5-6e1172e47dc7,0.05,0.18000000000000002,0.06460566818714142
f9e8549a-6de2-4d6d-baa5-6e1172e47dc7,0.05,0.23,0.06349390000104904
f9e8549a-6de2-4d6d-baa5-6e1172e47dc7,0.1,0.03,0.05145682394504547
f9e8549a-6de2-4d6d-baa5-6e1172e47dc7,0.1,0.08,0.06997774541378021
f9e8549a-6de2-4d6d-baa5-6e1172e47dc7,0.1,0.13,0.07034535706043243
f9e8549a-6de2-4d6d-baa5-6e1172e47dc7,0.1,0.18000000000000002,0.06548192352056503
f9e8549a-6de2-4d6d-baa5-6e1172e47dc7,0.1,0.23,0.06424964219331741
f9e8549a-6de2-4d6d-baa5-6e1172e47dc7,0.15000000000000002,0.03,0.04396443068981171
f9e8549a-6de2-4d6d-baa5-6e1172e47dc7,0.15000000000000002,0.08,0.06330732256174088
f9e8549a-6de2-4d6d-baa5-6e1172e47dc7,0.15000000000000002,0.13,0.06581413000822067
f9e8549a-6de2-4d6d-baa5-6e1172e47dc7,0.15000000000000002,0.18000000000000002,0.06304684281349182
f9e8549a-6de2-4d6d-baa5-6e1172e47dc7,0.15000000000000002,0.23,0.06090398505330086
f9e8549a-6de2-4d6d-baa5-6e1172e47dc7,0.2,0.03,0.0482797771692276
f9e8549a-6de2-4d6d-baa5-6e1172e47dc7,0.2,0.08,0.06198902800679207
f9e8549a-6de2-4d6d-baa5-6e1172e47dc7,0.2,0.13,0.058148615062236786
f9e8549a-6de2-4d6d-baa5-6e1172e47dc7,0.2,0.18000000000000002,0.06411635130643845
f9e8549a-6de2-4d6d-baa5-6e1172e47dc7,0.2,0.23,0.05665135383605957
f9e8549a-6de2-4d6d-baa5-6e1172e47dc7,0.25,0.03,0.046602264046669006
f9e8549a-6de2-4d6d-baa5-6e1172e47dc7,0.25,0.08,0.053533248603343964
f9e8549a-6de2-4d6d-baa5-6e1172e47dc7,0.25,0.13,0.06492214649915695
f9e8549a-6de2-4d6d-baa5-6e1172e47dc7,0.25,0.18000000000000002,0.060061827301979065
f9e8549a-6de2-4d6d-baa5-6e1172e47dc7,0.25,0.23,0.06503965705633163
f9e8549a-6de2-4d6d-baa5-6e1172e47dc7,0.30000000000000004,0.03,0.04946337267756462
f9e8549a-6de2-4d6d-baa5-6e1172e47dc7,0.30000000000000004,0.08,0.06202642247080803
f9e8549a-6de2-4d6d-baa5-6e1172e47dc7,0.30000000000000004,0.13,0.06591767072677612
f9e8549a-6de2-4d6d-baa5-6e1172e47dc7,0.30000000000000004,0.18000000000000002,0.06924226135015488
f9e8549a-6de2-4d6d-baa5-6e1172e47dc7,0.30000000000000004,0.23,0.061395060271024704
f9ea95b7-08cb-4e97-be2c-33569c81fa60,0.0,0.03,0.047448303550481796
f9ea95b7-08cb-4e97-be2c-33569c81fa60,0.0,0.08,0.06325071305036545
f9ea95b7-08cb-4e97-be2c-33569c81fa60,0.0,0.13,0.07054950296878815
f9ea95b7-08cb-4e97-be2c-33569c81fa60,0.0,0.18000000000000002,0.0796421468257904
f9ea95b7-08cb-4e97-be2c-33569c81fa60,0.0,0.23,0.08393408358097076
f9ea95b7-08cb-4e97-be2c-33569c81fa60,0.01,0.03,0.05346556752920151
f9ea95b7-08cb-4e97-be2c-33569c81fa60,0.01,0.08,0.06662578135728836
f9ea95b7-08cb-4e97-be2c-33569c81fa60,0.01,0.13,0.07253074645996094
f9ea95b7-08cb-4e97-be2c-33569c81fa60,0.01,0.18000000000000002,0.08176888525485992
f9ea95b7-08cb-4e97-be2c-33569c81fa60,0.01,0.23,0.08302637189626694
f9ea95b7-08cb-4e97-be2c-33569c81fa60,0.02,0.03,0.05539194494485855
f9ea95b7-08cb-4e97-be2c-33569c81fa60,0.02,0.08,0.07002466171979904
f9ea95b7-08cb-4e97-be2c-33569c81fa60,0.02,0.13,0.07694350183010101
f9ea95b7-08cb-4e97-be2c-33569c81fa60,0.02,0.18000000000000002,0.08132978528738022
f9ea95b7-08cb-4e97-be2c-33569c81fa60,0.02,0.23,0.08159245550632477
f9ea95b7-08cb-4e97-be2c-33569c81fa60,0.03,0.03,0.04868415743112564
f9ea95b7-08cb-4e97-be2c-33569c81fa60,0.03,0.08,0.06691360473632812
f9ea95b7-08cb-4e97-be2c-33569c81fa60,0.03,0.13,0.07513438165187836
f9ea95b7-08cb-4e97-be2c-33569c81fa60,0.03,0.18000000000000002,0.08216968923807144
f9ea95b7-08cb-4e97-be2c-33569c81fa60,0.03,0.23,0.07596592605113983
f9ea95b7-08cb-4e97-be2c-33569c81fa60,0.04,0.03,0.04853784665465355
f9ea95b7-08cb-4e97-be2c-33569c81fa60,0.04,0.08,0.06741726398468018
f9ea95b7-08cb-4e97-be2c-33569c81fa60,0.05,0.03,0.05911945551633835
f9ea95b7-08cb-4e97-be2c-33569c81fa60,0.05,0.08,0.06645011156797409
f9ea95b7-08cb-4e97-be2c-33569c81fa60,0.05,0.13,0.07477778941392899
f9ea95b7-08cb-4e97-be2c-33569c81fa60,0.05,0.18000000000000002,0.07958939671516418
f9ea95b7-08cb-4e97-be2c-33569c81fa60,0.05,0.23,0.07134489715099335
f9ea95b7-08cb-4e97-be2c-33569c81fa60,0.1,0.03,0.048743173480033875
f9ea95b7-08cb-4e97-be2c-33569c81fa60,0.1,0.08,0.06362500041723251
f9ea95b7-08cb-4e97-be2c-33569c81fa60,0.1,0.13,0.06732044368982315
f9ea95b7-08cb-4e97-be2c-33569c81fa60,0.1,0.18000000000000002,0.07305096089839935
f9ea95b7-08cb-4e97-be2c-33569c81fa60,0.1,0.23,0.06793171912431717
f9ea95b7-08cb-4e97-be2c-33569c81fa60,0.15000000000000002,0.03,0.04790360853075981
f9ea95b7-08cb-4e97-be2c-33569c81fa60,0.15000000000000002,0.08,0.06347402930259705
f9ea95b7-08cb-4e97-be2c-33569c81fa60,0.15000000000000002,0.13,0.06870616227388382
f9ea95b7-08cb-4e97-be2c-33569c81fa60,0.15000000000000002,0.18000000000000002,0.06884845346212387
f9ea95b7-08cb-4e97-be2c-33569c81fa60,0.15000000000000002,0.23,0.06957907974720001
f9ea95b7-08cb-4e97-be2c-33569c81fa60,0.2,0.03,0.04808783531188965
f9ea95b7-08cb-4e97-be2c-33569c81fa60,0.2,0.08,0.057950202375650406
f9ea95b7-08cb-4e97-be2c-33569c81fa60,0.2,0.13,0.06837066262960434
f9ea95b7-08cb-4e97-be2c-33569c81fa60,0.2,0.18000000000000002,0.07419205456972122
f9ea95b7-08cb-4e97-be2c-33569c81fa60,0.2,0.23,0.07684887200593948
f9ea95b7-08cb-4e97-be2c-33569c81fa60,0.25,0.03,0.048816923052072525
f9ea95b7-08cb-4e97-be2c-33569c81fa60,0.25,0.08,0.06690233200788498
f9ea95b7-08cb-4e97-be2c-33569c81fa60,0.25,0.13,0.07355699688196182
f9ea95b7-08cb-4e97-be2c-33569c81fa60,0.25,0.18000000000000002,0.07806586474180222
f9ea95b7-08cb-4e97-be2c-33569c81fa60,0.25,0.23,0.0733656957745552
f9ea95b7-08cb-4e97-be2c-33569c81fa60,0.30000000000000004,0.03,0.06429704278707504
f9ea95b7-08cb-4e97-be2c-33569c81fa60,0.30000000000000004,0.08,0.06707902252674103
f9ea95b7-08cb-4e97-be2c-33569c81fa60,0.30000000000000004,0.13,0.0767267569899559
f9ea95b7-08cb-4e97-be2c-33569c81fa60,0.30000000000000004,0.18000000000000002,0.06601379811763763
f9ea95b7-08cb-4e97-be2c-33569c81fa60,0.30000000000000004,0.23,0.07132397592067719
f9fe8706-c9ac-4df1-86c7-3f786b3543e4,0.0,0.03,0.048321742564439774
f9fe8706-c9ac-4df1-86c7-3f786b3543e4,0.0,0.08,0.06800177693367004
f9fe8706-c9ac-4df1-86c7-3f786b3543e4,0.0,0.13,0.07589615136384964
f9fe8706-c9ac-4df1-86c7-3f786b3543e4,0.0,0.18000000000000002,0.07942026108503342
f9fe8706-c9ac-4df1-86c7-3f786b3543e4,0.0,0.23,0.08111952245235443
f9fe8706-c9ac-4df1-86c7-3f786b3543e4,0.01,0.03,0.044828739017248154
f9fe8706-c9ac-4df1-86c7-3f786b3543e4,0.01,0.08,0.06835871934890747
f9fe8706-c9ac-4df1-86c7-3f786b3543e4,0.01,0.13,0.08225338160991669
f9fe8706-c9ac-4df1-86c7-3f786b3543e4,0.01,0.18000000000000002,0.07883171737194061
f9fe8706-c9ac-4df1-86c7-3f786b3543e4,0.01,0.23,0.07608635723590851
f9fe8706-c9ac-4df1-86c7-3f786b3543e4,0.02,0.03,0.045560915023088455
f9fe8706-c9ac-4df1-86c7-3f786b3543e4,0.02,0.08,0.07264558225870132
f9fe8706-c9ac-4df1-86c7-3f786b3543e4,0.02,0.13,0.08033563941717148
f9fe8706-c9ac-4df1-86c7-3f786b3543e4,0.02,0.18000000000000002,0.07585561275482178
f9fe8706-c9ac-4df1-86c7-3f786b3543e4,0.02,0.23,0.07202378660440445
f9fe8706-c9ac-4df1-86c7-3f786b3543e4,0.03,0.03,0.0453939288854599
f9fe8706-c9ac-4df1-86c7-3f786b3543e4,0.03,0.08,0.07273697108030319
f9fe8706-c9ac-4df1-86c7-3f786b3543e4,0.03,0.13,0.08184646815061569
f9fe8706-c9ac-4df1-86c7-3f786b3543e4,0.03,0.18000000000000002,0.07500186562538147
f9fe8706-c9ac-4df1-86c7-3f786b3543e4,0.03,0.23,0.07131262123584747
f9fe8706-c9ac-4df1-86c7-3f786b3543e4,0.04,0.03,0.04883202910423279
f9fe8706-c9ac-4df1-86c7-3f786b3543e4,0.04,0.08,0.07863748073577881
f9fe8706-c9ac-4df1-86c7-3f786b3543e4,0.05,0.03,0.05485501140356064
f9fe8706-c9ac-4df1-86c7-3f786b3543e4,0.05,0.08,0.07733525335788727
f9fe8706-c9ac-4df1-86c7-3f786b3543e4,0.05,0.13,0.07842855155467987
f9fe8706-c9ac-4df1-86c7-3f786b3543e4,0.05,0.18000000000000002,0.06504559516906738
f9fe8706-c9ac-4df1-86c7-3f786b3543e4,0.05,0.23,0.07646360993385315
f9fe8706-c9ac-4df1-86c7-3f786b3543e4,0.1,0.03,0.04997500777244568
f9fe8706-c9ac-4df1-86c7-3f786b3543e4,0.1,0.08,0.07243403792381287
f9fe8706-c9ac-4df1-86c7-3f786b3543e4,0.1,0.13,0.06681467592716217
f9fe8706-c9ac-4df1-86c7-3f786b3543e4,0.1,0.18000000000000002,0.07893728464841843
f9fe8706-c9ac-4df1-86c7-3f786b3543e4,0.1,0.23,0.08521799743175507
f9fe8706-c9ac-4df1-86c7-3f786b3543e4,0.15000000000000002,0.03,0.04707741737365723
f9fe8706-c9ac-4df1-86c7-3f786b3543e4,0.15000000000000002,0.08,0.05371659994125366
f9fe8706-c9ac-4df1-86c7-3f786b3543e4,0.15000000000000002,0.13,0.06720032542943954
f9fe8706-c9ac-4df1-86c7-3f786b3543e4,0.15000000000000002,0.18000000000000002,0.07954894751310349
f9fe8706-c9ac-4df1-86c7-3f786b3543e4,0.15000000000000002,0.23,0.09278365969657898
f9fe8706-c9ac-4df1-86c7-3f786b3543e4,0.2,0.03,0.048294153064489365
f9fe8706-c9ac-4df1-86c7-3f786b3543e4,0.2,0.08,0.06083417311310768
f9fe8706-c9ac-4df1-86c7-3f786b3543e4,0.2,0.13,0.07387600839138031
f9fe8706-c9ac-4df1-86c7-3f786b3543e4,0.2,0.18000000000000002,0.08981970697641373
f9fe8706-c9ac-4df1-86c7-3f786b3543e4,0.2,0.23,0.08633750677108765
f9fe8706-c9ac-4df1-86c7-3f786b3543e4,0.25,0.03,0.04959055408835411
f9fe8706-c9ac-4df1-86c7-3f786b3543e4,0.25,0.08,0.0640723705291748
f9fe8706-c9ac-4df1-86c7-3f786b3543e4,0.25,0.13,0.08338581770658493
f9fe8706-c9ac-4df1-86c7-3f786b3543e4,0.25,0.18000000000000002,0.07863350212574005
f9fe8706-c9ac-4df1-86c7-3f786b3543e4,0.25,0.23,0.08885638415813446
f9fe8706-c9ac-4df1-86c7-3f786b3543e4,0.30000000000000004,0.03,0.05046772211790085
f9fe8706-c9ac-4df1-86c7-3f786b3543e4,0.30000000000000004,0.08,0.073602594435215
f9fe8706-c9ac-4df1-86c7-3f786b3543e4,0.30000000000000004,0.13,0.0726298987865448
f9fe8706-c9ac-4df1-86c7-3f786b3543e4,0.30000000000000004,0.18000000000000002,0.07822675257921219
f9fe8706-c9ac-4df1-86c7-3f786b3543e4,0.30000000000000004,0.23,0.0788741335272789
fa1ac08d-52ac-4c71-a2e2-871b80d5d44d,0.0,0.03,0.138457253575325
fa1ac08d-52ac-4c71-a2e2-871b80d5d44d,0.0,0.08,0.16705040633678436
fa1ac08d-52ac-4c71-a2e2-871b80d5d44d,0.0,0.13,0.13604509830474854
fa1ac08d-52ac-4c71-a2e2-871b80d5d44d,0.0,0.18000000000000002,0.09182562679052353
fa1ac08d-52ac-4c71-a2e2-871b80d5d44d,0.0,0.23,0.08320555090904236
fa1ac08d-52ac-4c71-a2e2-871b80d5d44d,0.01,0.03,0.12496515363454819
fa1ac08d-52ac-4c71-a2e2-871b80d5d44d,0.01,0.08,0.13310277462005615
fa1ac08d-52ac-4c71-a2e2-871b80d5d44d,0.01,0.13,0.11123499274253845
fa1ac08d-52ac-4c71-a2e2-871b80d5d44d,0.01,0.18000000000000002,0.0881732627749443
fa1ac08d-52ac-4c71-a2e2-871b80d5d44d,0.01,0.23,0.08225517719984055
fa1ac08d-52ac-4c71-a2e2-871b80d5d44d,0.02,0.03,0.12580087780952454
fa1ac08d-52ac-4c71-a2e2-871b80d5d44d,0.02,0.08,0.1285521239042282
fa1ac08d-52ac-4c71-a2e2-871b80d5d44d,0.02,0.13,0.10324810445308685
fa1ac08d-52ac-4c71-a2e2-871b80d5d44d,0.02,0.18000000000000002,0.08435296267271042
fa1ac08d-52ac-4c71-a2e2-871b80d5d44d,0.02,0.23,0.08110690116882324
fa1ac08d-52ac-4c71-a2e2-871b80d5d44d,0.03,0.03,0.13229338824748993
fa1ac08d-52ac-4c71-a2e2-871b80d5d44d,0.03,0.08,0.12367989867925644
fa1ac08d-52ac-4c71-a2e2-871b80d5d44d,0.03,0.13,0.09879113733768463
fa1ac08d-52ac-4c71-a2e2-871b80d5d44d,0.03,0.18000000000000002,0.08008573949337006
fa1ac08d-52ac-4c71-a2e2-871b80d5d44d,0.03,0.23,0.0803978368639946
fa1ac08d-52ac-4c71-a2e2-871b80d5d44d,0.04,0.03,0.1265864372253418
fa1ac08d-52ac-4c71-a2e2-871b80d5d44d,0.04,0.08,0.1201958954334259
fa1ac08d-52ac-4c71-a2e2-871b80d5d44d,0.05,0.03,0.11687175929546356
fa1ac08d-52ac-4c71-a2e2-871b80d5d44d,0.05,0.08,0.11407998204231262
fa1ac08d-52ac-4c71-a2e2-871b80d5d44d,0.05,0.13,0.07907065749168396
fa1ac08d-52ac-4c71-a2e2-871b80d5d44d,0.05,0.18000000000000002,0.08119159191846848
fa1ac08d-52ac-4c71-a2e2-871b80d5d44d,0.05,0.23,0.07826127111911774
fa1ac08d-52ac-4c71-a2e2-871b80d5d44d,0.1,0.03,0.07276206463575363
fa1ac08d-52ac-4c71-a2e2-871b80d5d44d,0.1,0.08,0.07413800805807114
fa1ac08d-52ac-4c71-a2e2-871b80d5d44d,0.1,0.13,0.07440295815467834
fa1ac08d-52ac-4c71-a2e2-871b80d5d44d,0.1,0.18000000000000002,0.07256508618593216
fa1ac08d-52ac-4c71-a2e2-871b80d5d44d,0.1,0.23,0.06975404173135757
fa1ac08d-52ac-4c71-a2e2-871b80d5d44d,0.15000000000000002,0.03,0.06628642976284027
fa1ac08d-52ac-4c71-a2e2-871b80d5d44d,0.15000000000000002,0.08,0.07057521492242813
fa1ac08d-52ac-4c71-a2e2-871b80d5d44d,0.15000000000000002,0.13,0.06896265596151352
fa1ac08d-52ac-4c71-a2e2-871b80d5d44d,0.15000000000000002,0.18000000000000002,0.06794022023677826
fa1ac08d-52ac-4c71-a2e2-871b80d5d44d,0.15000000000000002,0.23,0.06972837448120117
fa1ac08d-52ac-4c71-a2e2-871b80d5d44d,0.2,0.03,0.058470968157052994
fa1ac08d-52ac-4c71-a2e2-871b80d5d44d,0.2,0.08,0.06755512952804565
fa1ac08d-52ac-4c71-a2e2-871b80d5d44d,0.2,0.13,0.06329827755689621
fa1ac08d-52ac-4c71-a2e2-871b80d5d44d,0.2,0.18000000000000002,0.0690932422876358
fa1ac08d-52ac-4c71-a2e2-871b80d5d44d,0.2,0.23,0.07057944685220718
fa1ac08d-52ac-4c71-a2e2-871b80d5d44d,0.25,0.03,0.05557374283671379
fa1ac08d-52ac-4c71-a2e2-871b80d5d44d,0.25,0.08,0.059564683586359024
fa1ac08d-52ac-4c71-a2e2-871b80d5d44d,0.25,0.13,0.06651091575622559
fa1ac08d-52ac-4c71-a2e2-871b80d5d44d,0.25,0.18000000000000002,0.06708050519227982
fa1ac08d-52ac-4c71-a2e2-871b80d5d44d,0.25,0.23,0.07139121741056442
fa1ac08d-52ac-4c71-a2e2-871b80d5d44d,0.30000000000000004,0.03,0.05711520463228226
fa1ac08d-52ac-4c71-a2e2-871b80d5d44d,0.30000000000000004,0.08,0.062383294105529785
fa1ac08d-52ac-4c71-a2e2-871b80d5d44d,0.30000000000000004,0.13,0.06277623027563095
fa1ac08d-52ac-4c71-a2e2-871b80d5d44d,0.30000000000000004,0.18000000000000002,0.07294538617134094
fa1ac08d-52ac-4c71-a2e2-871b80d5d44d,0.30000000000000004,0.23,0.07803069800138474
fa69bbcf-f4c6-42d6-af36-216ded1fa0d8,0.0,0.03,0.10136068612337112
fa69bbcf-f4c6-42d6-af36-216ded1fa0d8,0.0,0.08,0.14640066027641296
fa69bbcf-f4c6-42d6-af36-216ded1fa0d8,0.0,0.13,0.14548933506011963
fa69bbcf-f4c6-42d6-af36-216ded1fa0d8,0.0,0.18000000000000002,0.1443016678094864
fa69bbcf-f4c6-42d6-af36-216ded1fa0d8,0.0,0.23,0.1408671885728836
fa69bbcf-f4c6-42d6-af36-216ded1fa0d8,0.01,0.03,0.0837571993470192
fa69bbcf-f4c6-42d6-af36-216ded1fa0d8,0.01,0.08,0.11038677394390106
fa69bbcf-f4c6-42d6-af36-216ded1fa0d8,0.01,0.13,0.10844890773296356
fa69bbcf-f4c6-42d6-af36-216ded1fa0d8,0.01,0.18000000000000002,0.11203434318304062
fa69bbcf-f4c6-42d6-af36-216ded1fa0d8,0.01,0.23,0.10570764541625977
fa69bbcf-f4c6-42d6-af36-216ded1fa0d8,0.02,0.03,0.09443997591733932
fa69bbcf-f4c6-42d6-af36-216ded1fa0d8,0.02,0.08,0.1073051393032074
fa69bbcf-f4c6-42d6-af36-216ded1fa0d8,0.02,0.13,0.11168816685676575
fa69bbcf-f4c6-42d6-af36-216ded1fa0d8,0.02,0.18000000000000002,0.10886839777231216
fa69bbcf-f4c6-42d6-af36-216ded1fa0d8,0.02,0.23,0.10341853648424149
fa69bbcf-f4c6-42d6-af36-216ded1fa0d8,0.03,0.03,0.0949726477265358
fa69bbcf-f4c6-42d6-af36-216ded1fa0d8,0.03,0.08,0.10346221923828125
fa69bbcf-f4c6-42d6-af36-216ded1fa0d8,0.03,0.13,0.11124670505523682
fa69bbcf-f4c6-42d6-af36-216ded1fa0d8,0.03,0.18000000000000002,0.10384368896484375
fa69bbcf-f4c6-42d6-af36-216ded1fa0d8,0.03,0.23,0.09871945530176163
fa69bbcf-f4c6-42d6-af36-216ded1fa0d8,0.04,0.03,0.08736492693424225
fa69bbcf-f4c6-42d6-af36-216ded1fa0d8,0.04,0.08,0.10003383457660675
fa69bbcf-f4c6-42d6-af36-216ded1fa0d8,0.05,0.03,0.08864685148000717
fa69bbcf-f4c6-42d6-af36-216ded1fa0d8,0.05,0.08,0.1067812591791153
fa69bbcf-f4c6-42d6-af36-216ded1fa0d8,0.05,0.13,0.11462318897247314
fa69bbcf-f4c6-42d6-af36-216ded1fa0d8,0.05,0.18000000000000002,0.1136414036154747
fa69bbcf-f4c6-42d6-af36-216ded1fa0d8,0.05,0.23,0.10817775130271912
fa69bbcf-f4c6-42d6-af36-216ded1fa0d8,0.1,0.03,0.06681730598211288
fa69bbcf-f4c6-42d6-af36-216ded1fa0d8,0.1,0.08,0.09162560850381851
fa69bbcf-f4c6-42d6-af36-216ded1fa0d8,0.1,0.13,0.0913800522685051
fa69bbcf-f4c6-42d6-af36-216ded1fa0d8,0.1,0.18000000000000002,0.08546537160873413
fa69bbcf-f4c6-42d6-af36-216ded1fa0d8,0.1,0.23,0.08028863370418549
fa69bbcf-f4c6-42d6-af36-216ded1fa0d8,0.15000000000000002,0.03,0.062473926693201065
fa69bbcf-f4c6-42d6-af36-216ded1fa0d8,0.15000000000000002,0.08,0.06901835650205612
fa69bbcf-f4c6-42d6-af36-216ded1fa0d8,0.15000000000000002,0.13,0.0790993943810463
fa69bbcf-f4c6-42d6-af36-216ded1fa0d8,0.15000000000000002,0.18000000000000002,0.08171785622835159
fa69bbcf-f4c6-42d6-af36-216ded1fa0d8,0.15000000000000002,0.23,0.07743373513221741
fa69bbcf-f4c6-42d6-af36-216ded1fa0d8,0.2,0.03,0.06017429754137993
fa69bbcf-f4c6-42d6-af36-216ded1fa0d8,0.2,0.08,0.07437004148960114
fa69bbcf-f4c6-42d6-af36-216ded1fa0d8,0.2,0.13,0.07586881518363953
fa69bbcf-f4c6-42d6-af36-216ded1fa0d8,0.2,0.18000000000000002,0.07069346308708191
fa69bbcf-f4c6-42d6-af36-216ded1fa0d8,0.2,0.23,0.06340576708316803
fa69bbcf-f4c6-42d6-af36-216ded1fa0d8,0.25,0.03,0.05992719158530235
fa69bbcf-f4c6-42d6-af36-216ded1fa0d8,0.25,0.08,0.06462683528661728
fa69bbcf-f4c6-42d6-af36-216ded1fa0d8,0.25,0.13,0.059867013245821
fa69bbcf-f4c6-42d6-af36-216ded1fa0d8,0.25,0.18000000000000002,0.058184560388326645
fa69bbcf-f4c6-42d6-af36-216ded1fa0d8,0.25,0.23,0.060810189694166183
fa69bbcf-f4c6-42d6-af36-216ded1fa0d8,0.30000000000000004,0.03,0.05402368679642677
fa69bbcf-f4c6-42d6-af36-216ded1fa0d8,0.30000000000000004,0.08,0.06300579011440277
fa69bbcf-f4c6-42d6-af36-216ded1fa0d8,0.30000000000000004,0.13,0.06853776425123215
fa69bbcf-f4c6-42d6-af36-216ded1fa0d8,0.30000000000000004,0.18000000000000002,0.06603706628084183
fa69bbcf-f4c6-42d6-af36-216ded1fa0d8,0.30000000000000004,0.23,0.06211519613862038
fab60a95-5ba3-496b-b28a-5064ac9045a0,0.0,0.03,0.053295522928237915
fab60a95-5ba3-496b-b28a-5064ac9045a0,0.0,0.08,0.07680006325244904
fab60a95-5ba3-496b-b28a-5064ac9045a0,0.0,0.13,0.07154948264360428
fab60a95-5ba3-496b-b28a-5064ac9045a0,0.0,0.18000000000000002,0.06378152221441269
fab60a95-5ba3-496b-b28a-5064ac9045a0,0.0,0.23,0.07242516428232193
fab60a95-5ba3-496b-b28a-5064ac9045a0,0.01,0.03,0.07147128880023956
fab60a95-5ba3-496b-b28a-5064ac9045a0,0.01,0.08,0.06855328381061554
fab60a95-5ba3-496b-b28a-5064ac9045a0,0.01,0.13,0.07686025649309158
fab60a95-5ba3-496b-b28a-5064ac9045a0,0.01,0.18000000000000002,0.06583847105503082
fab60a95-5ba3-496b-b28a-5064ac9045a0,0.01,0.23,0.0723186731338501
fab60a95-5ba3-496b-b28a-5064ac9045a0,0.02,0.03,0.057559799402952194
fab60a95-5ba3-496b-b28a-5064ac9045a0,0.02,0.08,0.06435586512088776
fab60a95-5ba3-496b-b28a-5064ac9045a0,0.02,0.13,0.0728718638420105
fab60a95-5ba3-496b-b28a-5064ac9045a0,0.02,0.18000000000000002,0.06764909625053406
fab60a95-5ba3-496b-b28a-5064ac9045a0,0.02,0.23,0.07240711152553558
fab60a95-5ba3-496b-b28a-5064ac9045a0,0.03,0.03,0.05943983793258667
fab60a95-5ba3-496b-b28a-5064ac9045a0,0.03,0.08,0.07276587188243866
fab60a95-5ba3-496b-b28a-5064ac9045a0,0.03,0.13,0.0742969736456871
fab60a95-5ba3-496b-b28a-5064ac9045a0,0.03,0.18000000000000002,0.07214433699846268
fab60a95-5ba3-496b-b28a-5064ac9045a0,0.03,0.23,0.08610496670007706
fab60a95-5ba3-496b-b28a-5064ac9045a0,0.04,0.03,0.06560631841421127
fab60a95-5ba3-496b-b28a-5064ac9045a0,0.04,0.08,0.07556185871362686
fab60a95-5ba3-496b-b28a-5064ac9045a0,0.05,0.03,0.05643162503838539
fab60a95-5ba3-496b-b28a-5064ac9045a0,0.05,0.08,0.07005204260349274
fab60a95-5ba3-496b-b28a-5064ac9045a0,0.05,0.13,0.07169899344444275
fab60a95-5ba3-496b-b28a-5064ac9045a0,0.05,0.18000000000000002,0.08480112999677658
fab60a95-5ba3-496b-b28a-5064ac9045a0,0.05,0.23,0.08702366799116135
fab60a95-5ba3-496b-b28a-5064ac9045a0,0.1,0.03,0.05325240641832352
fab60a95-5ba3-496b-b28a-5064ac9045a0,0.1,0.08,0.07283776998519897
fab60a95-5ba3-496b-b28a-5064ac9045a0,0.1,0.13,0.08047688752412796
fab60a95-5ba3-496b-b28a-5064ac9045a0,0.1,0.18000000000000002,0.08043455332517624
fab60a95-5ba3-496b-b28a-5064ac9045a0,0.1,0.23,0.0945701077580452
fab60a95-5ba3-496b-b28a-5064ac9045a0,0.15000000000000002,0.03,0.054034553468227386
fab60a95-5ba3-496b-b28a-5064ac9045a0,0.15000000000000002,0.08,0.07632330805063248
fab60a95-5ba3-496b-b28a-5064ac9045a0,0.15000000000000002,0.13,0.07700017839670181
fab60a95-5ba3-496b-b28a-5064ac9045a0,0.15000000000000002,0.18000000000000002,0.09656138718128204
fab60a95-5ba3-496b-b28a-5064ac9045a0,0.15000000000000002,0.23,0.10297216475009918
fab60a95-5ba3-496b-b28a-5064ac9045a0,0.2,0.03,0.06371048092842102
fab60a95-5ba3-496b-b28a-5064ac9045a0,0.2,0.08,0.07472667098045349
fab60a95-5ba3-496b-b28a-5064ac9045a0,0.2,0.13,0.08750345557928085
fab60a95-5ba3-496b-b28a-5064ac9045a0,0.2,0.18000000000000002,0.0954115018248558
fab60a95-5ba3-496b-b28a-5064ac9045a0,0.2,0.23,0.11831937730312347
fab60a95-5ba3-496b-b28a-5064ac9045a0,0.25,0.03,0.0502779483795166
fab60a95-5ba3-496b-b28a-5064ac9045a0,0.25,0.08,0.0912252813577652
fab60a95-5ba3-496b-b28a-5064ac9045a0,0.25,0.13,0.09702422469854355
fab60a95-5ba3-496b-b28a-5064ac9045a0,0.25,0.18000000000000002,0.12197645008563995
fab60a95-5ba3-496b-b28a-5064ac9045a0,0.25,0.23,0.12747077643871307
fab60a95-5ba3-496b-b28a-5064ac9045a0,0.30000000000000004,0.03,0.056679144501686096
fab60a95-5ba3-496b-b28a-5064ac9045a0,0.30000000000000004,0.08,0.07262823730707169
fab60a95-5ba3-496b-b28a-5064ac9045a0,0.30000000000000004,0.13,0.10391703993082047
fab60a95-5ba3-496b-b28a-5064ac9045a0,0.30000000000000004,0.18000000000000002,0.1123097687959671
fab60a95-5ba3-496b-b28a-5064ac9045a0,0.30000000000000004,0.23,0.12561960518360138
fac07b0e-6ac7-43b3-85cc-80529286bb49,0.0,0.03,0.046370260417461395
fac07b0e-6ac7-43b3-85cc-80529286bb49,0.0,0.08,0.06014074385166168
fac07b0e-6ac7-43b3-85cc-80529286bb49,0.0,0.13,0.0711585208773613
fac07b0e-6ac7-43b3-85cc-80529286bb49,0.0,0.18000000000000002,0.07541230320930481
fac07b0e-6ac7-43b3-85cc-80529286bb49,0.0,0.23,0.07824781537055969
fac07b0e-6ac7-43b3-85cc-80529286bb49,0.01,0.03,0.04703545570373535
fac07b0e-6ac7-43b3-85cc-80529286bb49,0.01,0.08,0.06269083172082901
fac07b0e-6ac7-43b3-85cc-80529286bb49,0.01,0.13,0.0680893138051033
fac07b0e-6ac7-43b3-85cc-80529286bb49,0.01,0.18000000000000002,0.07613526284694672
fac07b0e-6ac7-43b3-85cc-80529286bb49,0.01,0.23,0.07925720512866974
fac07b0e-6ac7-43b3-85cc-80529286bb49,0.02,0.03,0.04726841300725937
fac07b0e-6ac7-43b3-85cc-80529286bb49,0.02,0.08,0.05866207182407379
fac07b0e-6ac7-43b3-85cc-80529286bb49,0.02,0.13,0.06485600024461746
fac07b0e-6ac7-43b3-85cc-80529286bb49,0.02,0.18000000000000002,0.07651151716709137
fac07b0e-6ac7-43b3-85cc-80529286bb49,0.02,0.23,0.07618357986211777
fac07b0e-6ac7-43b3-85cc-80529286bb49,0.03,0.03,0.05012092366814613
fac07b0e-6ac7-43b3-85cc-80529286bb49,0.03,0.08,0.0583297461271286
fac07b0e-6ac7-43b3-85cc-80529286bb49,0.03,0.13,0.06740869581699371
fac07b0e-6ac7-43b3-85cc-80529286bb49,0.03,0.18000000000000002,0.07978148013353348
fac07b0e-6ac7-43b3-85cc-80529286bb49,0.03,0.23,0.07238656282424927
fac07b0e-6ac7-43b3-85cc-80529286bb49,0.04,0.03,0.048647571355104446
fac07b0e-6ac7-43b3-85cc-80529286bb49,0.04,0.08,0.061609555035829544
fac07b0e-6ac7-43b3-85cc-80529286bb49,0.05,0.03,0.04928143322467804
fac07b0e-6ac7-43b3-85cc-80529286bb49,0.05,0.08,0.058972135186195374
fac07b0e-6ac7-43b3-85cc-80529286bb49,0.05,0.13,0.07170122861862183
fac07b0e-6ac7-43b3-85cc-80529286bb49,0.05,0.18000000000000002,0.07669556885957718
fac07b0e-6ac7-43b3-85cc-80529286bb49,0.05,0.23,0.0674072653055191
fac07b0e-6ac7-43b3-85cc-80529286bb49,0.1,0.03,0.04859557002782822
fac07b0e-6ac7-43b3-85cc-80529286bb49,0.1,0.08,0.06267105787992477
fac07b0e-6ac7-43b3-85cc-80529286bb49,0.1,0.13,0.06830359250307083
fac07b0e-6ac7-43b3-85cc-80529286bb49,0.1,0.18000000000000002,0.06316779553890228
fac07b0e-6ac7-43b3-85cc-80529286bb49,0.1,0.23,0.0708235427737236
fac07b0e-6ac7-43b3-85cc-80529286bb49,0.15000000000000002,0.03,0.047886721789836884
fac07b0e-6ac7-43b3-85cc-80529286bb49,0.15000000000000002,0.08,0.058853067457675934
fac07b0e-6ac7-43b3-85cc-80529286bb49,0.15000000000000002,0.13,0.06026499718427658
fac07b0e-6ac7-43b3-85cc-80529286bb49,0.15000000000000002,0.18000000000000002,0.06571847945451736
fac07b0e-6ac7-43b3-85cc-80529286bb49,0.15000000000000002,0.23,0.06735249608755112
fac07b0e-6ac7-43b3-85cc-80529286bb49,0.2,0.03,0.05589345842599869
fac07b0e-6ac7-43b3-85cc-80529286bb49,0.2,0.08,0.05937344953417778
fac07b0e-6ac7-43b3-85cc-80529286bb49,0.2,0.13,0.06674333661794662
fac07b0e-6ac7-43b3-85cc-80529286bb49,0.2,0.18000000000000002,0.06624344736337662
fac07b0e-6ac7-43b3-85cc-80529286bb49,0.2,0.23,0.07102807611227036
fac07b0e-6ac7-43b3-85cc-80529286bb49,0.25,0.03,0.050759293138980865
fac07b0e-6ac7-43b3-85cc-80529286bb49,0.25,0.08,0.05608396604657173
fac07b0e-6ac7-43b3-85cc-80529286bb49,0.25,0.13,0.05933554470539093
fac07b0e-6ac7-43b3-85cc-80529286bb49,0.25,0.18000000000000002,0.07120220363140106
fac07b0e-6ac7-43b3-85cc-80529286bb49,0.25,0.23,0.06716244667768478
fac07b0e-6ac7-43b3-85cc-80529286bb49,0.30000000000000004,0.03,0.04819365590810776
fac07b0e-6ac7-43b3-85cc-80529286bb49,0.30000000000000004,0.08,0.06342201679944992
fac07b0e-6ac7-43b3-85cc-80529286bb49,0.30000000000000004,0.13,0.07055492699146271
fac07b0e-6ac7-43b3-85cc-80529286bb49,0.30000000000000004,0.18000000000000002,0.07215970754623413
fac07b0e-6ac7-43b3-85cc-80529286bb49,0.30000000000000004,0.23,0.08508841693401337
fae91834-88df-45ac-b0c7-0dc610fe01b5,0.0,0.03,0.06312263011932373
fae91834-88df-45ac-b0c7-0dc610fe01b5,0.0,0.08,0.07732566446065903
fae91834-88df-45ac-b0c7-0dc610fe01b5,0.0,0.13,0.08618313819169998
fae91834-88df-45ac-b0c7-0dc610fe01b5,0.0,0.18000000000000002,0.08577084541320801
fae91834-88df-45ac-b0c7-0dc610fe01b5,0.0,0.23,0.09252499043941498
fae91834-88df-45ac-b0c7-0dc610fe01b5,0.01,0.03,0.06436314433813095
fae91834-88df-45ac-b0c7-0dc610fe01b5,0.01,0.08,0.07537214457988739
fae91834-88df-45ac-b0c7-0dc610fe01b5,0.01,0.13,0.08030828088521957
fae91834-88df-45ac-b0c7-0dc610fe01b5,0.01,0.18000000000000002,0.08639831095933914
fae91834-88df-45ac-b0c7-0dc610fe01b5,0.01,0.23,0.0920325368642807
fae91834-88df-45ac-b0c7-0dc610fe01b5,0.02,0.03,0.05172920599579811
fae91834-88df-45ac-b0c7-0dc610fe01b5,0.02,0.08,0.0782678872346878
fae91834-88df-45ac-b0c7-0dc610fe01b5,0.02,0.13,0.07914793491363525
fae91834-88df-45ac-b0c7-0dc610fe01b5,0.02,0.18000000000000002,0.09405684471130371
fae91834-88df-45ac-b0c7-0dc610fe01b5,0.02,0.23,0.09436407685279846
fae91834-88df-45ac-b0c7-0dc610fe01b5,0.03,0.03,0.051979631185531616
fae91834-88df-45ac-b0c7-0dc610fe01b5,0.03,0.08,0.07407552003860474
fae91834-88df-45ac-b0c7-0dc610fe01b5,0.03,0.13,0.07613544166088104
fae91834-88df-45ac-b0c7-0dc610fe01b5,0.03,0.18000000000000002,0.09453816711902618
fae91834-88df-45ac-b0c7-0dc610fe01b5,0.03,0.23,0.09363289177417755
fae91834-88df-45ac-b0c7-0dc610fe01b5,0.04,0.03,0.05294699966907501
fae91834-88df-45ac-b0c7-0dc610fe01b5,0.04,0.08,0.07310142368078232
fae91834-88df-45ac-b0c7-0dc610fe01b5,0.05,0.03,0.05982479453086853
fae91834-88df-45ac-b0c7-0dc610fe01b5,0.05,0.08,0.0785016193985939
fae91834-88df-45ac-b0c7-0dc610fe01b5,0.05,0.13,0.08569671213626862
fae91834-88df-45ac-b0c7-0dc610fe01b5,0.05,0.18000000000000002,0.09713114798069
fae91834-88df-45ac-b0c7-0dc610fe01b5,0.05,0.23,0.09254173934459686
fae91834-88df-45ac-b0c7-0dc610fe01b5,0.1,0.03,0.060513731092214584
fae91834-88df-45ac-b0c7-0dc610fe01b5,0.1,0.08,0.07806682586669922
fae91834-88df-45ac-b0c7-0dc610fe01b5,0.1,0.13,0.0911746472120285
fae91834-88df-45ac-b0c7-0dc610fe01b5,0.1,0.18000000000000002,0.08605040609836578
fae91834-88df-45ac-b0c7-0dc610fe01b5,0.1,0.23,0.08245490491390228
fae91834-88df-45ac-b0c7-0dc610fe01b5,0.15000000000000002,0.03,0.0615890808403492
fae91834-88df-45ac-b0c7-0dc610fe01b5,0.15000000000000002,0.08,0.08286747336387634
fae91834-88df-45ac-b0c7-0dc610fe01b5,0.15000000000000002,0.13,0.08020840585231781
fae91834-88df-45ac-b0c7-0dc610fe01b5,0.15000000000000002,0.18000000000000002,0.0812743678689003
fae91834-88df-45ac-b0c7-0dc610fe01b5,0.15000000000000002,0.23,0.08418591320514679
fae91834-88df-45ac-b0c7-0dc610fe01b5,0.2,0.03,0.05513456091284752
fae91834-88df-45ac-b0c7-0dc610fe01b5,0.2,0.08,0.06686686724424362
fae91834-88df-45ac-b0c7-0dc610fe01b5,0.2,0.13,0.0825883075594902
fae91834-88df-45ac-b0c7-0dc610fe01b5,0.2,0.18000000000000002,0.07710418850183487
fae91834-88df-45ac-b0c7-0dc610fe01b5,0.2,0.23,0.07562980055809021
fae91834-88df-45ac-b0c7-0dc610fe01b5,0.25,0.03,0.05002778023481369
fae91834-88df-45ac-b0c7-0dc610fe01b5,0.25,0.08,0.07137392461299896
fae91834-88df-45ac-b0c7-0dc610fe01b5,0.25,0.13,0.07571534812450409
fae91834-88df-45ac-b0c7-0dc610fe01b5,0.25,0.18000000000000002,0.0767940878868103
fae91834-88df-45ac-b0c7-0dc610fe01b5,0.25,0.23,0.08338242769241333
fae91834-88df-45ac-b0c7-0dc610fe01b5,0.30000000000000004,0.03,0.04841957986354828
fae91834-88df-45ac-b0c7-0dc610fe01b5,0.30000000000000004,0.08,0.06120483577251434
fae91834-88df-45ac-b0c7-0dc610fe01b5,0.30000000000000004,0.13,0.07730618864297867
fae91834-88df-45ac-b0c7-0dc610fe01b5,0.30000000000000004,0.18000000000000002,0.07931766659021378
fae91834-88df-45ac-b0c7-0dc610fe01b5,0.30000000000000004,0.23,0.0804126188158989
fb339f14-41fc-4f05-a112-620fc4e9f3bd,0.0,0.03,0.04862229898571968
fb339f14-41fc-4f05-a112-620fc4e9f3bd,0.0,0.08,0.05546952039003372
fb339f14-41fc-4f05-a112-620fc4e9f3bd,0.0,0.13,0.06831609457731247
fb339f14-41fc-4f05-a112-620fc4e9f3bd,0.0,0.18000000000000002,0.07033876329660416
fb339f14-41fc-4f05-a112-620fc4e9f3bd,0.0,0.23,0.0670127123594284
fb339f14-41fc-4f05-a112-620fc4e9f3bd,0.01,0.03,0.04948708787560463
fb339f14-41fc-4f05-a112-620fc4e9f3bd,0.01,0.08,0.05869361385703087
fb339f14-41fc-4f05-a112-620fc4e9f3bd,0.01,0.13,0.07321347296237946
fb339f14-41fc-4f05-a112-620fc4e9f3bd,0.01,0.18000000000000002,0.07107669115066528
fb339f14-41fc-4f05-a112-620fc4e9f3bd,0.01,0.23,0.07250740379095078
fb339f14-41fc-4f05-a112-620fc4e9f3bd,0.02,0.03,0.04972638934850693
fb339f14-41fc-4f05-a112-620fc4e9f3bd,0.02,0.08,0.05722973495721817
fb339f14-41fc-4f05-a112-620fc4e9f3bd,0.02,0.13,0.06904435902833939
fb339f14-41fc-4f05-a112-620fc4e9f3bd,0.02,0.18000000000000002,0.07050582766532898
fb339f14-41fc-4f05-a112-620fc4e9f3bd,0.02,0.23,0.06973633915185928
fb339f14-41fc-4f05-a112-620fc4e9f3bd,0.03,0.03,0.05045265704393387
fb339f14-41fc-4f05-a112-620fc4e9f3bd,0.03,0.08,0.06026512011885643
fb339f14-41fc-4f05-a112-620fc4e9f3bd,0.03,0.13,0.0704413428902626
fb339f14-41fc-4f05-a112-620fc4e9f3bd,0.03,0.18000000000000002,0.07101833820343018
fb339f14-41fc-4f05-a112-620fc4e9f3bd,0.03,0.23,0.0680621787905693
fb339f14-41fc-4f05-a112-620fc4e9f3bd,0.04,0.03,0.05149177089333534
fb339f14-41fc-4f05-a112-620fc4e9f3bd,0.04,0.08,0.059365592896938324
fb339f14-41fc-4f05-a112-620fc4e9f3bd,0.05,0.03,0.048761844635009766
fb339f14-41fc-4f05-a112-620fc4e9f3bd,0.05,0.08,0.06594012677669525
fb339f14-41fc-4f05-a112-620fc4e9f3bd,0.05,0.13,0.07278317958116531
fb339f14-41fc-4f05-a112-620fc4e9f3bd,0.05,0.18000000000000002,0.07219848036766052
fb339f14-41fc-4f05-a112-620fc4e9f3bd,0.05,0.23,0.07005292177200317
fb339f14-41fc-4f05-a112-620fc4e9f3bd,0.1,0.03,0.05452729016542435
fb339f14-41fc-4f05-a112-620fc4e9f3bd,0.1,0.08,0.06321699172258377
fb339f14-41fc-4f05-a112-620fc4e9f3bd,0.1,0.13,0.06098609045147896
fb339f14-41fc-4f05-a112-620fc4e9f3bd,0.1,0.18000000000000002,0.06410729140043259
fb339f14-41fc-4f05-a112-620fc4e9f3bd,0.1,0.23,0.06689547002315521
fb339f14-41fc-4f05-a112-620fc4e9f3bd,0.15000000000000002,0.03,0.04923800751566887
fb339f14-41fc-4f05-a112-620fc4e9f3bd,0.15000000000000002,0.08,0.059908177703619
fb339f14-41fc-4f05-a112-620fc4e9f3bd,0.15000000000000002,0.13,0.06274261325597763
fb339f14-41fc-4f05-a112-620fc4e9f3bd,0.15000000000000002,0.18000000000000002,0.0688471794128418
fb339f14-41fc-4f05-a112-620fc4e9f3bd,0.15000000000000002,0.23,0.07561834156513214
fb339f14-41fc-4f05-a112-620fc4e9f3bd,0.2,0.03,0.0423278771340847
fb339f14-41fc-4f05-a112-620fc4e9f3bd,0.2,0.08,0.06467588245868683
fb339f14-41fc-4f05-a112-620fc4e9f3bd,0.2,0.13,0.07064497470855713
fb339f14-41fc-4f05-a112-620fc4e9f3bd,0.2,0.18000000000000002,0.07278512418270111
fb339f14-41fc-4f05-a112-620fc4e9f3bd,0.2,0.23,0.0851200670003891
fb339f14-41fc-4f05-a112-620fc4e9f3bd,0.25,0.03,0.0498802587389946
fb339f14-41fc-4f05-a112-620fc4e9f3bd,0.25,0.08,0.06547699123620987
fb339f14-41fc-4f05-a112-620fc4e9f3bd,0.25,0.13,0.07810673117637634
fb339f14-41fc-4f05-a112-620fc4e9f3bd,0.25,0.18000000000000002,0.08751615881919861
fb339f14-41fc-4f05-a112-620fc4e9f3bd,0.25,0.23,0.08905434608459473
fb339f14-41fc-4f05-a112-620fc4e9f3bd,0.30000000000000004,0.03,0.0568859726190567
fb339f14-41fc-4f05-a112-620fc4e9f3bd,0.30000000000000004,0.08,0.06731834262609482
fb339f14-41fc-4f05-a112-620fc4e9f3bd,0.30000000000000004,0.13,0.07730253785848618
fb339f14-41fc-4f05-a112-620fc4e9f3bd,0.30000000000000004,0.18000000000000002,0.07992411404848099
fb339f14-41fc-4f05-a112-620fc4e9f3bd,0.30000000000000004,0.23,0.08944608271121979
fb3f0bd8-4e03-4fb3-a5f1-4e43795e101c,0.0,0.03,0.056408271193504333
fb3f0bd8-4e03-4fb3-a5f1-4e43795e101c,0.0,0.08,0.07028869539499283
fb3f0bd8-4e03-4fb3-a5f1-4e43795e101c,0.0,0.13,0.0713646411895752
fb3f0bd8-4e03-4fb3-a5f1-4e43795e101c,0.0,0.18000000000000002,0.0716400146484375
fb3f0bd8-4e03-4fb3-a5f1-4e43795e101c,0.0,0.23,0.06933882087469101
fb3f0bd8-4e03-4fb3-a5f1-4e43795e101c,0.01,0.03,0.04871654510498047
fb3f0bd8-4e03-4fb3-a5f1-4e43795e101c,0.01,0.08,0.06561572849750519
fb3f0bd8-4e03-4fb3-a5f1-4e43795e101c,0.01,0.13,0.06869706511497498
fb3f0bd8-4e03-4fb3-a5f1-4e43795e101c,0.01,0.18000000000000002,0.06715811043977737
fb3f0bd8-4e03-4fb3-a5f1-4e43795e101c,0.01,0.23,0.06387010961771011
fb3f0bd8-4e03-4fb3-a5f1-4e43795e101c,0.02,0.03,0.04416303709149361
fb3f0bd8-4e03-4fb3-a5f1-4e43795e101c,0.02,0.08,0.07001075148582458
fb3f0bd8-4e03-4fb3-a5f1-4e43795e101c,0.02,0.13,0.0668235495686531
fb3f0bd8-4e03-4fb3-a5f1-4e43795e101c,0.02,0.18000000000000002,0.0674331858754158
fb3f0bd8-4e03-4fb3-a5f1-4e43795e101c,0.02,0.23,0.07013038545846939
fb3f0bd8-4e03-4fb3-a5f1-4e43795e101c,0.03,0.03,0.05375363305211067
fb3f0bd8-4e03-4fb3-a5f1-4e43795e101c,0.03,0.08,0.05736396461725235
fb3f0bd8-4e03-4fb3-a5f1-4e43795e101c,0.03,0.13,0.06618201732635498
fb3f0bd8-4e03-4fb3-a5f1-4e43795e101c,0.03,0.18000000000000002,0.0650421530008316
fb3f0bd8-4e03-4fb3-a5f1-4e43795e101c,0.03,0.23,0.06867942214012146
fb3f0bd8-4e03-4fb3-a5f1-4e43795e101c,0.04,0.03,0.06033463776111603
fb3f0bd8-4e03-4fb3-a5f1-4e43795e101c,0.04,0.08,0.06043252721428871
fb3f0bd8-4e03-4fb3-a5f1-4e43795e101c,0.05,0.03,0.04915350675582886
fb3f0bd8-4e03-4fb3-a5f1-4e43795e101c,0.05,0.08,0.06062210723757744
fb3f0bd8-4e03-4fb3-a5f1-4e43795e101c,0.05,0.13,0.06325744092464447
fb3f0bd8-4e03-4fb3-a5f1-4e43795e101c,0.05,0.18000000000000002,0.06749939173460007
fb3f0bd8-4e03-4fb3-a5f1-4e43795e101c,0.05,0.23,0.06805330514907837
fb3f0bd8-4e03-4fb3-a5f1-4e43795e101c,0.1,0.03,0.051759473979473114
fb3f0bd8-4e03-4fb3-a5f1-4e43795e101c,0.1,0.08,0.056311722844839096
fb3f0bd8-4e03-4fb3-a5f1-4e43795e101c,0.1,0.13,0.0630050003528595
fb3f0bd8-4e03-4fb3-a5f1-4e43795e101c,0.1,0.18000000000000002,0.06663024425506592
fb3f0bd8-4e03-4fb3-a5f1-4e43795e101c,0.1,0.23,0.06308512389659882
fb3f0bd8-4e03-4fb3-a5f1-4e43795e101c,0.15000000000000002,0.03,0.047082796692848206
fb3f0bd8-4e03-4fb3-a5f1-4e43795e101c,0.15000000000000002,0.08,0.05992712080478668
fb3f0bd8-4e03-4fb3-a5f1-4e43795e101c,0.15000000000000002,0.13,0.0667942687869072
fb3f0bd8-4e03-4fb3-a5f1-4e43795e101c,0.15000000000000002,0.18000000000000002,0.0623336061835289
fb3f0bd8-4e03-4fb3-a5f1-4e43795e101c,0.15000000000000002,0.23,0.06306947767734528
fb3f0bd8-4e03-4fb3-a5f1-4e43795e101c,0.2,0.03,0.04639030247926712
fb3f0bd8-4e03-4fb3-a5f1-4e43795e101c,0.2,0.08,0.05705685168504715
fb3f0bd8-4e03-4fb3-a5f1-4e43795e101c,0.2,0.13,0.05815332010388374
fb3f0bd8-4e03-4fb3-a5f1-4e43795e101c,0.2,0.18000000000000002,0.06276697665452957
fb3f0bd8-4e03-4fb3-a5f1-4e43795e101c,0.2,0.23,0.06521716713905334
fb3f0bd8-4e03-4fb3-a5f1-4e43795e101c,0.25,0.03,0.04468940943479538
fb3f0bd8-4e03-4fb3-a5f1-4e43795e101c,0.25,0.08,0.05245034396648407
fb3f0bd8-4e03-4fb3-a5f1-4e43795e101c,0.25,0.13,0.061534613370895386
fb3f0bd8-4e03-4fb3-a5f1-4e43795e101c,0.25,0.18000000000000002,0.07500829547643661
fb3f0bd8-4e03-4fb3-a5f1-4e43795e101c,0.25,0.23,0.07325196266174316
fb3f0bd8-4e03-4fb3-a5f1-4e43795e101c,0.30000000000000004,0.03,0.04832034185528755
fb3f0bd8-4e03-4fb3-a5f1-4e43795e101c,0.30000000000000004,0.08,0.05644712597131729
fb3f0bd8-4e03-4fb3-a5f1-4e43795e101c,0.30000000000000004,0.13,0.07640114426612854
fb3f0bd8-4e03-4fb3-a5f1-4e43795e101c,0.30000000000000004,0.18000000000000002,0.07381778210401535
fb3f0bd8-4e03-4fb3-a5f1-4e43795e101c,0.30000000000000004,0.23,0.07328242808580399
fc6eca5b-4b9d-4d3c-b850-bd2e4df40fe1,0.0,0.03,0.04679495841264725
fc6eca5b-4b9d-4d3c-b850-bd2e4df40fe1,0.0,0.08,0.07614394277334213
fc6eca5b-4b9d-4d3c-b850-bd2e4df40fe1,0.0,0.13,0.07682845741510391
fc6eca5b-4b9d-4d3c-b850-bd2e4df40fe1,0.0,0.18000000000000002,0.0697505846619606
fc6eca5b-4b9d-4d3c-b850-bd2e4df40fe1,0.0,0.23,0.07017368823289871
fc6eca5b-4b9d-4d3c-b850-bd2e4df40fe1,0.01,0.03,0.05499415099620819
fc6eca5b-4b9d-4d3c-b850-bd2e4df40fe1,0.01,0.08,0.07401666790246964
fc6eca5b-4b9d-4d3c-b850-bd2e4df40fe1,0.01,0.13,0.07056307047605515
fc6eca5b-4b9d-4d3c-b850-bd2e4df40fe1,0.01,0.18000000000000002,0.06835043430328369
fc6eca5b-4b9d-4d3c-b850-bd2e4df40fe1,0.01,0.23,0.06570057570934296
fc6eca5b-4b9d-4d3c-b850-bd2e4df40fe1,0.02,0.03,0.048690106719732285
fc6eca5b-4b9d-4d3c-b850-bd2e4df40fe1,0.02,0.08,0.0684182345867157
fc6eca5b-4b9d-4d3c-b850-bd2e4df40fe1,0.02,0.13,0.06951839476823807
fc6eca5b-4b9d-4d3c-b850-bd2e4df40fe1,0.02,0.18000000000000002,0.07293213903903961
fc6eca5b-4b9d-4d3c-b850-bd2e4df40fe1,0.02,0.23,0.06688643246889114
fc6eca5b-4b9d-4d3c-b850-bd2e4df40fe1,0.03,0.03,0.054779957979917526
fc6eca5b-4b9d-4d3c-b850-bd2e4df40fe1,0.03,0.08,0.06853087991476059
fc6eca5b-4b9d-4d3c-b850-bd2e4df40fe1,0.03,0.13,0.06767962127923965
fc6eca5b-4b9d-4d3c-b850-bd2e4df40fe1,0.03,0.18000000000000002,0.07057442516088486
fc6eca5b-4b9d-4d3c-b850-bd2e4df40fe1,0.03,0.23,0.06723681837320328
fc6eca5b-4b9d-4d3c-b850-bd2e4df40fe1,0.04,0.03,0.05381029471755028
fc6eca5b-4b9d-4d3c-b850-bd2e4df40fe1,0.04,0.08,0.0669851154088974
fc6eca5b-4b9d-4d3c-b850-bd2e4df40fe1,0.05,0.03,0.04436318576335907
fc6eca5b-4b9d-4d3c-b850-bd2e4df40fe1,0.05,0.08,0.05812383443117142
fc6eca5b-4b9d-4d3c-b850-bd2e4df40fe1,0.05,0.13,0.0695982426404953
fc6eca5b-4b9d-4d3c-b850-bd2e4df40fe1,0.05,0.18000000000000002,0.07102065533399582
fc6eca5b-4b9d-4d3c-b850-bd2e4df40fe1,0.05,0.23,0.07196250557899475
fc6eca5b-4b9d-4d3c-b850-bd2e4df40fe1,0.1,0.03,0.048768553882837296
fc6eca5b-4b9d-4d3c-b850-bd2e4df40fe1,0.1,0.08,0.0668826773762703
fc6eca5b-4b9d-4d3c-b850-bd2e4df40fe1,0.1,0.13,0.07257425785064697
fc6eca5b-4b9d-4d3c-b850-bd2e4df40fe1,0.1,0.18000000000000002,0.07477245479822159
fc6eca5b-4b9d-4d3c-b850-bd2e4df40fe1,0.1,0.23,0.0781513899564743
fc6eca5b-4b9d-4d3c-b850-bd2e4df40fe1,0.15000000000000002,0.03,0.05190319940447807
fc6eca5b-4b9d-4d3c-b850-bd2e4df40fe1,0.15000000000000002,0.08,0.06665897369384766
fc6eca5b-4b9d-4d3c-b850-bd2e4df40fe1,0.15000000000000002,0.13,0.07369900494813919
fc6eca5b-4b9d-4d3c-b850-bd2e4df40fe1,0.15000000000000002,0.18000000000000002,0.07578226923942566
fc6eca5b-4b9d-4d3c-b850-bd2e4df40fe1,0.15000000000000002,0.23,0.07809551060199738
fc6eca5b-4b9d-4d3c-b850-bd2e4df40fe1,0.2,0.03,0.04322374239563942
fc6eca5b-4b9d-4d3c-b850-bd2e4df40fe1,0.2,0.08,0.06358358263969421
fc6eca5b-4b9d-4d3c-b850-bd2e4df40fe1,0.2,0.13,0.06626463681459427
fc6eca5b-4b9d-4d3c-b850-bd2e4df40fe1,0.2,0.18000000000000002,0.072148397564888
fc6eca5b-4b9d-4d3c-b850-bd2e4df40fe1,0.2,0.23,0.080022431910038
fc6eca5b-4b9d-4d3c-b850-bd2e4df40fe1,0.25,0.03,0.049331627786159515
fc6eca5b-4b9d-4d3c-b850-bd2e4df40fe1,0.25,0.08,0.0558246374130249
fc6eca5b-4b9d-4d3c-b850-bd2e4df40fe1,0.25,0.13,0.0722159817814827
fc6eca5b-4b9d-4d3c-b850-bd2e4df40fe1,0.25,0.18000000000000002,0.07422581315040588
fc6eca5b-4b9d-4d3c-b850-bd2e4df40fe1,0.25,0.23,0.07146050781011581
fc6eca5b-4b9d-4d3c-b850-bd2e4df40fe1,0.30000000000000004,0.03,0.045459993183612823
fc6eca5b-4b9d-4d3c-b850-bd2e4df40fe1,0.30000000000000004,0.08,0.061251480132341385
fc6eca5b-4b9d-4d3c-b850-bd2e4df40fe1,0.30000000000000004,0.13,0.06543894857168198
fc6eca5b-4b9d-4d3c-b850-bd2e4df40fe1,0.30000000000000004,0.18000000000000002,0.06934598833322525
fc6eca5b-4b9d-4d3c-b850-bd2e4df40fe1,0.30000000000000004,0.23,0.06553248316049576
fcaa8b9f-1e03-4ee4-9fd6-1e24234678c6,0.0,0.03,0.1324099451303482
fcaa8b9f-1e03-4ee4-9fd6-1e24234678c6,0.0,0.08,0.27397647500038147
fcaa8b9f-1e03-4ee4-9fd6-1e24234678c6,0.0,0.13,0.3325469195842743
fcaa8b9f-1e03-4ee4-9fd6-1e24234678c6,0.0,0.18000000000000002,0.30798888206481934
fcaa8b9f-1e03-4ee4-9fd6-1e24234678c6,0.0,0.23,0.26784318685531616
fcaa8b9f-1e03-4ee4-9fd6-1e24234678c6,0.01,0.03,0.1391894519329071
fcaa8b9f-1e03-4ee4-9fd6-1e24234678c6,0.01,0.08,0.2585929036140442
fcaa8b9f-1e03-4ee4-9fd6-1e24234678c6,0.01,0.13,0.295953631401062
fcaa8b9f-1e03-4ee4-9fd6-1e24234678c6,0.01,0.18000000000000002,0.26490747928619385
fcaa8b9f-1e03-4ee4-9fd6-1e24234678c6,0.01,0.23,0.2305716574192047
fcaa8b9f-1e03-4ee4-9fd6-1e24234678c6,0.02,0.03,0.1711537390947342
fcaa8b9f-1e03-4ee4-9fd6-1e24234678c6,0.02,0.08,0.28179270029067993
fcaa8b9f-1e03-4ee4-9fd6-1e24234678c6,0.02,0.13,0.29336047172546387
fcaa8b9f-1e03-4ee4-9fd6-1e24234678c6,0.02,0.18000000000000002,0.2551068067550659
fcaa8b9f-1e03-4ee4-9fd6-1e24234678c6,0.02,0.23,0.22140681743621826
fcaa8b9f-1e03-4ee4-9fd6-1e24234678c6,0.03,0.03,0.20100697875022888
fcaa8b9f-1e03-4ee4-9fd6-1e24234678c6,0.03,0.08,0.30772143602371216
fcaa8b9f-1e03-4ee4-9fd6-1e24234678c6,0.03,0.13,0.29049625992774963
fcaa8b9f-1e03-4ee4-9fd6-1e24234678c6,0.03,0.18000000000000002,0.24443861842155457
fcaa8b9f-1e03-4ee4-9fd6-1e24234678c6,0.03,0.23,0.2119249850511551
fcaa8b9f-1e03-4ee4-9fd6-1e24234678c6,0.04,0.03,0.235396146774292
fcaa8b9f-1e03-4ee4-9fd6-1e24234678c6,0.04,0.08,0.3037734627723694
fcaa8b9f-1e03-4ee4-9fd6-1e24234678c6,0.05,0.03,0.28521955013275146
fcaa8b9f-1e03-4ee4-9fd6-1e24234678c6,0.05,0.08,0.3440254032611847
fcaa8b9f-1e03-4ee4-9fd6-1e24234678c6,0.05,0.13,0.30141711235046387
fcaa8b9f-1e03-4ee4-9fd6-1e24234678c6,0.05,0.18000000000000002,0.24879468977451324
fcaa8b9f-1e03-4ee4-9fd6-1e24234678c6,0.05,0.23,0.21856218576431274
fcaa8b9f-1e03-4ee4-9fd6-1e24234678c6,0.1,0.03,0.23695018887519836
fcaa8b9f-1e03-4ee4-9fd6-1e24234678c6,0.1,0.08,0.20434196293354034
fcaa8b9f-1e03-4ee4-9fd6-1e24234678c6,0.1,0.13,0.15819264948368073
fcaa8b9f-1e03-4ee4-9fd6-1e24234678c6,0.1,0.18000000000000002,0.13573558628559113
fcaa8b9f-1e03-4ee4-9fd6-1e24234678c6,0.1,0.23,0.12217218428850174
fcaa8b9f-1e03-4ee4-9fd6-1e24234678c6,0.15000000000000002,0.03,0.08259224146604538
fcaa8b9f-1e03-4ee4-9fd6-1e24234678c6,0.15000000000000002,0.08,0.08020943403244019
fcaa8b9f-1e03-4ee4-9fd6-1e24234678c6,0.15000000000000002,0.13,0.07375649362802505
fcaa8b9f-1e03-4ee4-9fd6-1e24234678c6,0.15000000000000002,0.18000000000000002,0.07337487488985062
fcaa8b9f-1e03-4ee4-9fd6-1e24234678c6,0.15000000000000002,0.23,0.08135033398866653
fcaa8b9f-1e03-4ee4-9fd6-1e24234678c6,0.2,0.03,0.05118650197982788
fcaa8b9f-1e03-4ee4-9fd6-1e24234678c6,0.2,0.08,0.06414293497800827
fcaa8b9f-1e03-4ee4-9fd6-1e24234678c6,0.2,0.13,0.08061280846595764
fcaa8b9f-1e03-4ee4-9fd6-1e24234678c6,0.2,0.18000000000000002,0.08792019635438919
fcaa8b9f-1e03-4ee4-9fd6-1e24234678c6,0.2,0.23,0.0901736319065094
fcaa8b9f-1e03-4ee4-9fd6-1e24234678c6,0.25,0.03,0.048093266785144806
fcaa8b9f-1e03-4ee4-9fd6-1e24234678c6,0.25,0.08,0.0829041451215744
fcaa8b9f-1e03-4ee4-9fd6-1e24234678c6,0.25,0.13,0.08756846934556961
fcaa8b9f-1e03-4ee4-9fd6-1e24234678c6,0.25,0.18000000000000002,0.0900987833738327
fcaa8b9f-1e03-4ee4-9fd6-1e24234678c6,0.25,0.23,0.09196733683347702
fcaa8b9f-1e03-4ee4-9fd6-1e24234678c6,0.30000000000000004,0.03,0.07460315525531769
fcaa8b9f-1e03-4ee4-9fd6-1e24234678c6,0.30000000000000004,0.08,0.0816902220249176
fcaa8b9f-1e03-4ee4-9fd6-1e24234678c6,0.30000000000000004,0.13,0.08696503192186356
fcaa8b9f-1e03-4ee4-9fd6-1e24234678c6,0.30000000000000004,0.18000000000000002,0.08957500755786896
fcaa8b9f-1e03-4ee4-9fd6-1e24234678c6,0.30000000000000004,0.23,0.08762840926647186
fcfec1d1-b6af-40bc-bf67-ddd77382777b,0.0,0.03,0.06544464081525803
fcfec1d1-b6af-40bc-bf67-ddd77382777b,0.0,0.08,0.08005347847938538
fcfec1d1-b6af-40bc-bf67-ddd77382777b,0.0,0.13,0.08665615320205688
fcfec1d1-b6af-40bc-bf67-ddd77382777b,0.0,0.18000000000000002,0.08936773240566254
fcfec1d1-b6af-40bc-bf67-ddd77382777b,0.0,0.23,0.08601858466863632
fcfec1d1-b6af-40bc-bf67-ddd77382777b,0.01,0.03,0.06267055124044418
fcfec1d1-b6af-40bc-bf67-ddd77382777b,0.01,0.08,0.07850463688373566
fcfec1d1-b6af-40bc-bf67-ddd77382777b,0.01,0.13,0.08694373071193695
fcfec1d1-b6af-40bc-bf67-ddd77382777b,0.01,0.18000000000000002,0.08847520500421524
fcfec1d1-b6af-40bc-bf67-ddd77382777b,0.01,0.23,0.08535678684711456
fcfec1d1-b6af-40bc-bf67-ddd77382777b,0.02,0.03,0.06357651948928833
fcfec1d1-b6af-40bc-bf67-ddd77382777b,0.02,0.08,0.08216612786054611
fcfec1d1-b6af-40bc-bf67-ddd77382777b,0.02,0.13,0.08917202055454254
fcfec1d1-b6af-40bc-bf67-ddd77382777b,0.02,0.18000000000000002,0.08825124055147171
fcfec1d1-b6af-40bc-bf67-ddd77382777b,0.02,0.23,0.08452395349740982
fcfec1d1-b6af-40bc-bf67-ddd77382777b,0.03,0.03,0.06342063844203949
fcfec1d1-b6af-40bc-bf67-ddd77382777b,0.03,0.08,0.07977838814258575
fcfec1d1-b6af-40bc-bf67-ddd77382777b,0.03,0.13,0.08828228712081909
fcfec1d1-b6af-40bc-bf67-ddd77382777b,0.03,0.18000000000000002,0.08649352937936783
fcfec1d1-b6af-40bc-bf67-ddd77382777b,0.03,0.23,0.0818566307425499
fcfec1d1-b6af-40bc-bf67-ddd77382777b,0.04,0.03,0.06502129882574081
fcfec1d1-b6af-40bc-bf67-ddd77382777b,0.04,0.08,0.08052927255630493
fcfec1d1-b6af-40bc-bf67-ddd77382777b,0.05,0.03,0.06770794093608856
fcfec1d1-b6af-40bc-bf67-ddd77382777b,0.05,0.08,0.0839390754699707
fcfec1d1-b6af-40bc-bf67-ddd77382777b,0.05,0.13,0.08717978745698929
fcfec1d1-b6af-40bc-bf67-ddd77382777b,0.05,0.18000000000000002,0.08209505677223206
fcfec1d1-b6af-40bc-bf67-ddd77382777b,0.05,0.23,0.08046350628137589
fcfec1d1-b6af-40bc-bf67-ddd77382777b,0.1,0.03,0.06796258687973022
fcfec1d1-b6af-40bc-bf67-ddd77382777b,0.1,0.08,0.0778263509273529
fcfec1d1-b6af-40bc-bf67-ddd77382777b,0.1,0.13,0.08215391635894775
fcfec1d1-b6af-40bc-bf67-ddd77382777b,0.1,0.18000000000000002,0.08858533948659897
fcfec1d1-b6af-40bc-bf67-ddd77382777b,0.1,0.23,0.08552215993404388
fcfec1d1-b6af-40bc-bf67-ddd77382777b,0.15000000000000002,0.03,0.06533575057983398
fcfec1d1-b6af-40bc-bf67-ddd77382777b,0.15000000000000002,0.08,0.08328773081302643
fcfec1d1-b6af-40bc-bf67-ddd77382777b,0.15000000000000002,0.13,0.09677576273679733
fcfec1d1-b6af-40bc-bf67-ddd77382777b,0.15000000000000002,0.18000000000000002,0.0896589532494545
fcfec1d1-b6af-40bc-bf67-ddd77382777b,0.15000000000000002,0.23,0.08308997750282288
fcfec1d1-b6af-40bc-bf67-ddd77382777b,0.2,0.03,0.0727185532450676
fcfec1d1-b6af-40bc-bf67-ddd77382777b,0.2,0.08,0.09611428529024124
fcfec1d1-b6af-40bc-bf67-ddd77382777b,0.2,0.13,0.08512570708990097
fcfec1d1-b6af-40bc-bf67-ddd77382777b,0.2,0.18000000000000002,0.07696300745010376
fcfec1d1-b6af-40bc-bf67-ddd77382777b,0.2,0.23,0.07528723031282425
fcfec1d1-b6af-40bc-bf67-ddd77382777b,0.25,0.03,0.08708390593528748
fcfec1d1-b6af-40bc-bf67-ddd77382777b,0.25,0.08,0.08228518813848495
fcfec1d1-b6af-40bc-bf67-ddd77382777b,0.25,0.13,0.08136151731014252
fcfec1d1-b6af-40bc-bf67-ddd77382777b,0.25,0.18000000000000002,0.0799081102013588
fcfec1d1-b6af-40bc-bf67-ddd77382777b,0.25,0.23,0.0836743637919426
fcfec1d1-b6af-40bc-bf67-ddd77382777b,0.30000000000000004,0.03,0.06647206097841263
fcfec1d1-b6af-40bc-bf67-ddd77382777b,0.30000000000000004,0.08,0.07631310820579529
fcfec1d1-b6af-40bc-bf67-ddd77382777b,0.30000000000000004,0.13,0.09288068860769272
fcfec1d1-b6af-40bc-bf67-ddd77382777b,0.30000000000000004,0.18000000000000002,0.09471624344587326
fcfec1d1-b6af-40bc-bf67-ddd77382777b,0.30000000000000004,0.23,0.09668773412704468
fd33358e-98ee-4293-96a8-30cab1d832ce,0.0,0.03,0.0
fd33358e-98ee-4293-96a8-30cab1d832ce,0.0,0.08,0.0
fd33358e-98ee-4293-96a8-30cab1d832ce,0.0,0.13,0.0
fd33358e-98ee-4293-96a8-30cab1d832ce,0.0,0.18000000000000002,0.0
fd33358e-98ee-4293-96a8-30cab1d832ce,0.0,0.23,0.0
fd33358e-98ee-4293-96a8-30cab1d832ce,0.01,0.03,0.0
fd33358e-98ee-4293-96a8-30cab1d832ce,0.01,0.08,0.0
fd33358e-98ee-4293-96a8-30cab1d832ce,0.01,0.13,0.0
fd33358e-98ee-4293-96a8-30cab1d832ce,0.01,0.18000000000000002,0.0
fd33358e-98ee-4293-96a8-30cab1d832ce,0.01,0.23,0.0
fd33358e-98ee-4293-96a8-30cab1d832ce,0.02,0.03,0.0
fd33358e-98ee-4293-96a8-30cab1d832ce,0.02,0.08,0.0
fd33358e-98ee-4293-96a8-30cab1d832ce,0.02,0.13,0.0
fd33358e-98ee-4293-96a8-30cab1d832ce,0.02,0.18000000000000002,0.0
fd33358e-98ee-4293-96a8-30cab1d832ce,0.02,0.23,0.0
fd33358e-98ee-4293-96a8-30cab1d832ce,0.03,0.03,0.0
fd33358e-98ee-4293-96a8-30cab1d832ce,0.03,0.08,0.0
fd33358e-98ee-4293-96a8-30cab1d832ce,0.03,0.13,0.0
fd33358e-98ee-4293-96a8-30cab1d832ce,0.03,0.18000000000000002,0.0
fd33358e-98ee-4293-96a8-30cab1d832ce,0.03,0.23,0.0
fd33358e-98ee-4293-96a8-30cab1d832ce,0.04,0.03,0.0
fd33358e-98ee-4293-96a8-30cab1d832ce,0.04,0.08,0.0
fd33358e-98ee-4293-96a8-30cab1d832ce,0.05,0.03,0.0
fd33358e-98ee-4293-96a8-30cab1d832ce,0.05,0.08,0.0
fd33358e-98ee-4293-96a8-30cab1d832ce,0.05,0.13,0.0
fd33358e-98ee-4293-96a8-30cab1d832ce,0.05,0.18000000000000002,0.0
fd33358e-98ee-4293-96a8-30cab1d832ce,0.05,0.23,0.0
fd33358e-98ee-4293-96a8-30cab1d832ce,0.1,0.03,0.0
fd33358e-98ee-4293-96a8-30cab1d832ce,0.1,0.08,0.0
fd33358e-98ee-4293-96a8-30cab1d832ce,0.1,0.13,0.0
fd33358e-98ee-4293-96a8-30cab1d832ce,0.1,0.18000000000000002,0.0
fd33358e-98ee-4293-96a8-30cab1d832ce,0.1,0.23,0.0
fd33358e-98ee-4293-96a8-30cab1d832ce,0.15000000000000002,0.03,0.0
fd33358e-98ee-4293-96a8-30cab1d832ce,0.15000000000000002,0.08,0.0
fd33358e-98ee-4293-96a8-30cab1d832ce,0.15000000000000002,0.13,0.0
fd33358e-98ee-4293-96a8-30cab1d832ce,0.15000000000000002,0.18000000000000002,0.0
fd33358e-98ee-4293-96a8-30cab1d832ce,0.15000000000000002,0.23,0.0
fd33358e-98ee-4293-96a8-30cab1d832ce,0.2,0.03,0.0
fd33358e-98ee-4293-96a8-30cab1d832ce,0.2,0.08,0.0
fd33358e-98ee-4293-96a8-30cab1d832ce,0.2,0.13,0.0
fd33358e-98ee-4293-96a8-30cab1d832ce,0.2,0.18000000000000002,0.0
fd33358e-98ee-4293-96a8-30cab1d832ce,0.2,0.23,0.0
fd33358e-98ee-4293-96a8-30cab1d832ce,0.25,0.03,0.0
fd33358e-98ee-4293-96a8-30cab1d832ce,0.25,0.08,0.0
fd33358e-98ee-4293-96a8-30cab1d832ce,0.25,0.13,0.0
fd33358e-98ee-4293-96a8-30cab1d832ce,0.25,0.18000000000000002,0.0
fd33358e-98ee-4293-96a8-30cab1d832ce,0.25,0.23,0.0
fd33358e-98ee-4293-96a8-30cab1d832ce,0.30000000000000004,0.03,0.0
fd33358e-98ee-4293-96a8-30cab1d832ce,0.30000000000000004,0.08,0.0
fd33358e-98ee-4293-96a8-30cab1d832ce,0.30000000000000004,0.13,0.0
fd33358e-98ee-4293-96a8-30cab1d832ce,0.30000000000000004,0.18000000000000002,0.0
fd33358e-98ee-4293-96a8-30cab1d832ce,0.30000000000000004,0.23,0.0
fd51f79b-ff86-45eb-862f-b9a8cf0b5436,0.0,0.03,0.05677681788802147
fd51f79b-ff86-45eb-862f-b9a8cf0b5436,0.0,0.08,0.07080253958702087
fd51f79b-ff86-45eb-862f-b9a8cf0b5436,0.0,0.13,0.08604832738637924
fd51f79b-ff86-45eb-862f-b9a8cf0b5436,0.0,0.18000000000000002,0.09053715318441391
fd51f79b-ff86-45eb-862f-b9a8cf0b5436,0.0,0.23,0.09049409627914429
fd51f79b-ff86-45eb-862f-b9a8cf0b5436,0.01,0.03,0.04883480444550514
fd51f79b-ff86-45eb-862f-b9a8cf0b5436,0.01,0.08,0.07135553658008575
fd51f79b-ff86-45eb-862f-b9a8cf0b5436,0.01,0.13,0.08532128483057022
fd51f79b-ff86-45eb-862f-b9a8cf0b5436,0.01,0.18000000000000002,0.08821231126785278
fd51f79b-ff86-45eb-862f-b9a8cf0b5436,0.01,0.23,0.08215212821960449
fd51f79b-ff86-45eb-862f-b9a8cf0b5436,0.02,0.03,0.05003126338124275
fd51f79b-ff86-45eb-862f-b9a8cf0b5436,0.02,0.08,0.0752546563744545
fd51f79b-ff86-45eb-862f-b9a8cf0b5436,0.02,0.13,0.08679836243391037
fd51f79b-ff86-45eb-862f-b9a8cf0b5436,0.02,0.18000000000000002,0.08529984205961227
fd51f79b-ff86-45eb-862f-b9a8cf0b5436,0.02,0.23,0.07893005758523941
fd51f79b-ff86-45eb-862f-b9a8cf0b5436,0.03,0.03,0.04888929799199104
fd51f79b-ff86-45eb-862f-b9a8cf0b5436,0.03,0.08,0.07715192437171936
fd51f79b-ff86-45eb-862f-b9a8cf0b5436,0.03,0.13,0.08626675605773926
fd51f79b-ff86-45eb-862f-b9a8cf0b5436,0.03,0.18000000000000002,0.07738301157951355
fd51f79b-ff86-45eb-862f-b9a8cf0b5436,0.03,0.23,0.07569379359483719
fd51f79b-ff86-45eb-862f-b9a8cf0b5436,0.04,0.03,0.04882797226309776
fd51f79b-ff86-45eb-862f-b9a8cf0b5436,0.04,0.08,0.07365549355745316
fd51f79b-ff86-45eb-862f-b9a8cf0b5436,0.05,0.03,0.05272828787565231
fd51f79b-ff86-45eb-862f-b9a8cf0b5436,0.05,0.08,0.08436243236064911
fd51f79b-ff86-45eb-862f-b9a8cf0b5436,0.05,0.13,0.08590318262577057
fd51f79b-ff86-45eb-862f-b9a8cf0b5436,0.05,0.18000000000000002,0.08495387434959412
fd51f79b-ff86-45eb-862f-b9a8cf0b5436,0.05,0.23,0.07830488681793213
fd51f79b-ff86-45eb-862f-b9a8cf0b5436,0.1,0.03,0.05122401937842369
fd51f79b-ff86-45eb-862f-b9a8cf0b5436,0.1,0.08,0.059851229190826416
fd51f79b-ff86-45eb-862f-b9a8cf0b5436,0.1,0.13,0.06498682498931885
fd51f79b-ff86-45eb-862f-b9a8cf0b5436,0.1,0.18000000000000002,0.064667709171772
fd51f79b-ff86-45eb-862f-b9a8cf0b5436,0.1,0.23,0.06791959702968597
fd51f79b-ff86-45eb-862f-b9a8cf0b5436,0.15000000000000002,0.03,0.04869937151670456
fd51f79b-ff86-45eb-862f-b9a8cf0b5436,0.15000000000000002,0.08,0.0642649233341217
fd51f79b-ff86-45eb-862f-b9a8cf0b5436,0.15000000000000002,0.13,0.06622881442308426
fd51f79b-ff86-45eb-862f-b9a8cf0b5436,0.15000000000000002,0.18000000000000002,0.06779776513576508
fd51f79b-ff86-45eb-862f-b9a8cf0b5436,0.15000000000000002,0.23,0.06422818452119827
fd51f79b-ff86-45eb-862f-b9a8cf0b5436,0.2,0.03,0.04655476287007332
fd51f79b-ff86-45eb-862f-b9a8cf0b5436,0.2,0.08,0.06433478742837906
fd51f79b-ff86-45eb-862f-b9a8cf0b5436,0.2,0.13,0.06319839507341385
fd51f79b-ff86-45eb-862f-b9a8cf0b5436,0.2,0.18000000000000002,0.07252532988786697
fd51f79b-ff86-45eb-862f-b9a8cf0b5436,0.2,0.23,0.06487179547548294
fd51f79b-ff86-45eb-862f-b9a8cf0b5436,0.25,0.03,0.050833024084568024
fd51f79b-ff86-45eb-862f-b9a8cf0b5436,0.25,0.08,0.06446220725774765
fd51f79b-ff86-45eb-862f-b9a8cf0b5436,0.25,0.13,0.07581601291894913
fd51f79b-ff86-45eb-862f-b9a8cf0b5436,0.25,0.18000000000000002,0.05962755158543587
fd51f79b-ff86-45eb-862f-b9a8cf0b5436,0.25,0.23,0.058060742914676666
fd51f79b-ff86-45eb-862f-b9a8cf0b5436,0.30000000000000004,0.03,0.04505813494324684
fd51f79b-ff86-45eb-862f-b9a8cf0b5436,0.30000000000000004,0.08,0.061239730566740036
fd51f79b-ff86-45eb-862f-b9a8cf0b5436,0.30000000000000004,0.13,0.05888315662741661
fd51f79b-ff86-45eb-862f-b9a8cf0b5436,0.30000000000000004,0.18000000000000002,0.05935908854007721
fd51f79b-ff86-45eb-862f-b9a8cf0b5436,0.30000000000000004,0.23,0.06358154118061066
fe3ca657-d794-487d-8dca-2cf141aaeffd,0.0,0.03,0.05223244056105614
fe3ca657-d794-487d-8dca-2cf141aaeffd,0.0,0.08,0.05566373094916344
fe3ca657-d794-487d-8dca-2cf141aaeffd,0.0,0.13,0.0642353966832161
fe3ca657-d794-487d-8dca-2cf141aaeffd,0.0,0.18000000000000002,0.06560347974300385
fe3ca657-d794-487d-8dca-2cf141aaeffd,0.0,0.23,0.07873426377773285
fe3ca657-d794-487d-8dca-2cf141aaeffd,0.01,0.03,0.04753006994724274
fe3ca657-d794-487d-8dca-2cf141aaeffd,0.01,0.08,0.05058816075325012
fe3ca657-d794-487d-8dca-2cf141aaeffd,0.01,0.13,0.065688356757164
fe3ca657-d794-487d-8dca-2cf141aaeffd,0.01,0.18000000000000002,0.06820962578058243
fe3ca657-d794-487d-8dca-2cf141aaeffd,0.01,0.23,0.07609934359788895
fe3ca657-d794-487d-8dca-2cf141aaeffd,0.02,0.03,0.047424424439668655
fe3ca657-d794-487d-8dca-2cf141aaeffd,0.02,0.08,0.05569908767938614
fe3ca657-d794-487d-8dca-2cf141aaeffd,0.02,0.13,0.06830095499753952
fe3ca657-d794-487d-8dca-2cf141aaeffd,0.02,0.18000000000000002,0.07113645225763321
fe3ca657-d794-487d-8dca-2cf141aaeffd,0.02,0.23,0.07340212166309357
fe3ca657-d794-487d-8dca-2cf141aaeffd,0.03,0.03,0.04717900604009628
fe3ca657-d794-487d-8dca-2cf141aaeffd,0.03,0.08,0.06227100268006325
fe3ca657-d794-487d-8dca-2cf141aaeffd,0.03,0.13,0.06843603402376175
fe3ca657-d794-487d-8dca-2cf141aaeffd,0.03,0.18000000000000002,0.06907281279563904
fe3ca657-d794-487d-8dca-2cf141aaeffd,0.03,0.23,0.07865802943706512
fe3ca657-d794-487d-8dca-2cf141aaeffd,0.04,0.03,0.04360775277018547
fe3ca657-d794-487d-8dca-2cf141aaeffd,0.04,0.08,0.06375318765640259
fe3ca657-d794-487d-8dca-2cf141aaeffd,0.05,0.03,0.04884088411927223
fe3ca657-d794-487d-8dca-2cf141aaeffd,0.05,0.08,0.0637616291642189
fe3ca657-d794-487d-8dca-2cf141aaeffd,0.05,0.13,0.06840180605649948
fe3ca657-d794-487d-8dca-2cf141aaeffd,0.05,0.18000000000000002,0.0743464007973671
fe3ca657-d794-487d-8dca-2cf141aaeffd,0.05,0.23,0.0749036967754364
fe3ca657-d794-487d-8dca-2cf141aaeffd,0.1,0.03,0.05299215391278267
fe3ca657-d794-487d-8dca-2cf141aaeffd,0.1,0.08,0.06713690608739853
fe3ca657-d794-487d-8dca-2cf141aaeffd,0.1,0.13,0.07703136652708054
fe3ca657-d794-487d-8dca-2cf141aaeffd,0.1,0.18000000000000002,0.07586297392845154
fe3ca657-d794-487d-8dca-2cf141aaeffd,0.1,0.23,0.08165846019983292
fe3ca657-d794-487d-8dca-2cf141aaeffd,0.15000000000000002,0.03,0.0497003011405468
fe3ca657-d794-487d-8dca-2cf141aaeffd,0.15000000000000002,0.08,0.0763603076338768
fe3ca657-d794-487d-8dca-2cf141aaeffd,0.15000000000000002,0.13,0.07222913205623627
fe3ca657-d794-487d-8dca-2cf141aaeffd,0.15000000000000002,0.18000000000000002,0.07849054783582687
fe3ca657-d794-487d-8dca-2cf141aaeffd,0.15000000000000002,0.23,0.06681135296821594
fe3ca657-d794-487d-8dca-2cf141aaeffd,0.2,0.03,0.044386208057403564
fe3ca657-d794-487d-8dca-2cf141aaeffd,0.2,0.08,0.0625850185751915
fe3ca657-d794-487d-8dca-2cf141aaeffd,0.2,0.13,0.07182309031486511
fe3ca657-d794-487d-8dca-2cf141aaeffd,0.2,0.18000000000000002,0.0692540630698204
fe3ca657-d794-487d-8dca-2cf141aaeffd,0.2,0.23,0.06746458262205124
fe3ca657-d794-487d-8dca-2cf141aaeffd,0.25,0.03,0.05168679729104042
fe3ca657-d794-487d-8dca-2cf141aaeffd,0.25,0.08,0.06875134259462357
fe3ca657-d794-487d-8dca-2cf141aaeffd,0.25,0.13,0.06517049670219421
fe3ca657-d794-487d-8dca-2cf141aaeffd,0.25,0.18000000000000002,0.06900808960199356
fe3ca657-d794-487d-8dca-2cf141aaeffd,0.25,0.23,0.07150987535715103
fe3ca657-d794-487d-8dca-2cf141aaeffd,0.30000000000000004,0.03,0.04943420737981796
fe3ca657-d794-487d-8dca-2cf141aaeffd,0.30000000000000004,0.08,0.052912745624780655
fe3ca657-d794-487d-8dca-2cf141aaeffd,0.30000000000000004,0.13,0.06451134383678436
fe3ca657-d794-487d-8dca-2cf141aaeffd,0.30000000000000004,0.18000000000000002,0.07060770690441132
fe3ca657-d794-487d-8dca-2cf141aaeffd,0.30000000000000004,0.23,0.07516592741012573
ff8a127c-7bed-4871-919c-ff469eef8107,0.0,0.03,0.0
ff8a127c-7bed-4871-919c-ff469eef8107,0.0,0.08,0.0
ff8a127c-7bed-4871-919c-ff469eef8107,0.0,0.13,0.0
ff8a127c-7bed-4871-919c-ff469eef8107,0.0,0.18000000000000002,0.0
ff8a127c-7bed-4871-919c-ff469eef8107,0.0,0.23,0.0
ff8a127c-7bed-4871-919c-ff469eef8107,0.01,0.03,0.0
ff8a127c-7bed-4871-919c-ff469eef8107,0.01,0.08,0.0
ff8a127c-7bed-4871-919c-ff469eef8107,0.01,0.13,0.0
ff8a127c-7bed-4871-919c-ff469eef8107,0.01,0.18000000000000002,0.0
ff8a127c-7bed-4871-919c-ff469eef8107,0.01,0.23,0.0
ff8a127c-7bed-4871-919c-ff469eef8107,0.02,0.03,0.0
ff8a127c-7bed-4871-919c-ff469eef8107,0.02,0.08,0.0
ff8a127c-7bed-4871-919c-ff469eef8107,0.02,0.13,0.0
ff8a127c-7bed-4871-919c-ff469eef8107,0.02,0.18000000000000002,0.0
ff8a127c-7bed-4871-919c-ff469eef8107,0.02,0.23,0.0
ff8a127c-7bed-4871-919c-ff469eef8107,0.03,0.03,0.0
ff8a127c-7bed-4871-919c-ff469eef8107,0.03,0.08,0.0
ff8a127c-7bed-4871-919c-ff469eef8107,0.03,0.13,0.0
ff8a127c-7bed-4871-919c-ff469eef8107,0.03,0.18000000000000002,0.0
ff8a127c-7bed-4871-919c-ff469eef8107,0.03,0.23,0.0
ff8a127c-7bed-4871-919c-ff469eef8107,0.04,0.03,0.0
ff8a127c-7bed-4871-919c-ff469eef8107,0.04,0.08,0.0
ff8a127c-7bed-4871-919c-ff469eef8107,0.05,0.03,0.0
ff8a127c-7bed-4871-919c-ff469eef8107,0.05,0.08,0.0
ff8a127c-7bed-4871-919c-ff469eef8107,0.05,0.13,0.0
ff8a127c-7bed-4871-919c-ff469eef8107,0.05,0.18000000000000002,0.0
ff8a127c-7bed-4871-919c-ff469eef8107,0.05,0.23,0.0
ff8a127c-7bed-4871-919c-ff469eef8107,0.1,0.03,0.0
ff8a127c-7bed-4871-919c-ff469eef8107,0.1,0.08,0.0
ff8a127c-7bed-4871-919c-ff469eef8107,0.1,0.13,0.0
ff8a127c-7bed-4871-919c-ff469eef8107,0.1,0.18000000000000002,0.0
ff8a127c-7bed-4871-919c-ff469eef8107,0.1,0.23,0.0
ff8a127c-7bed-4871-919c-ff469eef8107,0.15000000000000002,0.03,0.0
ff8a127c-7bed-4871-919c-ff469eef8107,0.15000000000000002,0.08,0.0
ff8a127c-7bed-4871-919c-ff469eef8107,0.15000000000000002,0.13,0.0
ff8a127c-7bed-4871-919c-ff469eef8107,0.15000000000000002,0.18000000000000002,0.0
ff8a127c-7bed-4871-919c-ff469eef8107,0.15000000000000002,0.23,0.0
ff8a127c-7bed-4871-919c-ff469eef8107,0.2,0.03,0.0
ff8a127c-7bed-4871-919c-ff469eef8107,0.2,0.08,0.0
ff8a127c-7bed-4871-919c-ff469eef8107,0.2,0.13,0.0
ff8a127c-7bed-4871-919c-ff469eef8107,0.2,0.18000000000000002,0.0
ff8a127c-7bed-4871-919c-ff469eef8107,0.2,0.23,0.0
ff8a127c-7bed-4871-919c-ff469eef8107,0.25,0.03,0.0
ff8a127c-7bed-4871-919c-ff469eef8107,0.25,0.08,0.0
ff8a127c-7bed-4871-919c-ff469eef8107,0.25,0.13,0.0
ff8a127c-7bed-4871-919c-ff469eef8107,0.25,0.18000000000000002,0.0
ff8a127c-7bed-4871-919c-ff469eef8107,0.25,0.23,0.0
ff8a127c-7bed-4871-919c-ff469eef8107,0.30000000000000004,0.03,0.0
ff8a127c-7bed-4871-919c-ff469eef8107,0.30000000000000004,0.08,0.0
ff8a127c-7bed-4871-919c-ff469eef8107,0.30000000000000004,0.13,0.0
ff8a127c-7bed-4871-919c-ff469eef8107,0.30000000000000004,0.18000000000000002,0.0
ff8a127c-7bed-4871-919c-ff469eef8107,0.30000000000000004,0.23,0.0
ffdba31a-435a-4752-a893-91fad851f105,0.0,0.03,0.04988813027739525
ffdba31a-435a-4752-a893-91fad851f105,0.0,0.08,0.06772992759943008
ffdba31a-435a-4752-a893-91fad851f105,0.0,0.13,0.06390824168920517
ffdba31a-435a-4752-a893-91fad851f105,0.0,0.18000000000000002,0.06379832327365875
ffdba31a-435a-4752-a893-91fad851f105,0.0,0.23,0.061461273580789566
ffdba31a-435a-4752-a893-91fad851f105,0.01,0.03,0.05087956413626671
ffdba31a-435a-4752-a893-91fad851f105,0.01,0.08,0.06271133571863174
ffdba31a-435a-4752-a893-91fad851f105,0.01,0.13,0.06647484004497528
ffdba31a-435a-4752-a893-91fad851f105,0.01,0.18000000000000002,0.06320096552371979
ffdba31a-435a-4752-a893-91fad851f105,0.01,0.23,0.060458458960056305
ffdba31a-435a-4752-a893-91fad851f105,0.02,0.03,0.04885249212384224
ffdba31a-435a-4752-a893-91fad851f105,0.02,0.08,0.0645836591720581
ffdba31a-435a-4752-a893-91fad851f105,0.02,0.13,0.06343398988246918
ffdba31a-435a-4752-a893-91fad851f105,0.02,0.18000000000000002,0.06025759503245354
ffdba31a-435a-4752-a893-91fad851f105,0.02,0.23,0.05794551968574524
ffdba31a-435a-4752-a893-91fad851f105,0.03,0.03,0.05182060971856117
ffdba31a-435a-4752-a893-91fad851f105,0.03,0.08,0.0602533333003521
ffdba31a-435a-4752-a893-91fad851f105,0.03,0.13,0.06565063446760178
ffdba31a-435a-4752-a893-91fad851f105,0.03,0.18000000000000002,0.057283319532871246
ffdba31a-435a-4752-a893-91fad851f105,0.03,0.23,0.05868568643927574
ffdba31a-435a-4752-a893-91fad851f105,0.04,0.03,0.05025949329137802
ffdba31a-435a-4752-a893-91fad851f105,0.04,0.08,0.0554174929857254
ffdba31a-435a-4752-a893-91fad851f105,0.05,0.03,0.05412635952234268
ffdba31a-435a-4752-a893-91fad851f105,0.05,0.08,0.05991938337683678
ffdba31a-435a-4752-a893-91fad851f105,0.05,0.13,0.059971459209918976
ffdba31a-435a-4752-a893-91fad851f105,0.05,0.18000000000000002,0.05741656944155693
ffdba31a-435a-4752-a893-91fad851f105,0.05,0.23,0.05965728312730789
ffdba31a-435a-4752-a893-91fad851f105,0.1,0.03,0.04554227367043495
ffdba31a-435a-4752-a893-91fad851f105,0.1,0.08,0.053868599236011505
ffdba31a-435a-4752-a893-91fad851f105,0.1,0.13,0.06002720445394516
ffdba31a-435a-4752-a893-91fad851f105,0.1,0.18000000000000002,0.06079859286546707
ffdba31a-435a-4752-a893-91fad851f105,0.1,0.23,0.06677461415529251
ffdba31a-435a-4752-a893-91fad851f105,0.15000000000000002,0.03,0.04846598207950592
ffdba31a-435a-4752-a893-91fad851f105,0.15000000000000002,0.08,0.06447672098875046
ffdba31a-435a-4752-a893-91fad851f105,0.15000000000000002,0.13,0.06856648623943329
ffdba31a-435a-4752-a893-91fad851f105,0.15000000000000002,0.18000000000000002,0.0696592777967453
ffdba31a-435a-4752-a893-91fad851f105,0.15000000000000002,0.23,0.07721062749624252
ffdba31a-435a-4752-a893-91fad851f105,0.2,0.03,0.045190200209617615
ffdba31a-435a-4752-a893-91fad851f105,0.2,0.08,0.05941612273454666
ffdba31a-435a-4752-a893-91fad851f105,0.2,0.13,0.0653022974729538
ffdba31a-435a-4752-a893-91fad851f105,0.2,0.18000000000000002,0.066262386739254
ffdba31a-435a-4752-a893-91fad851f105,0.2,0.23,0.06652728468179703
ffdba31a-435a-4752-a893-91fad851f105,0.25,0.03,0.04800828546285629
ffdba31a-435a-4752-a893-91fad851f105,0.25,0.08,0.05998630076646805
ffdba31a-435a-4752-a893-91fad851f105,0.25,0.13,0.06595660001039505
ffdba31a-435a-4752-a893-91fad851f105,0.25,0.18000000000000002,0.061694733798503876
ffdba31a-435a-4752-a893-91fad851f105,0.25,0.23,0.055938780307769775
ffdba31a-435a-4752-a893-91fad851f105,0.30000000000000004,0.03,0.04325900599360466
ffdba31a-435a-4752-a893-91fad851f105,0.30000000000000004,0.08,0.054179053753614426
ffdba31a-435a-4752-a893-91fad851f105,0.30000000000000004,0.13,0.0629766434431076
ffdba31a-435a-4752-a893-91fad851f105,0.30000000000000004,0.18000000000000002,0.05760038271546364
ffdba31a-435a-4752-a893-91fad851f105,0.30000000000000004,0.23,0.05713165923953056
fffb6062-dcd9-4029-8656-b7fc822c9269,0.0,0.03,0.04744912311434746
fffb6062-dcd9-4029-8656-b7fc822c9269,0.0,0.08,0.06923776119947433
fffb6062-dcd9-4029-8656-b7fc822c9269,0.0,0.13,0.07291646301746368
fffb6062-dcd9-4029-8656-b7fc822c9269,0.0,0.18000000000000002,0.06301764398813248
fffb6062-dcd9-4029-8656-b7fc822c9269,0.0,0.23,0.06229424104094505
fffb6062-dcd9-4029-8656-b7fc822c9269,0.01,0.03,0.04910263046622276
fffb6062-dcd9-4029-8656-b7fc822c9269,0.01,0.08,0.06645645201206207
fffb6062-dcd9-4029-8656-b7fc822c9269,0.01,0.13,0.07132868468761444
fffb6062-dcd9-4029-8656-b7fc822c9269,0.01,0.18000000000000002,0.06389366090297699
fffb6062-dcd9-4029-8656-b7fc822c9269,0.01,0.23,0.06153412535786629
fffb6062-dcd9-4029-8656-b7fc822c9269,0.02,0.03,0.04815473034977913
fffb6062-dcd9-4029-8656-b7fc822c9269,0.02,0.08,0.0625520870089531
fffb6062-dcd9-4029-8656-b7fc822c9269,0.02,0.13,0.06465145200490952
fffb6062-dcd9-4029-8656-b7fc822c9269,0.02,0.18000000000000002,0.06087030470371246
fffb6062-dcd9-4029-8656-b7fc822c9269,0.02,0.23,0.05920034646987915
fffb6062-dcd9-4029-8656-b7fc822c9269,0.03,0.03,0.0500359833240509
fffb6062-dcd9-4029-8656-b7fc822c9269,0.03,0.08,0.06374789774417877
fffb6062-dcd9-4029-8656-b7fc822c9269,0.03,0.13,0.06135408207774162
fffb6062-dcd9-4029-8656-b7fc822c9269,0.03,0.18000000000000002,0.061431314796209335
fffb6062-dcd9-4029-8656-b7fc822c9269,0.03,0.23,0.06125660240650177
fffb6062-dcd9-4029-8656-b7fc822c9269,0.04,0.03,0.04739631712436676
fffb6062-dcd9-4029-8656-b7fc822c9269,0.04,0.08,0.05956600606441498
fffb6062-dcd9-4029-8656-b7fc822c9269,0.05,0.03,0.04948589578270912
fffb6062-dcd9-4029-8656-b7fc822c9269,0.05,0.08,0.055399149656295776
fffb6062-dcd9-4029-8656-b7fc822c9269,0.05,0.13,0.05837135761976242
fffb6062-dcd9-4029-8656-b7fc822c9269,0.05,0.18000000000000002,0.060537464916706085
fffb6062-dcd9-4029-8656-b7fc822c9269,0.05,0.23,0.058152735233306885
fffb6062-dcd9-4029-8656-b7fc822c9269,0.1,0.03,0.04791586101055145
fffb6062-dcd9-4029-8656-b7fc822c9269,0.1,0.08,0.05265175551176071
fffb6062-dcd9-4029-8656-b7fc822c9269,0.1,0.13,0.06275227665901184
fffb6062-dcd9-4029-8656-b7fc822c9269,0.1,0.18000000000000002,0.059750474989414215
fffb6062-dcd9-4029-8656-b7fc822c9269,0.1,0.23,0.05866214260458946
fffb6062-dcd9-4029-8656-b7fc822c9269,0.15000000000000002,0.03,0.04483528807759285
fffb6062-dcd9-4029-8656-b7fc822c9269,0.15000000000000002,0.08,0.05568856745958328
fffb6062-dcd9-4029-8656-b7fc822c9269,0.15000000000000002,0.13,0.06594356149435043
fffb6062-dcd9-4029-8656-b7fc822c9269,0.15000000000000002,0.18000000000000002,0.06652437895536423
fffb6062-dcd9-4029-8656-b7fc822c9269,0.15000000000000002,0.23,0.06219134479761124
fffb6062-dcd9-4029-8656-b7fc822c9269,0.2,0.03,0.04960547015070915
fffb6062-dcd9-4029-8656-b7fc822c9269,0.2,0.08,0.06903485208749771
fffb6062-dcd9-4029-8656-b7fc822c9269,0.2,0.13,0.06970696151256561
fffb6062-dcd9-4029-8656-b7fc822c9269,0.2,0.18000000000000002,0.06299161911010742
fffb6062-dcd9-4029-8656-b7fc822c9269,0.2,0.23,0.06687027961015701
fffb6062-dcd9-4029-8656-b7fc822c9269,0.25,0.03,0.044372450560331345
fffb6062-dcd9-4029-8656-b7fc822c9269,0.25,0.08,0.056880805641412735
fffb6062-dcd9-4029-8656-b7fc822c9269,0.25,0.13,0.061585091054439545
fffb6062-dcd9-4029-8656-b7fc822c9269,0.25,0.18000000000000002,0.06177835166454315
fffb6062-dcd9-4029-8656-b7fc822c9269,0.25,0.23,0.06536145508289337
fffb6062-dcd9-4029-8656-b7fc822c9269,0.30000000000000004,0.03,0.04683726653456688
fffb6062-dcd9-4029-8656-b7fc822c9269,0.30000000000000004,0.08,0.055032871663570404
fffb6062-dcd9-4029-8656-b7fc822c9269,0.30000000000000004,0.13,0.05433245003223419
fffb6062-dcd9-4029-8656-b7fc822c9269,0.30000000000000004,0.18000000000000002,0.060991883277893066
fffb6062-dcd9-4029-8656-b7fc822c9269,0.30000000000000004,0.23,0.06519192457199097
